# Spinor density |Psi|^2 at t = 90 seconds
# Grid: 64 x 64
# Columns: x  y  density
0  0  0.00011223
1  0  0.00040276
2  0  0.00024588
3  0  0.00022320
4  0  0.00019382
5  0  0.00023738
6  0  0.00008682
7  0  0.00021522
8  0  0.00035523
9  0  0.00027108
10  0  0.00029790
11  0  0.00043969
12  0  0.00037421
13  0  0.00007261
14  0  0.00029048
15  0  0.00030751
16  0  0.00023791
17  0  0.00010837
18  0  0.00016814
19  0  0.00023542
20  0  0.00012343
21  0  0.00017812
22  0  0.00020797
23  0  0.00023895
24  0  0.00019500
25  0  0.00045785
26  0  0.00032481
27  0  0.00016809
28  0  0.00016983
29  0  0.00033102
30  0  0.00018896
31  0  0.00008362
32  0  0.00018083
33  0  0.00028344
34  0  0.00021230
35  0  0.00066603
36  0  0.00029284
37  0  0.00036214
38  0  0.00014512
39  0  0.00032601
40  0  0.00035337
41  0  0.00026534
42  0  0.00017266
43  0  0.00017404
44  0  0.00031796
45  0  0.00021363
46  0  0.00030411
47  0  0.00023761
48  0  0.00041859
49  0  0.00020508
50  0  0.00013886
51  0  0.00017268
52  0  0.00020344
53  0  0.00016609
54  0  0.00017679
55  0  0.00025467
56  0  0.00015395
57  0  0.00018826
58  0  0.00014725
59  0  0.00029313
60  0  0.00029732
61  0  0.00013838
62  0  0.00026441
63  0  0.00025654
0  1  0.00009228
1  1  0.00053855
2  1  0.00076580
3  1  0.00021997
4  1  0.00007865
5  1  0.00057020
6  1  0.00035441
7  1  0.00024649
8  1  0.00028148
9  1  0.00014461
10  1  0.00031198
11  1  0.00023320
12  1  0.00009409
13  1  0.00034084
14  1  0.00033779
15  1  0.00012476
16  1  0.00019729
17  1  0.00005326
18  1  0.00029108
19  1  0.00016287
20  1  0.00022213
21  1  0.00049053
22  1  0.00016361
23  1  0.00014183
24  1  0.00035702
25  1  0.00014316
26  1  0.00020293
27  1  0.00018932
28  1  0.00017062
29  1  0.00027537
30  1  0.00045662
31  1  0.00026300
32  1  0.00022698
33  1  0.00024861
34  1  0.00056873
35  1  0.00014834
36  1  0.00021375
37  1  0.00018805
38  1  0.00037973
39  1  0.00022764
40  1  0.00020252
41  1  0.00017341
42  1  0.00013708
43  1  0.00029200
44  1  0.00015079
45  1  0.00022814
46  1  0.00027749
47  1  0.00060376
48  1  0.00031953
49  1  0.00017822
50  1  0.00006806
51  1  0.00045483
52  1  0.00035811
53  1  0.00027490
54  1  0.00004029
55  1  0.00025116
56  1  0.00018601
57  1  0.00009642
58  1  0.00015729
59  1  0.00054689
60  1  0.00018047
61  1  0.00018450
62  1  0.00017586
63  1  0.00019875
0  2  0.00043564
1  2  0.00014298
2  2  0.00027465
3  2  0.00024451
4  2  0.00028479
5  2  0.00012361
6  2  0.00024810
7  2  0.00050152
8  2  0.00037252
9  2  0.00030002
10  2  0.00015222
11  2  0.00038086
12  2  0.00008360
13  2  0.00018358
14  2  0.00012794
15  2  0.00007292
16  2  0.00031573
17  2  0.00030066
18  2  0.00013401
19  2  0.00036822
20  2  0.00041921
21  2  0.00029203
22  2  0.00045629
23  2  0.00024417
24  2  0.00049635
25  2  0.00039320
26  2  0.00013028
27  2  0.00015511
28  2  0.00008187
29  2  0.00040178
30  2  0.00006012
31  2  0.00026248
32  2  0.00025572
33  2  0.00032043
34  2  0.00012643
35  2  0.00038188
36  2  0.00014467
37  2  0.00017336
38  2  0.00022107
39  2  0.00045140
40  2  0.00044313
41  2  0.00013222
42  2  0.00021588
43  2  0.00020950
44  2  0.00021751
45  2  0.00026984
46  2  0.00015585
47  2  0.00034673
48  2  0.00027897
49  2  0.00006731
50  2  0.00014490
51  2  0.00014266
52  2  0.00011305
53  2  0.00010676
54  2  0.00018205
55  2  0.00016177
56  2  0.00009673
57  2  0.00022301
58  2  0.00060872
59  2  0.00019633
60  2  0.00015304
61  2  0.00033721
62  2  0.00048031
63  2  0.00021783
0  3  0.00025083
1  3  0.00049839
2  3  0.00029120
3  3  0.00022612
4  3  0.00011736
5  3  0.00026809
6  3  0.00021057
7  3  0.00010043
8  3  0.00010378
9  3  0.00014690
10  3  0.00010541
11  3  0.00027662
12  3  0.00015879
13  3  0.00022198
14  3  0.00007347
15  3  0.00020714
16  3  0.00009867
17  3  0.00026240
18  3  0.00004779
19  3  0.00011963
20  3  0.00019109
21  3  0.00024972
22  3  0.00017281
23  3  0.00028908
24  3  0.00031565
25  3  0.00005413
26  3  0.00021074
27  3  0.00009310
28  3  0.00036571
29  3  0.00022750
30  3  0.00020647
31  3  0.00009788
32  3  0.00026094
33  3  0.00042395
34  3  0.00013360
35  3  0.00044630
36  3  0.00018118
37  3  0.00049264
38  3  0.00017929
39  3  0.00038175
40  3  0.00019027
41  3  0.00026049
42  3  0.00024641
43  3  0.00040070
44  3  0.00020618
45  3  0.00033675
46  3  0.00021995
47  3  0.00008073
48  3  0.00010918
49  3  0.00006861
50  3  0.00030030
51  3  0.00021994
52  3  0.00025799
53  3  0.00022151
54  3  0.00027970
55  3  0.00024222
56  3  0.00023580
57  3  0.00013302
58  3  0.00049511
59  3  0.00025622
60  3  0.00042038
61  3  0.00020785
62  3  0.00011020
63  3  0.00019446
0  4  0.00018517
1  4  0.00037992
2  4  0.00025210
3  4  0.00006377
4  4  0.00026568
5  4  0.00015626
6  4  0.00017579
7  4  0.00025136
8  4  0.00032899
9  4  0.00055640
10  4  0.00023126
11  4  0.00013672
12  4  0.00017622
13  4  0.00026533
14  4  0.00039760
15  4  0.00031542
16  4  0.00019756
17  4  0.00023458
18  4  0.00022179
19  4  0.00030254
20  4  0.00016974
21  4  0.00018221
22  4  0.00006858
23  4  0.00019881
24  4  0.00013344
25  4  0.00013786
26  4  0.00031471
27  4  0.00023023
28  4  0.00025113
29  4  0.00030189
30  4  0.00018622
31  4  0.00017323
32  4  0.00024801
33  4  0.00029604
34  4  0.00038106
35  4  0.00026593
36  4  0.00032759
37  4  0.00024375
38  4  0.00024084
39  4  0.00039449
40  4  0.00029011
41  4  0.00034777
42  4  0.00018460
43  4  0.00020823
44  4  0.00026590
45  4  0.00017601
46  4  0.00022425
47  4  0.00014698
48  4  0.00042253
49  4  0.00021941
50  4  0.00018248
51  4  0.00037445
52  4  0.00025458
53  4  0.00007688
54  4  0.00031939
55  4  0.00016573
56  4  0.00022078
57  4  0.00014344
58  4  0.00028951
59  4  0.00012315
60  4  0.00014307
61  4  0.00029449
62  4  0.00021535
63  4  0.00012363
0  5  0.00045070
1  5  0.00030872
2  5  0.00011302
3  5  0.00016925
4  5  0.00037147
5  5  0.00030344
6  5  0.00036297
7  5  0.00006944
8  5  0.00022888
9  5  0.00036137
10  5  0.00018246
11  5  0.00013852
12  5  0.00023342
13  5  0.00019506
14  5  0.00011800
15  5  0.00037998
16  5  0.00016860
17  5  0.00017363
18  5  0.00029364
19  5  0.00023748
20  5  0.00016635
21  5  0.00009165
22  5  0.00003980
23  5  0.00036518
24  5  0.00026963
25  5  0.00024078
26  5  0.00010420
27  5  0.00038095
28  5  0.00027141
29  5  0.00009496
30  5  0.00022028
31  5  0.00018571
32  5  0.00013611
33  5  0.00015516
34  5  0.00023285
35  5  0.00032806
36  5  0.00024886
37  5  0.00013784
38  5  0.00021812
39  5  0.00028176
40  5  0.00029485
41  5  0.00022221
42  5  0.00041706
43  5  0.00026574
44  5  0.00028600
45  5  0.00007739
46  5  0.00024204
47  5  0.00018318
48  5  0.00021146
49  5  0.00032364
50  5  0.00024728
51  5  0.00023148
52  5  0.00025106
53  5  0.00015008
54  5  0.00044390
55  5  0.00024662
56  5  0.00011973
57  5  0.00048725
58  5  0.00026584
59  5  0.00027437
60  5  0.00013061
61  5  0.00019526
62  5  0.00016919
63  5  0.00018237
0  6  0.00021755
1  6  0.00036783
2  6  0.00027172
3  6  0.00019869
4  6  0.00029205
5  6  0.00046021
6  6  0.00011306
7  6  0.00012915
8  6  0.00019035
9  6  0.00011526
10  6  0.00047300
11  6  0.00013829
12  6  0.00027103
13  6  0.00027376
14  6  0.00031631
15  6  0.00034817
16  6  0.00017568
17  6  0.00026193
18  6  0.00021339
19  6  0.00011258
20  6  0.00014815
21  6  0.00037708
22  6  0.00026126
23  6  0.00014455
24  6  0.00022343
25  6  0.00030941
26  6  0.00029109
27  6  0.00036244
28  6  0.00032036
29  6  0.00022022
30  6  0.00036277
31  6  0.00021238
32  6  0.00019799
33  6  0.00020889
34  6  0.00019033
35  6  0.00019078
36  6  0.00018764
37  6  0.00006839
38  6  0.00031029
39  6  0.00029393
40  6  0.00038257
41  6  0.00022528
42  6  0.00016202
43  6  0.00016174
44  6  0.00016876
45  6  0.00027472
46  6  0.00014728
47  6  0.00039552
48  6  0.00024502
49  6  0.00018425
50  6  0.00035540
51  6  0.00022085
52  6  0.00051332
53  6  0.00022238
54  6  0.00015060
55  6  0.00023704
56  6  0.00029826
57  6  0.00008101
58  6  0.00026130
59  6  0.00041668
60  6  0.00015385
61  6  0.00023901
62  6  0.00044922
63  6  0.00052298
0  7  0.00016023
1  7  0.00031126
2  7  0.00063629
3  7  0.00017232
4  7  0.00034516
5  7  0.00023478
6  7  0.00007982
7  7  0.00014881
8  7  0.00009714
9  7  0.00006915
10  7  0.00033205
11  7  0.00051885
12  7  0.00044728
13  7  0.00011872
14  7  0.00036208
15  7  0.00014728
16  7  0.00021939
17  7  0.00029904
18  7  0.00025105
19  7  0.00011682
20  7  0.00016820
21  7  0.00040268
22  7  0.00059419
23  7  0.00016615
24  7  0.00026029
25  7  0.00013880
26  7  0.00026007
27  7  0.00025135
28  7  0.00012058
29  7  0.00024693
30  7  0.00033966
31  7  0.00021266
32  7  0.00028684
33  7  0.00031015
34  7  0.00020418
35  7  0.00018139
36  7  0.00016044
37  7  0.00020197
38  7  0.00049855
39  7  0.00044881
40  7  0.00015472
41  7  0.00014751
42  7  0.00025263
43  7  0.00026351
44  7  0.00013909
45  7  0.00009980
46  7  0.00021547
47  7  0.00012942
48  7  0.00038457
49  7  0.00011681
50  7  0.00018774
51  7  0.00041033
52  7  0.00025105
53  7  0.00027751
54  7  0.00030913
55  7  0.00018602
56  7  0.00032612
57  7  0.00027434
58  7  0.00032010
59  7  0.00033239
60  7  0.00027476
61  7  0.00032419
62  7  0.00032538
63  7  0.00022872
0  8  0.00038329
1  8  0.00015548
2  8  0.00033912
3  8  0.00019884
4  8  0.00011370
5  8  0.00035178
6  8  0.00006170
7  8  0.00040560
8  8  0.00020901
9  8  0.00035959
10  8  0.00020551
11  8  0.00027677
12  8  0.00019356
13  8  0.00044240
14  8  0.00038444
15  8  0.00029954
16  8  0.00020808
17  8  0.00021834
18  8  0.00033820
19  8  0.00021532
20  8  0.00031818
21  8  0.00011711
22  8  0.00020030
23  8  0.00012986
24  8  0.00018437
25  8  0.00021872
26  8  0.00029962
27  8  0.00029300
28  8  0.00036334
29  8  0.00014583
30  8  0.00018324
31  8  0.00008665
32  8  0.00020985
33  8  0.00012014
34  8  0.00019048
35  8  0.00016954
36  8  0.00041949
37  8  0.00023860
38  8  0.00030588
39  8  0.00022427
40  8  0.00022185
41  8  0.00009602
42  8  0.00022505
43  8  0.00014905
44  8  0.00004021
45  8  0.00019701
46  8  0.00031419
47  8  0.00032169
48  8  0.00019216
49  8  0.00030385
50  8  0.00011820
51  8  0.00016539
52  8  0.00021736
53  8  0.00014098
54  8  0.00009039
55  8  0.00014942
56  8  0.00021801
57  8  0.00014379
58  8  0.00012985
59  8  0.00024794
60  8  0.00016096
61  8  0.00038487
62  8  0.00026521
63  8  0.00023419
0  9  0.00012935
1  9  0.00012380
2  9  0.00026494
3  9  0.00025151
4  9  0.00027987
5  9  0.00018360
6  9  0.00030891
7  9  0.00025974
8  9  0.00013452
9  9  0.00010824
10  9  0.00003916
11  9  0.00020888
12  9  0.00026061
13  9  0.00012628
14  9  0.00010506
15  9  0.00033115
16  9  0.00036587
17  9  0.00017541
18  9  0.00056686
19  9  0.00021033
20  9  0.00019762
21  9  0.00023901
22  9  0.00029016
23  9  0.00016705
24  9  0.00025990
25  9  0.00030894
26  9  0.00026396
27  9  0.00004711
28  9  0.00007217
29  9  0.00035294
30  9  0.00011349
31  9  0.00040958
32  9  0.00033222
33  9  0.00022983
34  9  0.00027944
35  9  0.00037511
36  9  0.00028446
37  9  0.00014723
38  9  0.00035860
39  9  0.00003145
40  9  0.00013712
41  9  0.00038128
42  9  0.00055522
43  9  0.00028784
44  9  0.00011670
45  9  0.00011957
46  9  0.00036539
47  9  0.00019485
48  9  0.00031018
49  9  0.00028614
50  9  0.00010614
51  9  0.00017682
52  9  0.00008582
53  9  0.00020267
54  9  0.00016385
55  9  0.00007985
56  9  0.00008910
57  9  0.00031746
58  9  0.00016188
59  9  0.00018739
60  9  0.00018126
61  9  0.00015822
62  9  0.00049012
63  9  0.00019026
0  10  0.00063884
1  10  0.00021060
2  10  0.00022571
3  10  0.00027858
4  10  0.00007007
5  10  0.00021677
6  10  0.00037609
7  10  0.00031629
8  10  0.00022461
9  10  0.00012430
10  10  0.00042382
11  10  0.00050134
12  10  0.00007987
13  10  0.00026913
14  10  0.00020684
15  10  0.00034979
16  10  0.00031111
17  10  0.00041792
18  10  0.00019625
19  10  0.00040674
20  10  0.00026938
21  10  0.00028468
22  10  0.00004807
23  10  0.00013708
24  10  0.00008399
25  10  0.00029626
26  10  0.00020924
27  10  0.00054139
28  10  0.00007241
29  10  0.00020293
30  10  0.00044769
31  10  0.00026768
32  10  0.00013030
33  10  0.00024220
34  10  0.00019472
35  10  0.00021073
36  10  0.00040538
37  10  0.00047115
38  10  0.00014054
39  10  0.00041624
40  10  0.00011015
41  10  0.00048954
42  10  0.00032378
43  10  0.00043966
44  10  0.00014422
45  10  0.00023595
46  10  0.00022226
47  10  0.00015959
48  10  0.00015736
49  10  0.00008253
50  10  0.00014717
51  10  0.00011984
52  10  0.00034365
53  10  0.00005989
54  10  0.00021698
55  10  0.00011299
56  10  0.00033177
57  10  0.00013190
58  10  0.00017122
59  10  0.00037391
60  10  0.00033135
61  10  0.00022353
62  10  0.00017539
63  10  0.00019392
0  11  0.00020097
1  11  0.00015873
2  11  0.00012391
3  11  0.00027537
4  11  0.00015955
5  11  0.00015962
6  11  0.00015350
7  11  0.00032380
8  11  0.00021295
9  11  0.00045985
10  11  0.00013183
11  11  0.00012345
12  11  0.00024355
13  11  0.00021098
14  11  0.00030756
15  11  0.00035559
16  11  0.00024723
17  11  0.00031055
18  11  0.00039752
19  11  0.00023975
20  11  0.00017674
21  11  0.00051854
22  11  0.00022102
23  11  0.00026075
24  11  0.00026923
25  11  0.00031176
26  11  0.00041466
27  11  0.00013381
28  11  0.00032623
29  11  0.00046371
30  11  0.00020558
31  11  0.00023020
32  11  0.00042409
33  11  0.00031723
34  11  0.00006840
35  11  0.00018884
36  11  0.00017705
37  11  0.00015280
38  11  0.00024654
39  11  0.00014959
40  11  0.00050262
41  11  0.00025549
42  11  0.00026555
43  11  0.00021872
44  11  0.00043811
45  11  0.00024997
46  11  0.00030400
47  11  0.00017663
48  11  0.00021856
49  11  0.00016048
50  11  0.00017746
51  11  0.00010243
52  11  0.00034392
53  11  0.00011642
54  11  0.00032074
55  11  0.00009412
56  11  0.00017169
57  11  0.00036790
58  11  0.00031114
59  11  0.00043227
60  11  0.00017072
61  11  0.00030074
62  11  0.00009503
63  11  0.00013834
0  12  0.00040235
1  12  0.00022075
2  12  0.00017898
3  12  0.00050061
4  12  0.00042125
5  12  0.00026356
6  12  0.00008902
7  12  0.00033519
8  12  0.00020971
9  12  0.00015307
10  12  0.00045055
11  12  0.00017442
12  12  0.00012271
13  12  0.00042807
14  12  0.00038971
15  12  0.00039500
16  12  0.00020336
17  12  0.00033554
18  12  0.00012243
19  12  0.00022419
20  12  0.00007073
21  12  0.00023654
22  12  0.00024627
23  12  0.00026186
24  12  0.00026813
25  12  0.00024652
26  12  0.00028085
27  12  0.00013963
28  12  0.00024541
29  12  0.00007684
30  12  0.00026740
31  12  0.00017769
32  12  0.00009406
33  12  0.00011871
34  12  0.00027617
35  12  0.00030092
36  12  0.00021638
37  12  0.00017984
38  12  0.00009259
39  12  0.00013150
40  12  0.00038151
41  12  0.00007741
42  12  0.00020647
43  12  0.00014792
44  12  0.00005919
45  12  0.00027986
46  12  0.00040153
47  12  0.00025821
48  12  0.00048257
49  12  0.00006798
50  12  0.00030970
51  12  0.00013170
52  12  0.00034282
53  12  0.00023494
54  12  0.00022533
55  12  0.00025826
56  12  0.00015323
57  12  0.00023260
58  12  0.00021838
59  12  0.00013004
60  12  0.00037817
61  12  0.00034490
62  12  0.00012765
63  12  0.00013287
0  13  0.00033307
1  13  0.00014818
2  13  0.00007793
3  13  0.00019607
4  13  0.00020023
5  13  0.00029901
6  13  0.00006095
7  13  0.00018233
8  13  0.00059411
9  13  0.00056073
10  13  0.00018698
11  13  0.00011557
12  13  0.00016759
13  13  0.00026866
14  13  0.00022762
15  13  0.00011498
16  13  0.00031347
17  13  0.00019407
18  13  0.00017248
19  13  0.00021164
20  13  0.00024595
21  13  0.00023336
22  13  0.00015892
23  13  0.00013425
24  13  0.00026569
25  13  0.00045007
26  13  0.00035984
27  13  0.00016747
28  13  0.00019228
29  13  0.00035493
30  13  0.00014551
31  13  0.00026085
32  13  0.00032908
33  13  0.00015731
34  13  0.00023072
35  13  0.00031478
36  13  0.00015923
37  13  0.00019854
38  13  0.00043772
39  13  0.00005142
40  13  0.00015120
41  13  0.00012823
42  13  0.00022963
43  13  0.00036873
44  13  0.00022693
45  13  0.00012103
46  13  0.00018861
47  13  0.00008425
48  13  0.00007808
49  13  0.00032520
50  13  0.00012346
51  13  0.00028939
52  13  0.00030440
53  13  0.00028615
54  13  0.00016517
55  13  0.00041291
56  13  0.00013557
57  13  0.00030028
58  13  0.00022309
59  13  0.00015726
60  13  0.00029295
61  13  0.00019634
62  13  0.00044972
63  13  0.00035055
0  14  0.00029027
1  14  0.00036402
2  14  0.00044772
3  14  0.00031897
4  14  0.00014318
5  14  0.00014732
6  14  0.00037905
7  14  0.00022787
8  14  0.00025306
9  14  0.00006338
10  14  0.00017891
11  14  0.00015970
12  14  0.00008599
13  14  0.00025377
14  14  0.00022758
15  14  0.00021766
16  14  0.00032352
17  14  0.00015402
18  14  0.00023588
19  14  0.00016956
20  14  0.00008568
21  14  0.00039068
22  14  0.00042428
23  14  0.00006628
24  14  0.00020837
25  14  0.00027730
26  14  0.00015996
27  14  0.00048223
28  14  0.00011535
29  14  0.00044485
30  14  0.00053478
31  14  0.00057251
32  14  0.00012184
33  14  0.00060474
34  14  0.00048106
35  14  0.00019412
36  14  0.00024150
37  14  0.00020851
38  14  0.00020368
39  14  0.00012881
40  14  0.00022273
41  14  0.00051533
42  14  0.00013853
43  14  0.00009607
44  14  0.00026088
45  14  0.00030587
46  14  0.00013879
47  14  0.00013653
48  14  0.00031584
49  14  0.00013071
50  14  0.00049498
51  14  0.00031353
52  14  0.00028626
53  14  0.00048953
54  14  0.00018155
55  14  0.00011829
56  14  0.00004555
57  14  0.00054985
58  14  0.00027374
59  14  0.00023500
60  14  0.00017179
61  14  0.00040319
62  14  0.00022591
63  14  0.00016127
0  15  0.00024202
1  15  0.00012519
2  15  0.00016093
3  15  0.00027282
4  15  0.00015091
5  15  0.00030472
6  15  0.00037596
7  15  0.00035612
8  15  0.00035820
9  15  0.00013854
10  15  0.00031369
11  15  0.00019062
12  15  0.00050819
13  15  0.00041187
14  15  0.00037735
15  15  0.00015882
16  15  0.00018427
17  15  0.00018552
18  15  0.00057665
19  15  0.00009986
20  15  0.00007759
21  15  0.00014280
22  15  0.00021694
23  15  0.00018447
24  15  0.00024827
25  15  0.00022478
26  15  0.00071590
27  15  0.00027368
28  15  0.00017313
29  15  0.00016246
30  15  0.00024390
31  15  0.00016937
32  15  0.00018667
33  15  0.00015662
34  15  0.00034762
35  15  0.00040958
36  15  0.00019539
37  15  0.00031144
38  15  0.00041073
39  15  0.00022305
40  15  0.00018027
41  15  0.00023096
42  15  0.00012881
43  15  0.00017849
44  15  0.00016643
45  15  0.00015997
46  15  0.00039961
47  15  0.00022263
48  15  0.00032311
49  15  0.00025259
50  15  0.00015748
51  15  0.00032670
52  15  0.00020987
53  15  0.00007158
54  15  0.00030433
55  15  0.00026512
56  15  0.00058710
57  15  0.00018732
58  15  0.00005454
59  15  0.00036406
60  15  0.00015205
61  15  0.00031562
62  15  0.00009118
63  15  0.00011477
0  16  0.00012117
1  16  0.00010531
2  16  0.00018320
3  16  0.00024879
4  16  0.00017206
5  16  0.00036813
6  16  0.00008445
7  16  0.00031211
8  16  0.00008676
9  16  0.00028359
10  16  0.00031192
11  16  0.00031838
12  16  0.00022835
13  16  0.00018124
14  16  0.00011241
15  16  0.00016108
16  16  0.00042348
17  16  0.00038861
18  16  0.00046457
19  16  0.00021723
20  16  0.00017255
21  16  0.00020316
22  16  0.00022300
23  16  0.00012750
24  16  0.00034667
25  16  0.00029539
26  16  0.00039301
27  16  0.00029753
28  16  0.00025211
29  16  0.00053902
30  16  0.00053798
31  16  0.00064075
32  16  0.00017387
33  16  0.00048043
34  16  0.00014405
35  16  0.00033734
36  16  0.00012283
37  16  0.00018685
38  16  0.00028890
39  16  0.00022911
40  16  0.00029944
41  16  0.00023456
42  16  0.00025715
43  16  0.00017421
44  16  0.00034295
45  16  0.00014576
46  16  0.00029039
47  16  0.00027820
48  16  0.00043344
49  16  0.00014758
50  16  0.00021552
51  16  0.00043766
52  16  0.00011366
53  16  0.00033940
54  16  0.00017996
55  16  0.00012474
56  16  0.00021387
57  16  0.00032714
58  16  0.00030134
59  16  0.00075308
60  16  0.00022043
61  16  0.00033972
62  16  0.00019603
63  16  0.00016646
0  17  0.00017668
1  17  0.00015887
2  17  0.00032010
3  17  0.00017028
4  17  0.00025214
5  17  0.00055432
6  17  0.00028326
7  17  0.00024531
8  17  0.00025476
9  17  0.00021272
10  17  0.00042077
11  17  0.00022951
12  17  0.00039171
13  17  0.00009662
14  17  0.00028630
15  17  0.00038607
16  17  0.00025946
17  17  0.00038908
18  17  0.00026461
19  17  0.00026056
20  17  0.00025298
21  17  0.00004518
22  17  0.00020606
23  17  0.00017006
24  17  0.00049457
25  17  0.00013387
26  17  0.00022143
27  17  0.00017226
28  17  0.00035969
29  17  0.00040871
30  17  0.00048763
31  17  0.00029071
32  17  0.00023081
33  17  0.00021894
34  17  0.00024182
35  17  0.00023290
36  17  0.00022128
37  17  0.00031845
38  17  0.00035152
39  17  0.00019265
40  17  0.00020099
41  17  0.00021257
42  17  0.00005148
43  17  0.00033829
44  17  0.00019859
45  17  0.00016303
46  17  0.00016883
47  17  0.00037937
48  17  0.00018782
49  17  0.00022523
50  17  0.00033066
51  17  0.00020261
52  17  0.00042319
53  17  0.00008078
54  17  0.00009730
55  17  0.00014136
56  17  0.00011539
57  17  0.00017311
58  17  0.00039604
59  17  0.00039441
60  17  0.00023672
61  17  0.00009351
62  17  0.00038033
63  17  0.00025701
0  18  0.00005135
1  18  0.00010747
2  18  0.00041966
3  18  0.00009998
4  18  0.00018763
5  18  0.00010657
6  18  0.00018612
7  18  0.00019932
8  18  0.00026667
9  18  0.00051602
10  18  0.00042875
11  18  0.00022423
12  18  0.00012136
13  18  0.00022294
14  18  0.00012269
15  18  0.00022336
16  18  0.00023642
17  18  0.00016969
18  18  0.00032086
19  18  0.00040999
20  18  0.00024890
21  18  0.00022709
22  18  0.00014433
23  18  0.00042435
24  18  0.00024314
25  18  0.00012657
26  18  0.00051783
27  18  0.00034986
28  18  0.00016197
29  18  0.00021209
30  18  0.00019129
31  18  0.00022705
32  18  0.00028980
33  18  0.00040768
34  18  0.00030117
35  18  0.00015874
36  18  0.00019228
37  18  0.00014396
38  18  0.00005947
39  18  0.00016046
40  18  0.00030213
41  18  0.00025633
42  18  0.00026785
43  18  0.00018544
44  18  0.00042569
45  18  0.00023442
46  18  0.00019849
47  18  0.00020961
48  18  0.00017059
49  18  0.00017497
50  18  0.00038105
51  18  0.00010903
52  18  0.00029073
53  18  0.00031672
54  18  0.00030885
55  18  0.00040217
56  18  0.00035403
57  18  0.00015526
58  18  0.00041527
59  18  0.00049349
60  18  0.00009740
61  18  0.00021879
62  18  0.00023140
63  18  0.00008782
0  19  0.00016845
1  19  0.00031036
2  19  0.00036117
3  19  0.00013463
4  19  0.00013474
5  19  0.00018334
6  19  0.00056145
7  19  0.00014976
8  19  0.00014443
9  19  0.00011780
10  19  0.00039105
11  19  0.00015545
12  19  0.00048140
13  19  0.00011097
14  19  0.00037316
15  19  0.00045165
16  19  0.00024599
17  19  0.00033853
18  19  0.00015825
19  19  0.00010707
20  19  0.00019954
21  19  0.00035337
22  19  0.00026042
23  19  0.00008025
24  19  0.00017112
25  19  0.00014459
26  19  0.00018058
27  19  0.00007759
28  19  0.00028750
29  19  0.00016891
30  19  0.00081019
31  19  0.00022850
32  19  0.00009833
33  19  0.00009903
34  19  0.00009206
35  19  0.00034223
36  19  0.00018859
37  19  0.00017499
38  19  0.00028870
39  19  0.00024217
40  19  0.00032740
41  19  0.00024006
42  19  0.00016894
43  19  0.00017944
44  19  0.00020302
45  19  0.00014286
46  19  0.00015439
47  19  0.00022936
48  19  0.00015078
49  19  0.00070526
50  19  0.00014302
51  19  0.00014836
52  19  0.00012481
53  19  0.00041350
54  19  0.00008467
55  19  0.00011804
56  19  0.00037837
57  19  0.00019665
58  19  0.00009156
59  19  0.00024940
60  19  0.00034085
61  19  0.00017519
62  19  0.00033191
63  19  0.00010861
0  20  0.00006418
1  20  0.00006948
2  20  0.00023176
3  20  0.00021585
4  20  0.00024110
5  20  0.00020227
6  20  0.00036978
7  20  0.00013812
8  20  0.00031206
9  20  0.00017114
10  20  0.00036694
11  20  0.00024241
12  20  0.00015785
13  20  0.00007120
14  20  0.00016498
15  20  0.00030265
16  20  0.00017513
17  20  0.00015098
18  20  0.00040222
19  20  0.00036726
20  20  0.00036841
21  20  0.00029276
22  20  0.00004515
23  20  0.00010600
24  20  0.00043949
25  20  0.00027342
26  20  0.00020555
27  20  0.00055356
28  20  0.00020389
29  20  0.00028227
30  20  0.00013062
31  20  0.00035550
32  20  0.00009227
33  20  0.00030895
34  20  0.00019944
35  20  0.00026659
36  20  0.00035715
37  20  0.00027729
38  20  0.00034891
39  20  0.00037789
40  20  0.00035414
41  20  0.00011248
42  20  0.00018299
43  20  0.00015714
44  20  0.00025074
45  20  0.00024470
46  20  0.00017344
47  20  0.00018922
48  20  0.00004784
49  20  0.00034444
50  20  0.00021821
51  20  0.00025511
52  20  0.00024470
53  20  0.00013801
54  20  0.00017255
55  20  0.00007805
56  20  0.00039682
57  20  0.00007003
58  20  0.00041928
59  20  0.00036342
60  20  0.00022674
61  20  0.00027884
62  20  0.00017130
63  20  0.00027575
0  21  0.00013511
1  21  0.00026770
2  21  0.00021359
3  21  0.00018058
4  21  0.00007827
5  21  0.00016417
6  21  0.00020955
7  21  0.00029229
8  21  0.00018172
9  21  0.00033015
10  21  0.00025463
11  21  0.00055514
12  21  0.00022898
13  21  0.00013591
14  21  0.00013260
15  21  0.00004779
16  21  0.00037846
17  21  0.00045931
18  21  0.00009136
19  21  0.00041802
20  21  0.00018253
21  21  0.00019364
22  21  0.00008153
23  21  0.00045769
24  21  0.00021751
25  21  0.00007400
26  21  0.00016184
27  21  0.00046957
28  21  0.00025355
29  21  0.00010653
30  21  0.00013356
31  21  0.00030591
32  21  0.00014004
33  21  0.00037199
34  21  0.00005738
35  21  0.00039836
36  21  0.00020158
37  21  0.00036605
38  21  0.00014500
39  21  0.00028677
40  21  0.00045327
41  21  0.00021261
42  21  0.00030209
43  21  0.00039738
44  21  0.00012418
45  21  0.00010419
46  21  0.00016608
47  21  0.00028588
48  21  0.00031575
49  21  0.00024643
50  21  0.00043245
51  21  0.00006606
52  21  0.00030446
53  21  0.00020040
54  21  0.00011361
55  21  0.00043580
56  21  0.00029413
57  21  0.00018746
58  21  0.00011812
59  21  0.00008232
60  21  0.00012223
61  21  0.00010515
62  21  0.00024383
63  21  0.00024572
0  22  0.00007260
1  22  0.00018653
2  22  0.00012522
3  22  0.00014678
4  22  0.00022704
5  22  0.00040262
6  22  0.00030420
7  22  0.00037147
8  22  0.00010207
9  22  0.00030404
10  22  0.00019378
11  22  0.00005729
12  22  0.00025834
13  22  0.00041418
14  22  0.00052085
15  22  0.00030691
16  22  0.00011883
17  22  0.00026935
18  22  0.00020641
19  22  0.00025665
20  22  0.00051198
21  22  0.00006665
22  22  0.00010255
23  22  0.00019012
24  22  0.00008611
25  22  0.00032076
26  22  0.00026092
27  22  0.00015867
28  22  0.00035864
29  22  0.00030594
30  22  0.00011390
31  22  0.00022503
32  22  0.00027480
33  22  0.00039190
34  22  0.00047139
35  22  0.00014183
36  22  0.00021875
37  22  0.00012775
38  22  0.00023231
39  22  0.00045719
40  22  0.00020039
41  22  0.00014954
42  22  0.00044807
43  22  0.00006205
44  22  0.00008331
45  22  0.00020095
46  22  0.00009944
47  22  0.00029197
48  22  0.00024504
49  22  0.00016176
50  22  0.00036289
51  22  0.00038074
52  22  0.00052546
53  22  0.00056163
54  22  0.00049044
55  22  0.00016226
56  22  0.00027947
57  22  0.00034493
58  22  0.00035430
59  22  0.00041291
60  22  0.00019672
61  22  0.00030498
62  22  0.00020814
63  22  0.00027771
0  23  0.00022092
1  23  0.00018041
2  23  0.00016138
3  23  0.00029064
4  23  0.00024159
5  23  0.00015714
6  23  0.00026750
7  23  0.00025356
8  23  0.00045699
9  23  0.00024392
10  23  0.00020798
11  23  0.00053067
12  23  0.00026931
13  23  0.00024006
14  23  0.00031442
15  23  0.00020391
16  23  0.00006853
17  23  0.00027538
18  23  0.00006095
19  23  0.00003721
20  23  0.00024174
21  23  0.00012208
22  23  0.00013691
23  23  0.00033563
24  23  0.00027147
25  23  0.00054243
26  23  0.00016456
27  23  0.00011525
28  23  0.00019242
29  23  0.00041391
30  23  0.00016563
31  23  0.00012808
32  23  0.00019564
33  23  0.00034296
34  23  0.00016143
35  23  0.00024399
36  23  0.00019669
37  23  0.00021715
38  23  0.00015830
39  23  0.00010983
40  23  0.00012915
41  23  0.00008133
42  23  0.00049438
43  23  0.00023011
44  23  0.00011309
45  23  0.00028746
46  23  0.00001334
47  23  0.00007075
48  23  0.00035825
49  23  0.00008566
50  23  0.00044556
51  23  0.00010140
52  23  0.00045417
53  23  0.00015788
54  23  0.00021767
55  23  0.00012783
56  23  0.00017327
57  23  0.00036849
58  23  0.00028648
59  23  0.00013574
60  23  0.00035861
61  23  0.00042876
62  23  0.00053802
63  23  0.00027092
0  24  0.00030598
1  24  0.00014655
2  24  0.00011495
3  24  0.00022981
4  24  0.00021212
5  24  0.00044737
6  24  0.00025034
7  24  0.00018287
8  24  0.00039145
9  24  0.00023853
10  24  0.00029987
11  24  0.00017779
12  24  0.00015311
13  24  0.00009425
14  24  0.00022419
15  24  0.00013639
16  24  0.00021706
17  24  0.00020813
18  24  0.00047206
19  24  0.00012463
20  24  0.00034215
21  24  0.00018630
22  24  0.00039937
23  24  0.00010033
24  24  0.00032135
25  24  0.00013910
26  24  0.00024260
27  24  0.00017742
28  24  0.00009182
29  24  0.00022421
30  24  0.00013379
31  24  0.00042793
32  24  0.00024683
33  24  0.00031714
34  24  0.00006686
35  24  0.00027539
36  24  0.00020364
37  24  0.00005392
38  24  0.00018475
39  24  0.00048856
40  24  0.00040303
41  24  0.00016936
42  24  0.00030624
43  24  0.00021448
44  24  0.00031069
45  24  0.00026089
46  24  0.00037476
47  24  0.00005539
48  24  0.00016467
49  24  0.00024428
50  24  0.00020110
51  24  0.00051984
52  24  0.00007836
53  24  0.00011761
54  24  0.00022695
55  24  0.00012076
56  24  0.00013724
57  24  0.00028589
58  24  0.00023213
59  24  0.00021416
60  24  0.00016046
61  24  0.00016958
62  24  0.00024896
63  24  0.00018339
0  25  0.00020972
1  25  0.00027641
2  25  0.00012535
3  25  0.00014966
4  25  0.00044864
5  25  0.00015476
6  25  0.00020585
7  25  0.00006201
8  25  0.00063539
9  25  0.00023066
10  25  0.00030107
11  25  0.00019551
12  25  0.00038738
13  25  0.00020906
14  25  0.00034654
15  25  0.00028358
16  25  0.00014476
17  25  0.00021521
18  25  0.00019177
19  25  0.00018724
20  25  0.00009861
21  25  0.00070302
22  25  0.00033638
23  25  0.00030272
24  25  0.00011061
25  25  0.00018080
26  25  0.00037710
27  25  0.00055606
28  25  0.00018028
29  25  0.00015365
30  25  0.00034141
31  25  0.00005759
32  25  0.00012772
33  25  0.00016495
34  25  0.00028784
35  25  0.00023735
36  25  0.00030194
37  25  0.00010593
38  25  0.00030131
39  25  0.00025219
40  25  0.00053811
41  25  0.00032218
42  25  0.00019198
43  25  0.00027892
44  25  0.00020531
45  25  0.00030573
46  25  0.00008800
47  25  0.00011908
48  25  0.00022904
49  25  0.00019100
50  25  0.00032798
51  25  0.00009876
52  25  0.00012759
53  25  0.00014874
54  25  0.00018353
55  25  0.00031259
56  25  0.00016610
57  25  0.00014967
58  25  0.00026121
59  25  0.00006733
60  25  0.00013096
61  25  0.00017388
62  25  0.00014637
63  25  0.00046105
0  26  0.00063516
1  26  0.00038960
2  26  0.00027642
3  26  0.00021985
4  26  0.00023994
5  26  0.00022626
6  26  0.00012622
7  26  0.00016838
8  26  0.00010808
9  26  0.00022914
10  26  0.00028973
11  26  0.00056653
12  26  0.00020621
13  26  0.00024488
14  26  0.00019406
15  26  0.00016286
16  26  0.00014055
17  26  0.00014986
18  26  0.00018715
19  26  0.00018697
20  26  0.00012913
21  26  0.00016256
22  26  0.00011897
23  26  0.00027283
24  26  0.00017668
25  26  0.00027600
26  26  0.00037636
27  26  0.00021407
28  26  0.00028425
29  26  0.00023990
30  26  0.00031357
31  26  0.00046706
32  26  0.00010005
33  26  0.00015028
34  26  0.00015003
35  26  0.00009137
36  26  0.00032068
37  26  0.00024437
38  26  0.00021651
39  26  0.00013091
40  26  0.00020373
41  26  0.00013779
42  26  0.00020378
43  26  0.00027446
44  26  0.00013452
45  26  0.00014186
46  26  0.00022870
47  26  0.00036284
48  26  0.00007294
49  26  0.00049093
50  26  0.00064402
51  26  0.00033983
52  26  0.00030387
53  26  0.00019628
54  26  0.00049170
55  26  0.00023770
56  26  0.00013441
57  26  0.00020269
58  26  0.00012664
59  26  0.00012903
60  26  0.00024300
61  26  0.00025131
62  26  0.00031610
63  26  0.00013295
0  27  0.00023527
1  27  0.00038012
2  27  0.00011285
3  27  0.00034451
4  27  0.00020282
5  27  0.00012418
6  27  0.00015787
7  27  0.00035075
8  27  0.00029723
9  27  0.00030184
10  27  0.00032632
11  27  0.00015244
12  27  0.00018430
13  27  0.00034083
14  27  0.00036969
15  27  0.00010526
16  27  0.00031633
17  27  0.00019932
18  27  0.00008607
19  27  0.00016312
20  27  0.00015708
21  27  0.00015633
22  27  0.00034762
23  27  0.00032811
24  27  0.00012335
25  27  0.00040495
26  27  0.00020729
27  27  0.00034640
28  27  0.00046317
29  27  0.00010374
30  27  0.00034010
31  27  0.00015162
32  27  0.00011767
33  27  0.00012235
34  27  0.00022198
35  27  0.00055646
36  27  0.00025205
37  27  0.00037877
38  27  0.00050500
39  27  0.00017078
40  27  0.00017529
41  27  0.00025303
42  27  0.00015318
43  27  0.00017611
44  27  0.00050696
45  27  0.00031754
46  27  0.00014444
47  27  0.00006882
48  27  0.00027489
49  27  0.00015652
50  27  0.00023777
51  27  0.00026334
52  27  0.00023813
53  27  0.00009944
54  27  0.00030528
55  27  0.00014209
56  27  0.00009609
57  27  0.00015860
58  27  0.00016919
59  27  0.00008349
60  27  0.00016657
61  27  0.00020048
62  27  0.00039186
63  27  0.00022465
0  28  0.00019530
1  28  0.00019842
2  28  0.00025958
3  28  0.00020025
4  28  0.00029437
5  28  0.00023152
6  28  0.00033746
7  28  0.00042108
8  28  0.00031609
9  28  0.00006778
10  28  0.00023697
11  28  0.00035424
12  28  0.00020890
13  28  0.00055128
14  28  0.00014317
15  28  0.00027122
16  28  0.00009783
17  28  0.00029730
18  28  0.00030448
19  28  0.00023523
20  28  0.00033195
21  28  0.00012923
22  28  0.00021555
23  28  0.00032060
24  28  0.00015164
25  28  0.00017766
26  28  0.00038958
27  28  0.00012724
28  28  0.00045916
29  28  0.00013082
30  28  0.00018707
31  28  0.00021810
32  28  0.00010157
33  28  0.00017359
34  28  0.00014843
35  28  0.00008083
36  28  0.00007465
37  28  0.00019917
38  28  0.00027146
39  28  0.00017994
40  28  0.00033150
41  28  0.00018989
42  28  0.00029603
43  28  0.00045037
44  28  0.00024952
45  28  0.00029495
46  28  0.00010177
47  28  0.00016205
48  28  0.00031578
49  28  0.00009809
50  28  0.00047890
51  28  0.00011243
52  28  0.00027752
53  28  0.00043519
54  28  0.00035156
55  28  0.00009963
56  28  0.00022047
57  28  0.00014540
58  28  0.00013063
59  28  0.00047878
60  28  0.00018008
61  28  0.00038480
62  28  0.00016391
63  28  0.00017953
0  29  0.00037243
1  29  0.00045763
2  29  0.00007757
3  29  0.00031457
4  29  0.00044213
5  29  0.00012679
6  29  0.00010168
7  29  0.00025628
8  29  0.00024741
9  29  0.00053339
10  29  0.00007923
11  29  0.00038432
12  29  0.00051865
13  29  0.00022444
14  29  0.00035082
15  29  0.00012053
16  29  0.00026501
17  29  0.00020924
18  29  0.00026117
19  29  0.00032439
20  29  0.00028880
21  29  0.00013062
22  29  0.00029120
23  29  0.00026490
24  29  0.00032658
25  29  0.00036887
26  29  0.00048276
27  29  0.00031066
28  29  0.00019301
29  29  0.00015897
30  29  0.00018203
31  29  0.00008735
32  29  0.00028666
33  29  0.00026334
34  29  0.00027473
35  29  0.00010782
36  29  0.00026343
37  29  0.00035537
38  29  0.00029642
39  29  0.00023994
40  29  0.00016543
41  29  0.00025294
42  29  0.00016617
43  29  0.00026505
44  29  0.00014042
45  29  0.00026294
46  29  0.00024720
47  29  0.00018793
48  29  0.00020172
49  29  0.00021834
50  29  0.00022835
51  29  0.00013067
52  29  0.00036968
53  29  0.00015057
54  29  0.00022519
55  29  0.00028005
56  29  0.00015496
57  29  0.00013890
58  29  0.00008396
59  29  0.00021231
60  29  0.00026379
61  29  0.00016394
62  29  0.00037345
63  29  0.00017402
0  30  0.00020317
1  30  0.00029883
2  30  0.00017591
3  30  0.00031351
4  30  0.00013083
5  30  0.00032155
6  30  0.00027287
7  30  0.00012801
8  30  0.00015186
9  30  0.00021261
10  30  0.00021193
11  30  0.00015491
12  30  0.00017791
13  30  0.00041293
14  30  0.00040252
15  30  0.00005462
16  30  0.00024333
17  30  0.00027146
18  30  0.00029343
19  30  0.00037042
20  30  0.00022730
21  30  0.00017287
22  30  0.00021575
23  30  0.00037191
24  30  0.00021276
25  30  0.00012362
26  30  0.00015558
27  30  0.00022364
28  30  0.00008068
29  30  0.00011346
30  30  0.00010491
31  30  0.00055810
32  30  0.00063632
33  30  0.00035903
34  30  0.00035217
35  30  0.00015554
36  30  0.00010399
37  30  0.00017891
38  30  0.00009953
39  30  0.00009742
40  30  0.00013098
41  30  0.00029857
42  30  0.00038031
43  30  0.00014128
44  30  0.00053597
45  30  0.00028749
46  30  0.00024719
47  30  0.00026742
48  30  0.00010347
49  30  0.00024467
50  30  0.00021725
51  30  0.00020575
52  30  0.00052556
53  30  0.00032248
54  30  0.00013491
55  30  0.00021625
56  30  0.00026928
57  30  0.00023954
58  30  0.00025621
59  30  0.00026098
60  30  0.00009567
61  30  0.00016134
62  30  0.00012859
63  30  0.00070972
0  31  0.00034874
1  31  0.00017019
2  31  0.00010991
3  31  0.00018705
4  31  0.00042974
5  31  0.00042863
6  31  0.00029655
7  31  0.00023221
8  31  0.00017137
9  31  0.00020424
10  31  0.00015944
11  31  0.00038416
12  31  0.00042630
13  31  0.00021997
14  31  0.00018853
15  31  0.00069214
16  31  0.00014663
17  31  0.00016988
18  31  0.00025205
19  31  0.00014843
20  31  0.00009363
21  31  0.00013374
22  31  0.00037870
23  31  0.00034298
24  31  0.00019126
25  31  0.00034537
26  31  0.00027550
27  31  0.00036571
28  31  0.00027622
29  31  0.00015264
30  31  0.00016232
31  31  0.00026877
32  31  0.00028705
33  31  0.00016671
34  31  0.00026708
35  31  0.00042877
36  31  0.00014394
37  31  0.00026700
38  31  0.00043787
39  31  0.00025977
40  31  0.00002913
41  31  0.00020816
42  31  0.00050661
43  31  0.00022656
44  31  0.00038129
45  31  0.00028819
46  31  0.00028454
47  31  0.00053145
48  31  0.00011043
49  31  0.00022189
50  31  0.00009161
51  31  0.00030853
52  31  0.00030768
53  31  0.00042566
54  31  0.00033780
55  31  0.00016036
56  31  0.00036284
57  31  0.00022518
58  31  0.00038764
59  31  0.00029863
60  31  0.00010353
61  31  0.00013416
62  31  0.00015390
63  31  0.00031995
0  32  0.00016952
1  32  0.00040786
2  32  0.00024532
3  32  0.00015170
4  32  0.00019080
5  32  0.00014192
6  32  0.00013696
7  32  0.00028100
8  32  0.00010707
9  32  0.00056000
10  32  0.00015251
11  32  0.00016964
12  32  0.00014773
13  32  0.00024727
14  32  0.00020624
15  32  0.00007224
16  32  0.00008911
17  32  0.00041073
18  32  0.00012002
19  32  0.00026589
20  32  0.00022842
21  32  0.00029259
22  32  0.00007674
23  32  0.00013302
24  32  0.00025631
25  32  0.00054762
26  32  0.00037541
27  32  0.00034204
28  32  0.00034647
29  32  0.00026287
30  32  0.00020303
31  32  0.00047180
32  32  0.00056561
33  32  0.00041501
34  32  0.00033762
35  32  0.00007609
36  32  0.00014685
37  32  0.00022572
38  32  0.00020475
39  32  0.00012821
40  32  0.00022614
41  32  0.00017511
42  32  0.00023660
43  32  0.00010016
44  32  0.00023679
45  32  0.00024884
46  32  0.00034007
47  32  0.00011583
48  32  0.00023506
49  32  0.00013071
50  32  0.00022878
51  32  0.00006191
52  32  0.00016097
53  32  0.00024953
54  32  0.00013886
55  32  0.00016076
56  32  0.00047076
57  32  0.00015394
58  32  0.00027804
59  32  0.00041711
60  32  0.00033274
61  32  0.00022750
62  32  0.00043153
63  32  0.00023990
0  33  0.00020629
1  33  0.00020179
2  33  0.00023383
3  33  0.00003833
4  33  0.00008544
5  33  0.00035940
6  33  0.00041914
7  33  0.00017318
8  33  0.00021410
9  33  0.00022601
10  33  0.00019388
11  33  0.00014440
12  33  0.00025143
13  33  0.00014486
14  33  0.00020971
15  33  0.00032105
16  33  0.00028131
17  33  0.00017863
18  33  0.00039536
19  33  0.00016228
20  33  0.00023381
21  33  0.00024655
22  33  0.00035990
23  33  0.00025827
24  33  0.00026445
25  33  0.00008062
26  33  0.00010892
27  33  0.00025566
28  33  0.00057566
29  33  0.00022529
30  33  0.00010031
31  33  0.00024716
32  33  0.00063532
33  33  0.00029617
34  33  0.00021354
35  33  0.00021216
36  33  0.00030798
37  33  0.00023772
38  33  0.00024466
39  33  0.00039039
40  33  0.00007970
41  33  0.00013377
42  33  0.00047045
43  33  0.00022887
44  33  0.00036481
45  33  0.00020683
46  33  0.00008468
47  33  0.00027346
48  33  0.00023019
49  33  0.00017762
50  33  0.00017908
51  33  0.00043675
52  33  0.00018512
53  33  0.00006075
54  33  0.00030089
55  33  0.00017273
56  33  0.00025608
57  33  0.00050272
58  33  0.00036996
59  33  0.00017429
60  33  0.00032076
61  33  0.00029433
62  33  0.00018764
63  33  0.00025502
0  34  0.00024276
1  34  0.00011225
2  34  0.00060252
3  34  0.00020413
4  34  0.00021881
5  34  0.00016661
6  34  0.00018085
7  34  0.00068239
8  34  0.00021120
9  34  0.00011235
10  34  0.00008935
11  34  0.00022269
12  34  0.00035661
13  34  0.00014926
14  34  0.00010126
15  34  0.00038066
16  34  0.00038384
17  34  0.00029203
18  34  0.00017075
19  34  0.00023526
20  34  0.00020226
21  34  0.00029893
22  34  0.00018181
23  34  0.00006000
24  34  0.00033961
25  34  0.00022530
26  34  0.00013536
27  34  0.00017182
28  34  0.00015389
29  34  0.00021593
30  34  0.00017715
31  34  0.00043642
32  34  0.00014008
33  34  0.00007707
34  34  0.00020189
35  34  0.00011561
36  34  0.00013313
37  34  0.00017278
38  34  0.00023192
39  34  0.00003978
40  34  0.00010715
41  34  0.00032900
42  34  0.00032009
43  34  0.00017442
44  34  0.00020330
45  34  0.00016972
46  34  0.00011593
47  34  0.00027628
48  34  0.00030662
49  34  0.00033954
50  34  0.00006570
51  34  0.00026116
52  34  0.00039469
53  34  0.00033128
54  34  0.00014985
55  34  0.00013547
56  34  0.00031730
57  34  0.00036555
58  34  0.00010083
59  34  0.00026245
60  34  0.00009254
61  34  0.00023625
62  34  0.00037673
63  34  0.00017924
0  35  0.00015519
1  35  0.00031934
2  35  0.00018469
3  35  0.00010227
4  35  0.00018721
5  35  0.00010879
6  35  0.00013552
7  35  0.00028615
8  35  0.00012450
9  35  0.00026417
10  35  0.00012921
11  35  0.00027977
12  35  0.00021585
13  35  0.00007431
14  35  0.00012598
15  35  0.00024059
16  35  0.00037061
17  35  0.00028333
18  35  0.00028037
19  35  0.00036186
20  35  0.00029870
21  35  0.00067855
22  35  0.00018842
23  35  0.00017065
24  35  0.00022329
25  35  0.00015360
26  35  0.00010558
27  35  0.00009774
28  35  0.00018059
29  35  0.00007717
30  35  0.00027043
31  35  0.00015238
32  35  0.00042003
33  35  0.00015225
34  35  0.00018151
35  35  0.00016357
36  35  0.00030872
37  35  0.00023796
38  35  0.00034911
39  35  0.00030123
40  35  0.00016821
41  35  0.00056541
42  35  0.00019782
43  35  0.00017144
44  35  0.00030335
45  35  0.00028458
46  35  0.00038956
47  35  0.00019561
48  35  0.00019866
49  35  0.00014951
50  35  0.00035184
51  35  0.00013685
52  35  0.00013933
53  35  0.00044094
54  35  0.00038279
55  35  0.00022406
56  35  0.00017631
57  35  0.00019636
58  35  0.00022315
59  35  0.00022365
60  35  0.00066040
61  35  0.00034702
62  35  0.00025456
63  35  0.00035824
0  36  0.00018255
1  36  0.00017434
2  36  0.00032542
3  36  0.00031198
4  36  0.00012201
5  36  0.00024480
6  36  0.00010883
7  36  0.00042056
8  36  0.00030420
9  36  0.00020992
10  36  0.00041934
11  36  0.00016601
12  36  0.00043876
13  36  0.00029055
14  36  0.00029946
15  36  0.00016454
16  36  0.00023893
17  36  0.00029509
18  36  0.00028104
19  36  0.00041111
20  36  0.00012321
21  36  0.00048865
22  36  0.00032273
23  36  0.00018694
24  36  0.00052560
25  36  0.00059241
26  36  0.00033951
27  36  0.00002719
28  36  0.00013676
29  36  0.00009888
30  36  0.00021910
31  36  0.00022773
32  36  0.00024050
33  36  0.00033115
34  36  0.00045770
35  36  0.00006744
36  36  0.00007917
37  36  0.00026551
38  36  0.00031056
39  36  0.00028273
40  36  0.00034214
41  36  0.00021103
42  36  0.00026225
43  36  0.00016534
44  36  0.00023612
45  36  0.00022103
46  36  0.00032713
47  36  0.00023917
48  36  0.00014528
49  36  0.00006974
50  36  0.00023423
51  36  0.00015279
52  36  0.00014756
53  36  0.00022330
54  36  0.00014370
55  36  0.00019646
56  36  0.00043908
57  36  0.00012602
58  36  0.00026101
59  36  0.00012573
60  36  0.00023043
61  36  0.00016239
62  36  0.00027202
63  36  0.00026615
0  37  0.00008183
1  37  0.00009680
2  37  0.00042812
3  37  0.00033476
4  37  0.00037890
5  37  0.00011060
6  37  0.00007388
7  37  0.00054754
8  37  0.00038793
9  37  0.00031981
10  37  0.00005884
11  37  0.00043488
12  37  0.00003406
13  37  0.00014291
14  37  0.00016244
15  37  0.00020802
16  37  0.00012746
17  37  0.00030688
18  37  0.00020050
19  37  0.00011966
20  37  0.00023798
21  37  0.00023577
22  37  0.00019497
23  37  0.00043265
24  37  0.00020920
25  37  0.00009711
26  37  0.00015280
27  37  0.00016996
28  37  0.00014241
29  37  0.00028450
30  37  0.00040750
31  37  0.00032225
32  37  0.00024156
33  37  0.00031528
34  37  0.00024891
35  37  0.00036179
36  37  0.00024053
37  37  0.00007648
38  37  0.00017799
39  37  0.00029631
40  37  0.00028285
41  37  0.00027865
42  37  0.00047744
43  37  0.00043442
44  37  0.00026111
45  37  0.00031862
46  37  0.00027299
47  37  0.00025994
48  37  0.00024311
49  37  0.00068041
50  37  0.00020107
51  37  0.00014653
52  37  0.00014109
53  37  0.00017433
54  37  0.00017170
55  37  0.00030127
56  37  0.00009446
57  37  0.00016814
58  37  0.00017465
59  37  0.00015926
60  37  0.00015097
61  37  0.00053731
62  37  0.00023783
63  37  0.00028120
0  38  0.00012632
1  38  0.00019355
2  38  0.00035078
3  38  0.00022930
4  38  0.00049501
5  38  0.00021605
6  38  0.00010020
7  38  0.00058535
8  38  0.00023679
9  38  0.00021349
10  38  0.00013902
11  38  0.00010921
12  38  0.00020936
13  38  0.00019681
14  38  0.00019219
15  38  0.00031374
16  38  0.00033083
17  38  0.00033306
18  38  0.00005686
19  38  0.00015600
20  38  0.00017370
21  38  0.00050173
22  38  0.00029685
23  38  0.00012577
24  38  0.00010906
25  38  0.00008993
26  38  0.00010534
27  38  0.00027529
28  38  0.00050815
29  38  0.00028350
30  38  0.00031696
31  38  0.00035164
32  38  0.00006898
33  38  0.00016846
34  38  0.00038908
35  38  0.00021309
36  38  0.00007918
37  38  0.00017936
38  38  0.00020524
39  38  0.00042279
40  38  0.00034614
41  38  0.00010800
42  38  0.00036909
43  38  0.00024628
44  38  0.00018874
45  38  0.00022140
46  38  0.00015789
47  38  0.00014846
48  38  0.00012170
49  38  0.00036423
50  38  0.00020233
51  38  0.00031026
52  38  0.00018746
53  38  0.00026237
54  38  0.00031692
55  38  0.00014782
56  38  0.00036328
57  38  0.00022166
58  38  0.00009071
59  38  0.00015515
60  38  0.00039630
61  38  0.00017913
62  38  0.00037893
63  38  0.00015991
0  39  0.00017205
1  39  0.00033662
2  39  0.00044132
3  39  0.00022657
4  39  0.00012450
5  39  0.00011424
6  39  0.00011873
7  39  0.00013495
8  39  0.00020860
9  39  0.00015448
10  39  0.00008050
11  39  0.00024071
12  39  0.00018053
13  39  0.00017764
14  39  0.00029607
15  39  0.00015339
16  39  0.00015684
17  39  0.00018961
18  39  0.00036843
19  39  0.00011305
20  39  0.00026444
21  39  0.00010431
22  39  0.00013065
23  39  0.00016281
24  39  0.00030160
25  39  0.00021388
26  39  0.00035705
27  39  0.00020986
28  39  0.00014692
29  39  0.00021625
30  39  0.00015295
31  39  0.00027370
32  39  0.00012868
33  39  0.00013153
34  39  0.00027815
35  39  0.00027257
36  39  0.00021198
37  39  0.00011259
38  39  0.00014829
39  39  0.00018659
40  39  0.00038756
41  39  0.00025758
42  39  0.00014956
43  39  0.00014987
44  39  0.00026259
45  39  0.00021972
46  39  0.00012300
47  39  0.00009498
48  39  0.00007739
49  39  0.00030887
50  39  0.00053723
51  39  0.00039356
52  39  0.00021699
53  39  0.00032380
54  39  0.00040814
55  39  0.00053775
56  39  0.00049412
57  39  0.00027541
58  39  0.00032187
59  39  0.00022627
60  39  0.00044672
61  39  0.00003618
62  39  0.00013607
63  39  0.00030375
0  40  0.00024098
1  40  0.00027394
2  40  0.00012711
3  40  0.00018032
4  40  0.00027462
5  40  0.00014129
6  40  0.00021505
7  40  0.00029028
8  40  0.00039886
9  40  0.00011164
10  40  0.00013211
11  40  0.00009956
12  40  0.00017464
13  40  0.00020520
14  40  0.00024906
15  40  0.00030208
16  40  0.00014796
17  40  0.00041333
18  40  0.00024036
19  40  0.00032882
20  40  0.00015557
21  40  0.00017492
22  40  0.00040921
23  40  0.00021314
24  40  0.00028835
25  40  0.00031539
26  40  0.00018465
27  40  0.00026064
28  40  0.00037810
29  40  0.00015123
30  40  0.00026159
31  40  0.00079868
32  40  0.00013236
33  40  0.00016047
34  40  0.00014725
35  40  0.00018129
36  40  0.00036786
37  40  0.00039535
38  40  0.00005896
39  40  0.00020583
40  40  0.00019065
41  40  0.00054385
42  40  0.00031678
43  40  0.00059214
44  40  0.00005271
45  40  0.00019942
46  40  0.00042691
47  40  0.00037351
48  40  0.00011445
49  40  0.00037883
50  40  0.00029686
51  40  0.00033413
52  40  0.00036091
53  40  0.00032000
54  40  0.00024157
55  40  0.00037261
56  40  0.00024570
57  40  0.00021990
58  40  0.00031661
59  40  0.00008944
60  40  0.00028677
61  40  0.00010070
62  40  0.00017656
63  40  0.00045809
0  41  0.00010630
1  41  0.00026772
2  41  0.00025911
3  41  0.00035371
4  41  0.00019595
5  41  0.00035456
6  41  0.00010707
7  41  0.00022580
8  41  0.00026134
9  41  0.00019345
10  41  0.00027007
11  41  0.00024834
12  41  0.00016136
13  41  0.00023477
14  41  0.00020360
15  41  0.00018653
16  41  0.00015193
17  41  0.00039217
18  41  0.00028071
19  41  0.00016337
20  41  0.00063174
21  41  0.00012334
22  41  0.00029272
23  41  0.00008572
24  41  0.00035662
25  41  0.00016052
26  41  0.00018571
27  41  0.00011642
28  41  0.00028163
29  41  0.00010680
30  41  0.00037087
31  41  0.00036326
32  41  0.00027296
33  41  0.00006992
34  41  0.00033036
35  41  0.00020874
36  41  0.00047050
37  41  0.00029387
38  41  0.00010768
39  41  0.00007711
40  41  0.00022119
41  41  0.00025005
42  41  0.00010612
43  41  0.00024748
44  41  0.00025451
45  41  0.00029170
46  41  0.00019456
47  41  0.00013850
48  41  0.00031657
49  41  0.00021816
50  41  0.00033451
51  41  0.00038478
52  41  0.00006059
53  41  0.00025056
54  41  0.00046671
55  41  0.00009291
56  41  0.00023056
57  41  0.00021069
58  41  0.00005957
59  41  0.00017755
60  41  0.00014138
61  41  0.00019512
62  41  0.00016520
63  41  0.00044672
0  42  0.00024736
1  42  0.00017405
2  42  0.00003375
3  42  0.00023095
4  42  0.00025813
5  42  0.00020921
6  42  0.00020796
7  42  0.00027242
8  42  0.00028928
9  42  0.00019842
10  42  0.00018418
11  42  0.00035566
12  42  0.00025307
13  42  0.00015338
14  42  0.00022666
15  42  0.00028855
16  42  0.00019187
17  42  0.00013311
18  42  0.00032885
19  42  0.00014895
20  42  0.00023649
21  42  0.00032234
22  42  0.00023016
23  42  0.00030038
24  42  0.00040056
25  42  0.00023005
26  42  0.00038156
27  42  0.00031110
28  42  0.00030069
29  42  0.00003757
30  42  0.00032300
31  42  0.00028273
32  42  0.00014448
33  42  0.00023728
34  42  0.00014825
35  42  0.00036981
36  42  0.00028537
37  42  0.00023457
38  42  0.00047235
39  42  0.00007110
40  42  0.00013989
41  42  0.00085012
42  42  0.00017072
43  42  0.00062963
44  42  0.00024396
45  42  0.00014868
46  42  0.00080683
47  42  0.00022347
48  42  0.00039263
49  42  0.00003412
50  42  0.00029726
51  42  0.00048553
52  42  0.00023512
53  42  0.00020317
54  42  0.00026205
55  42  0.00008994
56  42  0.00020955
57  42  0.00004606
58  42  0.00027239
59  42  0.00018514
60  42  0.00029585
61  42  0.00031925
62  42  0.00012286
63  42  0.00029888
0  43  0.00014658
1  43  0.00035112
2  43  0.00015458
3  43  0.00039387
4  43  0.00023567
5  43  0.00035299
6  43  0.00018927
7  43  0.00013104
8  43  0.00029524
9  43  0.00013242
10  43  0.00013543
11  43  0.00010266
12  43  0.00025707
13  43  0.00031812
14  43  0.00018643
15  43  0.00024457
16  43  0.00038539
17  43  0.00027818
18  43  0.00036327
19  43  0.00032797
20  43  0.00032554
21  43  0.00076229
22  43  0.00021832
23  43  0.00035813
24  43  0.00037258
25  43  0.00009961
26  43  0.00005993
27  43  0.00014496
28  43  0.00011150
29  43  0.00026290
30  43  0.00017068
31  43  0.00009818
32  43  0.00011805
33  43  0.00025891
34  43  0.00024678
35  43  0.00024437
36  43  0.00016878
37  43  0.00025557
38  43  0.00021254
39  43  0.00020697
40  43  0.00016488
41  43  0.00032286
42  43  0.00075316
43  43  0.00011288
44  43  0.00018212
45  43  0.00019498
46  43  0.00023558
47  43  0.00046581
48  43  0.00024712
49  43  0.00023283
50  43  0.00017635
51  43  0.00031397
52  43  0.00008028
53  43  0.00029633
54  43  0.00020889
55  43  0.00024473
56  43  0.00023632
57  43  0.00071770
58  43  0.00029774
59  43  0.00027474
60  43  0.00037029
61  43  0.00024431
62  43  0.00010407
63  43  0.00027728
0  44  0.00015872
1  44  0.00047049
2  44  0.00015961
3  44  0.00037782
4  44  0.00028882
5  44  0.00009662
6  44  0.00028941
7  44  0.00015143
8  44  0.00012385
9  44  0.00014568
10  44  0.00022510
11  44  0.00018015
12  44  0.00026555
13  44  0.00042558
14  44  0.00025422
15  44  0.00025167
16  44  0.00029072
17  44  0.00049673
18  44  0.00017937
19  44  0.00017500
20  44  0.00059102
21  44  0.00022547
22  44  0.00037728
23  44  0.00019874
24  44  0.00028278
25  44  0.00015582
26  44  0.00036650
27  44  0.00023685
28  44  0.00035845
29  44  0.00030952
30  44  0.00038344
31  44  0.00027558
32  44  0.00036698
33  44  0.00010503
34  44  0.00008176
35  44  0.00021729
36  44  0.00015691
37  44  0.00046889
38  44  0.00017912
39  44  0.00021265
40  44  0.00019596
41  44  0.00025798
42  44  0.00011196
43  44  0.00013505
44  44  0.00033751
45  44  0.00015999
46  44  0.00006802
47  44  0.00028038
48  44  0.00025999
49  44  0.00009062
50  44  0.00027241
51  44  0.00011130
52  44  0.00051119
53  44  0.00017672
54  44  0.00016682
55  44  0.00011209
56  44  0.00042659
57  44  0.00027625
58  44  0.00029665
59  44  0.00022842
60  44  0.00009047
61  44  0.00025566
62  44  0.00013357
63  44  0.00028339
0  45  0.00038612
1  45  0.00029005
2  45  0.00014445
3  45  0.00004382
4  45  0.00025823
5  45  0.00008840
6  45  0.00012118
7  45  0.00011131
8  45  0.00024159
9  45  0.00030759
10  45  0.00025138
11  45  0.00031582
12  45  0.00022785
13  45  0.00017081
14  45  0.00050620
15  45  0.00011056
16  45  0.00006525
17  45  0.00006698
18  45  0.00033258
19  45  0.00013383
20  45  0.00022631
21  45  0.00036337
22  45  0.00004872
23  45  0.00051282
24  45  0.00035110
25  45  0.00054786
26  45  0.00013486
27  45  0.00014352
28  45  0.00030129
29  45  0.00045372
30  45  0.00005842
31  45  0.00018536
32  45  0.00050949
33  45  0.00014399
34  45  0.00020067
35  45  0.00059269
36  45  0.00013130
37  45  0.00007846
38  45  0.00059827
39  45  0.00023109
40  45  0.00027330
41  45  0.00035960
42  45  0.00005585
43  45  0.00037134
44  45  0.00018234
45  45  0.00021132
46  45  0.00015834
47  45  0.00023220
48  45  0.00025085
49  45  0.00047338
50  45  0.00013185
51  45  0.00016738
52  45  0.00022816
53  45  0.00017000
54  45  0.00049850
55  45  0.00022201
56  45  0.00037080
57  45  0.00024553
58  45  0.00021750
59  45  0.00020822
60  45  0.00010749
61  45  0.00031241
62  45  0.00024157
63  45  0.00026251
0  46  0.00009742
1  46  0.00008593
2  46  0.00011747
3  46  0.00025704
4  46  0.00033362
5  46  0.00016549
6  46  0.00023578
7  46  0.00046616
8  46  0.00022080
9  46  0.00006035
10  46  0.00012244
11  46  0.00026860
12  46  0.00018196
13  46  0.00021915
14  46  0.00032775
15  46  0.00023311
16  46  0.00012403
17  46  0.00023083
18  46  0.00019913
19  46  0.00009300
20  46  0.00009924
21  46  0.00027231
22  46  0.00016438
23  46  0.00037664
24  46  0.00057544
25  46  0.00023324
26  46  0.00017145
27  46  0.00021061
28  46  0.00008396
29  46  0.00007909
30  46  0.00027410
31  46  0.00029270
32  46  0.00033566
33  46  0.00025601
34  46  0.00030353
35  46  0.00011239
36  46  0.00016524
37  46  0.00017483
38  46  0.00007311
39  46  0.00012415
40  46  0.00038656
41  46  0.00024033
42  46  0.00029034
43  46  0.00022800
44  46  0.00036430
45  46  0.00026640
46  46  0.00012086
47  46  0.00036291
48  46  0.00007435
49  46  0.00010382
50  46  0.00031357
51  46  0.00022143
52  46  0.00007932
53  46  0.00029236
54  46  0.00009203
55  46  0.00036830
56  46  0.00043609
57  46  0.00015551
58  46  0.00009504
59  46  0.00015210
60  46  0.00023772
61  46  0.00016810
62  46  0.00035323
63  46  0.00026772
0  47  0.00029800
1  47  0.00016614
2  47  0.00023346
3  47  0.00058524
4  47  0.00018173
5  47  0.00025916
6  47  0.00043862
7  47  0.00007425
8  47  0.00014220
9  47  0.00038034
10  47  0.00030353
11  47  0.00008827
12  47  0.00021877
13  47  0.00046868
14  47  0.00016234
15  47  0.00017207
16  47  0.00061574
17  47  0.00021161
18  47  0.00025115
19  47  0.00030835
20  47  0.00027129
21  47  0.00031178
22  47  0.00038236
23  47  0.00032550
24  47  0.00050404
25  47  0.00029337
26  47  0.00006818
27  47  0.00014947
28  47  0.00020715
29  47  0.00030021
30  47  0.00052663
31  47  0.00010809
32  47  0.00016191
33  47  0.00024838
34  47  0.00005635
35  47  0.00042456
36  47  0.00022234
37  47  0.00030591
38  47  0.00035687
39  47  0.00012528
40  47  0.00022492
41  47  0.00014041
42  47  0.00011169
43  47  0.00017148
44  47  0.00026286
45  47  0.00025548
46  47  0.00017392
47  47  0.00039186
48  47  0.00013996
49  47  0.00016847
50  47  0.00014479
51  47  0.00087579
52  47  0.00013868
53  47  0.00042616
54  47  0.00024353
55  47  0.00017385
56  47  0.00040521
57  47  0.00045144
58  47  0.00015598
59  47  0.00017494
60  47  0.00010940
61  47  0.00021336
62  47  0.00016082
63  47  0.00012917
0  48  0.00014312
1  48  0.00012754
2  48  0.00012808
3  48  0.00006246
4  48  0.00025551
5  48  0.00016387
6  48  0.00017511
7  48  0.00018226
8  48  0.00009824
9  48  0.00013896
10  48  0.00027176
11  48  0.00013010
12  48  0.00018056
13  48  0.00032540
14  48  0.00052107
15  48  0.00011484
16  48  0.00013475
17  48  0.00039635
18  48  0.00026120
19  48  0.00005754
20  48  0.00021965
21  48  0.00004331
22  48  0.00040863
23  48  0.00025952
24  48  0.00010803
25  48  0.00028436
26  48  0.00002933
27  48  0.00016388
28  48  0.00024357
29  48  0.00024205
30  48  0.00014065
31  48  0.00011232
32  48  0.00018743
33  48  0.00013804
34  48  0.00041872
35  48  0.00015863
36  48  0.00036335
37  48  0.00017027
38  48  0.00018350
39  48  0.00024709
40  48  0.00014969
41  48  0.00056240
42  48  0.00007604
43  48  0.00016055
44  48  0.00019029
45  48  0.00009679
46  48  0.00033742
47  48  0.00010426
48  48  0.00035131
49  48  0.00018682
50  48  0.00019283
51  48  0.00042619
52  48  0.00026854
53  48  0.00010608
54  48  0.00023705
55  48  0.00030273
56  48  0.00021493
57  48  0.00053489
58  48  0.00024742
59  48  0.00009312
60  48  0.00036167
61  48  0.00038879
62  48  0.00015017
63  48  0.00027434
0  49  0.00039353
1  49  0.00035288
2  49  0.00021863
3  49  0.00036752
4  49  0.00012595
5  49  0.00038686
6  49  0.00026833
7  49  0.00024590
8  49  0.00031414
9  49  0.00026854
10  49  0.00030717
11  49  0.00011432
12  49  0.00026871
13  49  0.00021834
14  49  0.00015192
15  49  0.00025735
16  49  0.00031443
17  49  0.00033330
18  49  0.00016386
19  49  0.00019900
20  49  0.00031270
21  49  0.00013684
22  49  0.00010702
23  49  0.00036904
24  49  0.00027545
25  49  0.00025503
26  49  0.00026475
27  49  0.00022180
28  49  0.00023984
29  49  0.00029537
30  49  0.00018115
31  49  0.00011244
32  49  0.00024749
33  49  0.00037082
34  49  0.00042165
35  49  0.00014168
36  49  0.00039287
37  49  0.00030418
38  49  0.00024619
39  49  0.00013355
40  49  0.00017900
41  49  0.00013635
42  49  0.00043480
43  49  0.00014794
44  49  0.00025675
45  49  0.00021250
46  49  0.00014393
47  49  0.00038623
48  49  0.00030827
49  49  0.00009894
50  49  0.00036091
51  49  0.00024735
52  49  0.00029561
53  49  0.00017973
54  49  0.00009460
55  49  0.00029115
56  49  0.00037997
57  49  0.00017992
58  49  0.00022358
59  49  0.00021162
60  49  0.00020267
61  49  0.00034011
62  49  0.00016596
63  49  0.00015156
0  50  0.00011737
1  50  0.00029561
2  50  0.00019486
3  50  0.00012160
4  50  0.00017023
5  50  0.00028493
6  50  0.00035648
7  50  0.00028747
8  50  0.00011665
9  50  0.00061042
10  50  0.00021408
11  50  0.00044889
12  50  0.00029547
13  50  0.00013561
14  50  0.00013431
15  50  0.00016522
16  50  0.00024920
17  50  0.00043727
18  50  0.00016149
19  50  0.00014259
20  50  0.00021981
21  50  0.00031984
22  50  0.00011571
23  50  0.00008861
24  50  0.00031407
25  50  0.00030950
26  50  0.00025974
27  50  0.00018385
28  50  0.00041944
29  50  0.00032796
30  50  0.00052729
31  50  0.00038148
32  50  0.00022617
33  50  0.00031053
34  50  0.00016045
35  50  0.00022159
36  50  0.00026637
37  50  0.00041294
38  50  0.00015901
39  50  0.00035021
40  50  0.00027069
41  50  0.00011555
42  50  0.00031762
43  50  0.00042470
44  50  0.00030695
45  50  0.00006610
46  50  0.00027050
47  50  0.00026648
48  50  0.00018376
49  50  0.00035281
50  50  0.00021685
51  50  0.00036679
52  50  0.00036121
53  50  0.00003408
54  50  0.00011225
55  50  0.00019115
56  50  0.00028787
57  50  0.00019161
58  50  0.00020720
59  50  0.00011688
60  50  0.00019717
61  50  0.00011726
62  50  0.00010328
63  50  0.00009895
0  51  0.00021052
1  51  0.00011344
2  51  0.00047422
3  51  0.00012603
4  51  0.00032357
5  51  0.00024725
6  51  0.00010944
7  51  0.00028411
8  51  0.00014990
9  51  0.00013166
10  51  0.00046097
11  51  0.00014086
12  51  0.00028230
13  51  0.00029709
14  51  0.00017632
15  51  0.00015849
16  51  0.00035617
17  51  0.00022842
18  51  0.00024084
19  51  0.00053058
20  51  0.00022347
21  51  0.00030208
22  51  0.00054504
23  51  0.00013500
24  51  0.00033512
25  51  0.00017938
26  51  0.00040980
27  51  0.00041079
28  51  0.00015497
29  51  0.00015965
30  51  0.00029203
31  51  0.00023130
32  51  0.00013125
33  51  0.00023586
34  51  0.00016905
35  51  0.00040177
36  51  0.00025317
37  51  0.00024504
38  51  0.00015676
39  51  0.00023058
40  51  0.00029349
41  51  0.00026231
42  51  0.00020835
43  51  0.00040106
44  51  0.00020189
45  51  0.00045547
46  51  0.00047284
47  51  0.00016491
48  51  0.00072001
49  51  0.00016236
50  51  0.00011864
51  51  0.00026915
52  51  0.00027385
53  51  0.00018776
54  51  0.00017339
55  51  0.00024604
56  51  0.00025045
57  51  0.00025854
58  51  0.00024360
59  51  0.00032518
60  51  0.00040997
61  51  0.00033116
62  51  0.00017747
63  51  0.00011546
0  52  0.00018396
1  52  0.00011157
2  52  0.00011970
3  52  0.00040409
4  52  0.00009552
5  52  0.00045751
6  52  0.00038989
7  52  0.00007462
8  52  0.00015485
9  52  0.00027953
10  52  0.00027933
11  52  0.00010544
12  52  0.00028504
13  52  0.00009094
14  52  0.00021355
15  52  0.00024689
16  52  0.00012367
17  52  0.00028129
18  52  0.00020984
19  52  0.00026551
20  52  0.00030545
21  52  0.00020517
22  52  0.00031679
23  52  0.00006868
24  52  0.00028510
25  52  0.00021111
26  52  0.00023844
27  52  0.00007903
28  52  0.00020533
29  52  0.00030970
30  52  0.00021033
31  52  0.00017059
32  52  0.00077637
33  52  0.00046836
34  52  0.00005653
35  52  0.00003073
36  52  0.00029879
37  52  0.00023591
38  52  0.00019914
39  52  0.00016620
40  52  0.00028120
41  52  0.00036745
42  52  0.00027835
43  52  0.00034548
44  52  0.00020783
45  52  0.00052547
46  52  0.00006850
47  52  0.00007666
48  52  0.00019765
49  52  0.00013696
50  52  0.00021085
51  52  0.00008265
52  52  0.00028538
53  52  0.00012095
54  52  0.00007217
55  52  0.00020461
56  52  0.00017448
57  52  0.00011780
58  52  0.00021010
59  52  0.00028575
60  52  0.00012275
61  52  0.00020011
62  52  0.00021107
63  52  0.00007187
0  53  0.00014332
1  53  0.00018413
2  53  0.00021315
3  53  0.00033099
4  53  0.00014782
5  53  0.00022920
6  53  0.00025591
7  53  0.00014634
8  53  0.00018115
9  53  0.00026010
10  53  0.00014408
11  53  0.00020488
12  53  0.00025117
13  53  0.00011115
14  53  0.00026948
15  53  0.00053466
16  53  0.00013589
17  53  0.00021461
18  53  0.00014917
19  53  0.00038686
20  53  0.00029435
21  53  0.00057322
22  53  0.00013703
23  53  0.00028378
24  53  0.00019118
25  53  0.00005219
26  53  0.00019125
27  53  0.00008730
28  53  0.00024139
29  53  0.00017928
30  53  0.00015154
31  53  0.00016046
32  53  0.00023197
33  53  0.00012776
34  53  0.00020193
35  53  0.00035470
36  53  0.00021255
37  53  0.00025328
38  53  0.00026049
39  53  0.00017987
40  53  0.00014106
41  53  0.00013321
42  53  0.00032962
43  53  0.00019323
44  53  0.00026897
45  53  0.00044317
46  53  0.00015440
47  53  0.00039336
48  53  0.00020824
49  53  0.00034419
50  53  0.00016373
51  53  0.00012460
52  53  0.00007851
53  53  0.00007137
54  53  0.00015499
55  53  0.00020339
56  53  0.00032863
57  53  0.00021776
58  53  0.00029132
59  53  0.00031098
60  53  0.00026543
61  53  0.00022734
62  53  0.00034345
63  53  0.00008972
0  54  0.00016456
1  54  0.00023667
2  54  0.00023691
3  54  0.00023964
4  54  0.00023530
5  54  0.00032263
6  54  0.00022471
7  54  0.00015222
8  54  0.00030949
9  54  0.00032428
10  54  0.00017262
11  54  0.00023406
12  54  0.00038318
13  54  0.00023522
14  54  0.00018616
15  54  0.00014613
16  54  0.00020228
17  54  0.00016906
18  54  0.00021199
19  54  0.00017571
20  54  0.00020074
21  54  0.00019607
22  54  0.00022131
23  54  0.00015642
24  54  0.00016253
25  54  0.00016469
26  54  0.00038712
27  54  0.00027217
28  54  0.00014854
29  54  0.00013276
30  54  0.00034575
31  54  0.00017791
32  54  0.00012803
33  54  0.00024236
34  54  0.00030152
35  54  0.00022299
36  54  0.00013924
37  54  0.00016137
38  54  0.00022230
39  54  0.00010766
40  54  0.00017814
41  54  0.00028930
42  54  0.00020243
43  54  0.00012530
44  54  0.00017199
45  54  0.00017623
46  54  0.00031015
47  54  0.00018208
48  54  0.00027237
49  54  0.00020241
50  54  0.00036999
51  54  0.00023776
52  54  0.00023192
53  54  0.00028308
54  54  0.00036160
55  54  0.00029849
56  54  0.00041567
57  54  0.00034031
58  54  0.00021832
59  54  0.00010347
60  54  0.00027856
61  54  0.00016808
62  54  0.00022109
63  54  0.00014068
0  55  0.00018493
1  55  0.00032641
2  55  0.00016814
3  55  0.00022445
4  55  0.00027381
5  55  0.00033922
6  55  0.00026268
7  55  0.00009719
8  55  0.00008891
9  55  0.00018011
10  55  0.00017015
11  55  0.00021390
12  55  0.00024193
13  55  0.00024220
14  55  0.00016992
15  55  0.00008816
16  55  0.00017745
17  55  0.00012934
18  55  0.00016733
19  55  0.00017238
20  55  0.00018371
21  55  0.00013010
22  55  0.00023976
23  55  0.00043254
24  55  0.00016483
25  55  0.00026959
26  55  0.00062492
27  55  0.00012695
28  55  0.00028519
29  55  0.00028857
30  55  0.00015451
31  55  0.00030030
32  55  0.00027556
33  55  0.00013756
34  55  0.00015466
35  55  0.00014353
36  55  0.00016078
37  55  0.00017196
38  55  0.00029886
39  55  0.00023662
40  55  0.00024123
41  55  0.00015940
42  55  0.00024262
43  55  0.00004792
44  55  0.00051091
45  55  0.00014517
46  55  0.00014625
47  55  0.00023941
48  55  0.00032050
49  55  0.00015658
50  55  0.00019556
51  55  0.00007643
52  55  0.00019762
53  55  0.00025481
54  55  0.00026018
55  55  0.00034113
56  55  0.00003426
57  55  0.00020319
58  55  0.00027711
59  55  0.00016985
60  55  0.00028843
61  55  0.00011061
62  55  0.00036641
63  55  0.00016571
0  56  0.00026577
1  56  0.00021251
2  56  0.00054387
3  56  0.00024915
4  56  0.00029712
5  56  0.00031877
6  56  0.00035166
7  56  0.00038970
8  56  0.00010145
9  56  0.00015646
10  56  0.00022998
11  56  0.00024273
12  56  0.00034237
13  56  0.00023309
14  56  0.00027640
15  56  0.00007026
16  56  0.00007710
17  56  0.00024380
18  56  0.00023468
19  56  0.00029148
20  56  0.00010419
21  56  0.00043317
22  56  0.00010608
23  56  0.00041371
24  56  0.00013542
25  56  0.00020360
26  56  0.00009894
27  56  0.00028196
28  56  0.00025328
29  56  0.00065331
30  56  0.00013739
31  56  0.00048242
32  56  0.00021322
33  56  0.00010401
34  56  0.00023319
35  56  0.00021779
36  56  0.00007321
37  56  0.00030800
38  56  0.00046267
39  56  0.00013182
40  56  0.00041519
41  56  0.00024447
42  56  0.00008875
43  56  0.00028293
44  56  0.00021610
45  56  0.00034615
46  56  0.00042117
47  56  0.00015092
48  56  0.00014109
49  56  0.00027367
50  56  0.00024361
51  56  0.00030976
52  56  0.00019365
53  56  0.00052601
54  56  0.00034925
55  56  0.00031210
56  56  0.00024157
57  56  0.00004042
58  56  0.00013752
59  56  0.00020751
60  56  0.00037393
61  56  0.00051204
62  56  0.00036879
63  56  0.00025947
0  57  0.00015230
1  57  0.00030014
2  57  0.00019532
3  57  0.00029175
4  57  0.00015380
5  57  0.00018850
6  57  0.00032308
7  57  0.00015001
8  57  0.00012928
9  57  0.00019741
10  57  0.00015960
11  57  0.00027565
12  57  0.00009657
13  57  0.00016184
14  57  0.00004992
15  57  0.00020497
16  57  0.00042031
17  57  0.00023602
18  57  0.00030263
19  57  0.00017057
20  57  0.00044660
21  57  0.00017075
22  57  0.00012318
23  57  0.00019800
24  57  0.00048201
25  57  0.00034873
26  57  0.00042813
27  57  0.00016776
28  57  0.00059830
29  57  0.00041219
30  57  0.00007327
31  57  0.00011264
32  57  0.00029969
33  57  0.00017943
34  57  0.00031458
35  57  0.00018200
36  57  0.00036369
37  57  0.00024397
38  57  0.00026182
39  57  0.00030731
40  57  0.00016332
41  57  0.00014185
42  57  0.00059578
43  57  0.00023596
44  57  0.00005519
45  57  0.00037984
46  57  0.00016236
47  57  0.00029022
48  57  0.00030740
49  57  0.00048091
50  57  0.00033061
51  57  0.00035142
52  57  0.00033152
53  57  0.00027556
54  57  0.00016821
55  57  0.00013602
56  57  0.00005890
57  57  0.00033841
58  57  0.00025817
59  57  0.00029774
60  57  0.00035920
61  57  0.00018797
62  57  0.00022363
63  57  0.00024532
0  58  0.00012765
1  58  0.00014797
2  58  0.00019354
3  58  0.00040154
4  58  0.00028607
5  58  0.00017958
6  58  0.00020035
7  58  0.00050564
8  58  0.00027162
9  58  0.00033495
10  58  0.00037602
11  58  0.00016568
12  58  0.00020600
13  58  0.00025663
14  58  0.00031536
15  58  0.00020363
16  58  0.00059178
17  58  0.00032019
18  58  0.00022534
19  58  0.00012430
20  58  0.00044985
21  58  0.00040279
22  58  0.00031064
23  58  0.00021389
24  58  0.00027199
25  58  0.00028378
26  58  0.00010173
27  58  0.00060470
28  58  0.00014070
29  58  0.00031776
30  58  0.00015627
31  58  0.00018526
32  58  0.00009870
33  58  0.00007749
34  58  0.00014857
35  58  0.00037306
36  58  0.00017826
37  58  0.00048537
38  58  0.00005098
39  58  0.00023730
40  58  0.00016006
41  58  0.00015442
42  58  0.00028745
43  58  0.00020033
44  58  0.00014011
45  58  0.00016513
46  58  0.00035931
47  58  0.00024978
48  58  0.00019345
49  58  0.00024900
50  58  0.00037385
51  58  0.00017526
52  58  0.00015796
53  58  0.00015811
54  58  0.00007974
55  58  0.00052309
56  58  0.00060882
57  58  0.00016327
58  58  0.00041807
59  58  0.00017614
60  58  0.00015773
61  58  0.00028961
62  58  0.00025573
63  58  0.00014450
0  59  0.00013167
1  59  0.00022753
2  59  0.00023938
3  59  0.00020147
4  59  0.00019382
5  59  0.00012396
6  59  0.00013314
7  59  0.00020604
8  59  0.00022659
9  59  0.00030970
10  59  0.00036059
11  59  0.00041340
12  59  0.00021302
13  59  0.00019944
14  59  0.00018557
15  59  0.00006032
16  59  0.00009876
17  59  0.00047788
18  59  0.00044547
19  59  0.00021261
20  59  0.00018534
21  59  0.00016908
22  59  0.00010581
23  59  0.00049503
24  59  0.00012766
25  59  0.00040357
26  59  0.00006289
27  59  0.00017627
28  59  0.00046338
29  59  0.00032143
30  59  0.00019089
31  59  0.00004233
32  59  0.00025484
33  59  0.00012609
34  59  0.00006336
35  59  0.00039840
36  59  0.00026692
37  59  0.00059621
38  59  0.00010856
39  59  0.00010442
40  59  0.00036167
41  59  0.00008464
42  59  0.00014277
43  59  0.00025605
44  59  0.00018250
45  59  0.00012745
46  59  0.00020213
47  59  0.00030380
48  59  0.00036300
49  59  0.00036949
50  59  0.00005532
51  59  0.00040036
52  59  0.00009727
53  59  0.00014175
54  59  0.00014146
55  59  0.00028556
56  59  0.00018377
57  59  0.00021542
58  59  0.00034094
59  59  0.00044679
60  59  0.00006888
61  59  0.00028219
62  59  0.00016081
63  59  0.00012319
0  60  0.00011220
1  60  0.00027741
2  60  0.00030055
3  60  0.00049126
4  60  0.00010773
5  60  0.00027659
6  60  0.00012047
7  60  0.00016096
8  60  0.00018609
9  60  0.00041076
10  60  0.00010625
11  60  0.00013120
12  60  0.00040257
13  60  0.00019091
14  60  0.00012312
15  60  0.00021568
16  60  0.00010189
17  60  0.00026757
18  60  0.00017834
19  60  0.00040270
20  60  0.00021622
21  60  0.00020796
22  60  0.00034977
23  60  0.00021911
24  60  0.00022856
25  60  0.00017654
26  60  0.00018523
27  60  0.00034136
28  60  0.00013438
29  60  0.00030441
30  60  0.00023501
31  60  0.00041159
32  60  0.00019964
33  60  0.00055060
34  60  0.00031054
35  60  0.00063173
36  60  0.00022266
37  60  0.00025312
38  60  0.00019527
39  60  0.00034598
40  60  0.00019451
41  60  0.00041349
42  60  0.00011575
43  60  0.00053669
44  60  0.00022336
45  60  0.00037782
46  60  0.00053038
47  60  0.00017514
48  60  0.00022601
49  60  0.00020199
50  60  0.00050682
51  60  0.00005686
52  60  0.00043632
53  60  0.00013763
54  60  0.00015363
55  60  0.00050005
56  60  0.00011545
57  60  0.00028141
58  60  0.00037952
59  60  0.00028991
60  60  0.00013641
61  60  0.00023512
62  60  0.00045692
63  60  0.00022437
0  61  0.00007899
1  61  0.00027632
2  61  0.00016614
3  61  0.00024989
4  61  0.00009194
5  61  0.00013090
6  61  0.00018871
7  61  0.00009660
8  61  0.00018941
9  61  0.00035489
10  61  0.00021630
11  61  0.00037184
12  61  0.00010224
13  61  0.00008857
14  61  0.00029229
15  61  0.00028727
16  61  0.00042067
17  61  0.00071017
18  61  0.00034283
19  61  0.00006358
20  61  0.00028172
21  61  0.00013485
22  61  0.00029007
23  61  0.00012420
24  61  0.00065142
25  61  0.00055117
26  61  0.00056848
27  61  0.00036944
28  61  0.00008147
29  61  0.00025620
30  61  0.00018402
31  61  0.00006535
32  61  0.00036800
33  61  0.00030857
34  61  0.00035478
35  61  0.00008240
36  61  0.00016590
37  61  0.00032488
38  61  0.00040003
39  61  0.00035860
40  61  0.00008489
41  61  0.00015118
42  61  0.00030450
43  61  0.00045098
44  61  0.00011710
45  61  0.00009926
46  61  0.00024382
47  61  0.00014057
48  61  0.00038734
49  61  0.00018595
50  61  0.00016347
51  61  0.00006945
52  61  0.00007111
53  61  0.00024918
54  61  0.00045896
55  61  0.00016833
56  61  0.00022195
57  61  0.00014570
58  61  0.00017286
59  61  0.00005966
60  61  0.00012346
61  61  0.00009888
62  61  0.00015426
63  61  0.00015563
0  62  0.00019073
1  62  0.00043620
2  62  0.00009436
3  62  0.00037787
4  62  0.00020151
5  62  0.00010999
6  62  0.00040595
7  62  0.00020909
8  62  0.00043534
9  62  0.00025898
10  62  0.00024497
11  62  0.00014824
12  62  0.00035970
13  62  0.00010878
14  62  0.00009481
15  62  0.00008823
16  62  0.00013777
17  62  0.00060110
18  62  0.00053774
19  62  0.00012231
20  62  0.00055609
21  62  0.00011916
22  62  0.00020582
23  62  0.00011043
24  62  0.00018513
25  62  0.00040673
26  62  0.00020467
27  62  0.00013231
28  62  0.00010476
29  62  0.00020425
30  62  0.00014838
31  62  0.00029712
32  62  0.00010369
33  62  0.00027840
34  62  0.00040605
35  62  0.00018052
36  62  0.00055669
37  62  0.00035789
38  62  0.00048742
39  62  0.00015913
40  62  0.00026645
41  62  0.00030851
42  62  0.00026747
43  62  0.00023236
44  62  0.00020394
45  62  0.00043423
46  62  0.00039738
47  62  0.00037294
48  62  0.00027459
49  62  0.00022033
50  62  0.00024656
51  62  0.00009831
52  62  0.00005669
53  62  0.00035473
54  62  0.00016781
55  62  0.00036971
56  62  0.00037891
57  62  0.00020553
58  62  0.00018125
59  62  0.00018729
60  62  0.00019175
61  62  0.00015883
62  62  0.00024604
63  62  0.00010889
0  63  0.00014694
1  63  0.00042320
2  63  0.00015731
3  63  0.00041084
4  63  0.00020485
5  63  0.00021599
6  63  0.00027531
7  63  0.00026090
8  63  0.00020673
9  63  0.00044153
10  63  0.00017390
11  63  0.00028955
12  63  0.00036598
13  63  0.00016341
14  63  0.00016369
15  63  0.00013946
16  63  0.00028206
17  63  0.00034850
18  63  0.00052296
19  63  0.00009852
20  63  0.00032620
21  63  0.00016064
22  63  0.00016091
23  63  0.00018699
24  63  0.00047595
25  63  0.00014385
26  63  0.00020190
27  63  0.00028902
28  63  0.00030699
29  63  0.00018923
30  63  0.00042259
31  63  0.00035811
32  63  0.00015377
33  63  0.00028698
34  63  0.00007381
35  63  0.00009341
36  63  0.00038312
37  63  0.00036467
38  63  0.00022365
39  63  0.00030838
40  63  0.00010285
41  63  0.00022155
42  63  0.00040241
43  63  0.00032769
44  63  0.00031109
45  63  0.00029124
46  63  0.00027125
47  63  0.00016403
48  63  0.00017871
49  63  0.00018210
50  63  0.00035863
51  63  0.00033729
52  63  0.00022996
53  63  0.00052536
54  63  0.00014625
55  63  0.00019752
56  63  0.00023758
57  63  0.00025448
58  63  0.00029920
59  63  0.00013446
60  63  0.00018796
61  63  0.00039309
62  63  0.00022924
63  63  0.00041779
