# Spinor density |Psi|^2 at t = 60 seconds
# Grid: 64 x 64
# Columns: x  y  density
0  0  0.00018550
1  0  0.00017559
2  0  0.00040936
3  0  0.00017676
4  0  0.00007593
5  0  0.00034664
6  0  0.00007461
7  0  0.00026170
8  0  0.00030803
9  0  0.00031307
10  0  0.00019687
11  0  0.00028641
12  0  0.00028964
13  0  0.00040244
14  0  0.00023504
15  0  0.00032432
16  0  0.00021175
17  0  0.00042436
18  0  0.00016891
19  0  0.00008762
20  0  0.00038298
21  0  0.00013264
22  0  0.00024090
23  0  0.00024409
24  0  0.00011811
25  0  0.00023220
26  0  0.00028865
27  0  0.00046075
28  0  0.00040799
29  0  0.00022995
30  0  0.00048745
31  0  0.00045789
32  0  0.00014843
33  0  0.00023935
34  0  0.00020110
35  0  0.00046553
36  0  0.00033025
37  0  0.00015563
38  0  0.00008807
39  0  0.00058602
40  0  0.00052479
41  0  0.00027729
42  0  0.00024952
43  0  0.00060793
44  0  0.00037014
45  0  0.00014981
46  0  0.00025348
47  0  0.00024287
48  0  0.00055597
49  0  0.00013870
50  0  0.00048480
51  0  0.00006156
52  0  0.00013572
53  0  0.00019682
54  0  0.00018350
55  0  0.00012003
56  0  0.00012381
57  0  0.00018613
58  0  0.00016043
59  0  0.00042876
60  0  0.00027215
61  0  0.00036427
62  0  0.00035625
63  0  0.00049890
0  1  0.00003326
1  1  0.00024099
2  1  0.00078275
3  1  0.00037854
4  1  0.00028346
5  1  0.00021963
6  1  0.00030900
7  1  0.00015088
8  1  0.00004191
9  1  0.00026549
10  1  0.00018492
11  1  0.00029248
12  1  0.00013100
13  1  0.00020275
14  1  0.00012269
15  1  0.00031880
16  1  0.00023593
17  1  0.00035624
18  1  0.00026891
19  1  0.00032027
20  1  0.00017031
21  1  0.00023466
22  1  0.00018255
23  1  0.00022608
24  1  0.00026876
25  1  0.00025217
26  1  0.00023858
27  1  0.00018895
28  1  0.00029475
29  1  0.00013421
30  1  0.00009484
31  1  0.00041777
32  1  0.00026624
33  1  0.00027999
34  1  0.00021456
35  1  0.00013362
36  1  0.00021769
37  1  0.00024662
38  1  0.00027834
39  1  0.00032144
40  1  0.00010168
41  1  0.00039062
42  1  0.00018557
43  1  0.00047056
44  1  0.00010044
45  1  0.00028694
46  1  0.00027560
47  1  0.00029558
48  1  0.00014337
49  1  0.00025937
50  1  0.00015034
51  1  0.00021341
52  1  0.00016485
53  1  0.00009758
54  1  0.00030000
55  1  0.00008460
56  1  0.00017604
57  1  0.00016717
58  1  0.00030915
59  1  0.00043176
60  1  0.00003236
61  1  0.00030528
62  1  0.00014490
63  1  0.00029319
0  2  0.00025862
1  2  0.00038841
2  2  0.00028320
3  2  0.00019107
4  2  0.00022532
5  2  0.00029887
6  2  0.00028024
7  2  0.00012521
8  2  0.00029415
9  2  0.00021666
10  2  0.00042611
11  2  0.00038550
12  2  0.00032945
13  2  0.00013916
14  2  0.00025959
15  2  0.00024885
16  2  0.00033121
17  2  0.00031583
18  2  0.00046643
19  2  0.00025992
20  2  0.00022893
21  2  0.00012733
22  2  0.00015044
23  2  0.00025112
24  2  0.00020793
25  2  0.00018296
26  2  0.00022495
27  2  0.00027290
28  2  0.00017946
29  2  0.00053957
30  2  0.00019741
31  2  0.00034688
32  2  0.00020246
33  2  0.00016141
34  2  0.00019273
35  2  0.00021800
36  2  0.00015252
37  2  0.00007850
38  2  0.00034374
39  2  0.00023281
40  2  0.00028300
41  2  0.00033153
42  2  0.00013212
43  2  0.00016950
44  2  0.00026407
45  2  0.00042113
46  2  0.00033668
47  2  0.00025087
48  2  0.00011892
49  2  0.00016493
50  2  0.00024056
51  2  0.00018127
52  2  0.00010323
53  2  0.00006753
54  2  0.00010825
55  2  0.00012916
56  2  0.00012595
57  2  0.00028593
58  2  0.00015982
59  2  0.00021527
60  2  0.00015046
61  2  0.00062653
62  2  0.00040481
63  2  0.00026022
0  3  0.00004466
1  3  0.00022555
2  3  0.00031281
3  3  0.00018488
4  3  0.00027187
5  3  0.00045663
6  3  0.00019019
7  3  0.00023868
8  3  0.00024309
9  3  0.00021349
10  3  0.00047001
11  3  0.00038181
12  3  0.00023101
13  3  0.00020805
14  3  0.00036504
15  3  0.00028807
16  3  0.00017748
17  3  0.00030968
18  3  0.00016281
19  3  0.00020553
20  3  0.00015196
21  3  0.00030139
22  3  0.00018714
23  3  0.00015017
24  3  0.00031045
25  3  0.00037190
26  3  0.00020459
27  3  0.00035201
28  3  0.00006214
29  3  0.00025572
30  3  0.00020005
31  3  0.00023349
32  3  0.00025237
33  3  0.00010725
34  3  0.00029232
35  3  0.00047171
36  3  0.00040539
37  3  0.00024590
38  3  0.00010370
39  3  0.00031157
40  3  0.00038064
41  3  0.00021916
42  3  0.00022792
43  3  0.00042533
44  3  0.00026403
45  3  0.00012842
46  3  0.00015025
47  3  0.00031702
48  3  0.00017767
49  3  0.00019348
50  3  0.00016381
51  3  0.00026110
52  3  0.00023027
53  3  0.00024719
54  3  0.00016168
55  3  0.00022994
56  3  0.00014536
57  3  0.00043821
58  3  0.00029088
59  3  0.00011497
60  3  0.00014543
61  3  0.00017337
62  3  0.00015071
63  3  0.00033879
0  4  0.00008933
1  4  0.00038534
2  4  0.00028252
3  4  0.00028167
4  4  0.00015773
5  4  0.00058604
6  4  0.00022878
7  4  0.00019036
8  4  0.00038745
9  4  0.00023558
10  4  0.00020337
11  4  0.00022693
12  4  0.00026779
13  4  0.00014559
14  4  0.00023157
15  4  0.00013369
16  4  0.00032058
17  4  0.00020217
18  4  0.00034351
19  4  0.00035205
20  4  0.00017758
21  4  0.00042642
22  4  0.00028896
23  4  0.00042421
24  4  0.00032374
25  4  0.00019386
26  4  0.00028755
27  4  0.00006888
28  4  0.00021731
29  4  0.00022694
30  4  0.00022237
31  4  0.00023294
32  4  0.00060757
33  4  0.00022624
34  4  0.00030810
35  4  0.00015315
36  4  0.00028066
37  4  0.00020850
38  4  0.00009376
39  4  0.00016568
40  4  0.00017110
41  4  0.00028651
42  4  0.00015444
43  4  0.00009639
44  4  0.00044242
45  4  0.00036242
46  4  0.00007878
47  4  0.00036788
48  4  0.00016849
49  4  0.00034767
50  4  0.00027999
51  4  0.00012989
52  4  0.00018257
53  4  0.00024241
54  4  0.00019563
55  4  0.00033463
56  4  0.00021453
57  4  0.00013196
58  4  0.00022265
59  4  0.00010572
60  4  0.00016282
61  4  0.00011433
62  4  0.00048098
63  4  0.00032470
0  5  0.00026509
1  5  0.00028793
2  5  0.00022222
3  5  0.00009779
4  5  0.00016641
5  5  0.00011720
6  5  0.00011689
7  5  0.00019994
8  5  0.00012397
9  5  0.00037810
10  5  0.00030313
11  5  0.00026109
12  5  0.00023306
13  5  0.00008665
14  5  0.00043877
15  5  0.00035348
16  5  0.00014957
17  5  0.00016317
18  5  0.00041984
19  5  0.00025775
20  5  0.00036471
21  5  0.00014370
22  5  0.00016924
23  5  0.00052251
24  5  0.00019109
25  5  0.00016715
26  5  0.00011292
27  5  0.00021491
28  5  0.00016872
29  5  0.00005477
30  5  0.00010316
31  5  0.00039779
32  5  0.00018048
33  5  0.00025125
34  5  0.00041202
35  5  0.00013490
36  5  0.00064964
37  5  0.00034419
38  5  0.00015824
39  5  0.00013370
40  5  0.00024109
41  5  0.00024639
42  5  0.00029268
43  5  0.00032132
44  5  0.00011645
45  5  0.00018253
46  5  0.00012723
47  5  0.00038314
48  5  0.00031654
49  5  0.00040267
50  5  0.00020779
51  5  0.00020933
52  5  0.00020400
53  5  0.00031148
54  5  0.00037707
55  5  0.00032958
56  5  0.00010674
57  5  0.00008202
58  5  0.00010951
59  5  0.00022192
60  5  0.00029633
61  5  0.00022884
62  5  0.00029367
63  5  0.00025443
0  6  0.00018967
1  6  0.00008303
2  6  0.00015146
3  6  0.00010514
4  6  0.00021856
5  6  0.00028384
6  6  0.00015698
7  6  0.00020295
8  6  0.00013059
9  6  0.00027351
10  6  0.00015229
11  6  0.00028286
12  6  0.00015415
13  6  0.00018655
14  6  0.00017559
15  6  0.00012425
16  6  0.00034315
17  6  0.00034090
18  6  0.00026999
19  6  0.00015068
20  6  0.00038455
21  6  0.00021598
22  6  0.00020579
23  6  0.00037348
24  6  0.00009132
25  6  0.00057097
26  6  0.00016367
27  6  0.00052520
28  6  0.00020648
29  6  0.00018843
30  6  0.00021777
31  6  0.00034567
32  6  0.00032571
33  6  0.00011236
34  6  0.00035807
35  6  0.00025717
36  6  0.00041269
37  6  0.00015341
38  6  0.00017754
39  6  0.00038933
40  6  0.00040500
41  6  0.00011490
42  6  0.00027724
43  6  0.00016962
44  6  0.00005037
45  6  0.00030302
46  6  0.00022363
47  6  0.00022098
48  6  0.00019277
49  6  0.00031903
50  6  0.00022758
51  6  0.00038553
52  6  0.00016117
53  6  0.00018163
54  6  0.00034401
55  6  0.00012224
56  6  0.00022695
57  6  0.00026010
58  6  0.00017988
59  6  0.00024396
60  6  0.00022317
61  6  0.00009215
62  6  0.00018507
63  6  0.00027317
0  7  0.00025862
1  7  0.00058937
2  7  0.00004385
3  7  0.00020312
4  7  0.00037042
5  7  0.00040522
6  7  0.00026713
7  7  0.00020608
8  7  0.00026778
9  7  0.00023183
10  7  0.00017462
11  7  0.00016418
12  7  0.00017579
13  7  0.00020618
14  7  0.00005955
15  7  0.00021129
16  7  0.00040810
17  7  0.00023521
18  7  0.00008636
19  7  0.00017242
20  7  0.00018685
21  7  0.00025903
22  7  0.00012775
23  7  0.00017623
24  7  0.00042418
25  7  0.00025127
26  7  0.00022411
27  7  0.00033812
28  7  0.00016761
29  7  0.00005192
30  7  0.00028274
31  7  0.00026599
32  7  0.00015591
33  7  0.00028078
34  7  0.00028955
35  7  0.00044785
36  7  0.00026058
37  7  0.00019843
38  7  0.00018506
39  7  0.00039085
40  7  0.00006530
41  7  0.00021006
42  7  0.00031722
43  7  0.00027439
44  7  0.00013329
45  7  0.00024721
46  7  0.00017585
47  7  0.00028727
48  7  0.00022521
49  7  0.00029852
50  7  0.00021809
51  7  0.00012475
52  7  0.00012878
53  7  0.00026207
54  7  0.00041276
55  7  0.00026123
56  7  0.00009166
57  7  0.00021786
58  7  0.00020411
59  7  0.00021991
60  7  0.00003042
61  7  0.00012228
62  7  0.00018882
63  7  0.00024366
0  8  0.00032136
1  8  0.00039714
2  8  0.00019236
3  8  0.00017242
4  8  0.00010357
5  8  0.00017849
6  8  0.00017101
7  8  0.00011151
8  8  0.00026101
9  8  0.00033960
10  8  0.00020068
11  8  0.00016743
12  8  0.00053198
13  8  0.00042235
14  8  0.00010027
15  8  0.00056801
16  8  0.00011677
17  8  0.00008722
18  8  0.00022697
19  8  0.00019506
20  8  0.00019248
21  8  0.00010098
22  8  0.00032548
23  8  0.00015344
24  8  0.00019149
25  8  0.00021918
26  8  0.00024613
27  8  0.00030896
28  8  0.00011726
29  8  0.00025905
30  8  0.00006269
31  8  0.00023604
32  8  0.00010009
33  8  0.00017338
34  8  0.00021949
35  8  0.00028455
36  8  0.00034541
37  8  0.00020209
38  8  0.00025706
39  8  0.00016192
40  8  0.00016588
41  8  0.00040668
42  8  0.00018298
43  8  0.00009046
44  8  0.00026438
45  8  0.00035629
46  8  0.00023200
47  8  0.00031013
48  8  0.00029202
49  8  0.00009325
50  8  0.00031335
51  8  0.00014213
52  8  0.00013461
53  8  0.00051516
54  8  0.00045174
55  8  0.00028353
56  8  0.00023236
57  8  0.00014435
58  8  0.00047000
59  8  0.00056278
60  8  0.00008861
61  8  0.00046271
62  8  0.00020296
63  8  0.00020739
0  9  0.00041902
1  9  0.00043518
2  9  0.00017790
3  9  0.00012447
4  9  0.00006371
5  9  0.00015012
6  9  0.00026200
7  9  0.00020680
8  9  0.00034897
9  9  0.00015391
10  9  0.00015251
11  9  0.00017036
12  9  0.00036447
13  9  0.00020716
14  9  0.00014165
15  9  0.00025971
16  9  0.00019828
17  9  0.00017578
18  9  0.00033357
19  9  0.00023194
20  9  0.00018856
21  9  0.00018883
22  9  0.00015525
23  9  0.00015842
24  9  0.00012382
25  9  0.00023592
26  9  0.00021964
27  9  0.00021271
28  9  0.00022555
29  9  0.00021322
30  9  0.00027187
31  9  0.00013212
32  9  0.00031921
33  9  0.00017975
34  9  0.00023601
35  9  0.00037022
36  9  0.00014824
37  9  0.00019210
38  9  0.00067460
39  9  0.00018350
40  9  0.00015070
41  9  0.00013610
42  9  0.00036136
43  9  0.00010470
44  9  0.00026201
45  9  0.00033446
46  9  0.00019858
47  9  0.00020833
48  9  0.00025576
49  9  0.00014682
50  9  0.00008179
51  9  0.00025943
52  9  0.00030469
53  9  0.00012138
54  9  0.00020800
55  9  0.00012113
56  9  0.00035365
57  9  0.00020280
58  9  0.00039975
59  9  0.00025228
60  9  0.00014694
61  9  0.00011238
62  9  0.00022394
63  9  0.00008990
0  10  0.00035223
1  10  0.00013676
2  10  0.00047607
3  10  0.00013977
4  10  0.00026235
5  10  0.00022527
6  10  0.00041040
7  10  0.00011991
8  10  0.00018151
9  10  0.00012032
10  10  0.00020147
11  10  0.00022829
12  10  0.00025974
13  10  0.00027471
14  10  0.00027095
15  10  0.00054022
16  10  0.00028862
17  10  0.00051247
18  10  0.00021765
19  10  0.00016503
20  10  0.00057358
21  10  0.00022695
22  10  0.00035325
23  10  0.00028385
24  10  0.00010654
25  10  0.00011697
26  10  0.00031978
27  10  0.00003956
28  10  0.00026853
29  10  0.00054465
30  10  0.00023553
31  10  0.00028437
32  10  0.00023825
33  10  0.00025968
34  10  0.00016507
35  10  0.00045916
36  10  0.00013026
37  10  0.00016755
38  10  0.00031942
39  10  0.00020155
40  10  0.00022833
41  10  0.00016152
42  10  0.00018457
43  10  0.00015032
44  10  0.00038200
45  10  0.00022005
46  10  0.00019588
47  10  0.00040400
48  10  0.00029216
49  10  0.00023250
50  10  0.00054495
51  10  0.00020332
52  10  0.00036191
53  10  0.00024862
54  10  0.00027327
55  10  0.00019777
56  10  0.00027339
57  10  0.00045998
58  10  0.00036257
59  10  0.00028755
60  10  0.00026170
61  10  0.00028197
62  10  0.00016414
63  10  0.00030020
0  11  0.00012220
1  11  0.00018741
2  11  0.00034615
3  11  0.00028394
4  11  0.00006270
5  11  0.00035733
6  11  0.00056293
7  11  0.00016832
8  11  0.00028209
9  11  0.00019763
10  11  0.00019852
11  11  0.00010839
12  11  0.00017281
13  11  0.00031954
14  11  0.00062145
15  11  0.00049408
16  11  0.00028451
17  11  0.00020255
18  11  0.00031354
19  11  0.00027170
20  11  0.00015650
21  11  0.00015135
22  11  0.00043521
23  11  0.00022741
24  11  0.00054361
25  11  0.00004465
26  11  0.00023665
27  11  0.00020505
28  11  0.00008150
29  11  0.00033157
30  11  0.00025890
31  11  0.00012929
32  11  0.00048022
33  11  0.00020731
34  11  0.00034830
35  11  0.00024819
36  11  0.00020414
37  11  0.00020177
38  11  0.00014082
39  11  0.00036744
40  11  0.00030550
41  11  0.00021454
42  11  0.00026786
43  11  0.00030662
44  11  0.00011352
45  11  0.00049645
46  11  0.00003777
47  11  0.00026935
48  11  0.00038827
49  11  0.00025177
50  11  0.00048017
51  11  0.00020087
52  11  0.00018165
53  11  0.00018909
54  11  0.00038541
55  11  0.00047224
56  11  0.00022887
57  11  0.00034306
58  11  0.00030392
59  11  0.00024406
60  11  0.00034448
61  11  0.00017509
62  11  0.00017927
63  11  0.00028238
0  12  0.00042877
1  12  0.00015274
2  12  0.00031057
3  12  0.00008541
4  12  0.00004330
5  12  0.00029344
6  12  0.00017187
7  12  0.00019729
8  12  0.00030091
9  12  0.00016305
10  12  0.00005279
11  12  0.00032741
12  12  0.00020602
13  12  0.00018034
14  12  0.00017511
15  12  0.00036485
16  12  0.00033255
17  12  0.00013507
18  12  0.00018233
19  12  0.00011054
20  12  0.00031638
21  12  0.00024681
22  12  0.00007669
23  12  0.00032533
24  12  0.00010733
25  12  0.00014016
26  12  0.00028524
27  12  0.00040213
28  12  0.00031048
29  12  0.00029771
30  12  0.00024279
31  12  0.00009327
32  12  0.00014160
33  12  0.00026545
34  12  0.00022905
35  12  0.00013737
36  12  0.00007808
37  12  0.00024804
38  12  0.00030877
39  12  0.00027860
40  12  0.00031012
41  12  0.00027708
42  12  0.00020628
43  12  0.00023654
44  12  0.00040467
45  12  0.00012171
46  12  0.00012823
47  12  0.00021801
48  12  0.00026685
49  12  0.00017256
50  12  0.00015783
51  12  0.00009640
52  12  0.00009404
53  12  0.00015361
54  12  0.00022648
55  12  0.00022581
56  12  0.00022009
57  12  0.00042410
58  12  0.00017393
59  12  0.00030036
60  12  0.00045613
61  12  0.00044156
62  12  0.00032726
63  12  0.00012618
0  13  0.00015180
1  13  0.00015917
2  13  0.00035459
3  13  0.00033421
4  13  0.00027235
5  13  0.00014760
6  13  0.00019470
7  13  0.00022303
8  13  0.00021862
9  13  0.00013057
10  13  0.00018310
11  13  0.00032077
12  13  0.00029835
13  13  0.00013692
14  13  0.00010927
15  13  0.00017834
16  13  0.00027406
17  13  0.00054306
18  13  0.00012826
19  13  0.00032637
20  13  0.00037514
21  13  0.00017151
22  13  0.00034808
23  13  0.00032410
24  13  0.00023071
25  13  0.00029731
26  13  0.00020445
27  13  0.00013665
28  13  0.00015797
29  13  0.00062947
30  13  0.00023226
31  13  0.00039807
32  13  0.00031397
33  13  0.00029072
34  13  0.00021726
35  13  0.00013761
36  13  0.00014139
37  13  0.00014909
38  13  0.00014907
39  13  0.00048915
40  13  0.00017698
41  13  0.00044404
42  13  0.00032731
43  13  0.00017527
44  13  0.00014615
45  13  0.00033479
46  13  0.00006710
47  13  0.00020731
48  13  0.00047013
49  13  0.00038782
50  13  0.00030936
51  13  0.00023959
52  13  0.00026162
53  13  0.00047323
54  13  0.00025409
55  13  0.00020217
56  13  0.00021460
57  13  0.00011839
58  13  0.00019465
59  13  0.00028491
60  13  0.00010304
61  13  0.00006710
62  13  0.00035199
63  13  0.00036260
0  14  0.00006345
1  14  0.00018125
2  14  0.00036519
3  14  0.00019418
4  14  0.00028649
5  14  0.00020798
6  14  0.00011613
7  14  0.00025301
8  14  0.00020833
9  14  0.00033424
10  14  0.00026605
11  14  0.00036200
12  14  0.00029440
13  14  0.00029060
14  14  0.00019859
15  14  0.00045039
16  14  0.00023222
17  14  0.00028917
18  14  0.00024350
19  14  0.00007798
20  14  0.00016072
21  14  0.00024680
22  14  0.00013609
23  14  0.00034248
24  14  0.00017581
25  14  0.00013213
26  14  0.00020650
27  14  0.00040732
28  14  0.00026658
29  14  0.00016857
30  14  0.00015297
31  14  0.00015660
32  14  0.00045607
33  14  0.00033529
34  14  0.00023489
35  14  0.00023604
36  14  0.00009742
37  14  0.00008092
38  14  0.00015556
39  14  0.00026275
40  14  0.00014180
41  14  0.00018421
42  14  0.00020062
43  14  0.00040249
44  14  0.00012931
45  14  0.00019596
46  14  0.00021057
47  14  0.00028279
48  14  0.00010537
49  14  0.00008617
50  14  0.00020998
51  14  0.00007260
52  14  0.00006238
53  14  0.00054033
54  14  0.00014516
55  14  0.00018560
56  14  0.00009344
57  14  0.00042205
58  14  0.00040106
59  14  0.00038270
60  14  0.00014771
61  14  0.00026496
62  14  0.00028632
63  14  0.00018301
0  15  0.00025539
1  15  0.00027059
2  15  0.00008112
3  15  0.00032271
4  15  0.00019378
5  15  0.00030195
6  15  0.00012662
7  15  0.00035801
8  15  0.00040278
9  15  0.00011370
10  15  0.00009715
11  15  0.00023122
12  15  0.00021133
13  15  0.00008613
14  15  0.00022269
15  15  0.00030134
16  15  0.00010298
17  15  0.00020070
18  15  0.00026043
19  15  0.00041051
20  15  0.00018887
21  15  0.00019690
22  15  0.00011672
23  15  0.00032180
24  15  0.00018237
25  15  0.00014534
26  15  0.00030674
27  15  0.00027638
28  15  0.00002461
29  15  0.00031632
30  15  0.00015828
31  15  0.00019419
32  15  0.00033172
33  15  0.00014736
34  15  0.00043948
35  15  0.00032333
36  15  0.00012395
37  15  0.00026723
38  15  0.00021103
39  15  0.00025047
40  15  0.00013439
41  15  0.00025061
42  15  0.00027745
43  15  0.00017829
44  15  0.00011551
45  15  0.00027342
46  15  0.00016971
47  15  0.00036063
48  15  0.00014236
49  15  0.00009439
50  15  0.00032518
51  15  0.00008597
52  15  0.00006814
53  15  0.00072261
54  15  0.00007837
55  15  0.00038445
56  15  0.00026924
57  15  0.00017034
58  15  0.00014171
59  15  0.00013618
60  15  0.00040053
61  15  0.00007135
62  15  0.00036402
63  15  0.00022876
0  16  0.00027168
1  16  0.00011979
2  16  0.00027290
3  16  0.00020205
4  16  0.00020317
5  16  0.00032736
6  16  0.00025860
7  16  0.00035554
8  16  0.00035561
9  16  0.00036983
10  16  0.00015282
11  16  0.00021237
12  16  0.00006563
13  16  0.00008367
14  16  0.00014787
15  16  0.00020167
16  16  0.00033537
17  16  0.00031094
18  16  0.00021447
19  16  0.00045482
20  16  0.00033816
21  16  0.00036503
22  16  0.00010274
23  16  0.00026420
24  16  0.00008332
25  16  0.00025060
26  16  0.00013258
27  16  0.00034237
28  16  0.00032055
29  16  0.00031117
30  16  0.00015432
31  16  0.00014359
32  16  0.00045693
33  16  0.00027098
34  16  0.00012349
35  16  0.00026126
36  16  0.00026926
37  16  0.00034262
38  16  0.00016266
39  16  0.00018391
40  16  0.00008616
41  16  0.00006305
42  16  0.00029758
43  16  0.00040728
44  16  0.00021663
45  16  0.00051963
46  16  0.00046409
47  16  0.00023977
48  16  0.00021025
49  16  0.00018468
50  16  0.00017075
51  16  0.00033639
52  16  0.00013142
53  16  0.00023993
54  16  0.00018099
55  16  0.00034982
56  16  0.00028334
57  16  0.00016620
58  16  0.00025397
59  16  0.00023209
60  16  0.00014427
61  16  0.00016736
62  16  0.00007854
63  16  0.00011566
0  17  0.00051752
1  17  0.00021900
2  17  0.00014862
3  17  0.00021633
4  17  0.00018459
5  17  0.00017171
6  17  0.00004123
7  17  0.00018244
8  17  0.00014932
9  17  0.00037919
10  17  0.00040254
11  17  0.00021772
12  17  0.00031718
13  17  0.00010546
14  17  0.00008864
15  17  0.00007145
16  17  0.00011961
17  17  0.00024363
18  17  0.00020259
19  17  0.00030329
20  17  0.00042414
21  17  0.00011074
22  17  0.00018415
23  17  0.00018613
24  17  0.00019380
25  17  0.00020468
26  17  0.00013284
27  17  0.00016220
28  17  0.00005135
29  17  0.00018024
30  17  0.00012822
31  17  0.00019964
32  17  0.00016925
33  17  0.00017587
34  17  0.00031705
35  17  0.00026726
36  17  0.00009011
37  17  0.00024607
38  17  0.00021985
39  17  0.00017507
40  17  0.00012847
41  17  0.00011211
42  17  0.00015336
43  17  0.00037372
44  17  0.00027589
45  17  0.00006362
46  17  0.00023369
47  17  0.00031177
48  17  0.00025293
49  17  0.00021932
50  17  0.00020357
51  17  0.00029519
52  17  0.00018665
53  17  0.00012527
54  17  0.00016134
55  17  0.00022463
56  17  0.00030850
57  17  0.00024474
58  17  0.00035706
59  17  0.00039854
60  17  0.00040378
61  17  0.00017170
62  17  0.00024405
63  17  0.00018067
0  18  0.00016485
1  18  0.00006438
2  18  0.00016296
3  18  0.00036689
4  18  0.00028976
5  18  0.00033013
6  18  0.00024644
7  18  0.00039628
8  18  0.00027636
9  18  0.00013825
10  18  0.00027086
11  18  0.00012754
12  18  0.00013850
13  18  0.00026053
14  18  0.00019260
15  18  0.00015308
16  18  0.00026097
17  18  0.00014224
18  18  0.00028866
19  18  0.00017847
20  18  0.00017841
21  18  0.00039489
22  18  0.00023080
23  18  0.00010187
24  18  0.00013692
25  18  0.00016200
26  18  0.00017895
27  18  0.00017951
28  18  0.00023931
29  18  0.00027942
30  18  0.00018157
31  18  0.00025866
32  18  0.00024594
33  18  0.00025913
34  18  0.00034726
35  18  0.00035663
36  18  0.00010335
37  18  0.00023730
38  18  0.00022652
39  18  0.00040023
40  18  0.00037186
41  18  0.00031465
42  18  0.00030082
43  18  0.00025039
44  18  0.00018010
45  18  0.00055783
46  18  0.00024567
47  18  0.00030995
48  18  0.00020811
49  18  0.00019704
50  18  0.00027325
51  18  0.00013035
52  18  0.00033298
53  18  0.00029652
54  18  0.00024981
55  18  0.00017764
56  18  0.00047864
57  18  0.00011343
58  18  0.00012334
59  18  0.00015259
60  18  0.00013567
61  18  0.00005126
62  18  0.00013685
63  18  0.00024358
0  19  0.00018588
1  19  0.00027344
2  19  0.00015687
3  19  0.00016993
4  19  0.00030232
5  19  0.00035912
6  19  0.00020882
7  19  0.00011368
8  19  0.00018719
9  19  0.00061143
10  19  0.00013536
11  19  0.00016056
12  19  0.00025715
13  19  0.00005974
14  19  0.00020695
15  19  0.00013462
16  19  0.00036842
17  19  0.00049728
18  19  0.00019929
19  19  0.00001837
20  19  0.00011293
21  19  0.00059126
22  19  0.00022205
23  19  0.00034005
24  19  0.00051315
25  19  0.00025115
26  19  0.00010292
27  19  0.00006264
28  19  0.00030252
29  19  0.00008290
30  19  0.00019705
31  19  0.00046602
32  19  0.00039654
33  19  0.00018451
34  19  0.00033773
35  19  0.00035843
36  19  0.00034572
37  19  0.00023495
38  19  0.00013819
39  19  0.00017935
40  19  0.00018170
41  19  0.00008908
42  19  0.00032403
43  19  0.00029050
44  19  0.00066967
45  19  0.00041282
46  19  0.00020879
47  19  0.00023177
48  19  0.00021672
49  19  0.00020915
50  19  0.00042067
51  19  0.00020842
52  19  0.00013356
53  19  0.00010671
54  19  0.00001792
55  19  0.00031640
56  19  0.00019557
57  19  0.00024826
58  19  0.00019983
59  19  0.00024845
60  19  0.00011752
61  19  0.00009752
62  19  0.00024311
63  19  0.00011830
0  20  0.00023215
1  20  0.00019107
2  20  0.00042048
3  20  0.00009515
4  20  0.00013757
5  20  0.00044792
6  20  0.00023567
7  20  0.00028224
8  20  0.00061879
9  20  0.00024067
10  20  0.00011889
11  20  0.00017074
12  20  0.00010526
13  20  0.00013726
14  20  0.00037852
15  20  0.00028039
16  20  0.00017829
17  20  0.00021191
18  20  0.00012408
19  20  0.00035049
20  20  0.00016937
21  20  0.00021969
22  20  0.00025457
23  20  0.00016391
24  20  0.00026525
25  20  0.00022997
26  20  0.00014351
27  20  0.00020178
28  20  0.00026708
29  20  0.00006422
30  20  0.00015061
31  20  0.00009286
32  20  0.00026442
33  20  0.00023327
34  20  0.00030949
35  20  0.00012282
36  20  0.00007688
37  20  0.00028194
38  20  0.00003288
39  20  0.00014025
40  20  0.00022573
41  20  0.00035550
42  20  0.00019232
43  20  0.00033179
44  20  0.00008864
45  20  0.00021062
46  20  0.00006812
47  20  0.00014763
48  20  0.00020068
49  20  0.00030235
50  20  0.00015613
51  20  0.00011873
52  20  0.00019665
53  20  0.00053382
54  20  0.00015383
55  20  0.00030436
56  20  0.00012353
57  20  0.00020487
58  20  0.00020262
59  20  0.00006615
60  20  0.00024641
61  20  0.00031757
62  20  0.00036043
63  20  0.00047289
0  21  0.00026229
1  21  0.00029831
2  21  0.00019484
3  21  0.00039926
4  21  0.00019481
5  21  0.00024858
6  21  0.00026979
7  21  0.00029445
8  21  0.00023447
9  21  0.00009243
10  21  0.00009819
11  21  0.00017468
12  21  0.00019000
13  21  0.00005710
14  21  0.00040577
15  21  0.00023369
16  21  0.00009070
17  21  0.00012390
18  21  0.00013240
19  21  0.00038363
20  21  0.00024595
21  21  0.00017617
22  21  0.00021027
23  21  0.00010647
24  21  0.00024182
25  21  0.00025685
26  21  0.00035812
27  21  0.00026830
28  21  0.00040225
29  21  0.00021994
30  21  0.00015390
31  21  0.00010860
32  21  0.00019598
33  21  0.00024287
34  21  0.00020342
35  21  0.00008654
36  21  0.00016817
37  21  0.00034727
38  21  0.00025535
39  21  0.00031055
40  21  0.00040161
41  21  0.00040909
42  21  0.00017861
43  21  0.00035909
44  21  0.00042838
45  21  0.00026335
46  21  0.00021766
47  21  0.00040442
48  21  0.00014902
49  21  0.00029842
50  21  0.00019796
51  21  0.00010099
52  21  0.00016004
53  21  0.00015475
54  21  0.00014869
55  21  0.00012736
56  21  0.00011533
57  21  0.00028647
58  21  0.00003547
59  21  0.00017393
60  21  0.00017651
61  21  0.00018338
62  21  0.00022533
63  21  0.00015365
0  22  0.00028297
1  22  0.00048904
2  22  0.00035242
3  22  0.00018973
4  22  0.00021493
5  22  0.00022393
6  22  0.00020842
7  22  0.00021427
8  22  0.00018454
9  22  0.00015679
10  22  0.00009416
11  22  0.00014708
12  22  0.00034274
13  22  0.00047839
14  22  0.00034198
15  22  0.00016295
16  22  0.00013724
17  22  0.00042241
18  22  0.00019724
19  22  0.00014918
20  22  0.00052000
21  22  0.00025624
22  22  0.00016696
23  22  0.00022625
24  22  0.00009091
25  22  0.00018125
26  22  0.00059940
27  22  0.00034417
28  22  0.00012712
29  22  0.00035477
30  22  0.00013983
31  22  0.00011877
32  22  0.00025490
33  22  0.00012991
34  22  0.00018312
35  22  0.00035900
36  22  0.00019755
37  22  0.00038524
38  22  0.00014553
39  22  0.00030985
40  22  0.00011522
41  22  0.00019562
42  22  0.00031616
43  22  0.00019938
44  22  0.00025769
45  22  0.00011391
46  22  0.00015627
47  22  0.00013703
48  22  0.00022838
49  22  0.00031643
50  22  0.00012968
51  22  0.00015490
52  22  0.00021273
53  22  0.00052853
54  22  0.00012416
55  22  0.00013893
56  22  0.00034410
57  22  0.00029313
58  22  0.00046963
59  22  0.00043514
60  22  0.00018028
61  22  0.00027420
62  22  0.00018056
63  22  0.00013780
0  23  0.00029813
1  23  0.00029899
2  23  0.00038159
3  23  0.00027740
4  23  0.00009817
5  23  0.00013559
6  23  0.00029330
7  23  0.00025564
8  23  0.00022978
9  23  0.00032112
10  23  0.00037597
11  23  0.00014175
12  23  0.00023163
13  23  0.00016707
14  23  0.00018530
15  23  0.00039792
16  23  0.00007695
17  23  0.00008934
18  23  0.00025587
19  23  0.00021096
20  23  0.00033644
21  23  0.00027634
22  23  0.00010456
23  23  0.00016660
24  23  0.00020324
25  23  0.00036297
26  23  0.00031150
27  23  0.00047622
28  23  0.00013346
29  23  0.00011036
30  23  0.00016105
31  23  0.00018039
32  23  0.00019987
33  23  0.00037592
34  23  0.00021638
35  23  0.00026542
36  23  0.00018853
37  23  0.00011830
38  23  0.00022825
39  23  0.00003487
40  23  0.00027513
41  23  0.00022733
42  23  0.00014628
43  23  0.00036189
44  23  0.00019303
45  23  0.00018833
46  23  0.00021909
47  23  0.00010318
48  23  0.00018424
49  23  0.00005222
50  23  0.00019517
51  23  0.00005785
52  23  0.00033025
53  23  0.00009426
54  23  0.00005509
55  23  0.00037599
56  23  0.00045238
57  23  0.00038189
58  23  0.00015801
59  23  0.00031173
60  23  0.00010517
61  23  0.00023781
62  23  0.00010776
63  23  0.00048233
0  24  0.00027111
1  24  0.00006204
2  24  0.00014158
3  24  0.00026388
4  24  0.00024109
5  24  0.00029054
6  24  0.00016109
7  24  0.00037782
8  24  0.00016224
9  24  0.00013077
10  24  0.00014135
11  24  0.00016903
12  24  0.00006371
13  24  0.00035799
14  24  0.00031943
15  24  0.00013922
16  24  0.00014248
17  24  0.00028810
18  24  0.00024629
19  24  0.00003930
20  24  0.00016079
21  24  0.00024520
22  24  0.00024170
23  24  0.00011417
24  24  0.00010179
25  24  0.00016665
26  24  0.00024385
27  24  0.00026869
28  24  0.00025375
29  24  0.00034224
30  24  0.00019756
31  24  0.00005825
32  24  0.00013305
33  24  0.00025934
34  24  0.00033080
35  24  0.00012506
36  24  0.00013478
37  24  0.00019707
38  24  0.00048073
39  24  0.00019787
40  24  0.00053786
41  24  0.00046263
42  24  0.00030699
43  24  0.00033307
44  24  0.00038950
45  24  0.00035454
46  24  0.00018658
47  24  0.00012094
48  24  0.00032057
49  24  0.00018432
50  24  0.00015781
51  24  0.00017805
52  24  0.00013626
53  24  0.00039720
54  24  0.00034775
55  24  0.00017735
56  24  0.00016851
57  24  0.00042404
58  24  0.00020807
59  24  0.00024150
60  24  0.00009194
61  24  0.00023738
62  24  0.00008355
63  24  0.00019892
0  25  0.00034696
1  25  0.00018287
2  25  0.00025390
3  25  0.00019282
4  25  0.00020832
5  25  0.00017103
6  25  0.00029443
7  25  0.00012651
8  25  0.00043563
9  25  0.00035971
10  25  0.00029392
11  25  0.00022330
12  25  0.00034115
13  25  0.00054550
14  25  0.00032261
15  25  0.00012653
16  25  0.00019984
17  25  0.00008638
18  25  0.00010790
19  25  0.00024094
20  25  0.00008147
21  25  0.00024123
22  25  0.00020479
23  25  0.00031334
24  25  0.00020974
25  25  0.00025703
26  25  0.00046033
27  25  0.00021821
28  25  0.00010119
29  25  0.00030827
30  25  0.00009220
31  25  0.00036994
32  25  0.00022397
33  25  0.00020457
34  25  0.00014109
35  25  0.00047153
36  25  0.00010123
37  25  0.00018266
38  25  0.00016128
39  25  0.00069183
40  25  0.00025198
41  25  0.00024665
42  25  0.00012780
43  25  0.00006375
44  25  0.00043889
45  25  0.00007389
46  25  0.00024994
47  25  0.00035411
48  25  0.00053638
49  25  0.00044577
50  25  0.00066037
51  25  0.00062700
52  25  0.00030532
53  25  0.00019399
54  25  0.00020445
55  25  0.00030060
56  25  0.00013171
57  25  0.00037595
58  25  0.00011455
59  25  0.00026698
60  25  0.00029948
61  25  0.00010483
62  25  0.00030728
63  25  0.00065436
0  26  0.00010171
1  26  0.00048014
2  26  0.00042415
3  26  0.00046338
4  26  0.00016639
5  26  0.00020246
6  26  0.00015930
7  26  0.00018213
8  26  0.00027104
9  26  0.00011884
10  26  0.00016770
11  26  0.00016374
12  26  0.00019933
13  26  0.00024713
14  26  0.00009644
15  26  0.00027166
16  26  0.00035227
17  26  0.00036633
18  26  0.00020289
19  26  0.00036854
20  26  0.00022786
21  26  0.00015923
22  26  0.00032051
23  26  0.00011179
24  26  0.00042843
25  26  0.00012829
26  26  0.00013652
27  26  0.00016403
28  26  0.00033503
29  26  0.00019555
30  26  0.00013726
31  26  0.00010022
32  26  0.00011836
33  26  0.00023092
34  26  0.00019082
35  26  0.00075225
36  26  0.00030273
37  26  0.00027401
38  26  0.00037259
39  26  0.00009577
40  26  0.00018018
41  26  0.00011611
42  26  0.00018090
43  26  0.00016984
44  26  0.00014063
45  26  0.00043919
46  26  0.00028954
47  26  0.00032453
48  26  0.00020847
49  26  0.00004301
50  26  0.00039103
51  26  0.00016215
52  26  0.00015331
53  26  0.00027475
54  26  0.00068615
55  26  0.00012666
56  26  0.00055066
57  26  0.00025185
58  26  0.00037968
59  26  0.00021025
60  26  0.00018706
61  26  0.00034952
62  26  0.00027926
63  26  0.00029785
0  27  0.00020667
1  27  0.00011954
2  27  0.00018596
3  27  0.00051371
4  27  0.00022610
5  27  0.00031854
6  27  0.00027690
7  27  0.00030003
8  27  0.00039631
9  27  0.00018794
10  27  0.00010668
11  27  0.00032907
12  27  0.00023237
13  27  0.00010432
14  27  0.00038162
15  27  0.00034248
16  27  0.00017386
17  27  0.00015904
18  27  0.00010310
19  27  0.00038142
20  27  0.00048010
21  27  0.00009276
22  27  0.00031104
23  27  0.00018865
24  27  0.00032443
25  27  0.00022170
26  27  0.00013358
27  27  0.00026515
28  27  0.00021795
29  27  0.00011738
30  27  0.00043326
31  27  0.00022679
32  27  0.00014993
33  27  0.00023875
34  27  0.00034835
35  27  0.00016669
36  27  0.00029354
37  27  0.00013729
38  27  0.00017715
39  27  0.00056162
40  27  0.00019468
41  27  0.00010729
42  27  0.00026602
43  27  0.00039136
44  27  0.00038123
45  27  0.00059774
46  27  0.00035673
47  27  0.00026528
48  27  0.00044418
49  27  0.00033774
50  27  0.00017341
51  27  0.00017506
52  27  0.00015775
53  27  0.00013823
54  27  0.00032762
55  27  0.00031844
56  27  0.00018296
57  27  0.00021792
58  27  0.00015230
59  27  0.00014605
60  27  0.00014966
61  27  0.00011593
62  27  0.00018154
63  27  0.00025200
0  28  0.00027178
1  28  0.00005247
2  28  0.00021652
3  28  0.00013775
4  28  0.00019942
5  28  0.00012764
6  28  0.00034016
7  28  0.00019658
8  28  0.00017689
9  28  0.00035945
10  28  0.00012409
11  28  0.00039188
12  28  0.00024263
13  28  0.00015216
14  28  0.00016854
15  28  0.00033780
16  28  0.00014260
17  28  0.00017580
18  28  0.00031903
19  28  0.00019774
20  28  0.00009744
21  28  0.00028300
22  28  0.00022576
23  28  0.00047397
24  28  0.00008887
25  28  0.00025538
26  28  0.00014568
27  28  0.00011503
28  28  0.00022625
29  28  0.00048466
30  28  0.00026252
31  28  0.00023224
32  28  0.00016802
33  28  0.00008509
34  28  0.00028898
35  28  0.00018211
36  28  0.00045544
37  28  0.00019165
38  28  0.00047030
39  28  0.00012696
40  28  0.00026099
41  28  0.00019016
42  28  0.00009805
43  28  0.00047300
44  28  0.00026994
45  28  0.00033193
46  28  0.00014005
47  28  0.00020453
48  28  0.00030744
49  28  0.00020753
50  28  0.00013955
51  28  0.00015580
52  28  0.00022695
53  28  0.00023994
54  28  0.00019285
55  28  0.00040717
56  28  0.00026259
57  28  0.00014752
58  28  0.00029578
59  28  0.00008157
60  28  0.00022052
61  28  0.00007309
62  28  0.00034086
63  28  0.00011231
0  29  0.00019343
1  29  0.00035652
2  29  0.00010207
3  29  0.00018962
4  29  0.00021661
5  29  0.00033879
6  29  0.00011799
7  29  0.00027696
8  29  0.00032372
9  29  0.00039524
10  29  0.00030503
11  29  0.00025629
12  29  0.00014418
13  29  0.00011878
14  29  0.00033604
15  29  0.00042991
16  29  0.00043832
17  29  0.00015446
18  29  0.00023447
19  29  0.00045644
20  29  0.00042799
21  29  0.00066916
22  29  0.00026658
23  29  0.00022575
24  29  0.00030037
25  29  0.00023991
26  29  0.00013641
27  29  0.00021772
28  29  0.00037735
29  29  0.00026236
30  29  0.00039479
31  29  0.00015626
32  29  0.00031632
33  29  0.00013202
34  29  0.00041367
35  29  0.00042611
36  29  0.00030924
37  29  0.00014408
38  29  0.00041938
39  29  0.00037096
40  29  0.00028309
41  29  0.00029830
42  29  0.00027957
43  29  0.00021663
44  29  0.00031731
45  29  0.00008846
46  29  0.00028945
47  29  0.00032388
48  29  0.00008576
49  29  0.00020508
50  29  0.00027908
51  29  0.00007215
52  29  0.00037003
53  29  0.00023058
54  29  0.00019599
55  29  0.00013396
56  29  0.00021924
57  29  0.00022801
58  29  0.00013605
59  29  0.00038528
60  29  0.00008214
61  29  0.00022843
62  29  0.00040062
63  29  0.00027291
0  30  0.00015065
1  30  0.00014654
2  30  0.00030186
3  30  0.00015794
4  30  0.00020630
5  30  0.00018071
6  30  0.00025631
7  30  0.00012920
8  30  0.00020770
9  30  0.00012061
10  30  0.00017559
11  30  0.00011663
12  30  0.00013433
13  30  0.00032361
14  30  0.00020256
15  30  0.00024915
16  30  0.00026311
17  30  0.00020265
18  30  0.00025346
19  30  0.00014377
20  30  0.00050327
21  30  0.00025039
22  30  0.00038247
23  30  0.00009494
24  30  0.00021571
25  30  0.00006921
26  30  0.00014860
27  30  0.00007552
28  30  0.00008305
29  30  0.00017887
30  30  0.00019935
31  30  0.00009439
32  30  0.00033233
33  30  0.00020442
34  30  0.00036164
35  30  0.00013836
36  30  0.00064377
37  30  0.00016140
38  30  0.00013297
39  30  0.00012795
40  30  0.00013305
41  30  0.00036704
42  30  0.00028234
43  30  0.00032587
44  30  0.00030176
45  30  0.00025295
46  30  0.00045868
47  30  0.00014619
48  30  0.00011728
49  30  0.00029574
50  30  0.00051280
51  30  0.00011951
52  30  0.00011316
53  30  0.00026620
54  30  0.00030707
55  30  0.00029948
56  30  0.00016270
57  30  0.00030058
58  30  0.00024268
59  30  0.00012713
60  30  0.00031310
61  30  0.00025257
62  30  0.00033220
63  30  0.00011691
0  31  0.00034191
1  31  0.00012403
2  31  0.00028692
3  31  0.00013293
4  31  0.00012963
5  31  0.00075778
6  31  0.00023855
7  31  0.00015346
8  31  0.00041482
9  31  0.00042659
10  31  0.00031616
11  31  0.00015949
12  31  0.00036176
13  31  0.00010547
14  31  0.00054216
15  31  0.00007911
16  31  0.00022722
17  31  0.00021644
18  31  0.00046912
19  31  0.00014665
20  31  0.00011940
21  31  0.00021639
22  31  0.00017032
23  31  0.00020440
24  31  0.00034712
25  31  0.00041695
26  31  0.00022227
27  31  0.00018274
28  31  0.00020869
29  31  0.00013897
30  31  0.00011707
31  31  0.00026194
32  31  0.00027835
33  31  0.00039013
34  31  0.00012127
35  31  0.00024603
36  31  0.00019615
37  31  0.00021870
38  31  0.00017074
39  31  0.00026047
40  31  0.00007920
41  31  0.00024645
42  31  0.00029809
43  31  0.00016760
44  31  0.00018413
45  31  0.00044285
46  31  0.00037506
47  31  0.00036012
48  31  0.00032101
49  31  0.00016438
50  31  0.00028339
51  31  0.00024298
52  31  0.00030391
53  31  0.00040510
54  31  0.00041433
55  31  0.00018296
56  31  0.00021759
57  31  0.00022946
58  31  0.00052575
59  31  0.00023098
60  31  0.00006326
61  31  0.00020200
62  31  0.00030629
63  31  0.00011018
0  32  0.00015175
1  32  0.00028771
2  32  0.00070800
3  32  0.00015978
4  32  0.00018265
5  32  0.00035008
6  32  0.00012880
7  32  0.00012147
8  32  0.00028231
9  32  0.00012393
10  32  0.00024916
11  32  0.00028191
12  32  0.00027931
13  32  0.00037319
14  32  0.00024260
15  32  0.00032969
16  32  0.00020900
17  32  0.00017346
18  32  0.00013392
19  32  0.00034480
20  32  0.00011748
21  32  0.00033319
22  32  0.00016570
23  32  0.00029258
24  32  0.00019317
25  32  0.00017473
26  32  0.00050049
27  32  0.00023952
28  32  0.00022395
29  32  0.00034356
30  32  0.00029932
31  32  0.00021383
32  32  0.00009933
33  32  0.00022880
34  32  0.00043935
35  32  0.00013704
36  32  0.00024700
37  32  0.00021640
38  32  0.00017377
39  32  0.00018166
40  32  0.00028632
41  32  0.00013815
42  32  0.00008086
43  32  0.00014222
44  32  0.00028476
45  32  0.00024611
46  32  0.00022123
47  32  0.00033974
48  32  0.00027184
49  32  0.00036683
50  32  0.00033459
51  32  0.00026876
52  32  0.00019312
53  32  0.00015255
54  32  0.00014906
55  32  0.00020329
56  32  0.00021879
57  32  0.00023616
58  32  0.00053842
59  32  0.00005445
60  32  0.00023885
61  32  0.00015346
62  32  0.00019179
63  32  0.00016414
0  33  0.00014724
1  33  0.00015062
2  33  0.00006962
3  33  0.00017052
4  33  0.00015920
5  33  0.00018929
6  33  0.00044643
7  33  0.00006203
8  33  0.00026168
9  33  0.00014862
10  33  0.00029608
11  33  0.00023844
12  33  0.00016983
13  33  0.00012344
14  33  0.00016320
15  33  0.00015991
16  33  0.00011213
17  33  0.00027999
18  33  0.00023487
19  33  0.00020154
20  33  0.00021298
21  33  0.00063969
22  33  0.00037931
23  33  0.00017069
24  33  0.00017753
25  33  0.00050135
26  33  0.00026385
27  33  0.00027743
28  33  0.00024570
29  33  0.00012304
30  33  0.00022387
31  33  0.00027629
32  33  0.00032559
33  33  0.00013250
34  33  0.00041994
35  33  0.00043580
36  33  0.00037816
37  33  0.00024964
38  33  0.00007871
39  33  0.00027729
40  33  0.00042900
41  33  0.00021942
42  33  0.00011411
43  33  0.00012936
44  33  0.00026354
45  33  0.00015615
46  33  0.00011645
47  33  0.00023342
48  33  0.00020428
49  33  0.00032356
50  33  0.00016151
51  33  0.00012717
52  33  0.00012589
53  33  0.00030687
54  33  0.00030371
55  33  0.00050015
56  33  0.00030254
57  33  0.00046242
58  33  0.00014938
59  33  0.00028920
60  33  0.00033497
61  33  0.00012228
62  33  0.00021078
63  33  0.00019219
0  34  0.00030218
1  34  0.00027749
2  34  0.00006035
3  34  0.00037332
4  34  0.00018748
5  34  0.00022628
6  34  0.00010009
7  34  0.00015539
8  34  0.00017243
9  34  0.00021434
10  34  0.00019557
11  34  0.00009141
12  34  0.00040077
13  34  0.00023308
14  34  0.00038626
15  34  0.00039086
16  34  0.00048868
17  34  0.00018189
18  34  0.00023125
19  34  0.00015835
20  34  0.00028986
21  34  0.00030491
22  34  0.00039297
23  34  0.00009559
24  34  0.00015448
25  34  0.00020431
26  34  0.00054233
27  34  0.00027182
28  34  0.00039332
29  34  0.00028078
30  34  0.00013553
31  34  0.00025656
32  34  0.00052129
33  34  0.00037200
34  34  0.00045326
35  34  0.00017904
36  34  0.00005915
37  34  0.00006029
38  34  0.00038734
39  34  0.00040876
40  34  0.00024844
41  34  0.00014689
42  34  0.00035401
43  34  0.00018398
44  34  0.00030763
45  34  0.00028607
46  34  0.00027129
47  34  0.00018173
48  34  0.00021278
49  34  0.00023890
50  34  0.00010992
51  34  0.00039792
52  34  0.00066965
53  34  0.00018161
54  34  0.00081985
55  34  0.00013043
56  34  0.00018809
57  34  0.00049520
58  34  0.00006896
59  34  0.00039792
60  34  0.00032960
61  34  0.00012472
62  34  0.00021198
63  34  0.00024536
0  35  0.00037345
1  35  0.00029277
2  35  0.00043111
3  35  0.00025934
4  35  0.00010598
5  35  0.00013216
6  35  0.00020591
7  35  0.00073403
8  35  0.00018674
9  35  0.00011563
10  35  0.00007394
11  35  0.00024457
12  35  0.00013777
13  35  0.00008398
14  35  0.00008815
15  35  0.00024798
16  35  0.00032868
17  35  0.00028492
18  35  0.00031097
19  35  0.00017912
20  35  0.00035418
21  35  0.00027518
22  35  0.00016742
23  35  0.00014717
24  35  0.00042246
25  35  0.00038845
26  35  0.00022684
27  35  0.00025425
28  35  0.00021487
29  35  0.00017369
30  35  0.00036703
31  35  0.00046126
32  35  0.00004101
33  35  0.00033604
34  35  0.00020333
35  35  0.00020265
36  35  0.00038510
37  35  0.00019585
38  35  0.00025136
39  35  0.00010783
40  35  0.00035306
41  35  0.00005336
42  35  0.00044051
43  35  0.00042911
44  35  0.00031202
45  35  0.00041949
46  35  0.00052710
47  35  0.00024923
48  35  0.00028254
49  35  0.00016992
50  35  0.00017687
51  35  0.00042132
52  35  0.00038164
53  35  0.00029171
54  35  0.00014397
55  35  0.00033998
56  35  0.00013948
57  35  0.00050019
58  35  0.00025182
59  35  0.00022903
60  35  0.00022087
61  35  0.00042389
62  35  0.00017018
63  35  0.00009309
0  36  0.00005101
1  36  0.00032706
2  36  0.00016794
3  36  0.00033776
4  36  0.00025988
5  36  0.00040480
6  36  0.00036889
7  36  0.00017387
8  36  0.00018631
9  36  0.00042705
10  36  0.00035721
11  36  0.00026370
12  36  0.00020207
13  36  0.00025140
14  36  0.00016874
15  36  0.00018650
16  36  0.00016300
17  36  0.00030474
18  36  0.00031566
19  36  0.00025478
20  36  0.00015225
21  36  0.00024252
22  36  0.00031762
23  36  0.00014986
24  36  0.00006235
25  36  0.00025708
26  36  0.00022353
27  36  0.00027633
28  36  0.00031004
29  36  0.00067432
30  36  0.00024112
31  36  0.00006400
32  36  0.00032764
33  36  0.00013640
34  36  0.00022207
35  36  0.00015073
36  36  0.00010907
37  36  0.00029865
38  36  0.00035286
39  36  0.00040907
40  36  0.00025015
41  36  0.00006817
42  36  0.00016371
43  36  0.00011394
44  36  0.00035538
45  36  0.00054139
46  36  0.00039326
47  36  0.00050879
48  36  0.00006641
49  36  0.00014988
50  36  0.00017684
51  36  0.00023286
52  36  0.00019115
53  36  0.00042498
54  36  0.00018679
55  36  0.00026754
56  36  0.00017951
57  36  0.00070087
58  36  0.00030910
59  36  0.00010822
60  36  0.00012849
61  36  0.00018679
62  36  0.00046617
63  36  0.00038193
0  37  0.00009848
1  37  0.00039358
2  37  0.00020334
3  37  0.00026890
4  37  0.00048762
5  37  0.00016031
6  37  0.00025901
7  37  0.00027006
8  37  0.00016369
9  37  0.00023385
10  37  0.00019802
11  37  0.00018048
12  37  0.00028182
13  37  0.00026625
14  37  0.00043396
15  37  0.00024165
16  37  0.00022257
17  37  0.00014214
18  37  0.00023794
19  37  0.00024285
20  37  0.00023240
21  37  0.00046061
22  37  0.00014754
23  37  0.00018012
24  37  0.00018189
25  37  0.00012722
26  37  0.00026878
27  37  0.00023490
28  37  0.00017806
29  37  0.00030064
30  37  0.00018862
31  37  0.00031251
32  37  0.00018659
33  37  0.00026703
34  37  0.00013521
35  37  0.00028560
36  37  0.00043402
37  37  0.00041118
38  37  0.00025840
39  37  0.00036402
40  37  0.00014100
41  37  0.00020330
42  37  0.00014107
43  37  0.00049797
44  37  0.00036808
45  37  0.00024560
46  37  0.00012468
47  37  0.00056891
48  37  0.00017934
49  37  0.00015014
50  37  0.00035783
51  37  0.00038439
52  37  0.00014150
53  37  0.00027696
54  37  0.00041892
55  37  0.00028123
56  37  0.00017593
57  37  0.00012968
58  37  0.00021794
59  37  0.00021590
60  37  0.00005741
61  37  0.00020941
62  37  0.00023419
63  37  0.00036236
0  38  0.00021047
1  38  0.00012468
2  38  0.00033101
3  38  0.00018259
4  38  0.00026242
5  38  0.00016543
6  38  0.00011538
7  38  0.00019388
8  38  0.00022557
9  38  0.00010523
10  38  0.00010977
11  38  0.00017895
12  38  0.00026969
13  38  0.00030485
14  38  0.00013311
15  38  0.00016971
16  38  0.00013853
17  38  0.00009107
18  38  0.00031150
19  38  0.00021975
20  38  0.00053034
21  38  0.00020009
22  38  0.00030641
23  38  0.00024451
24  38  0.00011477
25  38  0.00047649
26  38  0.00020626
27  38  0.00044555
28  38  0.00039025
29  38  0.00006303
30  38  0.00032424
31  38  0.00006996
32  38  0.00012257
33  38  0.00023998
34  38  0.00015037
35  38  0.00025260
36  38  0.00006616
37  38  0.00011909
38  38  0.00024667
39  38  0.00026603
40  38  0.00006157
41  38  0.00024002
42  38  0.00020027
43  38  0.00031690
44  38  0.00054962
45  38  0.00018441
46  38  0.00034407
47  38  0.00012818
48  38  0.00030771
49  38  0.00013112
50  38  0.00018700
51  38  0.00038212
52  38  0.00013868
53  38  0.00036879
54  38  0.00018126
55  38  0.00014015
56  38  0.00033640
57  38  0.00010380
58  38  0.00032556
59  38  0.00047248
60  38  0.00021254
61  38  0.00014138
62  38  0.00020459
63  38  0.00008105
0  39  0.00011096
1  39  0.00016940
2  39  0.00008754
3  39  0.00016372
4  39  0.00013987
5  39  0.00014383
6  39  0.00019918
7  39  0.00013101
8  39  0.00028061
9  39  0.00012776
10  39  0.00020312
11  39  0.00009847
12  39  0.00049856
13  39  0.00043714
14  39  0.00036076
15  39  0.00020952
16  39  0.00016723
17  39  0.00014704
18  39  0.00008045
19  39  0.00015637
20  39  0.00023792
21  39  0.00032757
22  39  0.00018340
23  39  0.00031092
24  39  0.00013893
25  39  0.00027742
26  39  0.00024275
27  39  0.00032771
28  39  0.00012660
29  39  0.00034209
30  39  0.00021095
31  39  0.00031891
32  39  0.00037313
33  39  0.00046308
34  39  0.00017864
35  39  0.00039846
36  39  0.00025644
37  39  0.00029921
38  39  0.00023854
39  39  0.00016747
40  39  0.00021681
41  39  0.00021697
42  39  0.00022133
43  39  0.00020555
44  39  0.00065580
45  39  0.00029563
46  39  0.00009337
47  39  0.00015032
48  39  0.00008834
49  39  0.00006745
50  39  0.00012821
51  39  0.00039076
52  39  0.00019127
53  39  0.00023626
54  39  0.00044146
55  39  0.00032685
56  39  0.00032331
57  39  0.00020074
58  39  0.00023797
59  39  0.00036009
60  39  0.00012745
61  39  0.00017958
62  39  0.00014550
63  39  0.00022274
0  40  0.00021392
1  40  0.00017988
2  40  0.00026478
3  40  0.00025417
4  40  0.00041913
5  40  0.00014801
6  40  0.00013248
7  40  0.00044756
8  40  0.00044935
9  40  0.00004831
10  40  0.00023023
11  40  0.00020468
12  40  0.00016867
13  40  0.00003215
14  40  0.00028728
15  40  0.00006430
16  40  0.00021543
17  40  0.00036517
18  40  0.00029124
19  40  0.00034616
20  40  0.00035791
21  40  0.00023137
22  40  0.00014979
23  40  0.00020635
24  40  0.00019031
25  40  0.00019302
26  40  0.00015100
27  40  0.00031408
28  40  0.00043558
29  40  0.00028241
30  40  0.00017347
31  40  0.00021410
32  40  0.00042361
33  40  0.00021487
34  40  0.00023142
35  40  0.00029040
36  40  0.00015048
37  40  0.00014445
38  40  0.00011507
39  40  0.00028588
40  40  0.00035127
41  40  0.00021004
42  40  0.00018017
43  40  0.00015070
44  40  0.00024105
45  40  0.00016959
46  40  0.00027284
47  40  0.00012187
48  40  0.00016368
49  40  0.00009945
50  40  0.00036952
51  40  0.00048959
52  40  0.00028756
53  40  0.00040091
54  40  0.00038323
55  40  0.00027864
56  40  0.00037392
57  40  0.00002221
58  40  0.00040762
59  40  0.00021637
60  40  0.00017549
61  40  0.00008995
62  40  0.00021243
63  40  0.00025642
0  41  0.00008738
1  41  0.00053162
2  41  0.00030906
3  41  0.00008125
4  41  0.00022510
5  41  0.00015318
6  41  0.00025741
7  41  0.00019915
8  41  0.00022185
9  41  0.00027560
10  41  0.00029649
11  41  0.00036108
12  41  0.00013395
13  41  0.00014531
14  41  0.00051440
15  41  0.00028449
16  41  0.00041332
17  41  0.00016457
18  41  0.00012738
19  41  0.00017639
20  41  0.00059459
21  41  0.00036077
22  41  0.00028716
23  41  0.00022983
24  41  0.00018840
25  41  0.00014266
26  41  0.00033152
27  41  0.00036196
28  41  0.00022799
29  41  0.00022149
30  41  0.00025417
31  41  0.00010942
32  41  0.00014147
33  41  0.00024685
34  41  0.00015394
35  41  0.00032572
36  41  0.00016969
37  41  0.00009163
38  41  0.00017511
39  41  0.00023291
40  41  0.00030218
41  41  0.00026620
42  41  0.00022390
43  41  0.00022522
44  41  0.00015446
45  41  0.00019602
46  41  0.00047929
47  41  0.00006260
48  41  0.00032047
49  41  0.00062764
50  41  0.00019823
51  41  0.00026486
52  41  0.00025556
53  41  0.00029714
54  41  0.00010200
55  41  0.00034347
56  41  0.00020555
57  41  0.00019758
58  41  0.00014651
59  41  0.00011631
60  41  0.00030572
61  41  0.00035682
62  41  0.00035976
63  41  0.00025179
0  42  0.00017624
1  42  0.00008574
2  42  0.00029910
3  42  0.00023552
4  42  0.00024900
5  42  0.00012613
6  42  0.00017411
7  42  0.00023186
8  42  0.00018336
9  42  0.00008746
10  42  0.00023908
11  42  0.00019797
12  42  0.00017042
13  42  0.00028618
14  42  0.00017141
15  42  0.00015703
16  42  0.00027317
17  42  0.00023635
18  42  0.00030114
19  42  0.00036415
20  42  0.00024355
21  42  0.00038941
22  42  0.00049118
23  42  0.00031503
24  42  0.00020947
25  42  0.00029660
26  42  0.00021527
27  42  0.00017285
28  42  0.00011386
29  42  0.00016850
30  42  0.00016349
31  42  0.00025533
32  42  0.00031394
33  42  0.00009009
34  42  0.00009740
35  42  0.00006842
36  42  0.00028327
37  42  0.00010470
38  42  0.00039599
39  42  0.00030513
40  42  0.00026735
41  42  0.00020318
42  42  0.00023190
43  42  0.00033429
44  42  0.00060112
45  42  0.00016462
46  42  0.00020102
47  42  0.00034314
48  42  0.00045325
49  42  0.00033587
50  42  0.00030269
51  42  0.00022970
52  42  0.00017440
53  42  0.00035345
54  42  0.00023057
55  42  0.00021955
56  42  0.00018106
57  42  0.00039249
58  42  0.00013716
59  42  0.00045758
60  42  0.00025553
61  42  0.00015763
62  42  0.00024236
63  42  0.00053234
0  43  0.00041499
1  43  0.00013961
2  43  0.00022742
3  43  0.00030986
4  43  0.00033763
5  43  0.00031008
6  43  0.00021297
7  43  0.00008959
8  43  0.00027782
9  43  0.00012278
10  43  0.00028722
11  43  0.00038187
12  43  0.00035880
13  43  0.00022619
14  43  0.00033344
15  43  0.00027406
16  43  0.00027850
17  43  0.00022392
18  43  0.00014992
19  43  0.00029796
20  43  0.00038781
21  43  0.00024189
22  43  0.00030416
23  43  0.00033672
24  43  0.00021757
25  43  0.00015816
26  43  0.00016428
27  43  0.00023771
28  43  0.00033026
29  43  0.00031696
30  43  0.00029721
31  43  0.00014787
32  43  0.00044625
33  43  0.00035318
34  43  0.00034869
35  43  0.00029538
36  43  0.00008452
37  43  0.00017078
38  43  0.00015879
39  43  0.00037109
40  43  0.00024092
41  43  0.00012239
42  43  0.00035613
43  43  0.00011134
44  43  0.00030573
45  43  0.00026446
46  43  0.00019652
47  43  0.00013158
48  43  0.00053836
49  43  0.00015798
50  43  0.00033838
51  43  0.00015580
52  43  0.00020788
53  43  0.00020842
54  43  0.00029189
55  43  0.00011515
56  43  0.00022700
57  43  0.00041825
58  43  0.00012049
59  43  0.00046236
60  43  0.00012597
61  43  0.00032238
62  43  0.00024756
63  43  0.00021570
0  44  0.00012343
1  44  0.00048063
2  44  0.00008617
3  44  0.00007666
4  44  0.00020929
5  44  0.00008464
6  44  0.00025917
7  44  0.00017547
8  44  0.00026982
9  44  0.00021129
10  44  0.00020040
11  44  0.00032875
12  44  0.00016239
13  44  0.00031851
14  44  0.00009938
15  44  0.00028796
16  44  0.00046322
17  44  0.00034697
18  44  0.00026094
19  44  0.00052200
20  44  0.00005252
21  44  0.00011917
22  44  0.00025450
23  44  0.00006336
24  44  0.00016522
25  44  0.00015036
26  44  0.00013789
27  44  0.00018613
28  44  0.00009806
29  44  0.00029748
30  44  0.00055061
31  44  0.00005356
32  44  0.00018143
33  44  0.00009504
34  44  0.00011327
35  44  0.00036706
36  44  0.00026230
37  44  0.00024330
38  44  0.00010712
39  44  0.00008388
40  44  0.00032115
41  44  0.00024761
42  44  0.00013896
43  44  0.00014804
44  44  0.00018437
45  44  0.00037744
46  44  0.00021203
47  44  0.00035217
48  44  0.00011530
49  44  0.00008074
50  44  0.00052751
51  44  0.00018165
52  44  0.00011782
53  44  0.00044940
54  44  0.00018756
55  44  0.00014410
56  44  0.00017583
57  44  0.00024736
58  44  0.00036687
59  44  0.00011366
60  44  0.00040521
61  44  0.00028779
62  44  0.00026688
63  44  0.00013172
0  45  0.00015344
1  45  0.00016838
2  45  0.00058672
3  45  0.00022346
4  45  0.00041460
5  45  0.00021072
6  45  0.00029473
7  45  0.00017239
8  45  0.00051312
9  45  0.00035073
10  45  0.00017069
11  45  0.00027891
12  45  0.00029243
13  45  0.00014132
14  45  0.00040961
15  45  0.00028679
16  45  0.00026104
17  45  0.00012214
18  45  0.00063881
19  45  0.00022585
20  45  0.00018915
21  45  0.00017294
22  45  0.00041543
23  45  0.00027527
24  45  0.00013291
25  45  0.00011406
26  45  0.00011624
27  45  0.00013008
28  45  0.00031742
29  45  0.00020187
30  45  0.00013491
31  45  0.00034153
32  45  0.00020258
33  45  0.00031818
34  45  0.00014084
35  45  0.00013872
36  45  0.00006779
37  45  0.00030928
38  45  0.00019064
39  45  0.00016753
40  45  0.00029787
41  45  0.00069882
42  45  0.00007113
43  45  0.00013740
44  45  0.00017067
45  45  0.00015369
46  45  0.00031706
47  45  0.00019826
48  45  0.00015946
49  45  0.00046564
50  45  0.00028462
51  45  0.00014399
52  45  0.00015848
53  45  0.00039340
54  45  0.00048719
55  45  0.00017737
56  45  0.00066230
57  45  0.00029142
58  45  0.00014745
59  45  0.00019089
60  45  0.00032133
61  45  0.00032877
62  45  0.00085028
63  45  0.00039739
0  46  0.00025271
1  46  0.00020055
2  46  0.00030441
3  46  0.00010697
4  46  0.00045254
5  46  0.00016923
6  46  0.00034655
7  46  0.00030519
8  46  0.00010705
9  46  0.00036543
10  46  0.00008232
11  46  0.00022321
12  46  0.00014014
13  46  0.00009560
14  46  0.00017335
15  46  0.00018575
16  46  0.00009255
17  46  0.00017990
18  46  0.00032602
19  46  0.00047760
20  46  0.00015170
21  46  0.00020010
22  46  0.00017050
23  46  0.00014022
24  46  0.00017801
25  46  0.00007508
26  46  0.00028391
27  46  0.00024252
28  46  0.00015929
29  46  0.00032458
30  46  0.00016141
31  46  0.00009202
32  46  0.00023589
33  46  0.00030132
34  46  0.00017206
35  46  0.00014026
36  46  0.00020945
37  46  0.00020694
38  46  0.00015591
39  46  0.00023599
40  46  0.00026738
41  46  0.00039496
42  46  0.00019405
43  46  0.00041642
44  46  0.00020720
45  46  0.00015865
46  46  0.00009534
47  46  0.00022614
48  46  0.00030077
49  46  0.00023702
50  46  0.00023965
51  46  0.00010004
52  46  0.00009211
53  46  0.00022336
54  46  0.00023101
55  46  0.00010736
56  46  0.00025558
57  46  0.00016065
58  46  0.00015699
59  46  0.00023369
60  46  0.00008517
61  46  0.00013879
62  46  0.00041270
63  46  0.00009534
0  47  0.00003029
1  47  0.00002495
2  47  0.00041002
3  47  0.00032812
4  47  0.00040493
5  47  0.00021884
6  47  0.00032621
7  47  0.00027837
8  47  0.00023772
9  47  0.00058566
10  47  0.00005748
11  47  0.00048366
12  47  0.00026111
13  47  0.00014483
14  47  0.00024216
15  47  0.00028936
16  47  0.00036936
17  47  0.00026462
18  47  0.00017329
19  47  0.00025443
20  47  0.00008794
21  47  0.00022106
22  47  0.00021565
23  47  0.00038276
24  47  0.00026300
25  47  0.00045216
26  47  0.00026830
27  47  0.00019281
28  47  0.00023794
29  47  0.00018702
30  47  0.00023097
31  47  0.00026062
32  47  0.00045766
33  47  0.00027070
34  47  0.00033500
35  47  0.00019239
36  47  0.00021798
37  47  0.00039080
38  47  0.00017320
39  47  0.00014348
40  47  0.00015869
41  47  0.00031330
42  47  0.00020010
43  47  0.00014527
44  47  0.00014977
45  47  0.00018041
46  47  0.00035979
47  47  0.00010773
48  47  0.00016452
49  47  0.00028721
50  47  0.00040912
51  47  0.00012179
52  47  0.00023648
53  47  0.00033068
54  47  0.00020253
55  47  0.00014343
56  47  0.00025261
57  47  0.00011074
58  47  0.00016931
59  47  0.00018725
60  47  0.00022589
61  47  0.00011161
62  47  0.00014113
63  47  0.00019006
0  48  0.00023405
1  48  0.00010453
2  48  0.00005180
3  48  0.00012374
4  48  0.00034618
5  48  0.00016071
6  48  0.00027722
7  48  0.00016457
8  48  0.00024949
9  48  0.00009709
10  48  0.00019994
11  48  0.00039923
12  48  0.00014683
13  48  0.00022206
14  48  0.00018062
15  48  0.00021087
16  48  0.00029137
17  48  0.00025425
18  48  0.00017639
19  48  0.00044470
20  48  0.00018585
21  48  0.00038738
22  48  0.00062599
23  48  0.00024224
24  48  0.00021513
25  48  0.00018710
26  48  0.00027652
27  48  0.00034332
28  48  0.00007880
29  48  0.00019883
30  48  0.00027933
31  48  0.00018884
32  48  0.00034154
33  48  0.00019649
34  48  0.00021809
35  48  0.00024096
36  48  0.00034155
37  48  0.00022876
38  48  0.00012872
39  48  0.00017413
40  48  0.00023537
41  48  0.00011898
42  48  0.00018386
43  48  0.00033721
44  48  0.00032009
45  48  0.00034908
46  48  0.00014902
47  48  0.00046835
48  48  0.00027711
49  48  0.00007686
50  48  0.00019212
51  48  0.00018119
52  48  0.00020784
53  48  0.00034429
54  48  0.00022305
55  48  0.00017570
56  48  0.00025410
57  48  0.00038874
58  48  0.00025147
59  48  0.00029684
60  48  0.00042220
61  48  0.00016849
62  48  0.00008544
63  48  0.00020245
0  49  0.00017489
1  49  0.00025004
2  49  0.00023847
3  49  0.00019761
4  49  0.00024161
5  49  0.00019385
6  49  0.00020705
7  49  0.00015911
8  49  0.00024947
9  49  0.00042585
10  49  0.00012087
11  49  0.00024776
12  49  0.00017602
13  49  0.00049452
14  49  0.00012135
15  49  0.00049707
16  49  0.00029154
17  49  0.00032089
18  49  0.00016705
19  49  0.00026573
20  49  0.00018667
21  49  0.00037571
22  49  0.00022580
23  49  0.00027422
24  49  0.00017118
25  49  0.00050101
26  49  0.00024966
27  49  0.00061852
28  49  0.00024661
29  49  0.00024375
30  49  0.00038270
31  49  0.00015428
32  49  0.00025153
33  49  0.00033206
34  49  0.00017052
35  49  0.00028037
36  49  0.00025827
37  49  0.00014607
38  49  0.00009963
39  49  0.00031478
40  49  0.00029628
41  49  0.00036313
42  49  0.00025122
43  49  0.00010202
44  49  0.00035016
45  49  0.00019900
46  49  0.00017152
47  49  0.00013094
48  49  0.00049387
49  49  0.00036305
50  49  0.00019767
51  49  0.00034747
52  49  0.00023034
53  49  0.00012160
54  49  0.00010752
55  49  0.00024927
56  49  0.00023089
57  49  0.00047270
58  49  0.00018052
59  49  0.00017755
60  49  0.00015254
61  49  0.00011535
62  49  0.00011745
63  49  0.00015503
0  50  0.00017616
1  50  0.00014502
2  50  0.00040795
3  50  0.00012053
4  50  0.00045050
5  50  0.00008247
6  50  0.00025968
7  50  0.00010339
8  50  0.00014308
9  50  0.00034996
10  50  0.00009329
11  50  0.00019025
12  50  0.00064217
13  50  0.00017195
14  50  0.00012244
15  50  0.00025635
16  50  0.00030103
17  50  0.00023089
18  50  0.00030789
19  50  0.00063889
20  50  0.00023617
21  50  0.00016566
22  50  0.00014741
23  50  0.00022254
24  50  0.00032999
25  50  0.00029761
26  50  0.00019205
27  50  0.00036093
28  50  0.00024693
29  50  0.00008886
30  50  0.00018299
31  50  0.00030354
32  50  0.00043758
33  50  0.00016472
34  50  0.00019269
35  50  0.00013936
36  50  0.00015599
37  50  0.00025050
38  50  0.00017815
39  50  0.00010371
40  50  0.00026648
41  50  0.00028273
42  50  0.00030174
43  50  0.00011182
44  50  0.00014635
45  50  0.00018501
46  50  0.00016117
47  50  0.00031782
48  50  0.00007837
49  50  0.00015604
50  50  0.00018198
51  50  0.00042119
52  50  0.00025271
53  50  0.00025600
54  50  0.00021355
55  50  0.00014712
56  50  0.00010869
57  50  0.00037076
58  50  0.00024471
59  50  0.00012069
60  50  0.00042089
61  50  0.00014794
62  50  0.00016063
63  50  0.00025412
0  51  0.00023544
1  51  0.00015084
2  51  0.00009221
3  51  0.00011693
4  51  0.00019717
5  51  0.00020857
6  51  0.00034718
7  51  0.00034645
8  51  0.00024493
9  51  0.00015609
10  51  0.00029547
11  51  0.00015739
12  51  0.00009227
13  51  0.00019088
14  51  0.00025497
15  51  0.00031422
16  51  0.00020061
17  51  0.00027756
18  51  0.00007034
19  51  0.00025870
20  51  0.00020285
21  51  0.00029716
22  51  0.00044740
23  51  0.00025890
24  51  0.00033759
25  51  0.00018716
26  51  0.00005735
27  51  0.00021733
28  51  0.00005597
29  51  0.00068584
30  51  0.00023717
31  51  0.00029262
32  51  0.00034874
33  51  0.00010743
34  51  0.00010787
35  51  0.00032027
36  51  0.00012542
37  51  0.00015658
38  51  0.00020364
39  51  0.00013594
40  51  0.00020859
41  51  0.00016319
42  51  0.00018676
43  51  0.00024438
44  51  0.00012748
45  51  0.00013839
46  51  0.00016758
47  51  0.00034687
48  51  0.00018797
49  51  0.00008633
50  51  0.00011726
51  51  0.00046555
52  51  0.00043540
53  51  0.00002560
54  51  0.00050043
55  51  0.00038940
56  51  0.00027317
57  51  0.00011631
58  51  0.00007917
59  51  0.00027704
60  51  0.00009837
61  51  0.00036404
62  51  0.00018006
63  51  0.00026036
0  52  0.00012789
1  52  0.00034347
2  52  0.00035357
3  52  0.00013833
4  52  0.00009548
5  52  0.00026518
6  52  0.00023533
7  52  0.00051226
8  52  0.00009149
9  52  0.00028386
10  52  0.00025903
11  52  0.00018765
12  52  0.00032578
13  52  0.00009848
14  52  0.00015450
15  52  0.00039045
16  52  0.00014656
17  52  0.00031893
18  52  0.00027579
19  52  0.00027569
20  52  0.00039910
21  52  0.00015341
22  52  0.00008882
23  52  0.00018079
24  52  0.00034062
25  52  0.00011101
26  52  0.00007585
27  52  0.00017639
28  52  0.00011287
29  52  0.00023448
30  52  0.00028640
31  52  0.00019513
32  52  0.00031327
33  52  0.00058467
34  52  0.00026476
35  52  0.00026013
36  52  0.00030193
37  52  0.00012941
38  52  0.00012460
39  52  0.00035850
40  52  0.00013287
41  52  0.00013616
42  52  0.00033566
43  52  0.00020603
44  52  0.00031518
45  52  0.00044246
46  52  0.00025931
47  52  0.00031846
48  52  0.00042247
49  52  0.00026384
50  52  0.00021385
51  52  0.00031908
52  52  0.00034582
53  52  0.00033324
54  52  0.00014213
55  52  0.00034979
56  52  0.00008079
57  52  0.00043203
58  52  0.00026401
59  52  0.00018852
60  52  0.00010434
61  52  0.00073855
62  52  0.00018278
63  52  0.00014751
0  53  0.00024183
1  53  0.00018995
2  53  0.00027522
3  53  0.00029682
4  53  0.00049813
5  53  0.00022411
6  53  0.00016611
7  53  0.00025600
8  53  0.00029160
9  53  0.00016204
10  53  0.00024510
11  53  0.00009905
12  53  0.00035369
13  53  0.00028682
14  53  0.00014426
15  53  0.00050968
16  53  0.00029876
17  53  0.00021718
18  53  0.00011194
19  53  0.00023914
20  53  0.00030625
21  53  0.00033048
22  53  0.00015308
23  53  0.00063482
24  53  0.00007559
25  53  0.00015766
26  53  0.00011078
27  53  0.00024631
28  53  0.00026290
29  53  0.00025384
30  53  0.00065887
31  53  0.00022279
32  53  0.00024631
33  53  0.00012207
34  53  0.00014136
35  53  0.00010823
36  53  0.00009267
37  53  0.00032307
38  53  0.00018918
39  53  0.00036983
40  53  0.00014777
41  53  0.00011234
42  53  0.00023147
43  53  0.00009137
44  53  0.00042439
45  53  0.00018781
46  53  0.00024883
47  53  0.00022693
48  53  0.00037750
49  53  0.00015999
50  53  0.00034577
51  53  0.00018115
52  53  0.00026134
53  53  0.00018917
54  53  0.00012353
55  53  0.00007258
56  53  0.00028969
57  53  0.00013855
58  53  0.00014413
59  53  0.00027786
60  53  0.00015232
61  53  0.00010149
62  53  0.00039462
63  53  0.00013447
0  54  0.00015273
1  54  0.00008832
2  54  0.00029255
3  54  0.00013907
4  54  0.00010620
5  54  0.00013373
6  54  0.00040207
7  54  0.00014095
8  54  0.00020069
9  54  0.00014008
10  54  0.00027281
11  54  0.00016112
12  54  0.00017565
13  54  0.00020121
14  54  0.00026848
15  54  0.00028574
16  54  0.00029850
17  54  0.00015854
18  54  0.00036108
19  54  0.00021601
20  54  0.00005294
21  54  0.00027129
22  54  0.00015435
23  54  0.00030891
24  54  0.00017506
25  54  0.00013607
26  54  0.00029009
27  54  0.00018729
28  54  0.00016077
29  54  0.00015505
30  54  0.00025649
31  54  0.00027344
32  54  0.00053604
33  54  0.00029917
34  54  0.00037641
35  54  0.00025468
36  54  0.00040107
37  54  0.00009749
38  54  0.00019510
39  54  0.00020629
40  54  0.00008749
41  54  0.00026103
42  54  0.00039987
43  54  0.00020908
44  54  0.00022595
45  54  0.00023951
46  54  0.00018541
47  54  0.00018581
48  54  0.00024023
49  54  0.00035583
50  54  0.00009232
51  54  0.00011393
52  54  0.00051797
53  54  0.00010975
54  54  0.00033352
55  54  0.00041097
56  54  0.00012999
57  54  0.00039380
58  54  0.00015999
59  54  0.00015758
60  54  0.00045001
61  54  0.00055604
62  54  0.00019093
63  54  0.00014163
0  55  0.00044157
1  55  0.00016806
2  55  0.00023324
3  55  0.00029737
4  55  0.00040310
5  55  0.00013446
6  55  0.00015730
7  55  0.00017122
8  55  0.00053288
9  55  0.00033282
10  55  0.00017239
11  55  0.00018025
12  55  0.00039599
13  55  0.00010976
14  55  0.00041746
15  55  0.00037401
16  55  0.00016140
17  55  0.00015698
18  55  0.00020095
19  55  0.00053385
20  55  0.00013739
21  55  0.00015013
22  55  0.00025904
23  55  0.00020150
24  55  0.00010141
25  55  0.00028799
26  55  0.00015583
27  55  0.00020416
28  55  0.00028918
29  55  0.00018190
30  55  0.00020335
31  55  0.00011767
32  55  0.00030616
33  55  0.00014827
34  55  0.00032839
35  55  0.00067519
36  55  0.00017148
37  55  0.00031342
38  55  0.00045222
39  55  0.00005811
40  55  0.00039139
41  55  0.00029571
42  55  0.00017833
43  55  0.00036944
44  55  0.00020928
45  55  0.00029931
46  55  0.00051824
47  55  0.00026797
48  55  0.00015049
49  55  0.00010204
50  55  0.00006443
51  55  0.00020866
52  55  0.00020520
53  55  0.00054612
54  55  0.00018918
55  55  0.00009143
56  55  0.00013508
57  55  0.00015312
58  55  0.00054009
59  55  0.00006654
60  55  0.00019683
61  55  0.00040744
62  55  0.00031201
63  55  0.00010877
0  56  0.00004572
1  56  0.00018519
2  56  0.00003876
3  56  0.00029303
4  56  0.00025728
5  56  0.00020264
6  56  0.00044123
7  56  0.00020810
8  56  0.00012213
9  56  0.00015944
10  56  0.00029543
11  56  0.00028461
12  56  0.00019840
13  56  0.00017971
14  56  0.00028501
15  56  0.00027326
16  56  0.00030402
17  56  0.00025179
18  56  0.00021789
19  56  0.00015254
20  56  0.00060801
21  56  0.00023338
22  56  0.00014352
23  56  0.00023240
24  56  0.00017719
25  56  0.00031466
26  56  0.00023125
27  56  0.00011834
28  56  0.00042080
29  56  0.00026840
30  56  0.00023983
31  56  0.00016995
32  56  0.00043798
33  56  0.00025428
34  56  0.00033046
35  56  0.00022486
36  56  0.00015633
37  56  0.00027367
38  56  0.00006172
39  56  0.00019173
40  56  0.00027274
41  56  0.00011959
42  56  0.00019739
43  56  0.00030114
44  56  0.00017410
45  56  0.00020083
46  56  0.00048851
47  56  0.00014803
48  56  0.00018851
49  56  0.00012175
50  56  0.00032474
51  56  0.00017101
52  56  0.00015733
53  56  0.00030220
54  56  0.00025138
55  56  0.00027527
56  56  0.00009886
57  56  0.00029741
58  56  0.00014076
59  56  0.00016177
60  56  0.00057069
61  56  0.00033566
62  56  0.00020066
63  56  0.00038962
0  57  0.00012138
1  57  0.00027183
2  57  0.00049967
3  57  0.00015635
4  57  0.00024535
5  57  0.00012878
6  57  0.00013159
7  57  0.00031946
8  57  0.00016627
9  57  0.00019246
10  57  0.00008068
11  57  0.00051861
12  57  0.00058308
13  57  0.00017486
14  57  0.00038453
15  57  0.00013848
16  57  0.00013503
17  57  0.00048004
18  57  0.00014473
19  57  0.00009970
20  57  0.00040740
21  57  0.00029021
22  57  0.00037944
23  57  0.00025066
24  57  0.00007754
25  57  0.00017924
26  57  0.00038782
27  57  0.00021071
28  57  0.00038308
29  57  0.00008684
30  57  0.00012063
31  57  0.00014671
32  57  0.00019242
33  57  0.00024311
34  57  0.00027549
35  57  0.00021271
36  57  0.00019380
37  57  0.00050004
38  57  0.00018034
39  57  0.00037163
40  57  0.00040868
41  57  0.00012551
42  57  0.00021262
43  57  0.00034666
44  57  0.00018345
45  57  0.00033091
46  57  0.00013310
47  57  0.00024734
48  57  0.00011442
49  57  0.00029839
50  57  0.00029301
51  57  0.00023857
52  57  0.00034166
53  57  0.00040196
54  57  0.00036627
55  57  0.00031560
56  57  0.00029508
57  57  0.00024866
58  57  0.00017662
59  57  0.00041010
60  57  0.00030791
61  57  0.00021501
62  57  0.00004585
63  57  0.00010796
0  58  0.00025273
1  58  0.00039471
2  58  0.00018230
3  58  0.00012541
4  58  0.00018760
5  58  0.00024396
6  58  0.00021859
7  58  0.00030042
8  58  0.00024261
9  58  0.00032452
10  58  0.00077220
11  58  0.00025745
12  58  0.00013199
13  58  0.00041863
14  58  0.00016260
15  58  0.00027391
16  58  0.00006961
17  58  0.00013862
18  58  0.00014262
19  58  0.00025357
20  58  0.00038991
21  58  0.00014369
22  58  0.00019982
23  58  0.00043510
24  58  0.00027280
25  58  0.00037801
26  58  0.00049460
27  58  0.00019859
28  58  0.00044796
29  58  0.00021139
30  58  0.00020003
31  58  0.00013601
32  58  0.00049548
33  58  0.00010397
34  58  0.00034958
35  58  0.00032291
36  58  0.00064305
37  58  0.00014997
38  58  0.00039455
39  58  0.00021662
40  58  0.00004221
41  58  0.00029657
42  58  0.00032985
43  58  0.00002998
44  58  0.00012405
45  58  0.00036944
46  58  0.00051814
47  58  0.00037797
48  58  0.00020323
49  58  0.00019970
50  58  0.00049857
51  58  0.00010691
52  58  0.00021311
53  58  0.00008938
54  58  0.00023243
55  58  0.00034260
56  58  0.00022296
57  58  0.00012447
58  58  0.00015296
59  58  0.00012568
60  58  0.00043620
61  58  0.00023100
62  58  0.00023308
63  58  0.00031711
0  59  0.00033010
1  59  0.00029202
2  59  0.00019039
3  59  0.00029179
4  59  0.00045057
5  59  0.00022722
6  59  0.00015495
7  59  0.00021003
8  59  0.00016683
9  59  0.00033694
10  59  0.00010787
11  59  0.00039814
12  59  0.00025190
13  59  0.00026458
14  59  0.00016535
15  59  0.00028305
16  59  0.00010249
17  59  0.00035616
18  59  0.00018945
19  59  0.00021557
20  59  0.00031457
21  59  0.00006259
22  59  0.00017805
23  59  0.00025703
24  59  0.00045691
25  59  0.00017092
26  59  0.00026867
27  59  0.00032839
28  59  0.00019995
29  59  0.00016675
30  59  0.00026403
31  59  0.00039581
32  59  0.00020914
33  59  0.00007329
34  59  0.00028340
35  59  0.00032672
36  59  0.00040886
37  59  0.00049865
38  59  0.00026075
39  59  0.00014620
40  59  0.00025881
41  59  0.00051625
42  59  0.00014067
43  59  0.00020092
44  59  0.00012415
45  59  0.00030083
46  59  0.00045630
47  59  0.00039909
48  59  0.00027191
49  59  0.00025766
50  59  0.00019651
51  59  0.00018051
52  59  0.00023752
53  59  0.00011950
54  59  0.00017006
55  59  0.00017731
56  59  0.00046398
57  59  0.00020453
58  59  0.00009263
59  59  0.00049617
60  59  0.00024105
61  59  0.00033497
62  59  0.00020798
63  59  0.00025859
0  60  0.00029019
1  60  0.00046666
2  60  0.00030953
3  60  0.00024889
4  60  0.00023221
5  60  0.00026039
6  60  0.00024108
7  60  0.00019761
8  60  0.00026548
9  60  0.00013010
10  60  0.00029504
11  60  0.00015487
12  60  0.00027718
13  60  0.00026908
14  60  0.00031372
15  60  0.00024069
16  60  0.00023914
17  60  0.00020574
18  60  0.00042722
19  60  0.00034953
20  60  0.00027019
21  60  0.00031249
22  60  0.00019552
23  60  0.00008284
24  60  0.00015461
25  60  0.00027759
26  60  0.00026900
27  60  0.00029967
28  60  0.00019359
29  60  0.00013443
30  60  0.00019591
31  60  0.00056253
32  60  0.00013685
33  60  0.00011073
34  60  0.00033343
35  60  0.00013284
36  60  0.00019181
37  60  0.00008671
38  60  0.00028365
39  60  0.00008146
40  60  0.00027680
41  60  0.00016533
42  60  0.00019393
43  60  0.00022020
44  60  0.00030198
45  60  0.00016645
46  60  0.00049918
47  60  0.00042512
48  60  0.00020077
49  60  0.00033859
50  60  0.00048785
51  60  0.00007650
52  60  0.00031748
53  60  0.00015041
54  60  0.00010650
55  60  0.00031178
56  60  0.00015048
57  60  0.00041599
58  60  0.00023397
59  60  0.00011143
60  60  0.00015709
61  60  0.00026481
62  60  0.00012586
63  60  0.00029126
0  61  0.00012664
1  61  0.00030590
2  61  0.00061544
3  61  0.00025070
4  61  0.00008856
5  61  0.00013749
6  61  0.00019675
7  61  0.00017294
8  61  0.00013882
9  61  0.00013974
10  61  0.00023517
11  61  0.00008788
12  61  0.00027715
13  61  0.00043641
14  61  0.00019882
15  61  0.00028119
16  61  0.00025303
17  61  0.00012826
18  61  0.00045300
19  61  0.00033380
20  61  0.00029146
21  61  0.00016588
22  61  0.00029629
23  61  0.00021547
24  61  0.00013771
25  61  0.00013107
26  61  0.00008609
27  61  0.00027567
28  61  0.00029114
29  61  0.00021008
30  61  0.00024306
31  61  0.00039613
32  61  0.00016669
33  61  0.00010361
34  61  0.00029634
35  61  0.00043827
36  61  0.00008860
37  61  0.00029355
38  61  0.00029834
39  61  0.00007219
40  61  0.00015935
41  61  0.00032312
42  61  0.00023717
43  61  0.00021584
44  61  0.00015919
45  61  0.00012721
46  61  0.00009382
47  61  0.00042606
48  61  0.00013904
49  61  0.00036296
50  61  0.00024416
51  61  0.00006066
52  61  0.00028175
53  61  0.00027870
54  61  0.00027275
55  61  0.00023460
56  61  0.00041864
57  61  0.00026408
58  61  0.00018483
59  61  0.00048723
60  61  0.00018495
61  61  0.00025961
62  61  0.00042684
63  61  0.00038930
0  62  0.00040470
1  62  0.00023628
2  62  0.00018128
3  62  0.00037976
4  62  0.00025524
5  62  0.00024100
6  62  0.00012209
7  62  0.00020665
8  62  0.00056044
9  62  0.00030626
10  62  0.00020259
11  62  0.00038799
12  62  0.00014460
13  62  0.00026374
14  62  0.00044096
15  62  0.00003936
16  62  0.00024380
17  62  0.00058268
18  62  0.00034165
19  62  0.00029138
20  62  0.00016007
21  62  0.00020392
22  62  0.00014747
23  62  0.00028412
24  62  0.00008552
25  62  0.00012359
26  62  0.00009571
27  62  0.00031175
28  62  0.00011761
29  62  0.00015216
30  62  0.00021526
31  62  0.00028312
32  62  0.00034520
33  62  0.00019846
34  62  0.00062597
35  62  0.00011293
36  62  0.00031854
37  62  0.00013005
38  62  0.00019613
39  62  0.00013904
40  62  0.00025527
41  62  0.00029067
42  62  0.00041019
43  62  0.00024635
44  62  0.00011625
45  62  0.00028910
46  62  0.00022432
47  62  0.00029247
48  62  0.00021612
49  62  0.00019516
50  62  0.00021413
51  62  0.00043859
52  62  0.00042500
53  62  0.00031383
54  62  0.00016864
55  62  0.00019671
56  62  0.00025243
57  62  0.00022913
58  62  0.00019453
59  62  0.00037184
60  62  0.00013255
61  62  0.00012787
62  62  0.00018391
63  62  0.00021679
0  63  0.00028489
1  63  0.00013683
2  63  0.00013693
3  63  0.00017821
4  63  0.00033635
5  63  0.00014038
6  63  0.00008509
7  63  0.00027425
8  63  0.00008971
9  63  0.00011383
10  63  0.00031519
11  63  0.00021657
12  63  0.00029220
13  63  0.00032771
14  63  0.00021644
15  63  0.00039960
16  63  0.00040768
17  63  0.00027222
18  63  0.00009745
19  63  0.00009004
20  63  0.00032669
21  63  0.00019382
22  63  0.00054488
23  63  0.00040712
24  63  0.00027628
25  63  0.00017619
26  63  0.00020036
27  63  0.00006243
28  63  0.00053153
29  63  0.00037395
30  63  0.00024399
31  63  0.00028776
32  63  0.00010686
33  63  0.00023676
34  63  0.00029460
35  63  0.00052856
36  63  0.00028313
37  63  0.00009534
38  63  0.00043286
39  63  0.00027039
40  63  0.00031295
41  63  0.00011913
42  63  0.00022568
43  63  0.00024142
44  63  0.00014481
45  63  0.00025072
46  63  0.00024328
47  63  0.00016302
48  63  0.00025619
49  63  0.00033908
50  63  0.00018798
51  63  0.00022684
52  63  0.00046461
53  63  0.00037439
54  63  0.00036142
55  63  0.00015350
56  63  0.00025293
57  63  0.00019826
58  63  0.00025368
59  63  0.00036876
60  63  0.00028074
61  63  0.00011006
62  63  0.00022863
63  63  0.00036392
