# Spinor density |Psi|^2 at t = 80 seconds
# Grid: 64 x 64
# Columns: x  y  density
0  0  0.00003410
1  0  0.00025046
2  0  0.00018214
3  0  0.00031680
4  0  0.00054116
5  0  0.00027729
6  0  0.00024204
7  0  0.00017161
8  0  0.00008793
9  0  0.00006199
10  0  0.00017122
11  0  0.00011840
12  0  0.00020541
13  0  0.00013791
14  0  0.00014830
15  0  0.00031198
16  0  0.00038579
17  0  0.00030533
18  0  0.00042206
19  0  0.00033381
20  0  0.00018811
21  0  0.00014248
22  0  0.00026252
23  0  0.00011307
24  0  0.00022521
25  0  0.00023001
26  0  0.00011237
27  0  0.00011116
28  0  0.00006821
29  0  0.00055052
30  0  0.00004448
31  0  0.00020642
32  0  0.00020871
33  0  0.00024397
34  0  0.00017112
35  0  0.00016022
36  0  0.00023966
37  0  0.00007946
38  0  0.00043579
39  0  0.00007120
40  0  0.00020476
41  0  0.00024646
42  0  0.00023373
43  0  0.00019912
44  0  0.00029732
45  0  0.00011154
46  0  0.00028447
47  0  0.00011740
48  0  0.00083542
49  0  0.00018723
50  0  0.00033171
51  0  0.00021081
52  0  0.00014203
53  0  0.00017003
54  0  0.00061405
55  0  0.00005048
56  0  0.00030623
57  0  0.00012549
58  0  0.00017419
59  0  0.00012863
60  0  0.00019596
61  0  0.00028483
62  0  0.00036406
63  0  0.00018874
0  1  0.00027537
1  1  0.00044587
2  1  0.00005482
3  1  0.00016938
4  1  0.00026823
5  1  0.00022257
6  1  0.00017877
7  1  0.00027006
8  1  0.00014058
9  1  0.00028248
10  1  0.00014107
11  1  0.00021686
12  1  0.00022268
13  1  0.00034512
14  1  0.00032467
15  1  0.00009419
16  1  0.00021377
17  1  0.00023065
18  1  0.00019429
19  1  0.00021150
20  1  0.00021063
21  1  0.00011159
22  1  0.00022489
23  1  0.00049040
24  1  0.00031212
25  1  0.00028343
26  1  0.00055582
27  1  0.00024425
28  1  0.00008907
29  1  0.00064313
30  1  0.00060888
31  1  0.00047311
32  1  0.00014357
33  1  0.00027404
34  1  0.00012080
35  1  0.00029146
36  1  0.00024331
37  1  0.00007440
38  1  0.00038410
39  1  0.00024744
40  1  0.00030801
41  1  0.00031653
42  1  0.00032065
43  1  0.00016939
44  1  0.00022204
45  1  0.00018938
46  1  0.00020422
47  1  0.00027305
48  1  0.00021793
49  1  0.00019287
50  1  0.00048252
51  1  0.00038966
52  1  0.00015648
53  1  0.00012532
54  1  0.00062265
55  1  0.00056213
56  1  0.00028220
57  1  0.00014022
58  1  0.00023758
59  1  0.00012725
60  1  0.00023705
61  1  0.00032002
62  1  0.00026779
63  1  0.00016355
0  2  0.00023691
1  2  0.00023960
2  2  0.00035777
3  2  0.00019692
4  2  0.00024816
5  2  0.00005453
6  2  0.00049431
7  2  0.00012993
8  2  0.00012279
9  2  0.00027965
10  2  0.00019993
11  2  0.00014933
12  2  0.00018590
13  2  0.00009993
14  2  0.00003286
15  2  0.00040892
16  2  0.00025758
17  2  0.00072886
18  2  0.00039546
19  2  0.00031744
20  2  0.00010895
21  2  0.00018003
22  2  0.00035137
23  2  0.00020522
24  2  0.00006489
25  2  0.00010272
26  2  0.00025970
27  2  0.00011350
28  2  0.00035096
29  2  0.00020795
30  2  0.00020922
31  2  0.00016639
32  2  0.00029542
33  2  0.00025745
34  2  0.00020289
35  2  0.00040958
36  2  0.00040037
37  2  0.00022131
38  2  0.00008622
39  2  0.00014677
40  2  0.00037967
41  2  0.00055535
42  2  0.00019814
43  2  0.00015409
44  2  0.00034311
45  2  0.00013909
46  2  0.00017629
47  2  0.00023957
48  2  0.00028247
49  2  0.00022341
50  2  0.00047935
51  2  0.00039451
52  2  0.00026355
53  2  0.00041786
54  2  0.00048936
55  2  0.00041496
56  2  0.00021203
57  2  0.00044048
58  2  0.00015857
59  2  0.00024143
60  2  0.00042025
61  2  0.00044606
62  2  0.00007689
63  2  0.00009835
0  3  0.00023950
1  3  0.00011528
2  3  0.00049604
3  3  0.00026591
4  3  0.00009898
5  3  0.00058691
6  3  0.00049661
7  3  0.00021223
8  3  0.00030068
9  3  0.00033947
10  3  0.00020763
11  3  0.00019874
12  3  0.00049912
13  3  0.00023320
14  3  0.00018951
15  3  0.00011795
16  3  0.00019622
17  3  0.00005016
18  3  0.00022333
19  3  0.00027818
20  3  0.00035785
21  3  0.00025947
22  3  0.00022177
23  3  0.00034234
24  3  0.00026470
25  3  0.00023188
26  3  0.00021587
27  3  0.00014802
28  3  0.00019773
29  3  0.00014150
30  3  0.00008801
31  3  0.00013670
32  3  0.00014185
33  3  0.00032392
34  3  0.00019399
35  3  0.00052489
36  3  0.00012381
37  3  0.00021365
38  3  0.00017866
39  3  0.00028321
40  3  0.00046063
41  3  0.00013818
42  3  0.00008406
43  3  0.00011291
44  3  0.00042724
45  3  0.00052273
46  3  0.00025922
47  3  0.00030914
48  3  0.00012444
49  3  0.00040176
50  3  0.00022252
51  3  0.00041322
52  3  0.00014818
53  3  0.00021061
54  3  0.00019296
55  3  0.00038296
56  3  0.00017635
57  3  0.00055517
58  3  0.00039979
59  3  0.00030527
60  3  0.00023303
61  3  0.00020950
62  3  0.00006774
63  3  0.00041833
0  4  0.00038856
1  4  0.00033765
2  4  0.00017567
3  4  0.00031929
4  4  0.00001331
5  4  0.00027080
6  4  0.00009762
7  4  0.00038660
8  4  0.00036448
9  4  0.00031923
10  4  0.00018976
11  4  0.00024184
12  4  0.00026024
13  4  0.00033178
14  4  0.00025475
15  4  0.00035451
16  4  0.00046398
17  4  0.00013147
18  4  0.00027297
19  4  0.00005042
20  4  0.00020696
21  4  0.00024330
22  4  0.00040662
23  4  0.00013623
24  4  0.00014587
25  4  0.00017931
26  4  0.00016818
27  4  0.00017398
28  4  0.00015831
29  4  0.00019266
30  4  0.00027647
31  4  0.00036670
32  4  0.00032021
33  4  0.00024855
34  4  0.00020416
35  4  0.00025787
36  4  0.00032921
37  4  0.00005565
38  4  0.00029752
39  4  0.00004639
40  4  0.00019247
41  4  0.00015831
42  4  0.00013747
43  4  0.00019441
44  4  0.00024021
45  4  0.00030899
46  4  0.00032936
47  4  0.00031297
48  4  0.00018402
49  4  0.00015642
50  4  0.00026710
51  4  0.00021913
52  4  0.00022289
53  4  0.00023512
54  4  0.00011079
55  4  0.00044953
56  4  0.00042153
57  4  0.00032733
58  4  0.00009826
59  4  0.00023026
60  4  0.00028827
61  4  0.00030782
62  4  0.00012176
63  4  0.00013624
0  5  0.00028156
1  5  0.00040466
2  5  0.00014953
3  5  0.00038554
4  5  0.00009448
5  5  0.00013019
6  5  0.00005463
7  5  0.00033349
8  5  0.00031686
9  5  0.00039138
10  5  0.00032347
11  5  0.00035108
12  5  0.00021965
13  5  0.00023098
14  5  0.00028512
15  5  0.00020289
16  5  0.00021107
17  5  0.00011639
18  5  0.00039703
19  5  0.00028104
20  5  0.00031834
21  5  0.00057445
22  5  0.00022625
23  5  0.00025472
24  5  0.00009218
25  5  0.00016470
26  5  0.00006550
27  5  0.00018870
28  5  0.00012316
29  5  0.00033091
30  5  0.00004472
31  5  0.00034732
32  5  0.00015677
33  5  0.00023307
34  5  0.00016105
35  5  0.00025977
36  5  0.00014400
37  5  0.00007625
38  5  0.00005554
39  5  0.00022231
40  5  0.00011551
41  5  0.00031662
42  5  0.00022234
43  5  0.00017827
44  5  0.00016125
45  5  0.00014706
46  5  0.00033427
47  5  0.00036892
48  5  0.00022485
49  5  0.00031333
50  5  0.00018321
51  5  0.00007253
52  5  0.00034988
53  5  0.00031575
54  5  0.00004461
55  5  0.00042143
56  5  0.00030552
57  5  0.00015008
58  5  0.00023618
59  5  0.00010085
60  5  0.00029464
61  5  0.00038883
62  5  0.00036354
63  5  0.00018878
0  6  0.00021430
1  6  0.00039407
2  6  0.00016912
3  6  0.00030900
4  6  0.00022350
5  6  0.00022620
6  6  0.00005390
7  6  0.00025683
8  6  0.00012171
9  6  0.00023096
10  6  0.00034547
11  6  0.00020949
12  6  0.00019223
13  6  0.00025056
14  6  0.00008515
15  6  0.00038895
16  6  0.00018021
17  6  0.00029992
18  6  0.00033250
19  6  0.00013109
20  6  0.00029804
21  6  0.00015473
22  6  0.00013314
23  6  0.00048996
24  6  0.00010111
25  6  0.00023094
26  6  0.00026065
27  6  0.00044184
28  6  0.00017231
29  6  0.00014847
30  6  0.00011955
31  6  0.00017618
32  6  0.00013169
33  6  0.00032822
34  6  0.00008011
35  6  0.00028957
36  6  0.00038346
37  6  0.00025757
38  6  0.00032298
39  6  0.00016466
40  6  0.00027069
41  6  0.00028346
42  6  0.00023347
43  6  0.00004537
44  6  0.00014231
45  6  0.00011124
46  6  0.00036801
47  6  0.00007365
48  6  0.00023344
49  6  0.00006529
50  6  0.00028635
51  6  0.00019177
52  6  0.00055551
53  6  0.00013360
54  6  0.00014223
55  6  0.00043437
56  6  0.00027346
57  6  0.00051180
58  6  0.00023724
59  6  0.00003555
60  6  0.00045513
61  6  0.00016186
62  6  0.00034061
63  6  0.00033875
0  7  0.00014458
1  7  0.00037132
2  7  0.00022063
3  7  0.00049778
4  7  0.00028134
5  7  0.00050805
6  7  0.00012317
7  7  0.00019576
8  7  0.00017589
9  7  0.00022228
10  7  0.00032155
11  7  0.00017126
12  7  0.00028345
13  7  0.00040287
14  7  0.00026279
15  7  0.00032965
16  7  0.00041347
17  7  0.00031490
18  7  0.00039393
19  7  0.00027872
20  7  0.00039058
21  7  0.00036446
22  7  0.00015808
23  7  0.00025558
24  7  0.00012542
25  7  0.00021733
26  7  0.00039054
27  7  0.00011193
28  7  0.00044375
29  7  0.00012166
30  7  0.00012017
31  7  0.00012279
32  7  0.00013534
33  7  0.00042362
34  7  0.00022120
35  7  0.00026640
36  7  0.00009524
37  7  0.00040397
38  7  0.00007749
39  7  0.00023223
40  7  0.00017831
41  7  0.00012421
42  7  0.00020742
43  7  0.00009048
44  7  0.00025755
45  7  0.00022502
46  7  0.00022745
47  7  0.00034682
48  7  0.00030331
49  7  0.00025387
50  7  0.00006390
51  7  0.00018824
52  7  0.00012403
53  7  0.00017832
54  7  0.00016418
55  7  0.00029914
56  7  0.00045069
57  7  0.00009043
58  7  0.00037500
59  7  0.00017134
60  7  0.00016770
61  7  0.00036940
62  7  0.00020679
63  7  0.00025744
0  8  0.00031339
1  8  0.00015641
2  8  0.00025546
3  8  0.00028397
4  8  0.00029535
5  8  0.00017392
6  8  0.00019772
7  8  0.00021509
8  8  0.00019766
9  8  0.00022713
10  8  0.00023426
11  8  0.00008538
12  8  0.00017523
13  8  0.00009382
14  8  0.00053161
15  8  0.00024667
16  8  0.00019016
17  8  0.00047464
18  8  0.00023226
19  8  0.00052720
20  8  0.00014819
21  8  0.00008192
22  8  0.00021915
23  8  0.00042970
24  8  0.00024803
25  8  0.00016372
26  8  0.00032377
27  8  0.00010278
28  8  0.00042148
29  8  0.00023361
30  8  0.00016969
31  8  0.00021273
32  8  0.00030502
33  8  0.00019004
34  8  0.00005590
35  8  0.00005591
36  8  0.00022203
37  8  0.00023203
38  8  0.00012927
39  8  0.00020436
40  8  0.00026371
41  8  0.00018403
42  8  0.00018911
43  8  0.00029175
44  8  0.00017050
45  8  0.00033667
46  8  0.00018530
47  8  0.00024613
48  8  0.00014753
49  8  0.00008843
50  8  0.00012971
51  8  0.00029404
52  8  0.00018381
53  8  0.00027382
54  8  0.00025614
55  8  0.00034587
56  8  0.00018857
57  8  0.00035062
58  8  0.00016230
59  8  0.00051313
60  8  0.00032705
61  8  0.00042732
62  8  0.00027937
63  8  0.00019754
0  9  0.00020872
1  9  0.00012316
2  9  0.00015599
3  9  0.00023866
4  9  0.00033165
5  9  0.00033628
6  9  0.00021921
7  9  0.00025944
8  9  0.00020858
9  9  0.00024208
10  9  0.00042897
11  9  0.00016068
12  9  0.00036894
13  9  0.00010425
14  9  0.00023301
15  9  0.00033108
16  9  0.00014505
17  9  0.00027309
18  9  0.00036571
19  9  0.00018196
20  9  0.00043823
21  9  0.00021400
22  9  0.00020409
23  9  0.00003292
24  9  0.00015358
25  9  0.00092235
26  9  0.00023061
27  9  0.00018711
28  9  0.00013467
29  9  0.00009519
30  9  0.00009766
31  9  0.00018768
32  9  0.00026093
33  9  0.00007623
34  9  0.00046855
35  9  0.00024623
36  9  0.00012057
37  9  0.00031809
38  9  0.00011990
39  9  0.00029360
40  9  0.00034971
41  9  0.00024210
42  9  0.00046293
43  9  0.00013614
44  9  0.00023682
45  9  0.00030080
46  9  0.00032102
47  9  0.00014908
48  9  0.00015057
49  9  0.00013250
50  9  0.00006170
51  9  0.00037740
52  9  0.00020231
53  9  0.00020231
54  9  0.00049333
55  9  0.00014243
56  9  0.00019442
57  9  0.00016665
58  9  0.00017610
59  9  0.00029731
60  9  0.00009402
61  9  0.00035564
62  9  0.00007420
63  9  0.00044769
0  10  0.00002813
1  10  0.00022239
2  10  0.00026905
3  10  0.00005470
4  10  0.00012557
5  10  0.00027329
6  10  0.00006153
7  10  0.00046959
8  10  0.00025011
9  10  0.00003843
10  10  0.00029962
11  10  0.00013058
12  10  0.00032682
13  10  0.00029665
14  10  0.00019560
15  10  0.00010086
16  10  0.00007382
17  10  0.00010460
18  10  0.00039976
19  10  0.00045902
20  10  0.00053634
21  10  0.00020988
22  10  0.00018182
23  10  0.00016558
24  10  0.00019338
25  10  0.00024542
26  10  0.00023051
27  10  0.00034052
28  10  0.00007808
29  10  0.00048122
30  10  0.00014550
31  10  0.00036935
32  10  0.00015299
33  10  0.00020332
34  10  0.00017681
35  10  0.00022258
36  10  0.00035668
37  10  0.00010734
38  10  0.00020671
39  10  0.00022824
40  10  0.00032323
41  10  0.00042415
42  10  0.00057119
43  10  0.00005214
44  10  0.00043031
45  10  0.00014254
46  10  0.00037897
47  10  0.00025295
48  10  0.00013641
49  10  0.00009993
50  10  0.00031671
51  10  0.00019410
52  10  0.00026678
53  10  0.00017881
54  10  0.00024556
55  10  0.00036023
56  10  0.00037692
57  10  0.00023862
58  10  0.00054365
59  10  0.00012092
60  10  0.00023961
61  10  0.00044599
62  10  0.00027478
63  10  0.00025378
0  11  0.00038451
1  11  0.00048349
2  11  0.00011992
3  11  0.00036476
4  11  0.00035349
5  11  0.00035472
6  11  0.00033088
7  11  0.00017244
8  11  0.00002753
9  11  0.00024432
10  11  0.00034295
11  11  0.00008375
12  11  0.00028618
13  11  0.00011326
14  11  0.00014559
15  11  0.00020211
16  11  0.00019935
17  11  0.00033193
18  11  0.00030836
19  11  0.00020283
20  11  0.00012757
21  11  0.00025056
22  11  0.00021790
23  11  0.00041628
24  11  0.00022263
25  11  0.00012440
26  11  0.00017097
27  11  0.00028647
28  11  0.00035832
29  11  0.00020577
30  11  0.00018904
31  11  0.00024128
32  11  0.00021012
33  11  0.00020828
34  11  0.00023451
35  11  0.00027612
36  11  0.00012634
37  11  0.00045760
38  11  0.00025342
39  11  0.00018309
40  11  0.00020750
41  11  0.00021237
42  11  0.00025883
43  11  0.00018798
44  11  0.00026961
45  11  0.00013766
46  11  0.00023201
47  11  0.00020482
48  11  0.00017104
49  11  0.00051306
50  11  0.00010390
51  11  0.00050871
52  11  0.00031080
53  11  0.00035979
54  11  0.00012650
55  11  0.00040702
56  11  0.00005733
57  11  0.00031458
58  11  0.00024985
59  11  0.00039431
60  11  0.00014444
61  11  0.00025197
62  11  0.00012798
63  11  0.00016923
0  12  0.00037183
1  12  0.00019380
2  12  0.00026433
3  12  0.00030548
4  12  0.00032160
5  12  0.00032525
6  12  0.00021420
7  12  0.00027851
8  12  0.00029262
9  12  0.00029606
10  12  0.00016363
11  12  0.00029397
12  12  0.00014729
13  12  0.00007932
14  12  0.00041430
15  12  0.00029705
16  12  0.00025037
17  12  0.00017351
18  12  0.00031490
19  12  0.00027633
20  12  0.00011674
21  12  0.00016535
22  12  0.00015924
23  12  0.00009368
24  12  0.00017244
25  12  0.00030185
26  12  0.00034303
27  12  0.00015418
28  12  0.00060541
29  12  0.00040213
30  12  0.00020034
31  12  0.00029821
32  12  0.00022436
33  12  0.00040170
34  12  0.00014830
35  12  0.00047552
36  12  0.00022161
37  12  0.00029176
38  12  0.00034959
39  12  0.00032263
40  12  0.00030542
41  12  0.00016844
42  12  0.00035286
43  12  0.00033092
44  12  0.00013384
45  12  0.00051520
46  12  0.00050223
47  12  0.00006498
48  12  0.00016354
49  12  0.00029100
50  12  0.00035550
51  12  0.00020388
52  12  0.00030307
53  12  0.00024738
54  12  0.00021582
55  12  0.00001825
56  12  0.00022037
57  12  0.00025953
58  12  0.00025136
59  12  0.00024889
60  12  0.00010990
61  12  0.00039673
62  12  0.00009387
63  12  0.00017522
0  13  0.00038506
1  13  0.00012517
2  13  0.00029028
3  13  0.00027860
4  13  0.00014395
5  13  0.00042950
6  13  0.00016027
7  13  0.00030155
8  13  0.00034145
9  13  0.00020526
10  13  0.00006712
11  13  0.00032942
12  13  0.00021106
13  13  0.00027465
14  13  0.00030091
15  13  0.00009466
16  13  0.00031287
17  13  0.00013662
18  13  0.00027346
19  13  0.00013853
20  13  0.00040876
21  13  0.00031413
22  13  0.00042549
23  13  0.00007452
24  13  0.00011831
25  13  0.00021581
26  13  0.00039670
27  13  0.00047706
28  13  0.00004267
29  13  0.00018993
30  13  0.00014976
31  13  0.00005264
32  13  0.00036022
33  13  0.00038621
34  13  0.00010942
35  13  0.00014768
36  13  0.00026550
37  13  0.00022226
38  13  0.00037391
39  13  0.00024459
40  13  0.00033138
41  13  0.00025188
42  13  0.00030748
43  13  0.00029250
44  13  0.00022220
45  13  0.00045543
46  13  0.00019104
47  13  0.00007978
48  13  0.00015786
49  13  0.00028457
50  13  0.00022665
51  13  0.00016104
52  13  0.00031135
53  13  0.00053324
54  13  0.00011168
55  13  0.00057725
56  13  0.00024145
57  13  0.00031922
58  13  0.00034631
59  13  0.00032527
60  13  0.00018410
61  13  0.00005152
62  13  0.00030982
63  13  0.00009567
0  14  0.00038830
1  14  0.00032810
2  14  0.00017293
3  14  0.00044168
4  14  0.00018081
5  14  0.00033241
6  14  0.00012376
7  14  0.00027150
8  14  0.00020244
9  14  0.00016825
10  14  0.00022502
11  14  0.00030260
12  14  0.00014050
13  14  0.00035807
14  14  0.00024033
15  14  0.00015016
16  14  0.00045246
17  14  0.00022467
18  14  0.00006523
19  14  0.00015146
20  14  0.00023387
21  14  0.00018242
22  14  0.00023028
23  14  0.00013108
24  14  0.00009085
25  14  0.00020846
26  14  0.00015646
27  14  0.00018795
28  14  0.00013342
29  14  0.00024498
30  14  0.00015982
31  14  0.00057252
32  14  0.00029681
33  14  0.00038449
34  14  0.00017679
35  14  0.00021484
36  14  0.00039265
37  14  0.00016456
38  14  0.00013300
39  14  0.00033266
40  14  0.00033998
41  14  0.00052805
42  14  0.00030416
43  14  0.00017602
44  14  0.00036137
45  14  0.00029703
46  14  0.00035313
47  14  0.00019085
48  14  0.00042195
49  14  0.00040793
50  14  0.00012276
51  14  0.00034781
52  14  0.00030458
53  14  0.00012540
54  14  0.00040915
55  14  0.00035251
56  14  0.00012724
57  14  0.00033014
58  14  0.00026429
59  14  0.00031290
60  14  0.00039994
61  14  0.00014821
62  14  0.00012247
63  14  0.00012586
0  15  0.00030349
1  15  0.00052642
2  15  0.00016618
3  15  0.00046613
4  15  0.00024274
5  15  0.00023844
6  15  0.00010748
7  15  0.00045586
8  15  0.00017515
9  15  0.00022164
10  15  0.00031871
11  15  0.00019457
12  15  0.00017124
13  15  0.00018773
14  15  0.00042262
15  15  0.00035946
16  15  0.00014111
17  15  0.00029295
18  15  0.00030120
19  15  0.00012638
20  15  0.00014932
21  15  0.00062454
22  15  0.00019527
23  15  0.00026064
24  15  0.00018844
25  15  0.00022299
26  15  0.00011290
27  15  0.00012685
28  15  0.00017622
29  15  0.00010534
30  15  0.00057645
31  15  0.00018147
32  15  0.00012267
33  15  0.00040418
34  15  0.00066664
35  15  0.00027748
36  15  0.00036539
37  15  0.00015699
38  15  0.00016419
39  15  0.00035959
40  15  0.00043976
41  15  0.00036512
42  15  0.00013480
43  15  0.00043174
44  15  0.00027185
45  15  0.00047804
46  15  0.00010847
47  15  0.00031158
48  15  0.00014148
49  15  0.00012937
50  15  0.00029218
51  15  0.00012671
52  15  0.00032572
53  15  0.00017257
54  15  0.00049360
55  15  0.00029855
56  15  0.00030995
57  15  0.00004946
58  15  0.00031385
59  15  0.00023775
60  15  0.00006770
61  15  0.00017838
62  15  0.00019380
63  15  0.00029828
0  16  0.00031744
1  16  0.00024002
2  16  0.00039946
3  16  0.00017397
4  16  0.00024734
5  16  0.00015336
6  16  0.00012628
7  16  0.00042109
8  16  0.00036428
9  16  0.00019032
10  16  0.00014031
11  16  0.00030606
12  16  0.00019106
13  16  0.00025141
14  16  0.00033002
15  16  0.00016760
16  16  0.00047120
17  16  0.00018336
18  16  0.00034130
19  16  0.00029195
20  16  0.00021771
21  16  0.00013807
22  16  0.00034160
23  16  0.00036677
24  16  0.00005925
25  16  0.00016591
26  16  0.00027192
27  16  0.00030493
28  16  0.00021471
29  16  0.00018165
30  16  0.00016226
31  16  0.00057234
32  16  0.00020524
33  16  0.00007808
34  16  0.00011690
35  16  0.00020414
36  16  0.00049487
37  16  0.00031131
38  16  0.00026463
39  16  0.00028925
40  16  0.00005623
41  16  0.00040052
42  16  0.00010751
43  16  0.00019485
44  16  0.00011520
45  16  0.00027088
46  16  0.00021996
47  16  0.00014685
48  16  0.00038479
49  16  0.00012911
50  16  0.00018873
51  16  0.00032212
52  16  0.00015055
53  16  0.00019554
54  16  0.00020859
55  16  0.00010440
56  16  0.00008190
57  16  0.00033115
58  16  0.00025681
59  16  0.00027993
60  16  0.00018274
61  16  0.00035020
62  16  0.00027131
63  16  0.00020294
0  17  0.00040489
1  17  0.00029796
2  17  0.00022098
3  17  0.00015551
4  17  0.00017368
5  17  0.00016318
6  17  0.00027135
7  17  0.00027493
8  17  0.00034798
9  17  0.00020106
10  17  0.00024605
11  17  0.00039844
12  17  0.00009652
13  17  0.00047378
14  17  0.00005117
15  17  0.00008872
16  17  0.00004906
17  17  0.00024872
18  17  0.00035401
19  17  0.00024901
20  17  0.00028073
21  17  0.00045628
22  17  0.00026628
23  17  0.00031949
24  17  0.00035273
25  17  0.00012710
26  17  0.00017574
27  17  0.00018994
28  17  0.00010917
29  17  0.00029795
30  17  0.00060842
31  17  0.00030585
32  17  0.00008348
33  17  0.00030559
34  17  0.00025395
35  17  0.00037647
36  17  0.00014637
37  17  0.00026811
38  17  0.00032809
39  17  0.00038989
40  17  0.00032714
41  17  0.00015181
42  17  0.00036221
43  17  0.00011902
44  17  0.00022325
45  17  0.00016019
46  17  0.00025466
47  17  0.00032948
48  17  0.00006837
49  17  0.00014776
50  17  0.00015581
51  17  0.00025244
52  17  0.00027217
53  17  0.00073159
54  17  0.00014610
55  17  0.00015392
56  17  0.00025039
57  17  0.00034784
58  17  0.00015295
59  17  0.00012072
60  17  0.00042960
61  17  0.00058204
62  17  0.00035458
63  17  0.00020478
0  18  0.00018671
1  18  0.00040845
2  18  0.00020781
3  18  0.00007426
4  18  0.00013095
5  18  0.00031371
6  18  0.00016105
7  18  0.00028540
8  18  0.00034297
9  18  0.00014561
10  18  0.00034030
11  18  0.00012128
12  18  0.00011645
13  18  0.00018329
14  18  0.00009863
15  18  0.00021457
16  18  0.00026677
17  18  0.00038297
18  18  0.00022389
19  18  0.00043230
20  18  0.00018342
21  18  0.00045660
22  18  0.00017646
23  18  0.00024077
24  18  0.00023887
25  18  0.00036853
26  18  0.00015579
27  18  0.00039581
28  18  0.00024855
29  18  0.00012769
30  18  0.00037286
31  18  0.00007608
32  18  0.00031927
33  18  0.00024925
34  18  0.00012308
35  18  0.00023564
36  18  0.00055654
37  18  0.00013243
38  18  0.00012280
39  18  0.00027219
40  18  0.00026986
41  18  0.00014291
42  18  0.00027453
43  18  0.00011227
44  18  0.00053819
45  18  0.00019269
46  18  0.00008981
47  18  0.00030850
48  18  0.00027735
49  18  0.00049990
50  18  0.00043379
51  18  0.00032979
52  18  0.00002637
53  18  0.00033471
54  18  0.00007036
55  18  0.00009198
56  18  0.00014045
57  18  0.00031295
58  18  0.00008728
59  18  0.00019045
60  18  0.00025831
61  18  0.00010795
62  18  0.00028111
63  18  0.00023599
0  19  0.00015987
1  19  0.00027917
2  19  0.00010612
3  19  0.00013205
4  19  0.00013325
5  19  0.00022740
6  19  0.00046209
7  19  0.00036998
8  19  0.00012708
9  19  0.00019208
10  19  0.00013277
11  19  0.00034713
12  19  0.00032411
13  19  0.00025537
14  19  0.00019667
15  19  0.00006812
16  19  0.00027188
17  19  0.00020716
18  19  0.00019543
19  19  0.00013357
20  19  0.00016347
21  19  0.00033929
22  19  0.00018279
23  19  0.00033119
24  19  0.00025467
25  19  0.00019043
26  19  0.00023993
27  19  0.00013970
28  19  0.00040881
29  19  0.00014478
30  19  0.00021912
31  19  0.00057836
32  19  0.00017102
33  19  0.00031691
34  19  0.00027749
35  19  0.00023277
36  19  0.00026330
37  19  0.00016032
38  19  0.00053392
39  19  0.00020523
40  19  0.00048730
41  19  0.00053556
42  19  0.00031271
43  19  0.00014670
44  19  0.00020832
45  19  0.00025480
46  19  0.00024286
47  19  0.00013465
48  19  0.00013176
49  19  0.00030091
50  19  0.00038211
51  19  0.00009778
52  19  0.00014785
53  19  0.00018748
54  19  0.00036723
55  19  0.00017086
56  19  0.00025343
57  19  0.00032926
58  19  0.00033860
59  19  0.00010205
60  19  0.00014851
61  19  0.00012065
62  19  0.00010434
63  19  0.00019145
0  20  0.00023077
1  20  0.00014027
2  20  0.00013004
3  20  0.00018695
4  20  0.00028420
5  20  0.00024290
6  20  0.00050096
7  20  0.00044627
8  20  0.00003796
9  20  0.00012664
10  20  0.00014732
11  20  0.00015951
12  20  0.00012648
13  20  0.00018033
14  20  0.00018204
15  20  0.00040938
16  20  0.00016786
17  20  0.00037185
18  20  0.00014376
19  20  0.00026042
20  20  0.00042039
21  20  0.00003615
22  20  0.00022800
23  20  0.00030454
24  20  0.00018413
25  20  0.00017193
26  20  0.00026605
27  20  0.00026847
28  20  0.00017320
29  20  0.00023169
30  20  0.00013824
31  20  0.00008465
32  20  0.00016298
33  20  0.00006778
34  20  0.00016592
35  20  0.00050593
36  20  0.00018767
37  20  0.00028998
38  20  0.00040915
39  20  0.00029059
40  20  0.00037148
41  20  0.00014286
42  20  0.00017515
43  20  0.00024278
44  20  0.00041530
45  20  0.00006825
46  20  0.00033872
47  20  0.00041503
48  20  0.00025791
49  20  0.00024365
50  20  0.00004031
51  20  0.00006392
52  20  0.00010018
53  20  0.00040670
54  20  0.00028551
55  20  0.00016979
56  20  0.00016990
57  20  0.00013149
58  20  0.00035250
59  20  0.00022984
60  20  0.00023435
61  20  0.00022340
62  20  0.00007259
63  20  0.00014394
0  21  0.00034452
1  21  0.00024364
2  21  0.00029047
3  21  0.00033682
4  21  0.00032812
5  21  0.00024399
6  21  0.00041205
7  21  0.00025472
8  21  0.00023000
9  21  0.00012968
10  21  0.00016412
11  21  0.00027091
12  21  0.00051381
13  21  0.00023880
14  21  0.00037278
15  21  0.00009753
16  21  0.00025682
17  21  0.00014762
18  21  0.00020252
19  21  0.00023885
20  21  0.00023096
21  21  0.00008447
22  21  0.00025864
23  21  0.00016713
24  21  0.00012386
25  21  0.00026974
26  21  0.00012477
27  21  0.00007955
28  21  0.00012095
29  21  0.00006008
30  21  0.00008166
31  21  0.00020116
32  21  0.00028647
33  21  0.00012417
34  21  0.00017960
35  21  0.00032931
36  21  0.00041333
37  21  0.00039077
38  21  0.00023825
39  21  0.00025803
40  21  0.00039504
41  21  0.00025055
42  21  0.00014048
43  21  0.00012728
44  21  0.00008255
45  21  0.00029427
46  21  0.00026417
47  21  0.00024333
48  21  0.00018142
49  21  0.00041451
50  21  0.00036227
51  21  0.00019074
52  21  0.00027856
53  21  0.00008738
54  21  0.00019762
55  21  0.00023339
56  21  0.00024186
57  21  0.00027100
58  21  0.00005959
59  21  0.00029534
60  21  0.00026068
61  21  0.00043363
62  21  0.00038425
63  21  0.00010997
0  22  0.00014563
1  22  0.00037132
2  22  0.00022423
3  22  0.00023942
4  22  0.00013250
5  22  0.00016619
6  22  0.00036098
7  22  0.00034818
8  22  0.00022912
9  22  0.00027892
10  22  0.00016019
11  22  0.00026991
12  22  0.00020859
13  22  0.00030236
14  22  0.00020717
15  22  0.00042711
16  22  0.00012752
17  22  0.00036708
18  22  0.00031340
19  22  0.00022844
20  22  0.00049948
21  22  0.00010322
22  22  0.00013094
23  22  0.00011324
24  22  0.00021947
25  22  0.00028447
26  22  0.00031435
27  22  0.00017646
28  22  0.00027170
29  22  0.00037624
30  22  0.00015244
31  22  0.00012586
32  22  0.00033680
33  22  0.00020442
34  22  0.00038378
35  22  0.00007179
36  22  0.00033094
37  22  0.00013614
38  22  0.00024787
39  22  0.00022534
40  22  0.00023957
41  22  0.00027786
42  22  0.00011454
43  22  0.00023397
44  22  0.00008370
45  22  0.00011387
46  22  0.00018433
47  22  0.00026186
48  22  0.00020886
49  22  0.00014738
50  22  0.00015260
51  22  0.00005600
52  22  0.00025800
53  22  0.00019501
54  22  0.00017874
55  22  0.00026728
56  22  0.00025833
57  22  0.00013375
58  22  0.00025993
59  22  0.00023229
60  22  0.00023306
61  22  0.00025040
62  22  0.00026579
63  22  0.00002668
0  23  0.00008513
1  23  0.00020605
2  23  0.00019556
3  23  0.00029617
4  23  0.00011743
5  23  0.00026090
6  23  0.00017235
7  23  0.00035186
8  23  0.00007755
9  23  0.00015700
10  23  0.00018512
11  23  0.00033962
12  23  0.00026018
13  23  0.00017018
14  23  0.00036566
15  23  0.00016151
16  23  0.00025582
17  23  0.00018049
18  23  0.00040374
19  23  0.00035378
20  23  0.00051192
21  23  0.00014456
22  23  0.00030663
23  23  0.00030390
24  23  0.00011457
25  23  0.00012650
26  23  0.00023173
27  23  0.00008526
28  23  0.00037469
29  23  0.00015423
30  23  0.00013776
31  23  0.00026236
32  23  0.00016529
33  23  0.00088401
34  23  0.00069873
35  23  0.00028413
36  23  0.00015733
37  23  0.00010900
38  23  0.00022686
39  23  0.00052608
40  23  0.00026286
41  23  0.00021162
42  23  0.00014826
43  23  0.00029602
44  23  0.00006768
45  23  0.00009709
46  23  0.00015781
47  23  0.00020432
48  23  0.00016447
49  23  0.00049727
50  23  0.00029833
51  23  0.00025213
52  23  0.00018942
53  23  0.00016368
54  23  0.00023022
55  23  0.00023988
56  23  0.00014889
57  23  0.00028058
58  23  0.00015237
59  23  0.00045882
60  23  0.00027810
61  23  0.00046416
62  23  0.00024195
63  23  0.00019681
0  24  0.00018685
1  24  0.00022098
2  24  0.00024820
3  24  0.00019328
4  24  0.00021164
5  24  0.00032760
6  24  0.00023103
7  24  0.00009232
8  24  0.00022824
9  24  0.00050551
10  24  0.00014489
11  24  0.00048243
12  24  0.00025746
13  24  0.00012700
14  24  0.00017811
15  24  0.00029979
16  24  0.00024965
17  24  0.00019887
18  24  0.00021174
19  24  0.00021572
20  24  0.00017233
21  24  0.00036763
22  24  0.00035199
23  24  0.00028840
24  24  0.00005762
25  24  0.00009597
26  24  0.00021104
27  24  0.00010900
28  24  0.00042332
29  24  0.00017304
30  24  0.00040715
31  24  0.00010830
32  24  0.00013928
33  24  0.00032468
34  24  0.00035156
35  24  0.00027213
36  24  0.00007336
37  24  0.00032297
38  24  0.00032164
39  24  0.00029385
40  24  0.00029919
41  24  0.00008290
42  24  0.00013082
43  24  0.00032052
44  24  0.00019586
45  24  0.00016198
46  24  0.00046553
47  24  0.00005415
48  24  0.00009635
49  24  0.00024873
50  24  0.00031134
51  24  0.00009787
52  24  0.00052995
53  24  0.00025569
54  24  0.00009363
55  24  0.00037362
56  24  0.00045964
57  24  0.00026417
58  24  0.00021929
59  24  0.00031138
60  24  0.00021160
61  24  0.00032603
62  24  0.00021915
63  24  0.00018444
0  25  0.00013847
1  25  0.00024787
2  25  0.00014389
3  25  0.00030554
4  25  0.00007902
5  25  0.00022143
6  25  0.00026387
7  25  0.00025416
8  25  0.00027128
9  25  0.00036629
10  25  0.00014068
11  25  0.00016245
12  25  0.00014574
13  25  0.00039587
14  25  0.00040044
15  25  0.00029897
16  25  0.00019450
17  25  0.00036764
18  25  0.00017539
19  25  0.00026642
20  25  0.00025446
21  25  0.00028316
22  25  0.00005091
23  25  0.00014606
24  25  0.00029200
25  25  0.00039290
26  25  0.00034151
27  25  0.00020451
28  25  0.00030684
29  25  0.00056994
30  25  0.00046077
31  25  0.00020158
32  25  0.00019270
33  25  0.00031348
34  25  0.00010718
35  25  0.00027111
36  25  0.00025331
37  25  0.00009544
38  25  0.00022488
39  25  0.00031088
40  25  0.00019538
41  25  0.00025600
42  25  0.00025807
43  25  0.00030639
44  25  0.00012333
45  25  0.00022985
46  25  0.00027745
47  25  0.00017287
48  25  0.00009365
49  25  0.00017197
50  25  0.00013229
51  25  0.00022339
52  25  0.00011526
53  25  0.00019525
54  25  0.00009123
55  25  0.00013763
56  25  0.00017888
57  25  0.00029396
58  25  0.00028257
59  25  0.00031577
60  25  0.00020791
61  25  0.00027177
62  25  0.00031691
63  25  0.00024544
0  26  0.00031318
1  26  0.00037137
2  26  0.00035846
3  26  0.00011213
4  26  0.00036866
5  26  0.00014093
6  26  0.00014381
7  26  0.00029180
8  26  0.00006028
9  26  0.00025452
10  26  0.00034564
11  26  0.00034546
12  26  0.00013828
13  26  0.00043781
14  26  0.00030503
15  26  0.00037408
16  26  0.00004112
17  26  0.00017029
18  26  0.00006975
19  26  0.00021022
20  26  0.00029724
21  26  0.00010768
22  26  0.00009343
23  26  0.00021434
24  26  0.00048656
25  26  0.00034811
26  26  0.00042144
27  26  0.00028663
28  26  0.00023146
29  26  0.00024187
30  26  0.00018621
31  26  0.00019125
32  26  0.00027068
33  26  0.00031847
34  26  0.00025030
35  26  0.00034579
36  26  0.00025529
37  26  0.00013883
38  26  0.00029326
39  26  0.00059358
40  26  0.00014257
41  26  0.00031844
42  26  0.00014905
43  26  0.00014408
44  26  0.00006000
45  26  0.00010011
46  26  0.00022570
47  26  0.00037247
48  26  0.00052655
49  26  0.00028943
50  26  0.00039903
51  26  0.00008752
52  26  0.00048696
53  26  0.00033125
54  26  0.00013458
55  26  0.00049248
56  26  0.00021584
57  26  0.00033906
58  26  0.00053335
59  26  0.00037491
60  26  0.00027806
61  26  0.00005740
62  26  0.00035254
63  26  0.00012621
0  27  0.00017038
1  27  0.00024377
2  27  0.00030529
3  27  0.00014507
4  27  0.00047060
5  27  0.00016508
6  27  0.00045121
7  27  0.00022363
8  27  0.00005972
9  27  0.00022091
10  27  0.00006778
11  27  0.00026387
12  27  0.00015658
13  27  0.00032391
14  27  0.00010337
15  27  0.00023559
16  27  0.00025522
17  27  0.00011090
18  27  0.00030687
19  27  0.00012814
20  27  0.00014691
21  27  0.00049293
22  27  0.00011819
23  27  0.00012063
24  27  0.00022933
25  27  0.00021556
26  27  0.00007672
27  27  0.00017544
28  27  0.00022721
29  27  0.00035998
30  27  0.00026746
31  27  0.00022337
32  27  0.00022955
33  27  0.00020181
34  27  0.00018531
35  27  0.00011229
36  27  0.00008070
37  27  0.00016855
38  27  0.00014119
39  27  0.00015700
40  27  0.00044391
41  27  0.00030821
42  27  0.00033262
43  27  0.00034085
44  27  0.00030256
45  27  0.00037456
46  27  0.00019790
47  27  0.00017829
48  27  0.00023670
49  27  0.00023942
50  27  0.00012859
51  27  0.00023271
52  27  0.00016777
53  27  0.00012848
54  27  0.00014966
55  27  0.00010306
56  27  0.00021025
57  27  0.00023642
58  27  0.00051055
59  27  0.00035631
60  27  0.00011986
61  27  0.00027301
62  27  0.00049556
63  27  0.00016918
0  28  0.00042160
1  28  0.00036922
2  28  0.00019119
3  28  0.00013400
4  28  0.00004798
5  28  0.00013194
6  28  0.00018557
7  28  0.00014160
8  28  0.00023115
9  28  0.00015852
10  28  0.00012120
11  28  0.00019687
12  28  0.00052384
13  28  0.00043099
14  28  0.00030394
15  28  0.00012155
16  28  0.00041770
17  28  0.00036170
18  28  0.00055918
19  28  0.00015436
20  28  0.00019385
21  28  0.00042244
22  28  0.00020430
23  28  0.00032410
24  28  0.00026313
25  28  0.00022925
26  28  0.00036459
27  28  0.00014648
28  28  0.00018530
29  28  0.00039877
30  28  0.00026412
31  28  0.00023205
32  28  0.00014006
33  28  0.00043502
34  28  0.00027016
35  28  0.00007132
36  28  0.00019012
37  28  0.00012447
38  28  0.00028313
39  28  0.00028009
40  28  0.00012817
41  28  0.00027467
42  28  0.00031696
43  28  0.00008377
44  28  0.00023778
45  28  0.00012396
46  28  0.00017058
47  28  0.00029732
48  28  0.00038672
49  28  0.00018360
50  28  0.00012261
51  28  0.00013398
52  28  0.00008694
53  28  0.00020514
54  28  0.00018650
55  28  0.00026549
56  28  0.00009011
57  28  0.00024017
58  28  0.00005960
59  28  0.00020106
60  28  0.00014074
61  28  0.00033000
62  28  0.00016853
63  28  0.00018547
0  29  0.00025964
1  29  0.00023519
2  29  0.00013583
3  29  0.00001891
4  29  0.00033463
5  29  0.00009498
6  29  0.00018333
7  29  0.00010524
8  29  0.00027607
9  29  0.00023983
10  29  0.00023082
11  29  0.00025562
12  29  0.00032135
13  29  0.00027903
14  29  0.00011291
15  29  0.00046496
16  29  0.00019460
17  29  0.00040116
18  29  0.00019841
19  29  0.00073059
20  29  0.00031236
21  29  0.00028752
22  29  0.00023171
23  29  0.00017654
24  29  0.00016397
25  29  0.00025983
26  29  0.00038854
27  29  0.00024312
28  29  0.00027235
29  29  0.00024056
30  29  0.00025492
31  29  0.00045881
32  29  0.00030272
33  29  0.00020879
34  29  0.00017259
35  29  0.00011237
36  29  0.00033024
37  29  0.00041024
38  29  0.00026640
39  29  0.00015623
40  29  0.00028513
41  29  0.00019188
42  29  0.00040103
43  29  0.00023136
44  29  0.00022304
45  29  0.00013839
46  29  0.00033435
47  29  0.00020669
48  29  0.00018843
49  29  0.00022411
50  29  0.00013267
51  29  0.00034293
52  29  0.00016083
53  29  0.00011137
54  29  0.00015254
55  29  0.00024291
56  29  0.00027025
57  29  0.00013556
58  29  0.00008633
59  29  0.00014275
60  29  0.00039216
61  29  0.00024839
62  29  0.00025600
63  29  0.00014548
0  30  0.00024177
1  30  0.00028622
2  30  0.00018136
3  30  0.00036591
4  30  0.00029085
5  30  0.00016959
6  30  0.00018559
7  30  0.00010120
8  30  0.00018566
9  30  0.00011986
10  30  0.00014934
11  30  0.00004795
12  30  0.00021481
13  30  0.00019121
14  30  0.00023608
15  30  0.00026807
16  30  0.00043067
17  30  0.00023610
18  30  0.00026935
19  30  0.00023234
20  30  0.00028490
21  30  0.00040231
22  30  0.00009725
23  30  0.00018356
24  30  0.00021871
25  30  0.00025685
26  30  0.00030214
27  30  0.00008128
28  30  0.00013965
29  30  0.00040367
30  30  0.00036773
31  30  0.00043418
32  30  0.00013298
33  30  0.00016390
34  30  0.00033955
35  30  0.00024457
36  30  0.00028812
37  30  0.00041767
38  30  0.00015159
39  30  0.00011782
40  30  0.00013228
41  30  0.00019089
42  30  0.00037972
43  30  0.00047856
44  30  0.00013994
45  30  0.00032077
46  30  0.00005431
47  30  0.00035189
48  30  0.00010678
49  30  0.00007904
50  30  0.00033752
51  30  0.00017913
52  30  0.00039676
53  30  0.00026627
54  30  0.00029244
55  30  0.00023425
56  30  0.00027789
57  30  0.00019743
58  30  0.00030927
59  30  0.00029618
60  30  0.00017326
61  30  0.00017478
62  30  0.00024721
63  30  0.00028662
0  31  0.00006785
1  31  0.00024317
2  31  0.00031390
3  31  0.00025665
4  31  0.00025611
5  31  0.00013585
6  31  0.00046078
7  31  0.00020655
8  31  0.00021308
9  31  0.00021708
10  31  0.00023388
11  31  0.00013257
12  31  0.00012253
13  31  0.00023497
14  31  0.00033648
15  31  0.00020679
16  31  0.00019576
17  31  0.00012153
18  31  0.00017784
19  31  0.00046508
20  31  0.00027346
21  31  0.00018174
22  31  0.00046792
23  31  0.00037719
24  31  0.00020753
25  31  0.00016147
26  31  0.00021552
27  31  0.00009067
28  31  0.00037848
29  31  0.00025395
30  31  0.00041388
31  31  0.00033262
32  31  0.00017328
33  31  0.00019195
34  31  0.00024299
35  31  0.00023893
36  31  0.00015191
37  31  0.00026827
38  31  0.00011463
39  31  0.00024632
40  31  0.00022544
41  31  0.00038365
42  31  0.00027175
43  31  0.00017498
44  31  0.00038869
45  31  0.00028123
46  31  0.00050788
47  31  0.00011555
48  31  0.00042096
49  31  0.00027926
50  31  0.00041902
51  31  0.00013566
52  31  0.00015029
53  31  0.00013096
54  31  0.00014191
55  31  0.00037987
56  31  0.00017578
57  31  0.00018018
58  31  0.00019953
59  31  0.00013042
60  31  0.00025630
61  31  0.00017193
62  31  0.00014346
63  31  0.00040153
0  32  0.00025853
1  32  0.00024210
2  32  0.00020320
3  32  0.00028941
4  32  0.00017215
5  32  0.00022695
6  32  0.00022735
7  32  0.00009442
8  32  0.00044213
9  32  0.00022231
10  32  0.00015163
11  32  0.00026746
12  32  0.00016822
13  32  0.00041216
14  32  0.00017369
15  32  0.00022590
16  32  0.00011859
17  32  0.00018344
18  32  0.00011885
19  32  0.00031588
20  32  0.00017246
21  32  0.00012006
22  32  0.00055978
23  32  0.00022644
24  32  0.00029711
25  32  0.00014656
26  32  0.00022813
27  32  0.00017334
28  32  0.00026796
29  32  0.00013968
30  32  0.00017814
31  32  0.00022404
32  32  0.00009793
33  32  0.00042048
34  32  0.00031500
35  32  0.00024111
36  32  0.00030662
37  32  0.00012950
38  32  0.00014107
39  32  0.00014981
40  32  0.00019224
41  32  0.00017150
42  32  0.00018013
43  32  0.00008029
44  32  0.00025991
45  32  0.00035689
46  32  0.00012247
47  32  0.00031677
48  32  0.00037526
49  32  0.00048686
50  32  0.00015995
51  32  0.00030027
52  32  0.00016558
53  32  0.00018018
54  32  0.00029301
55  32  0.00020793
56  32  0.00021986
57  32  0.00008244
58  32  0.00044421
59  32  0.00013971
60  32  0.00024130
61  32  0.00038331
62  32  0.00019761
63  32  0.00023863
0  33  0.00006147
1  33  0.00070945
2  33  0.00017759
3  33  0.00041876
4  33  0.00029592
5  33  0.00032375
6  33  0.00033859
7  33  0.00026966
8  33  0.00051076
9  33  0.00020351
10  33  0.00046095
11  33  0.00019864
12  33  0.00036108
13  33  0.00012923
14  33  0.00009467
15  33  0.00026796
16  33  0.00008230
17  33  0.00025902
18  33  0.00024570
19  33  0.00016735
20  33  0.00033984
21  33  0.00038404
22  33  0.00030854
23  33  0.00030312
24  33  0.00019846
25  33  0.00050810
26  33  0.00044504
27  33  0.00011328
28  33  0.00052264
29  33  0.00025065
30  33  0.00024513
31  33  0.00019211
32  33  0.00020774
33  33  0.00016011
34  33  0.00020571
35  33  0.00035275
36  33  0.00035705
37  33  0.00072405
38  33  0.00018977
39  33  0.00027333
40  33  0.00022824
41  33  0.00006169
42  33  0.00029486
43  33  0.00015648
44  33  0.00019547
45  33  0.00020247
46  33  0.00014936
47  33  0.00038878
48  33  0.00057577
49  33  0.00024191
50  33  0.00023089
51  33  0.00020412
52  33  0.00027003
53  33  0.00004651
54  33  0.00014619
55  33  0.00008762
56  33  0.00014498
57  33  0.00031722
58  33  0.00027049
59  33  0.00011061
60  33  0.00022200
61  33  0.00024184
62  33  0.00017716
63  33  0.00020128
0  34  0.00033438
1  34  0.00037230
2  34  0.00012079
3  34  0.00033110
4  34  0.00029344
5  34  0.00028045
6  34  0.00032022
7  34  0.00024476
8  34  0.00005406
9  34  0.00022357
10  34  0.00031370
11  34  0.00019548
12  34  0.00042859
13  34  0.00016351
14  34  0.00014463
15  34  0.00045676
16  34  0.00024283
17  34  0.00008235
18  34  0.00022993
19  34  0.00016749
20  34  0.00035905
21  34  0.00015244
22  34  0.00040996
23  34  0.00016788
24  34  0.00003439
25  34  0.00023605
26  34  0.00014418
27  34  0.00009595
28  34  0.00013792
29  34  0.00042876
30  34  0.00007116
31  34  0.00016011
32  34  0.00022615
33  34  0.00021729
34  34  0.00040697
35  34  0.00017204
36  34  0.00022757
37  34  0.00022628
38  34  0.00019420
39  34  0.00028458
40  34  0.00031745
41  34  0.00035048
42  34  0.00022352
43  34  0.00012429
44  34  0.00040850
45  34  0.00014228
46  34  0.00017203
47  34  0.00016132
48  34  0.00025777
49  34  0.00024961
50  34  0.00015288
51  34  0.00025974
52  34  0.00010186
53  34  0.00019050
54  34  0.00022272
55  34  0.00014111
56  34  0.00030392
57  34  0.00023819
58  34  0.00016510
59  34  0.00027886
60  34  0.00013772
61  34  0.00019117
62  34  0.00020907
63  34  0.00026952
0  35  0.00012094
1  35  0.00036120
2  35  0.00024442
3  35  0.00014315
4  35  0.00032036
5  35  0.00011867
6  35  0.00018757
7  35  0.00004818
8  35  0.00013079
9  35  0.00012098
10  35  0.00006056
11  35  0.00040746
12  35  0.00008380
13  35  0.00012951
14  35  0.00061671
15  35  0.00007273
16  35  0.00011529
17  35  0.00016545
18  35  0.00018761
19  35  0.00015712
20  35  0.00024647
21  35  0.00023751
22  35  0.00035389
23  35  0.00021563
24  35  0.00018300
25  35  0.00014119
26  35  0.00028507
27  35  0.00036213
28  35  0.00033536
29  35  0.00038714
30  35  0.00017924
31  35  0.00014970
32  35  0.00034529
33  35  0.00019560
34  35  0.00028916
35  35  0.00054057
36  35  0.00026517
37  35  0.00032602
38  35  0.00011182
39  35  0.00008879
40  35  0.00038337
41  35  0.00036527
42  35  0.00031859
43  35  0.00034501
44  35  0.00024739
45  35  0.00025610
46  35  0.00017940
47  35  0.00020778
48  35  0.00027369
49  35  0.00029778
50  35  0.00015353
51  35  0.00007603
52  35  0.00025836
53  35  0.00020290
54  35  0.00021318
55  35  0.00026716
56  35  0.00037458
57  35  0.00038287
58  35  0.00013394
59  35  0.00028713
60  35  0.00032085
61  35  0.00008709
62  35  0.00025875
63  35  0.00045883
0  36  0.00022247
1  36  0.00015332
2  36  0.00017606
3  36  0.00039480
4  36  0.00027926
5  36  0.00008202
6  36  0.00029533
7  36  0.00020173
8  36  0.00023307
9  36  0.00058346
10  36  0.00006650
11  36  0.00021484
12  36  0.00005583
13  36  0.00023231
14  36  0.00027802
15  36  0.00036315
16  36  0.00013226
17  36  0.00007430
18  36  0.00024628
19  36  0.00041653
20  36  0.00041307
21  36  0.00064655
22  36  0.00049164
23  36  0.00021324
24  36  0.00043394
25  36  0.00019300
26  36  0.00020850
27  36  0.00015271
28  36  0.00033207
29  36  0.00025956
30  36  0.00012399
31  36  0.00026414
32  36  0.00032238
33  36  0.00039479
34  36  0.00027526
35  36  0.00025682
36  36  0.00009309
37  36  0.00040982
38  36  0.00009272
39  36  0.00010716
40  36  0.00020631
41  36  0.00063698
42  36  0.00028775
43  36  0.00045780
44  36  0.00043722
45  36  0.00024694
46  36  0.00013673
47  36  0.00014403
48  36  0.00025039
49  36  0.00011489
50  36  0.00023740
51  36  0.00033297
52  36  0.00031725
53  36  0.00014244
54  36  0.00018650
55  36  0.00014364
56  36  0.00033196
57  36  0.00035039
58  36  0.00022136
59  36  0.00009608
60  36  0.00019109
61  36  0.00018536
62  36  0.00027250
63  36  0.00032262
0  37  0.00004375
1  37  0.00013611
2  37  0.00015557
3  37  0.00021181
4  37  0.00013489
5  37  0.00021512
6  37  0.00020242
7  37  0.00017936
8  37  0.00020733
9  37  0.00015158
10  37  0.00016019
11  37  0.00034317
12  37  0.00006143
13  37  0.00012984
14  37  0.00019992
15  37  0.00017093
16  37  0.00024112
17  37  0.00043952
18  37  0.00038049
19  37  0.00039020
20  37  0.00019220
21  37  0.00015556
22  37  0.00025690
23  37  0.00025838
24  37  0.00051029
25  37  0.00027950
26  37  0.00014380
27  37  0.00015209
28  37  0.00020576
29  37  0.00018919
30  37  0.00017701
31  37  0.00025353
32  37  0.00030996
33  37  0.00023247
34  37  0.00039170
35  37  0.00007376
36  37  0.00011683
37  37  0.00020652
38  37  0.00051860
39  37  0.00013921
40  37  0.00039991
41  37  0.00022742
42  37  0.00005660
43  37  0.00041385
44  37  0.00019648
45  37  0.00020638
46  37  0.00012776
47  37  0.00028493
48  37  0.00039045
49  37  0.00018169
50  37  0.00025633
51  37  0.00007549
52  37  0.00040655
53  37  0.00026981
54  37  0.00031673
55  37  0.00018148
56  37  0.00025245
57  37  0.00025565
58  37  0.00005438
59  37  0.00021829
60  37  0.00052027
61  37  0.00019055
62  37  0.00026298
63  37  0.00023094
0  38  0.00007489
1  38  0.00047549
2  38  0.00020586
3  38  0.00036975
4  38  0.00008686
5  38  0.00030594
6  38  0.00012305
7  38  0.00017415
8  38  0.00024392
9  38  0.00046461
10  38  0.00015049
11  38  0.00028402
12  38  0.00028917
13  38  0.00037269
14  38  0.00035019
15  38  0.00028305
16  38  0.00009419
17  38  0.00044777
18  38  0.00012158
19  38  0.00048687
20  38  0.00022578
21  38  0.00072276
22  38  0.00020243
23  38  0.00008387
24  38  0.00019982
25  38  0.00037116
26  38  0.00051361
27  38  0.00036260
28  38  0.00014929
29  38  0.00028344
30  38  0.00020228
31  38  0.00011526
32  38  0.00039226
33  38  0.00063285
34  38  0.00023009
35  38  0.00016897
36  38  0.00026594
37  38  0.00014358
38  38  0.00042066
39  38  0.00025693
40  38  0.00016527
41  38  0.00029392
42  38  0.00008203
43  38  0.00025733
44  38  0.00046540
45  38  0.00024497
46  38  0.00006240
47  38  0.00063913
48  38  0.00015386
49  38  0.00024254
50  38  0.00050029
51  38  0.00045202
52  38  0.00026858
53  38  0.00020859
54  38  0.00036867
55  38  0.00026126
56  38  0.00026651
57  38  0.00008505
58  38  0.00023627
59  38  0.00020950
60  38  0.00051894
61  38  0.00030412
62  38  0.00012097
63  38  0.00023634
0  39  0.00020219
1  39  0.00023684
2  39  0.00018162
3  39  0.00015011
4  39  0.00012708
5  39  0.00034658
6  39  0.00034948
7  39  0.00008680
8  39  0.00030616
9  39  0.00010131
10  39  0.00013854
11  39  0.00019367
12  39  0.00037302
13  39  0.00012178
14  39  0.00045989
15  39  0.00045711
16  39  0.00014198
17  39  0.00015254
18  39  0.00009947
19  39  0.00006420
20  39  0.00040686
21  39  0.00012546
22  39  0.00045060
23  39  0.00032149
24  39  0.00026178
25  39  0.00016583
26  39  0.00011011
27  39  0.00015864
28  39  0.00025250
29  39  0.00015144
30  39  0.00027662
31  39  0.00022194
32  39  0.00008705
33  39  0.00021692
34  39  0.00033694
35  39  0.00007064
36  39  0.00040748
37  39  0.00012004
38  39  0.00016873
39  39  0.00026759
40  39  0.00005776
41  39  0.00012555
42  39  0.00007186
43  39  0.00046311
44  39  0.00007503
45  39  0.00026554
46  39  0.00021448
47  39  0.00029863
48  39  0.00027240
49  39  0.00036322
50  39  0.00027369
51  39  0.00020943
52  39  0.00048916
53  39  0.00017317
54  39  0.00020394
55  39  0.00045118
56  39  0.00028770
57  39  0.00025888
58  39  0.00041042
59  39  0.00030769
60  39  0.00010778
61  39  0.00013591
62  39  0.00019639
63  39  0.00036142
0  40  0.00041102
1  40  0.00014395
2  40  0.00033527
3  40  0.00013304
4  40  0.00027882
5  40  0.00030494
6  40  0.00014660
7  40  0.00018759
8  40  0.00023036
9  40  0.00019985
10  40  0.00006988
11  40  0.00058683
12  40  0.00020951
13  40  0.00042470
14  40  0.00048728
15  40  0.00039364
16  40  0.00023912
17  40  0.00015548
18  40  0.00004664
19  40  0.00014256
20  40  0.00036762
21  40  0.00023680
22  40  0.00006634
23  40  0.00024869
24  40  0.00018924
25  40  0.00024645
26  40  0.00033128
27  40  0.00022283
28  40  0.00028364
29  40  0.00014883
30  40  0.00016436
31  40  0.00015296
32  40  0.00025051
33  40  0.00028733
34  40  0.00021722
35  40  0.00020540
36  40  0.00019062
37  40  0.00018920
38  40  0.00018757
39  40  0.00019819
40  40  0.00053393
41  40  0.00022505
42  40  0.00018233
43  40  0.00037811
44  40  0.00030937
45  40  0.00020620
46  40  0.00030476
47  40  0.00022000
48  40  0.00028131
49  40  0.00033353
50  40  0.00012475
51  40  0.00026766
52  40  0.00019249
53  40  0.00028866
54  40  0.00024467
55  40  0.00014880
56  40  0.00011124
57  40  0.00034507
58  40  0.00024057
59  40  0.00016118
60  40  0.00017593
61  40  0.00028833
62  40  0.00015555
63  40  0.00013229
0  41  0.00041940
1  41  0.00038931
2  41  0.00020341
3  41  0.00025836
4  41  0.00031606
5  41  0.00016112
6  41  0.00028415
7  41  0.00012736
8  41  0.00039473
9  41  0.00035501
10  41  0.00012143
11  41  0.00026927
12  41  0.00023201
13  41  0.00013065
14  41  0.00024651
15  41  0.00015006
16  41  0.00038495
17  41  0.00006035
18  41  0.00014210
19  41  0.00009616
20  41  0.00028260
21  41  0.00024683
22  41  0.00019770
23  41  0.00006295
24  41  0.00017485
25  41  0.00027476
26  41  0.00013503
27  41  0.00021865
28  41  0.00010406
29  41  0.00034120
30  41  0.00017994
31  41  0.00033984
32  41  0.00032637
33  41  0.00010920
34  41  0.00032926
35  41  0.00032948
36  41  0.00017606
37  41  0.00017150
38  41  0.00016461
39  41  0.00012898
40  41  0.00025735
41  41  0.00031309
42  41  0.00016484
43  41  0.00042519
44  41  0.00008651
45  41  0.00022009
46  41  0.00029041
47  41  0.00009790
48  41  0.00050327
49  41  0.00013868
50  41  0.00009924
51  41  0.00015638
52  41  0.00053290
53  41  0.00016161
54  41  0.00021015
55  41  0.00007838
56  41  0.00016012
57  41  0.00043596
58  41  0.00033070
59  41  0.00018968
60  41  0.00020633
61  41  0.00006717
62  41  0.00009352
63  41  0.00041995
0  42  0.00037610
1  42  0.00020237
2  42  0.00026080
3  42  0.00025782
4  42  0.00022404
5  42  0.00042386
6  42  0.00024785
7  42  0.00023745
8  42  0.00039101
9  42  0.00042747
10  42  0.00013380
11  42  0.00027630
12  42  0.00017513
13  42  0.00033373
14  42  0.00047634
15  42  0.00040662
16  42  0.00017481
17  42  0.00030991
18  42  0.00009091
19  42  0.00019492
20  42  0.00015616
21  42  0.00031577
22  42  0.00051069
23  42  0.00015747
24  42  0.00020861
25  42  0.00023175
26  42  0.00021418
27  42  0.00021364
28  42  0.00030666
29  42  0.00031256
30  42  0.00013347
31  42  0.00033906
32  42  0.00024265
33  42  0.00013372
34  42  0.00033136
35  42  0.00025967
36  42  0.00024181
37  42  0.00021379
38  42  0.00007350
39  42  0.00020000
40  42  0.00028539
41  42  0.00016214
42  42  0.00009658
43  42  0.00031234
44  42  0.00015728
45  42  0.00019111
46  42  0.00044435
47  42  0.00010943
48  42  0.00014304
49  42  0.00034514
50  42  0.00031320
51  42  0.00051291
52  42  0.00009401
53  42  0.00010348
54  42  0.00034046
55  42  0.00023893
56  42  0.00027796
57  42  0.00017405
58  42  0.00020254
59  42  0.00012387
60  42  0.00014000
61  42  0.00009209
62  42  0.00020514
63  42  0.00009948
0  43  0.00022501
1  43  0.00011010
2  43  0.00019255
3  43  0.00015415
4  43  0.00018173
5  43  0.00030374
6  43  0.00036390
7  43  0.00022497
8  43  0.00012106
9  43  0.00012868
10  43  0.00022525
11  43  0.00031846
12  43  0.00023897
13  43  0.00018162
14  43  0.00018420
15  43  0.00028612
16  43  0.00029052
17  43  0.00030917
18  43  0.00026361
19  43  0.00019315
20  43  0.00016884
21  43  0.00032580
22  43  0.00022660
23  43  0.00020173
24  43  0.00015097
25  43  0.00010350
26  43  0.00030856
27  43  0.00033676
28  43  0.00032300
29  43  0.00030143
30  43  0.00047131
31  43  0.00018253
32  43  0.00031064
33  43  0.00032215
34  43  0.00012159
35  43  0.00027990
36  43  0.00013694
37  43  0.00062959
38  43  0.00034807
39  43  0.00011314
40  43  0.00032791
41  43  0.00015538
42  43  0.00012633
43  43  0.00043541
44  43  0.00010248
45  43  0.00021177
46  43  0.00014151
47  43  0.00032998
48  43  0.00029922
49  43  0.00040798
50  43  0.00015984
51  43  0.00039801
52  43  0.00026771
53  43  0.00019952
54  43  0.00009477
55  43  0.00040938
56  43  0.00037198
57  43  0.00028488
58  43  0.00016703
59  43  0.00020103
60  43  0.00013846
61  43  0.00014279
62  43  0.00016881
63  43  0.00014782
0  44  0.00007247
1  44  0.00015490
2  44  0.00039785
3  44  0.00010675
4  44  0.00072268
5  44  0.00030164
6  44  0.00034278
7  44  0.00022527
8  44  0.00020767
9  44  0.00019751
10  44  0.00027660
11  44  0.00019994
12  44  0.00025805
13  44  0.00037373
14  44  0.00034451
15  44  0.00037679
16  44  0.00008371
17  44  0.00007039
18  44  0.00006165
19  44  0.00024076
20  44  0.00020862
21  44  0.00012180
22  44  0.00046823
23  44  0.00025802
24  44  0.00016673
25  44  0.00017611
26  44  0.00019260
27  44  0.00028279
28  44  0.00064427
29  44  0.00049235
30  44  0.00022787
31  44  0.00034051
32  44  0.00019404
33  44  0.00027029
34  44  0.00050054
35  44  0.00005547
36  44  0.00045515
37  44  0.00025718
38  44  0.00006697
39  44  0.00017660
40  44  0.00015980
41  44  0.00008658
42  44  0.00012021
43  44  0.00044392
44  44  0.00027180
45  44  0.00065015
46  44  0.00012997
47  44  0.00017985
48  44  0.00053278
49  44  0.00012056
50  44  0.00028716
51  44  0.00013941
52  44  0.00018562
53  44  0.00020621
54  44  0.00023409
55  44  0.00018299
56  44  0.00032947
57  44  0.00019129
58  44  0.00023841
59  44  0.00024324
60  44  0.00014456
61  44  0.00028516
62  44  0.00009181
63  44  0.00021794
0  45  0.00029602
1  45  0.00038040
2  45  0.00024245
3  45  0.00017716
4  45  0.00013709
5  45  0.00007076
6  45  0.00028157
7  45  0.00021703
8  45  0.00045544
9  45  0.00017648
10  45  0.00010146
11  45  0.00028743
12  45  0.00034486
13  45  0.00024689
14  45  0.00012932
15  45  0.00041110
16  45  0.00033905
17  45  0.00010182
18  45  0.00031336
19  45  0.00015201
20  45  0.00030990
21  45  0.00026477
22  45  0.00032651
23  45  0.00022712
24  45  0.00017408
25  45  0.00026968
26  45  0.00036966
27  45  0.00023587
28  45  0.00007827
29  45  0.00014433
30  45  0.00026246
31  45  0.00012045
32  45  0.00006790
33  45  0.00041653
34  45  0.00050030
35  45  0.00021482
36  45  0.00006277
37  45  0.00013760
38  45  0.00016902
39  45  0.00017020
40  45  0.00049863
41  45  0.00028421
42  45  0.00026530
43  45  0.00027922
44  45  0.00025351
45  45  0.00011482
46  45  0.00021960
47  45  0.00007487
48  45  0.00014736
49  45  0.00028302
50  45  0.00044329
51  45  0.00038321
52  45  0.00021744
53  45  0.00026550
54  45  0.00032924
55  45  0.00023780
56  45  0.00025464
57  45  0.00026857
58  45  0.00022588
59  45  0.00032517
60  45  0.00024208
61  45  0.00030277
62  45  0.00028843
63  45  0.00039564
0  46  0.00018979
1  46  0.00028866
2  46  0.00013769
3  46  0.00017050
4  46  0.00006624
5  46  0.00014699
6  46  0.00043420
7  46  0.00075366
8  46  0.00052120
9  46  0.00019428
10  46  0.00015806
11  46  0.00042637
12  46  0.00027910
13  46  0.00024885
14  46  0.00007302
15  46  0.00021848
16  46  0.00007560
17  46  0.00064576
18  46  0.00018899
19  46  0.00015205
20  46  0.00046509
21  46  0.00026845
22  46  0.00031509
23  46  0.00024999
24  46  0.00012353
25  46  0.00025654
26  46  0.00031326
27  46  0.00022828
28  46  0.00035039
29  46  0.00021609
30  46  0.00019923
31  46  0.00008092
32  46  0.00014131
33  46  0.00008614
34  46  0.00031399
35  46  0.00011378
36  46  0.00045929
37  46  0.00006727
38  46  0.00042252
39  46  0.00044356
40  46  0.00021054
41  46  0.00031767
42  46  0.00054733
43  46  0.00011561
44  46  0.00028368
45  46  0.00023461
46  46  0.00016512
47  46  0.00003213
48  46  0.00012209
49  46  0.00016005
50  46  0.00028085
51  46  0.00007736
52  46  0.00037065
53  46  0.00029495
54  46  0.00013561
55  46  0.00029432
56  46  0.00059951
57  46  0.00013111
58  46  0.00020199
59  46  0.00018835
60  46  0.00025369
61  46  0.00027850
62  46  0.00030600
63  46  0.00022590
0  47  0.00015029
1  47  0.00014855
2  47  0.00017482
3  47  0.00018143
4  47  0.00019096
5  47  0.00026752
6  47  0.00024520
7  47  0.00019933
8  47  0.00042610
9  47  0.00056472
10  47  0.00035887
11  47  0.00037619
12  47  0.00006158
13  47  0.00025705
14  47  0.00033052
15  47  0.00030198
16  47  0.00006041
17  47  0.00018649
18  47  0.00048737
19  47  0.00024392
20  47  0.00027166
21  47  0.00041106
22  47  0.00006233
23  47  0.00020759
24  47  0.00022992
25  47  0.00042356
26  47  0.00050151
27  47  0.00013631
28  47  0.00015767
29  47  0.00040376
30  47  0.00021951
31  47  0.00018847
32  47  0.00031892
33  47  0.00034429
34  47  0.00015072
35  47  0.00011548
36  47  0.00012887
37  47  0.00032604
38  47  0.00018439
39  47  0.00044000
40  47  0.00036366
41  47  0.00024166
42  47  0.00033554
43  47  0.00087352
44  47  0.00011085
45  47  0.00028697
46  47  0.00030061
47  47  0.00007114
48  47  0.00020436
49  47  0.00043264
50  47  0.00040602
51  47  0.00018291
52  47  0.00020426
53  47  0.00008644
54  47  0.00029061
55  47  0.00040259
56  47  0.00012946
57  47  0.00040681
58  47  0.00031800
59  47  0.00010880
60  47  0.00023370
61  47  0.00048599
62  47  0.00009506
63  47  0.00027096
0  48  0.00021661
1  48  0.00021991
2  48  0.00031889
3  48  0.00034807
4  48  0.00048301
5  48  0.00034261
6  48  0.00021030
7  48  0.00031370
8  48  0.00017246
9  48  0.00013427
10  48  0.00031672
11  48  0.00037899
12  48  0.00010857
13  48  0.00026008
14  48  0.00013198
15  48  0.00022704
16  48  0.00006977
17  48  0.00014658
18  48  0.00026139
19  48  0.00016492
20  48  0.00016341
21  48  0.00010683
22  48  0.00024010
23  48  0.00024945
24  48  0.00009928
25  48  0.00041225
26  48  0.00019839
27  48  0.00015712
28  48  0.00019838
29  48  0.00048093
30  48  0.00015702
31  48  0.00021435
32  48  0.00045954
33  48  0.00011886
34  48  0.00022169
35  48  0.00015998
36  48  0.00025108
37  48  0.00020320
38  48  0.00027295
39  48  0.00021041
40  48  0.00033711
41  48  0.00052099
42  48  0.00033917
43  48  0.00016673
44  48  0.00028063
45  48  0.00040578
46  48  0.00039512
47  48  0.00011142
48  48  0.00007162
49  48  0.00013665
50  48  0.00012106
51  48  0.00017786
52  48  0.00030336
53  48  0.00024402
54  48  0.00054011
55  48  0.00022754
56  48  0.00020650
57  48  0.00033395
58  48  0.00021528
59  48  0.00043538
60  48  0.00023359
61  48  0.00020578
62  48  0.00032406
63  48  0.00014560
0  49  0.00022770
1  49  0.00035497
2  49  0.00014362
3  49  0.00034587
4  49  0.00023914
5  49  0.00013559
6  49  0.00041625
7  49  0.00023595
8  49  0.00032483
9  49  0.00052428
10  49  0.00042992
11  49  0.00030382
12  49  0.00037140
13  49  0.00026709
14  49  0.00016444
15  49  0.00022019
16  49  0.00043731
17  49  0.00019135
18  49  0.00024675
19  49  0.00018464
20  49  0.00030754
21  49  0.00015601
22  49  0.00005164
23  49  0.00018396
24  49  0.00016146
25  49  0.00032718
26  49  0.00025012
27  49  0.00024921
28  49  0.00016566
29  49  0.00016572
30  49  0.00015786
31  49  0.00034763
32  49  0.00009236
33  49  0.00038489
34  49  0.00036668
35  49  0.00033263
36  49  0.00028102
37  49  0.00021487
38  49  0.00011412
39  49  0.00032381
40  49  0.00023082
41  49  0.00024933
42  49  0.00019150
43  49  0.00019502
44  49  0.00010973
45  49  0.00019112
46  49  0.00042703
47  49  0.00024515
48  49  0.00025733
49  49  0.00019586
50  49  0.00031309
51  49  0.00024330
52  49  0.00022915
53  49  0.00033217
54  49  0.00017141
55  49  0.00004654
56  49  0.00039173
57  49  0.00011809
58  49  0.00013904
59  49  0.00001890
60  49  0.00022757
61  49  0.00029646
62  49  0.00022675
63  49  0.00025670
0  50  0.00020398
1  50  0.00045709
2  50  0.00033671
3  50  0.00012302
4  50  0.00029586
5  50  0.00010560
6  50  0.00018337
7  50  0.00033076
8  50  0.00025069
9  50  0.00010742
10  50  0.00034138
11  50  0.00009312
12  50  0.00017215
13  50  0.00072735
14  50  0.00018282
15  50  0.00008087
16  50  0.00015532
17  50  0.00057691
18  50  0.00006850
19  50  0.00019536
20  50  0.00021468
21  50  0.00020247
22  50  0.00040097
23  50  0.00023836
24  50  0.00046969
25  50  0.00021723
26  50  0.00022002
27  50  0.00008437
28  50  0.00013962
29  50  0.00013858
30  50  0.00004503
31  50  0.00015296
32  50  0.00027801
33  50  0.00028948
34  50  0.00042847
35  50  0.00032996
36  50  0.00023336
37  50  0.00017219
38  50  0.00017456
39  50  0.00016624
40  50  0.00003869
41  50  0.00029670
42  50  0.00015021
43  50  0.00016200
44  50  0.00025301
45  50  0.00049523
46  50  0.00014898
47  50  0.00021982
48  50  0.00054953
49  50  0.00013942
50  50  0.00060250
51  50  0.00014059
52  50  0.00028824
53  50  0.00013007
54  50  0.00018394
55  50  0.00043502
56  50  0.00028696
57  50  0.00013839
58  50  0.00043608
59  50  0.00030142
60  50  0.00011350
61  50  0.00012484
62  50  0.00026372
63  50  0.00027251
0  51  0.00044581
1  51  0.00012039
2  51  0.00015335
3  51  0.00011934
4  51  0.00018725
5  51  0.00018404
6  51  0.00011905
7  51  0.00021470
8  51  0.00019507
9  51  0.00029171
10  51  0.00026311
11  51  0.00019716
12  51  0.00029762
13  51  0.00017186
14  51  0.00020371
15  51  0.00007583
16  51  0.00016996
17  51  0.00025119
18  51  0.00021533
19  51  0.00035921
20  51  0.00019714
21  51  0.00019072
22  51  0.00032343
23  51  0.00016435
24  51  0.00018079
25  51  0.00011114
26  51  0.00027590
27  51  0.00020349
28  51  0.00035065
29  51  0.00039313
30  51  0.00022453
31  51  0.00015608
32  51  0.00013980
33  51  0.00011691
34  51  0.00046771
35  51  0.00020570
36  51  0.00046665
37  51  0.00018917
38  51  0.00051447
39  51  0.00028662
40  51  0.00009166
41  51  0.00021092
42  51  0.00020137
43  51  0.00006886
44  51  0.00021222
45  51  0.00028321
46  51  0.00040440
47  51  0.00038803
48  51  0.00021471
49  51  0.00010510
50  51  0.00025827
51  51  0.00019139
52  51  0.00033578
53  51  0.00022786
54  51  0.00007440
55  51  0.00027153
56  51  0.00034634
57  51  0.00016655
58  51  0.00013761
59  51  0.00003407
60  51  0.00008268
61  51  0.00026137
62  51  0.00030576
63  51  0.00044962
0  52  0.00008624
1  52  0.00011912
2  52  0.00019650
3  52  0.00026542
4  52  0.00017908
5  52  0.00036185
6  52  0.00021953
7  52  0.00026797
8  52  0.00022836
9  52  0.00013991
10  52  0.00026429
11  52  0.00007091
12  52  0.00010903
13  52  0.00015971
14  52  0.00010308
15  52  0.00015649
16  52  0.00018737
17  52  0.00025099
18  52  0.00051453
19  52  0.00015707
20  52  0.00060720
21  52  0.00010420
22  52  0.00022352
23  52  0.00031414
24  52  0.00034049
25  52  0.00006506
26  52  0.00024748
27  52  0.00017382
28  52  0.00023863
29  52  0.00018020
30  52  0.00038438
31  52  0.00018375
32  52  0.00039670
33  52  0.00016349
34  52  0.00016895
35  52  0.00025844
36  52  0.00018599
37  52  0.00034540
38  52  0.00057421
39  52  0.00012967
40  52  0.00026026
41  52  0.00028427
42  52  0.00015050
43  52  0.00026100
44  52  0.00030243
45  52  0.00061715
46  52  0.00025453
47  52  0.00029837
48  52  0.00048917
49  52  0.00019853
50  52  0.00022951
51  52  0.00030760
52  52  0.00015598
53  52  0.00018117
54  52  0.00028823
55  52  0.00013618
56  52  0.00032058
57  52  0.00026438
58  52  0.00010565
59  52  0.00021139
60  52  0.00017930
61  52  0.00014431
62  52  0.00056814
63  52  0.00017094
0  53  0.00023692
1  53  0.00037358
2  53  0.00019453
3  53  0.00016267
4  53  0.00026245
5  53  0.00022942
6  53  0.00016794
7  53  0.00025773
8  53  0.00028117
9  53  0.00029218
10  53  0.00042913
11  53  0.00055438
12  53  0.00040894
13  53  0.00022336
14  53  0.00028296
15  53  0.00084702
16  53  0.00012264
17  53  0.00010248
18  53  0.00012605
19  53  0.00033191
20  53  0.00016899
21  53  0.00027690
22  53  0.00041443
23  53  0.00023053
24  53  0.00024151
25  53  0.00020281
26  53  0.00029007
27  53  0.00024606
28  53  0.00025182
29  53  0.00012864
30  53  0.00011873
31  53  0.00025212
32  53  0.00008694
33  53  0.00034683
34  53  0.00032196
35  53  0.00028292
36  53  0.00018525
37  53  0.00014447
38  53  0.00010267
39  53  0.00011436
40  53  0.00008545
41  53  0.00034031
42  53  0.00059535
43  53  0.00022096
44  53  0.00020822
45  53  0.00011427
46  53  0.00018593
47  53  0.00014753
48  53  0.00024542
49  53  0.00016864
50  53  0.00013146
51  53  0.00042421
52  53  0.00052446
53  53  0.00019275
54  53  0.00015020
55  53  0.00018923
56  53  0.00013089
57  53  0.00034605
58  53  0.00014695
59  53  0.00028490
60  53  0.00015459
61  53  0.00029340
62  53  0.00034328
63  53  0.00016509
0  54  0.00033720
1  54  0.00016098
2  54  0.00041415
3  54  0.00021906
4  54  0.00046896
5  54  0.00049146
6  54  0.00019322
7  54  0.00063634
8  54  0.00031865
9  54  0.00043356
10  54  0.00023341
11  54  0.00037803
12  54  0.00021408
13  54  0.00026228
14  54  0.00003003
15  54  0.00025975
16  54  0.00028918
17  54  0.00022493
18  54  0.00031909
19  54  0.00007679
20  54  0.00012253
21  54  0.00014515
22  54  0.00037187
23  54  0.00022237
24  54  0.00031810
25  54  0.00020032
26  54  0.00014018
27  54  0.00009634
28  54  0.00010680
29  54  0.00028804
30  54  0.00017887
31  54  0.00044334
32  54  0.00036678
33  54  0.00015718
34  54  0.00013266
35  54  0.00052186
36  54  0.00027604
37  54  0.00007301
38  54  0.00026631
39  54  0.00014846
40  54  0.00024027
41  54  0.00031410
42  54  0.00021908
43  54  0.00020531
44  54  0.00026820
45  54  0.00028125
46  54  0.00022149
47  54  0.00013444
48  54  0.00032873
49  54  0.00015450
50  54  0.00022544
51  54  0.00047967
52  54  0.00013308
53  54  0.00011960
54  54  0.00008459
55  54  0.00048577
56  54  0.00063909
57  54  0.00037905
58  54  0.00003361
59  54  0.00031548
60  54  0.00026005
61  54  0.00016178
62  54  0.00021348
63  54  0.00014830
0  55  0.00033903
1  55  0.00017404
2  55  0.00033173
3  55  0.00010788
4  55  0.00025608
5  55  0.00044477
6  55  0.00006923
7  55  0.00025181
8  55  0.00029148
9  55  0.00006573
10  55  0.00043761
11  55  0.00034689
12  55  0.00049899
13  55  0.00011628
14  55  0.00022533
15  55  0.00020859
16  55  0.00019261
17  55  0.00012438
18  55  0.00029535
19  55  0.00029174
20  55  0.00019267
21  55  0.00020911
22  55  0.00016309
23  55  0.00045676
24  55  0.00018528
25  55  0.00033791
26  55  0.00043701
27  55  0.00019086
28  55  0.00018918
29  55  0.00010218
30  55  0.00029689
31  55  0.00013725
32  55  0.00028050
33  55  0.00042945
34  55  0.00038537
35  55  0.00007309
36  55  0.00051552
37  55  0.00018650
38  55  0.00023057
39  55  0.00016500
40  55  0.00018115
41  55  0.00038248
42  55  0.00062081
43  55  0.00011167
44  55  0.00017175
45  55  0.00022140
46  55  0.00012244
47  55  0.00027963
48  55  0.00019959
49  55  0.00016808
50  55  0.00012705
51  55  0.00016325
52  55  0.00047825
53  55  0.00031696
54  55  0.00027276
55  55  0.00027276
56  55  0.00012001
57  55  0.00022767
58  55  0.00010904
59  55  0.00023055
60  55  0.00032103
61  55  0.00047284
62  55  0.00011794
63  55  0.00014180
0  56  0.00015697
1  56  0.00038759
2  56  0.00039475
3  56  0.00028389
4  56  0.00031334
5  56  0.00021938
6  56  0.00011478
7  56  0.00013528
8  56  0.00041872
9  56  0.00009576
10  56  0.00053294
11  56  0.00034479
12  56  0.00037920
13  56  0.00022529
14  56  0.00043921
15  56  0.00023395
16  56  0.00018940
17  56  0.00037182
18  56  0.00023012
19  56  0.00028866
20  56  0.00009762
21  56  0.00029644
22  56  0.00017765
23  56  0.00022223
24  56  0.00023180
25  56  0.00028603
26  56  0.00013454
27  56  0.00022956
28  56  0.00013140
29  56  0.00032472
30  56  0.00026134
31  56  0.00006274
32  56  0.00028019
33  56  0.00014376
34  56  0.00007357
35  56  0.00012425
36  56  0.00012185
37  56  0.00020244
38  56  0.00024546
39  56  0.00011302
40  56  0.00024504
41  56  0.00013705
42  56  0.00014090
43  56  0.00003856
44  56  0.00019424
45  56  0.00033534
46  56  0.00026713
47  56  0.00006668
48  56  0.00017938
49  56  0.00027173
50  56  0.00008979
51  56  0.00017873
52  56  0.00032188
53  56  0.00020854
54  56  0.00008288
55  56  0.00036214
56  56  0.00025365
57  56  0.00017021
58  56  0.00007639
59  56  0.00034624
60  56  0.00009203
61  56  0.00005601
62  56  0.00014535
63  56  0.00010159
0  57  0.00024744
1  57  0.00045558
2  57  0.00028527
3  57  0.00028393
4  57  0.00031641
5  57  0.00026977
6  57  0.00014855
7  57  0.00019474
8  57  0.00013207
9  57  0.00027749
10  57  0.00020196
11  57  0.00019447
12  57  0.00030545
13  57  0.00019032
14  57  0.00007238
15  57  0.00019200
16  57  0.00021200
17  57  0.00028194
18  57  0.00029760
19  57  0.00023087
20  57  0.00020115
21  57  0.00019234
22  57  0.00017802
23  57  0.00014057
24  57  0.00029106
25  57  0.00008055
26  57  0.00006438
27  57  0.00015357
28  57  0.00007721
29  57  0.00015959
30  57  0.00020662
31  57  0.00026845
32  57  0.00032702
33  57  0.00011045
34  57  0.00019693
35  57  0.00009117
36  57  0.00030222
37  57  0.00020096
38  57  0.00008855
39  57  0.00026164
40  57  0.00007742
41  57  0.00043555
42  57  0.00025727
43  57  0.00026085
44  57  0.00066293
45  57  0.00029871
46  57  0.00038459
47  57  0.00026246
48  57  0.00019835
49  57  0.00006250
50  57  0.00008194
51  57  0.00021113
52  57  0.00018335
53  57  0.00018835
54  57  0.00026921
55  57  0.00015815
56  57  0.00047499
57  57  0.00038791
58  57  0.00023347
59  57  0.00010554
60  57  0.00047390
61  57  0.00014567
62  57  0.00034997
63  57  0.00009189
0  58  0.00015686
1  58  0.00029717
2  58  0.00015275
3  58  0.00021576
4  58  0.00012213
5  58  0.00026267
6  58  0.00012722
7  58  0.00017172
8  58  0.00022570
9  58  0.00015279
10  58  0.00010786
11  58  0.00012521
12  58  0.00026353
13  58  0.00026144
14  58  0.00017791
15  58  0.00012844
16  58  0.00029598
17  58  0.00021502
18  58  0.00019122
19  58  0.00042299
20  58  0.00020730
21  58  0.00012980
22  58  0.00024185
23  58  0.00010633
24  58  0.00024944
25  58  0.00035181
26  58  0.00040611
27  58  0.00027333
28  58  0.00007160
29  58  0.00030271
30  58  0.00022593
31  58  0.00017657
32  58  0.00046637
33  58  0.00024601
34  58  0.00017698
35  58  0.00014303
36  58  0.00035895
37  58  0.00029112
38  58  0.00024247
39  58  0.00007841
40  58  0.00021947
41  58  0.00014180
42  58  0.00022717
43  58  0.00018780
44  58  0.00015036
45  58  0.00045150
46  58  0.00015574
47  58  0.00037005
48  58  0.00004450
49  58  0.00020044
50  58  0.00029934
51  58  0.00019033
52  58  0.00057319
53  58  0.00018245
54  58  0.00013179
55  58  0.00021453
56  58  0.00008413
57  58  0.00058754
58  58  0.00039047
59  58  0.00025114
60  58  0.00029921
61  58  0.00011362
62  58  0.00011642
63  58  0.00048073
0  59  0.00040029
1  59  0.00003991
2  59  0.00026379
3  59  0.00021886
4  59  0.00040500
5  59  0.00027154
6  59  0.00031914
7  59  0.00013956
8  59  0.00026633
9  59  0.00028640
10  59  0.00017963
11  59  0.00012926
12  59  0.00044349
13  59  0.00018008
14  59  0.00012372
15  59  0.00018531
16  59  0.00014143
17  59  0.00030430
18  59  0.00017485
19  59  0.00037230
20  59  0.00017002
21  59  0.00021651
22  59  0.00021590
23  59  0.00017686
24  59  0.00013012
25  59  0.00029438
26  59  0.00017074
27  59  0.00010130
28  59  0.00024488
29  59  0.00011681
30  59  0.00027759
31  59  0.00023104
32  59  0.00017374
33  59  0.00003568
34  59  0.00021618
35  59  0.00005923
36  59  0.00012169
37  59  0.00005445
38  59  0.00012325
39  59  0.00024385
40  59  0.00047149
41  59  0.00031120
42  59  0.00024594
43  59  0.00020143
44  59  0.00039041
45  59  0.00023227
46  59  0.00014339
47  59  0.00022511
48  59  0.00014506
49  59  0.00030956
50  59  0.00031136
51  59  0.00022032
52  59  0.00034934
53  59  0.00024324
54  59  0.00037530
55  59  0.00021653
56  59  0.00026835
57  59  0.00017970
58  59  0.00020627
59  59  0.00009800
60  59  0.00057943
61  59  0.00017458
62  59  0.00013444
63  59  0.00035489
0  60  0.00007430
1  60  0.00007812
2  60  0.00024687
3  60  0.00019355
4  60  0.00013028
5  60  0.00048156
6  60  0.00041301
7  60  0.00018024
8  60  0.00056750
9  60  0.00021055
10  60  0.00017405
11  60  0.00016071
12  60  0.00029281
13  60  0.00007314
14  60  0.00038248
15  60  0.00010508
16  60  0.00014546
17  60  0.00014535
18  60  0.00007360
19  60  0.00024300
20  60  0.00011293
21  60  0.00019861
22  60  0.00018670
23  60  0.00032893
24  60  0.00041471
25  60  0.00014632
26  60  0.00017509
27  60  0.00027988
28  60  0.00012757
29  60  0.00031684
30  60  0.00028855
31  60  0.00028213
32  60  0.00064754
33  60  0.00024623
34  60  0.00036101
35  60  0.00024627
36  60  0.00031647
37  60  0.00026572
38  60  0.00014004
39  60  0.00038187
40  60  0.00038385
41  60  0.00009690
42  60  0.00019911
43  60  0.00015128
44  60  0.00023744
45  60  0.00022742
46  60  0.00021098
47  60  0.00025575
48  60  0.00024383
49  60  0.00017832
50  60  0.00018928
51  60  0.00010814
52  60  0.00019363
53  60  0.00005753
54  60  0.00029275
55  60  0.00010845
56  60  0.00043401
57  60  0.00012434
58  60  0.00037320
59  60  0.00036723
60  60  0.00026029
61  60  0.00029943
62  60  0.00004492
63  60  0.00038695
0  61  0.00021591
1  61  0.00025203
2  61  0.00063281
3  61  0.00045385
4  61  0.00022401
5  61  0.00024396
6  61  0.00023872
7  61  0.00020275
8  61  0.00029113
9  61  0.00011344
10  61  0.00031853
11  61  0.00022779
12  61  0.00002693
13  61  0.00016733
14  61  0.00021386
15  61  0.00020789
16  61  0.00013711
17  61  0.00020321
18  61  0.00028539
19  61  0.00018457
20  61  0.00019719
21  61  0.00021393
22  61  0.00034626
23  61  0.00016171
24  61  0.00014923
25  61  0.00018784
26  61  0.00044218
27  61  0.00019889
28  61  0.00027144
29  61  0.00022233
30  61  0.00015935
31  61  0.00015386
32  61  0.00010739
33  61  0.00019893
34  61  0.00033565
35  61  0.00047712
36  61  0.00025807
37  61  0.00025948
38  61  0.00018054
39  61  0.00036319
40  61  0.00029147
41  61  0.00027151
42  61  0.00021079
43  61  0.00026478
44  61  0.00007271
45  61  0.00024919
46  61  0.00017854
47  61  0.00002865
48  61  0.00013868
49  61  0.00014419
50  61  0.00011690
51  61  0.00021819
52  61  0.00045935
53  61  0.00021473
54  61  0.00013575
55  61  0.00024538
56  61  0.00020086
57  61  0.00032110
58  61  0.00022519
59  61  0.00019591
60  61  0.00014912
61  61  0.00022298
62  61  0.00024547
63  61  0.00013867
0  62  0.00016054
1  62  0.00008481
2  62  0.00042800
3  62  0.00029669
4  62  0.00020241
5  62  0.00026799
6  62  0.00006176
7  62  0.00015922
8  62  0.00028290
9  62  0.00014032
10  62  0.00025462
11  62  0.00048194
12  62  0.00016826
13  62  0.00027723
14  62  0.00026155
15  62  0.00078784
16  62  0.00029786
17  62  0.00041281
18  62  0.00038458
19  62  0.00038011
20  62  0.00027864
21  62  0.00005053
22  62  0.00026571
23  62  0.00015978
24  62  0.00023259
25  62  0.00056612
26  62  0.00011765
27  62  0.00030635
28  62  0.00030324
29  62  0.00047942
30  62  0.00028059
31  62  0.00016101
32  62  0.00008782
33  62  0.00030354
34  62  0.00013421
35  62  0.00014421
36  62  0.00016505
37  62  0.00013091
38  62  0.00015352
39  62  0.00031572
40  62  0.00032530
41  62  0.00032720
42  62  0.00014630
43  62  0.00017085
44  62  0.00024136
45  62  0.00033823
46  62  0.00013622
47  62  0.00017687
48  62  0.00015797
49  62  0.00030261
50  62  0.00018007
51  62  0.00014482
52  62  0.00020403
53  62  0.00028200
54  62  0.00011380
55  62  0.00031588
56  62  0.00020032
57  62  0.00042576
58  62  0.00025671
59  62  0.00037797
60  62  0.00005215
61  62  0.00010061
62  62  0.00018237
63  62  0.00050000
0  63  0.00011361
1  63  0.00059370
2  63  0.00035628
3  63  0.00007082
4  63  0.00025563
5  63  0.00024143
6  63  0.00035039
7  63  0.00011336
8  63  0.00009097
9  63  0.00012956
10  63  0.00027824
11  63  0.00024270
12  63  0.00013451
13  63  0.00019341
14  63  0.00010669
15  63  0.00032699
16  63  0.00010067
17  63  0.00011541
18  63  0.00027540
19  63  0.00032900
20  63  0.00028708
21  63  0.00024770
22  63  0.00043731
23  63  0.00034393
24  63  0.00030573
25  63  0.00027192
26  63  0.00022017
27  63  0.00003418
28  63  0.00025525
29  63  0.00036114
30  63  0.00016769
31  63  0.00021234
32  63  0.00010926
33  63  0.00033954
34  63  0.00020200
35  63  0.00023630
36  63  0.00024158
37  63  0.00012750
38  63  0.00028903
39  63  0.00010671
40  63  0.00011257
41  63  0.00017500
42  63  0.00004385
43  63  0.00033775
44  63  0.00045858
45  63  0.00015387
46  63  0.00025258
47  63  0.00034856
48  63  0.00009000
49  63  0.00038711
50  63  0.00011697
51  63  0.00035919
52  63  0.00015164
53  63  0.00015042
54  63  0.00020950
55  63  0.00030110
56  63  0.00015561
57  63  0.00011511
58  63  0.00015197
59  63  0.00058253
60  63  0.00017729
61  63  0.00005462
62  63  0.00023160
63  63  0.00017376
