# Spinor density |Psi|^2 at t = 100 seconds
# Grid: 64 x 64
# Columns: x  y  density
0  0  0.00018012
1  0  0.00011942
2  0  0.00018042
3  0  0.00019132
4  0  0.00065106
5  0  0.00016211
6  0  0.00035438
7  0  0.00025602
8  0  0.00027807
9  0  0.00017114
10  0  0.00016136
11  0  0.00006285
12  0  0.00018745
13  0  0.00030741
14  0  0.00016116
15  0  0.00017833
16  0  0.00033454
17  0  0.00009831
18  0  0.00008652
19  0  0.00019780
20  0  0.00019237
21  0  0.00012909
22  0  0.00019235
23  0  0.00014107
24  0  0.00043815
25  0  0.00027929
26  0  0.00015925
27  0  0.00033047
28  0  0.00023283
29  0  0.00035022
30  0  0.00035940
31  0  0.00016038
32  0  0.00026167
33  0  0.00010662
34  0  0.00020949
35  0  0.00032764
36  0  0.00040541
37  0  0.00014520
38  0  0.00020749
39  0  0.00043808
40  0  0.00015310
41  0  0.00026713
42  0  0.00011552
43  0  0.00026212
44  0  0.00024759
45  0  0.00008473
46  0  0.00007815
47  0  0.00042085
48  0  0.00067281
49  0  0.00012263
50  0  0.00032145
51  0  0.00007245
52  0  0.00017407
53  0  0.00016482
54  0  0.00010645
55  0  0.00020917
56  0  0.00003716
57  0  0.00024261
58  0  0.00016367
59  0  0.00040974
60  0  0.00028887
61  0  0.00022968
62  0  0.00032162
63  0  0.00017885
0  1  0.00034826
1  1  0.00051443
2  1  0.00016635
3  1  0.00021859
4  1  0.00024572
5  1  0.00015555
6  1  0.00013464
7  1  0.00023752
8  1  0.00029917
9  1  0.00016864
10  1  0.00007836
11  1  0.00015711
12  1  0.00016146
13  1  0.00018779
14  1  0.00027956
15  1  0.00008775
16  1  0.00015217
17  1  0.00020969
18  1  0.00010725
19  1  0.00039172
20  1  0.00003525
21  1  0.00014044
22  1  0.00010659
23  1  0.00020845
24  1  0.00022815
25  1  0.00028731
26  1  0.00023411
27  1  0.00019795
28  1  0.00012567
29  1  0.00015539
30  1  0.00031937
31  1  0.00059117
32  1  0.00034165
33  1  0.00006968
34  1  0.00030151
35  1  0.00023308
36  1  0.00038138
37  1  0.00032955
38  1  0.00017080
39  1  0.00071657
40  1  0.00013104
41  1  0.00014268
42  1  0.00011774
43  1  0.00014403
44  1  0.00031653
45  1  0.00040099
46  1  0.00026523
47  1  0.00005350
48  1  0.00023559
49  1  0.00014986
50  1  0.00025246
51  1  0.00014107
52  1  0.00004336
53  1  0.00008884
54  1  0.00009744
55  1  0.00034390
56  1  0.00022249
57  1  0.00025764
58  1  0.00023648
59  1  0.00032804
60  1  0.00020051
61  1  0.00030551
62  1  0.00041660
63  1  0.00016766
0  2  0.00028428
1  2  0.00032055
2  2  0.00055854
3  2  0.00023018
4  2  0.00012542
5  2  0.00028369
6  2  0.00010024
7  2  0.00019996
8  2  0.00012846
9  2  0.00044781
10  2  0.00020125
11  2  0.00012603
12  2  0.00013979
13  2  0.00017945
14  2  0.00033865
15  2  0.00029741
16  2  0.00038156
17  2  0.00018919
18  2  0.00024233
19  2  0.00027765
20  2  0.00006888
21  2  0.00018857
22  2  0.00009824
23  2  0.00011093
24  2  0.00033027
25  2  0.00028254
26  2  0.00024218
27  2  0.00051847
28  2  0.00007270
29  2  0.00018035
30  2  0.00031606
31  2  0.00026042
32  2  0.00029751
33  2  0.00047065
34  2  0.00016194
35  2  0.00040292
36  2  0.00033252
37  2  0.00028614
38  2  0.00017268
39  2  0.00024303
40  2  0.00037930
41  2  0.00015302
42  2  0.00022541
43  2  0.00025979
44  2  0.00033808
45  2  0.00024571
46  2  0.00023688
47  2  0.00021207
48  2  0.00030052
49  2  0.00017656
50  2  0.00013437
51  2  0.00038600
52  2  0.00021915
53  2  0.00023656
54  2  0.00028068
55  2  0.00045100
56  2  0.00010972
57  2  0.00016901
58  2  0.00045448
59  2  0.00040879
60  2  0.00003260
61  2  0.00026928
62  2  0.00011045
63  2  0.00016606
0  3  0.00026312
1  3  0.00017723
2  3  0.00026997
3  3  0.00012152
4  3  0.00019270
5  3  0.00011134
6  3  0.00043725
7  3  0.00010053
8  3  0.00012863
9  3  0.00027641
10  3  0.00025266
11  3  0.00009630
12  3  0.00022993
13  3  0.00032327
14  3  0.00017443
15  3  0.00012112
16  3  0.00027595
17  3  0.00030341
18  3  0.00011257
19  3  0.00032769
20  3  0.00022118
21  3  0.00017360
22  3  0.00040952
23  3  0.00024031
24  3  0.00029882
25  3  0.00024353
26  3  0.00013375
27  3  0.00045855
28  3  0.00024042
29  3  0.00004682
30  3  0.00024199
31  3  0.00022962
32  3  0.00024871
33  3  0.00012865
34  3  0.00019838
35  3  0.00014433
36  3  0.00068510
37  3  0.00013774
38  3  0.00027878
39  3  0.00026817
40  3  0.00014236
41  3  0.00023760
42  3  0.00034241
43  3  0.00040614
44  3  0.00023862
45  3  0.00058937
46  3  0.00020380
47  3  0.00025552
48  3  0.00037800
49  3  0.00014022
50  3  0.00029574
51  3  0.00020520
52  3  0.00008468
53  3  0.00011554
54  3  0.00022641
55  3  0.00013303
56  3  0.00033399
57  3  0.00016033
58  3  0.00021795
59  3  0.00009209
60  3  0.00016313
61  3  0.00045734
62  3  0.00038834
63  3  0.00015754
0  4  0.00033819
1  4  0.00034055
2  4  0.00031046
3  4  0.00019891
4  4  0.00021208
5  4  0.00018086
6  4  0.00024533
7  4  0.00037640
8  4  0.00012827
9  4  0.00024332
10  4  0.00029361
11  4  0.00035132
12  4  0.00042357
13  4  0.00019860
14  4  0.00035275
15  4  0.00024577
16  4  0.00052086
17  4  0.00008602
18  4  0.00027243
19  4  0.00026114
20  4  0.00016547
21  4  0.00014173
22  4  0.00015199
23  4  0.00034163
24  4  0.00030239
25  4  0.00023801
26  4  0.00016113
27  4  0.00020721
28  4  0.00030670
29  4  0.00037654
30  4  0.00019566
31  4  0.00031605
32  4  0.00017610
33  4  0.00010191
34  4  0.00015129
35  4  0.00025728
36  4  0.00012489
37  4  0.00043247
38  4  0.00046197
39  4  0.00016818
40  4  0.00022569
41  4  0.00020848
42  4  0.00008300
43  4  0.00020381
44  4  0.00029732
45  4  0.00027092
46  4  0.00017265
47  4  0.00016026
48  4  0.00034221
49  4  0.00014050
50  4  0.00011587
51  4  0.00026545
52  4  0.00055561
53  4  0.00013117
54  4  0.00008281
55  4  0.00012531
56  4  0.00013041
57  4  0.00012333
58  4  0.00024746
59  4  0.00011129
60  4  0.00030383
61  4  0.00010731
62  4  0.00037936
63  4  0.00039696
0  5  0.00016937
1  5  0.00024422
2  5  0.00027706
3  5  0.00034815
4  5  0.00015233
5  5  0.00009124
6  5  0.00014728
7  5  0.00004157
8  5  0.00049175
9  5  0.00008204
10  5  0.00019359
11  5  0.00007097
12  5  0.00028134
13  5  0.00015444
14  5  0.00014751
15  5  0.00029914
16  5  0.00039320
17  5  0.00006374
18  5  0.00011320
19  5  0.00008670
20  5  0.00039982
21  5  0.00018098
22  5  0.00021047
23  5  0.00022134
24  5  0.00007710
25  5  0.00024892
26  5  0.00018153
27  5  0.00024943
28  5  0.00026566
29  5  0.00053579
30  5  0.00028733
31  5  0.00037070
32  5  0.00035033
33  5  0.00019639
34  5  0.00023803
35  5  0.00017679
36  5  0.00012825
37  5  0.00011820
38  5  0.00035715
39  5  0.00020723
40  5  0.00036472
41  5  0.00022024
42  5  0.00047185
43  5  0.00017581
44  5  0.00008454
45  5  0.00035079
46  5  0.00027782
47  5  0.00037699
48  5  0.00020537
49  5  0.00020860
50  5  0.00034328
51  5  0.00025220
52  5  0.00021039
53  5  0.00011147
54  5  0.00018553
55  5  0.00043300
56  5  0.00029347
57  5  0.00035853
58  5  0.00026958
59  5  0.00039681
60  5  0.00027486
61  5  0.00041438
62  5  0.00011936
63  5  0.00033703
0  6  0.00013415
1  6  0.00014647
2  6  0.00017426
3  6  0.00003818
4  6  0.00022438
5  6  0.00021363
6  6  0.00057732
7  6  0.00023712
8  6  0.00018939
9  6  0.00009798
10  6  0.00022933
11  6  0.00017301
12  6  0.00036805
13  6  0.00030987
14  6  0.00029550
15  6  0.00009070
16  6  0.00025142
17  6  0.00029629
18  6  0.00009046
19  6  0.00056909
20  6  0.00018455
21  6  0.00039944
22  6  0.00022079
23  6  0.00033519
24  6  0.00010879
25  6  0.00025094
26  6  0.00023442
27  6  0.00036930
28  6  0.00032340
29  6  0.00029589
30  6  0.00009655
31  6  0.00019921
32  6  0.00021038
33  6  0.00026292
34  6  0.00046665
35  6  0.00074208
36  6  0.00031310
37  6  0.00056625
38  6  0.00019096
39  6  0.00027693
40  6  0.00018305
41  6  0.00009810
42  6  0.00030319
43  6  0.00020294
44  6  0.00018112
45  6  0.00020181
46  6  0.00026705
47  6  0.00027013
48  6  0.00021440
49  6  0.00048763
50  6  0.00035351
51  6  0.00028179
52  6  0.00039067
53  6  0.00024827
54  6  0.00020983
55  6  0.00028150
56  6  0.00017230
57  6  0.00012114
58  6  0.00047884
59  6  0.00028275
60  6  0.00025673
61  6  0.00006862
62  6  0.00014504
63  6  0.00049979
0  7  0.00021704
1  7  0.00020855
2  7  0.00008810
3  7  0.00032206
4  7  0.00039170
5  7  0.00008136
6  7  0.00013712
7  7  0.00020803
8  7  0.00017955
9  7  0.00014204
10  7  0.00009150
11  7  0.00023841
12  7  0.00019936
13  7  0.00006436
14  7  0.00023088
15  7  0.00029675
16  7  0.00014964
17  7  0.00009998
18  7  0.00016475
19  7  0.00031944
20  7  0.00015087
21  7  0.00010888
22  7  0.00034330
23  7  0.00017755
24  7  0.00030052
25  7  0.00029554
26  7  0.00031354
27  7  0.00040316
28  7  0.00014538
29  7  0.00021309
30  7  0.00019931
31  7  0.00024185
32  7  0.00016489
33  7  0.00023787
34  7  0.00014351
35  7  0.00016867
36  7  0.00034198
37  7  0.00030702
38  7  0.00018858
39  7  0.00019898
40  7  0.00021035
41  7  0.00018654
42  7  0.00011522
43  7  0.00019513
44  7  0.00049949
45  7  0.00017430
46  7  0.00032073
47  7  0.00051745
48  7  0.00034986
49  7  0.00024346
50  7  0.00020427
51  7  0.00040045
52  7  0.00050762
53  7  0.00005013
54  7  0.00015842
55  7  0.00017761
56  7  0.00015639
57  7  0.00038038
58  7  0.00023180
59  7  0.00031617
60  7  0.00015902
61  7  0.00015275
62  7  0.00054939
63  7  0.00011159
0  8  0.00008700
1  8  0.00012100
2  8  0.00043714
3  8  0.00024278
4  8  0.00034192
5  8  0.00024293
6  8  0.00013788
7  8  0.00036954
8  8  0.00019632
9  8  0.00020756
10  8  0.00052829
11  8  0.00016333
12  8  0.00017741
13  8  0.00046798
14  8  0.00031460
15  8  0.00014411
16  8  0.00016673
17  8  0.00026932
18  8  0.00018423
19  8  0.00019813
20  8  0.00037307
21  8  0.00015451
22  8  0.00039868
23  8  0.00018925
24  8  0.00023070
25  8  0.00030970
26  8  0.00016479
27  8  0.00036188
28  8  0.00020573
29  8  0.00009120
30  8  0.00012729
31  8  0.00009570
32  8  0.00010702
33  8  0.00011525
34  8  0.00006419
35  8  0.00049934
36  8  0.00004736
37  8  0.00017374
38  8  0.00044089
39  8  0.00018552
40  8  0.00022358
41  8  0.00009064
42  8  0.00010494
43  8  0.00005377
44  8  0.00044846
45  8  0.00015344
46  8  0.00015291
47  8  0.00007161
48  8  0.00037919
49  8  0.00042158
50  8  0.00022400
51  8  0.00011020
52  8  0.00037078
53  8  0.00013690
54  8  0.00035275
55  8  0.00021903
56  8  0.00017031
57  8  0.00007571
58  8  0.00011960
59  8  0.00020607
60  8  0.00010418
61  8  0.00043685
62  8  0.00028064
63  8  0.00008608
0  9  0.00017642
1  9  0.00043056
2  9  0.00025710
3  9  0.00021389
4  9  0.00021267
5  9  0.00045477
6  9  0.00023210
7  9  0.00014346
8  9  0.00027000
9  9  0.00005591
10  9  0.00015205
11  9  0.00004548
12  9  0.00032711
13  9  0.00006872
14  9  0.00024013
15  9  0.00007030
16  9  0.00028233
17  9  0.00045859
18  9  0.00021878
19  9  0.00027307
20  9  0.00030293
21  9  0.00011417
22  9  0.00020294
23  9  0.00022337
24  9  0.00027193
25  9  0.00008924
26  9  0.00035940
27  9  0.00014006
28  9  0.00014143
29  9  0.00028008
30  9  0.00020408
31  9  0.00017674
32  9  0.00032305
33  9  0.00014866
34  9  0.00018370
35  9  0.00022314
36  9  0.00006621
37  9  0.00028639
38  9  0.00031120
39  9  0.00021167
40  9  0.00021708
41  9  0.00015123
42  9  0.00002107
43  9  0.00057478
44  9  0.00018838
45  9  0.00013480
46  9  0.00023973
47  9  0.00078966
48  9  0.00016993
49  9  0.00032188
50  9  0.00036769
51  9  0.00008923
52  9  0.00033549
53  9  0.00030981
54  9  0.00017426
55  9  0.00019680
56  9  0.00055841
57  9  0.00021847
58  9  0.00024533
59  9  0.00016363
60  9  0.00016053
61  9  0.00027106
62  9  0.00008690
63  9  0.00018847
0  10  0.00039656
1  10  0.00020437
2  10  0.00012036
3  10  0.00010204
4  10  0.00011163
5  10  0.00018366
6  10  0.00026790
7  10  0.00022124
8  10  0.00030959
9  10  0.00026242
10  10  0.00003362
11  10  0.00006526
12  10  0.00019139
13  10  0.00015842
14  10  0.00029334
15  10  0.00018725
16  10  0.00011840
17  10  0.00006063
18  10  0.00032555
19  10  0.00045845
20  10  0.00022322
21  10  0.00031814
22  10  0.00019251
23  10  0.00080846
24  10  0.00012890
25  10  0.00025429
26  10  0.00020313
27  10  0.00058056
28  10  0.00009433
29  10  0.00052465
30  10  0.00022590
31  10  0.00018403
32  10  0.00040522
33  10  0.00021195
34  10  0.00042513
35  10  0.00023273
36  10  0.00015425
37  10  0.00018503
38  10  0.00010171
39  10  0.00021184
40  10  0.00024395
41  10  0.00013175
42  10  0.00012815
43  10  0.00022566
44  10  0.00024287
45  10  0.00013388
46  10  0.00021029
47  10  0.00027418
48  10  0.00017287
49  10  0.00047295
50  10  0.00017446
51  10  0.00026176
52  10  0.00022977
53  10  0.00004530
54  10  0.00022903
55  10  0.00022931
56  10  0.00010423
57  10  0.00024738
58  10  0.00010534
59  10  0.00022039
60  10  0.00044035
61  10  0.00015158
62  10  0.00052599
63  10  0.00023003
0  11  0.00045083
1  11  0.00009023
2  11  0.00019507
3  11  0.00020953
4  11  0.00019147
5  11  0.00011844
6  11  0.00008617
7  11  0.00004842
8  11  0.00034180
9  11  0.00019560
10  11  0.00025514
11  11  0.00020056
12  11  0.00061554
13  11  0.00035959
14  11  0.00016381
15  11  0.00009117
16  11  0.00049380
17  11  0.00014862
18  11  0.00019550
19  11  0.00040626
20  11  0.00017134
21  11  0.00005852
22  11  0.00052056
23  11  0.00012468
24  11  0.00030579
25  11  0.00031041
26  11  0.00025875
27  11  0.00014819
28  11  0.00023304
29  11  0.00012822
30  11  0.00030878
31  11  0.00020111
32  11  0.00021222
33  11  0.00013567
34  11  0.00019123
35  11  0.00033613
36  11  0.00037332
37  11  0.00005029
38  11  0.00023308
39  11  0.00019625
40  11  0.00012886
41  11  0.00027123
42  11  0.00011251
43  11  0.00026911
44  11  0.00026317
45  11  0.00035951
46  11  0.00017308
47  11  0.00015532
48  11  0.00018079
49  11  0.00006178
50  11  0.00018252
51  11  0.00026057
52  11  0.00016540
53  11  0.00036992
54  11  0.00031280
55  11  0.00024436
56  11  0.00015058
57  11  0.00036083
58  11  0.00032429
59  11  0.00019352
60  11  0.00029688
61  11  0.00027649
62  11  0.00028250
63  11  0.00012252
0  12  0.00005312
1  12  0.00035277
2  12  0.00018892
3  12  0.00015941
4  12  0.00016872
5  12  0.00033760
6  12  0.00015416
7  12  0.00034887
8  12  0.00019036
9  12  0.00022814
10  12  0.00023033
11  12  0.00038288
12  12  0.00020757
13  12  0.00062943
14  12  0.00025168
15  12  0.00071933
16  12  0.00007053
17  12  0.00016786
18  12  0.00033663
19  12  0.00022356
20  12  0.00034412
21  12  0.00008342
22  12  0.00008137
23  12  0.00032110
24  12  0.00010461
25  12  0.00079614
26  12  0.00019221
27  12  0.00012277
28  12  0.00022590
29  12  0.00028825
30  12  0.00020128
31  12  0.00037832
32  12  0.00008701
33  12  0.00018504
34  12  0.00024018
35  12  0.00012088
36  12  0.00019585
37  12  0.00013130
38  12  0.00033284
39  12  0.00031765
40  12  0.00034877
41  12  0.00040617
42  12  0.00014249
43  12  0.00015466
44  12  0.00017816
45  12  0.00021795
46  12  0.00025194
47  12  0.00017825
48  12  0.00009365
49  12  0.00042525
50  12  0.00002807
51  12  0.00021041
52  12  0.00027987
53  12  0.00008895
54  12  0.00030920
55  12  0.00015384
56  12  0.00014856
57  12  0.00039201
58  12  0.00020733
59  12  0.00027241
60  12  0.00023210
61  12  0.00010864
62  12  0.00007703
63  12  0.00022458
0  13  0.00015660
1  13  0.00055147
2  13  0.00032434
3  13  0.00025232
4  13  0.00016304
5  13  0.00020804
6  13  0.00018639
7  13  0.00012061
8  13  0.00061907
9  13  0.00017421
10  13  0.00035389
11  13  0.00032874
12  13  0.00044954
13  13  0.00015930
14  13  0.00030043
15  13  0.00027009
16  13  0.00028514
17  13  0.00018324
18  13  0.00010191
19  13  0.00018995
20  13  0.00004952
21  13  0.00014711
22  13  0.00031379
23  13  0.00002297
24  13  0.00030959
25  13  0.00029860
26  13  0.00013824
27  13  0.00029463
28  13  0.00039145
29  13  0.00026413
30  13  0.00012240
31  13  0.00040568
32  13  0.00033791
33  13  0.00034695
34  13  0.00019626
35  13  0.00022119
36  13  0.00035908
37  13  0.00022195
38  13  0.00011638
39  13  0.00015788
40  13  0.00004355
41  13  0.00009345
42  13  0.00032770
43  13  0.00022080
44  13  0.00029830
45  13  0.00012172
46  13  0.00061398
47  13  0.00019818
48  13  0.00018533
49  13  0.00020440
50  13  0.00013640
51  13  0.00013058
52  13  0.00018300
53  13  0.00014670
54  13  0.00010680
55  13  0.00034801
56  13  0.00023023
57  13  0.00026549
58  13  0.00035745
59  13  0.00013794
60  13  0.00013635
61  13  0.00026437
62  13  0.00013663
63  13  0.00013032
0  14  0.00020264
1  14  0.00100998
2  14  0.00065395
3  14  0.00025456
4  14  0.00019321
5  14  0.00029643
6  14  0.00033757
7  14  0.00025298
8  14  0.00014042
9  14  0.00006205
10  14  0.00007212
11  14  0.00041837
12  14  0.00012133
13  14  0.00018872
14  14  0.00016070
15  14  0.00020599
16  14  0.00023041
17  14  0.00012284
18  14  0.00029788
19  14  0.00014402
20  14  0.00020210
21  14  0.00026686
22  14  0.00028044
23  14  0.00012572
24  14  0.00018299
25  14  0.00027252
26  14  0.00021682
27  14  0.00009193
28  14  0.00031796
29  14  0.00026073
30  14  0.00033401
31  14  0.00019210
32  14  0.00011512
33  14  0.00010213
34  14  0.00024331
35  14  0.00036793
36  14  0.00040137
37  14  0.00021601
38  14  0.00041603
39  14  0.00016329
40  14  0.00058050
41  14  0.00021721
42  14  0.00014388
43  14  0.00028496
44  14  0.00038596
45  14  0.00031619
46  14  0.00010501
47  14  0.00012623
48  14  0.00022520
49  14  0.00034798
50  14  0.00021608
51  14  0.00035116
52  14  0.00027140
53  14  0.00016335
54  14  0.00011592
55  14  0.00020345
56  14  0.00006887
57  14  0.00017895
58  14  0.00013365
59  14  0.00025569
60  14  0.00032123
61  14  0.00031198
62  14  0.00055597
63  14  0.00030453
0  15  0.00048421
1  15  0.00040705
2  15  0.00042145
3  15  0.00041717
4  15  0.00012224
5  15  0.00011317
6  15  0.00010143
7  15  0.00015621
8  15  0.00018133
9  15  0.00022935
10  15  0.00012935
11  15  0.00040300
12  15  0.00015754
13  15  0.00011458
14  15  0.00013653
15  15  0.00010430
16  15  0.00011874
17  15  0.00021695
18  15  0.00005187
19  15  0.00019714
20  15  0.00024253
21  15  0.00033580
22  15  0.00031715
23  15  0.00011306
24  15  0.00007536
25  15  0.00017504
26  15  0.00021949
27  15  0.00016315
28  15  0.00019303
29  15  0.00014220
30  15  0.00031058
31  15  0.00011055
32  15  0.00012890
33  15  0.00023547
34  15  0.00027617
35  15  0.00011658
36  15  0.00008073
37  15  0.00049184
38  15  0.00061016
39  15  0.00015531
40  15  0.00027612
41  15  0.00013919
42  15  0.00018672
43  15  0.00018608
44  15  0.00020499
45  15  0.00013182
46  15  0.00015007
47  15  0.00022608
48  15  0.00027366
49  15  0.00023839
50  15  0.00043532
51  15  0.00003232
52  15  0.00019687
53  15  0.00021962
54  15  0.00023441
55  15  0.00022010
56  15  0.00028662
57  15  0.00039031
58  15  0.00041088
59  15  0.00014577
60  15  0.00031713
61  15  0.00021841
62  15  0.00021180
63  15  0.00038740
0  16  0.00008098
1  16  0.00015362
2  16  0.00068067
3  16  0.00013796
4  16  0.00013386
5  16  0.00009895
6  16  0.00020536
7  16  0.00010852
8  16  0.00010264
9  16  0.00011614
10  16  0.00036559
11  16  0.00025809
12  16  0.00034039
13  16  0.00023980
14  16  0.00012841
15  16  0.00012477
16  16  0.00015797
17  16  0.00023036
18  16  0.00005405
19  16  0.00038616
20  16  0.00051195
21  16  0.00027515
22  16  0.00031660
23  16  0.00027332
24  16  0.00033558
25  16  0.00020262
26  16  0.00013342
27  16  0.00051385
28  16  0.00047103
29  16  0.00011343
30  16  0.00013293
31  16  0.00027989
32  16  0.00018877
33  16  0.00034869
34  16  0.00031523
35  16  0.00023041
36  16  0.00028027
37  16  0.00016234
38  16  0.00026723
39  16  0.00022561
40  16  0.00033598
41  16  0.00037897
42  16  0.00027836
43  16  0.00040439
44  16  0.00019419
45  16  0.00027985
46  16  0.00009789
47  16  0.00042814
48  16  0.00041871
49  16  0.00022051
50  16  0.00028449
51  16  0.00021191
52  16  0.00043352
53  16  0.00023430
54  16  0.00038901
55  16  0.00036778
56  16  0.00016663
57  16  0.00011026
58  16  0.00022240
59  16  0.00009956
60  16  0.00024500
61  16  0.00006676
62  16  0.00021832
63  16  0.00024698
0  17  0.00019533
1  17  0.00037822
2  17  0.00030793
3  17  0.00020899
4  17  0.00013718
5  17  0.00036516
6  17  0.00015457
7  17  0.00018360
8  17  0.00013854
9  17  0.00023178
10  17  0.00008158
11  17  0.00023509
12  17  0.00018335
13  17  0.00008799
14  17  0.00019713
15  17  0.00031128
16  17  0.00019028
17  17  0.00037298
18  17  0.00039385
19  17  0.00036219
20  17  0.00013684
21  17  0.00022740
22  17  0.00054416
23  17  0.00032957
24  17  0.00013113
25  17  0.00011022
26  17  0.00025914
27  17  0.00025871
28  17  0.00022499
29  17  0.00028074
30  17  0.00030621
31  17  0.00005569
32  17  0.00031990
33  17  0.00010378
34  17  0.00015798
35  17  0.00038955
36  17  0.00033807
37  17  0.00017135
38  17  0.00019669
39  17  0.00025534
40  17  0.00050269
41  17  0.00019638
42  17  0.00024831
43  17  0.00018098
44  17  0.00018652
45  17  0.00063966
46  17  0.00032630
47  17  0.00028128
48  17  0.00021351
49  17  0.00036689
50  17  0.00014911
51  17  0.00020014
52  17  0.00013480
53  17  0.00011605
54  17  0.00023986
55  17  0.00012639
56  17  0.00033098
57  17  0.00027375
58  17  0.00020400
59  17  0.00013517
60  17  0.00023777
61  17  0.00023891
62  17  0.00028651
63  17  0.00020710
0  18  0.00036335
1  18  0.00031266
2  18  0.00022705
3  18  0.00017565
4  18  0.00027319
5  18  0.00026437
6  18  0.00014777
7  18  0.00035111
8  18  0.00026889
9  18  0.00016826
10  18  0.00058364
11  18  0.00037980
12  18  0.00017718
13  18  0.00016799
14  18  0.00038699
15  18  0.00030670
16  18  0.00009118
17  18  0.00016731
18  18  0.00024241
19  18  0.00017970
20  18  0.00023856
21  18  0.00018344
22  18  0.00052425
23  18  0.00033424
24  18  0.00036295
25  18  0.00022659
26  18  0.00042178
27  18  0.00018818
28  18  0.00026712
29  18  0.00036826
30  18  0.00015047
31  18  0.00056936
32  18  0.00048614
33  18  0.00019228
34  18  0.00015522
35  18  0.00021998
36  18  0.00034263
37  18  0.00040729
38  18  0.00042769
39  18  0.00030796
40  18  0.00005088
41  18  0.00024056
42  18  0.00027610
43  18  0.00036146
44  18  0.00038786
45  18  0.00030178
46  18  0.00047785
47  18  0.00061946
48  18  0.00019981
49  18  0.00013447
50  18  0.00008718
51  18  0.00005794
52  18  0.00017413
53  18  0.00019522
54  18  0.00014335
55  18  0.00012837
56  18  0.00040062
57  18  0.00028342
58  18  0.00018769
59  18  0.00034729
60  18  0.00013198
61  18  0.00016852
62  18  0.00020330
63  18  0.00011611
0  19  0.00018341
1  19  0.00020945
2  19  0.00028581
3  19  0.00028860
4  19  0.00026919
5  19  0.00024464
6  19  0.00010992
7  19  0.00007871
8  19  0.00007149
9  19  0.00010302
10  19  0.00023569
11  19  0.00020397
12  19  0.00028986
13  19  0.00014875
14  19  0.00024242
15  19  0.00019660
16  19  0.00035935
17  19  0.00022771
18  19  0.00013378
19  19  0.00032709
20  19  0.00026551
21  19  0.00032178
22  19  0.00018345
23  19  0.00027907
24  19  0.00020483
25  19  0.00021371
26  19  0.00025187
27  19  0.00029077
28  19  0.00012372
29  19  0.00024526
30  19  0.00022683
31  19  0.00040437
32  19  0.00042218
33  19  0.00029760
34  19  0.00019603
35  19  0.00011312
36  19  0.00018664
37  19  0.00011627
38  19  0.00011987
39  19  0.00027339
40  19  0.00035196
41  19  0.00012955
42  19  0.00029837
43  19  0.00025285
44  19  0.00010210
45  19  0.00017508
46  19  0.00027668
47  19  0.00024834
48  19  0.00035475
49  19  0.00019153
50  19  0.00014009
51  19  0.00012965
52  19  0.00047362
53  19  0.00027536
54  19  0.00031721
55  19  0.00011433
56  19  0.00040976
57  19  0.00041937
58  19  0.00028759
59  19  0.00059238
60  19  0.00024790
61  19  0.00031235
62  19  0.00023782
63  19  0.00036437
0  20  0.00020895
1  20  0.00014411
2  20  0.00031315
3  20  0.00029533
4  20  0.00009627
5  20  0.00019895
6  20  0.00027640
7  20  0.00048589
8  20  0.00028669
9  20  0.00012204
10  20  0.00026132
11  20  0.00009900
12  20  0.00041254
13  20  0.00050637
14  20  0.00038424
15  20  0.00009473
16  20  0.00012837
17  20  0.00058667
18  20  0.00010475
19  20  0.00026832
20  20  0.00024809
21  20  0.00033332
22  20  0.00044448
23  20  0.00029767
24  20  0.00010947
25  20  0.00017057
26  20  0.00019503
27  20  0.00017698
28  20  0.00030821
29  20  0.00020480
30  20  0.00027187
31  20  0.00013016
32  20  0.00032003
33  20  0.00017158
34  20  0.00008186
35  20  0.00010711
36  20  0.00024401
37  20  0.00026680
38  20  0.00013559
39  20  0.00022015
40  20  0.00033606
41  20  0.00017021
42  20  0.00031866
43  20  0.00015511
44  20  0.00024207
45  20  0.00022691
46  20  0.00010175
47  20  0.00018731
48  20  0.00057518
49  20  0.00015327
50  20  0.00027901
51  20  0.00023851
52  20  0.00018920
53  20  0.00035035
54  20  0.00015663
55  20  0.00046760
56  20  0.00016654
57  20  0.00012816
58  20  0.00022396
59  20  0.00034331
60  20  0.00025504
61  20  0.00012342
62  20  0.00026190
63  20  0.00012284
0  21  0.00014973
1  21  0.00035136
2  21  0.00012702
3  21  0.00013914
4  21  0.00012845
5  21  0.00009997
6  21  0.00018923
7  21  0.00023826
8  21  0.00020319
9  21  0.00017392
10  21  0.00010130
11  21  0.00015102
12  21  0.00022289
13  21  0.00010354
14  21  0.00018112
15  21  0.00014306
16  21  0.00017167
17  21  0.00019217
18  21  0.00008115
19  21  0.00033983
20  21  0.00009198
21  21  0.00029755
22  21  0.00039212
23  21  0.00011965
24  21  0.00017401
25  21  0.00005810
26  21  0.00004550
27  21  0.00023553
28  21  0.00021822
29  21  0.00015221
30  21  0.00015870
31  21  0.00013853
32  21  0.00034645
33  21  0.00018309
34  21  0.00013549
35  21  0.00046456
36  21  0.00052597
37  21  0.00022124
38  21  0.00002899
39  21  0.00035939
40  21  0.00015720
41  21  0.00018739
42  21  0.00007128
43  21  0.00034840
44  21  0.00036417
45  21  0.00022683
46  21  0.00027270
47  21  0.00019390
48  21  0.00023240
49  21  0.00032729
50  21  0.00006515
51  21  0.00019938
52  21  0.00013032
53  21  0.00058010
54  21  0.00027885
55  21  0.00017148
56  21  0.00017614
57  21  0.00027123
58  21  0.00028858
59  21  0.00013011
60  21  0.00035787
61  21  0.00017115
62  21  0.00011039
63  21  0.00027287
0  22  0.00023520
1  22  0.00024920
2  22  0.00018447
3  22  0.00066463
4  22  0.00034521
5  22  0.00027441
6  22  0.00016239
7  22  0.00015138
8  22  0.00009516
9  22  0.00030484
10  22  0.00015637
11  22  0.00031519
12  22  0.00014993
13  22  0.00027028
14  22  0.00027634
15  22  0.00026014
16  22  0.00019277
17  22  0.00034513
18  22  0.00017608
19  22  0.00020988
20  22  0.00020814
21  22  0.00034368
22  22  0.00036025
23  22  0.00026333
24  22  0.00016082
25  22  0.00006200
26  22  0.00043499
27  22  0.00007420
28  22  0.00018417
29  22  0.00022362
30  22  0.00050471
31  22  0.00034406
32  22  0.00013330
33  22  0.00048766
34  22  0.00024406
35  22  0.00010835
36  22  0.00026797
37  22  0.00018315
38  22  0.00026683
39  22  0.00012125
40  22  0.00031568
41  22  0.00037784
42  22  0.00017204
43  22  0.00027527
44  22  0.00018031
45  22  0.00016445
46  22  0.00009844
47  22  0.00035407
48  22  0.00024135
49  22  0.00007991
50  22  0.00031294
51  22  0.00053322
52  22  0.00019749
53  22  0.00017058
54  22  0.00007541
55  22  0.00016795
56  22  0.00015076
57  22  0.00015234
58  22  0.00006945
59  22  0.00014040
60  22  0.00024917
61  22  0.00030859
62  22  0.00031820
63  22  0.00015779
0  23  0.00013071
1  23  0.00016179
2  23  0.00040524
3  23  0.00029150
4  23  0.00024700
5  23  0.00008232
6  23  0.00017073
7  23  0.00021051
8  23  0.00037620
9  23  0.00006412
10  23  0.00063735
11  23  0.00030284
12  23  0.00029188
13  23  0.00014900
14  23  0.00044859
15  23  0.00025603
16  23  0.00042088
17  23  0.00016487
18  23  0.00029647
19  23  0.00027722
20  23  0.00028319
21  23  0.00020359
22  23  0.00005852
23  23  0.00035802
24  23  0.00018785
25  23  0.00023617
26  23  0.00033731
27  23  0.00024567
28  23  0.00015825
29  23  0.00007995
30  23  0.00014883
31  23  0.00019688
32  23  0.00027435
33  23  0.00013632
34  23  0.00010710
35  23  0.00015374
36  23  0.00027788
37  23  0.00037607
38  23  0.00013165
39  23  0.00038244
40  23  0.00026524
41  23  0.00012309
42  23  0.00041236
43  23  0.00019278
44  23  0.00034765
45  23  0.00022080
46  23  0.00011329
47  23  0.00032037
48  23  0.00016325
49  23  0.00016626
50  23  0.00039234
51  23  0.00013340
52  23  0.00026059
53  23  0.00015919
54  23  0.00030232
55  23  0.00020239
56  23  0.00036497
57  23  0.00011903
58  23  0.00005048
59  23  0.00014879
60  23  0.00004947
61  23  0.00015211
62  23  0.00018854
63  23  0.00009637
0  24  0.00017634
1  24  0.00018838
2  24  0.00007588
3  24  0.00013894
4  24  0.00023791
5  24  0.00007054
6  24  0.00008903
7  24  0.00017858
8  24  0.00014304
9  24  0.00015214
10  24  0.00047593
11  24  0.00019016
12  24  0.00026348
13  24  0.00030302
14  24  0.00008644
15  24  0.00022916
16  24  0.00037038
17  24  0.00013789
18  24  0.00027653
19  24  0.00017736
20  24  0.00017414
21  24  0.00011197
22  24  0.00020690
23  24  0.00015009
24  24  0.00036429
25  24  0.00017809
26  24  0.00021995
27  24  0.00015112
28  24  0.00015639
29  24  0.00013649
30  24  0.00031948
31  24  0.00045264
32  24  0.00055093
33  24  0.00045688
34  24  0.00018336
35  24  0.00027057
36  24  0.00015102
37  24  0.00037230
38  24  0.00026025
39  24  0.00036118
40  24  0.00017026
41  24  0.00022385
42  24  0.00025761
43  24  0.00011743
44  24  0.00030543
45  24  0.00034653
46  24  0.00010500
47  24  0.00010480
48  24  0.00019545
49  24  0.00037174
50  24  0.00059800
51  24  0.00047057
52  24  0.00021098
53  24  0.00017220
54  24  0.00011947
55  24  0.00016744
56  24  0.00023189
57  24  0.00052952
58  24  0.00029092
59  24  0.00029823
60  24  0.00028420
61  24  0.00043794
62  24  0.00012413
63  24  0.00038961
0  25  0.00009792
1  25  0.00025132
2  25  0.00039010
3  25  0.00024821
4  25  0.00029643
5  25  0.00033718
6  25  0.00031182
7  25  0.00012092
8  25  0.00030747
9  25  0.00022770
10  25  0.00011419
11  25  0.00030509
12  25  0.00019702
13  25  0.00018418
14  25  0.00040827
15  25  0.00033852
16  25  0.00021237
17  25  0.00012353
18  25  0.00028401
19  25  0.00019928
20  25  0.00015990
21  25  0.00010031
22  25  0.00016171
23  25  0.00024572
24  25  0.00038418
25  25  0.00013333
26  25  0.00028597
27  25  0.00019516
28  25  0.00024863
29  25  0.00021945
30  25  0.00030789
31  25  0.00007079
32  25  0.00052388
33  25  0.00022708
34  25  0.00005501
35  25  0.00019250
36  25  0.00052860
37  25  0.00018391
38  25  0.00049498
39  25  0.00026843
40  25  0.00024257
41  25  0.00010981
42  25  0.00022413
43  25  0.00030493
44  25  0.00010161
45  25  0.00017935
46  25  0.00027159
47  25  0.00010831
48  25  0.00033564
49  25  0.00016454
50  25  0.00011275
51  25  0.00021594
52  25  0.00023802
53  25  0.00021814
54  25  0.00026472
55  25  0.00013664
56  25  0.00014047
57  25  0.00022890
58  25  0.00022633
59  25  0.00023729
60  25  0.00023953
61  25  0.00035307
62  25  0.00030764
63  25  0.00025073
0  26  0.00012361
1  26  0.00011527
2  26  0.00036911
3  26  0.00030183
4  26  0.00023072
5  26  0.00043182
6  26  0.00027154
7  26  0.00036363
8  26  0.00018692
9  26  0.00038741
10  26  0.00011853
11  26  0.00004422
12  26  0.00042266
13  26  0.00019929
14  26  0.00030168
15  26  0.00012825
16  26  0.00012095
17  26  0.00035638
18  26  0.00030328
19  26  0.00016669
20  26  0.00020167
21  26  0.00018551
22  26  0.00030910
23  26  0.00021913
24  26  0.00027117
25  26  0.00021620
26  26  0.00022387
27  26  0.00014829
28  26  0.00018933
29  26  0.00022166
30  26  0.00033266
31  26  0.00006605
32  26  0.00018543
33  26  0.00011619
34  26  0.00013999
35  26  0.00009541
36  26  0.00017109
37  26  0.00024139
38  26  0.00017408
39  26  0.00006809
40  26  0.00026989
41  26  0.00013706
42  26  0.00023908
43  26  0.00012468
44  26  0.00036641
45  26  0.00029329
46  26  0.00026700
47  26  0.00022571
48  26  0.00030899
49  26  0.00019105
50  26  0.00009976
51  26  0.00027084
52  26  0.00017762
53  26  0.00020676
54  26  0.00008725
55  26  0.00040923
56  26  0.00043841
57  26  0.00015487
58  26  0.00029583
59  26  0.00029396
60  26  0.00041496
61  26  0.00007709
62  26  0.00019493
63  26  0.00052580
0  27  0.00031963
1  27  0.00018546
2  27  0.00014977
3  27  0.00022153
4  27  0.00037923
5  27  0.00007778
6  27  0.00030502
7  27  0.00015937
8  27  0.00019013
9  27  0.00009190
10  27  0.00022215
11  27  0.00058456
12  27  0.00021252
13  27  0.00025857
14  27  0.00020642
15  27  0.00041557
16  27  0.00056256
17  27  0.00031409
18  27  0.00009795
19  27  0.00008211
20  27  0.00008904
21  27  0.00017517
22  27  0.00020305
23  27  0.00017348
24  27  0.00027217
25  27  0.00031453
26  27  0.00024384
27  27  0.00024227
28  27  0.00028308
29  27  0.00041317
30  27  0.00024340
31  27  0.00006981
32  27  0.00023100
33  27  0.00019310
34  27  0.00020983
35  27  0.00009020
36  27  0.00051490
37  27  0.00047988
38  27  0.00014439
39  27  0.00027417
40  27  0.00012012
41  27  0.00009062
42  27  0.00004403
43  27  0.00041379
44  27  0.00019926
45  27  0.00034242
46  27  0.00012291
47  27  0.00024173
48  27  0.00039699
49  27  0.00033424
50  27  0.00018124
51  27  0.00024921
52  27  0.00054452
53  27  0.00007119
54  27  0.00015352
55  27  0.00015344
56  27  0.00027228
57  27  0.00026355
58  27  0.00040143
59  27  0.00034571
60  27  0.00023313
61  27  0.00029403
62  27  0.00017413
63  27  0.00069165
0  28  0.00030685
1  28  0.00014299
2  28  0.00045759
3  28  0.00004244
4  28  0.00045597
5  28  0.00017321
6  28  0.00033128
7  28  0.00018647
8  28  0.00023186
9  28  0.00024916
10  28  0.00026418
11  28  0.00025332
12  28  0.00015117
13  28  0.00023762
14  28  0.00050053
15  28  0.00027984
16  28  0.00001593
17  28  0.00017834
18  28  0.00038662
19  28  0.00031091
20  28  0.00022599
21  28  0.00013438
22  28  0.00021177
23  28  0.00020496
24  28  0.00026645
25  28  0.00025810
26  28  0.00006315
27  28  0.00032462
28  28  0.00010411
29  28  0.00011626
30  28  0.00017987
31  28  0.00009185
32  28  0.00017438
33  28  0.00015643
34  28  0.00038713
35  28  0.00023253
36  28  0.00035614
37  28  0.00023942
38  28  0.00012926
39  28  0.00023970
40  28  0.00050981
41  28  0.00021593
42  28  0.00057410
43  28  0.00041231
44  28  0.00021598
45  28  0.00025807
46  28  0.00026225
47  28  0.00018546
48  28  0.00013665
49  28  0.00025460
50  28  0.00022062
51  28  0.00014746
52  28  0.00035006
53  28  0.00026833
54  28  0.00023730
55  28  0.00021848
56  28  0.00017155
57  28  0.00043756
58  28  0.00015010
59  28  0.00007795
60  28  0.00029105
61  28  0.00008877
62  28  0.00057445
63  28  0.00034168
0  29  0.00016811
1  29  0.00066090
2  29  0.00021958
3  29  0.00029410
4  29  0.00024822
5  29  0.00027365
6  29  0.00027910
7  29  0.00031076
8  29  0.00018496
9  29  0.00020204
10  29  0.00015962
11  29  0.00008133
12  29  0.00021901
13  29  0.00046238
14  29  0.00040067
15  29  0.00028668
16  29  0.00029100
17  29  0.00033838
18  29  0.00025513
19  29  0.00031363
20  29  0.00006755
21  29  0.00028892
22  29  0.00022481
23  29  0.00040428
24  29  0.00024813
25  29  0.00037483
26  29  0.00060757
27  29  0.00024808
28  29  0.00043783
29  29  0.00023806
30  29  0.00019290
31  29  0.00018511
32  29  0.00010843
33  29  0.00015472
34  29  0.00006323
35  29  0.00012260
36  29  0.00021393
37  29  0.00021014
38  29  0.00019846
39  29  0.00008649
40  29  0.00035638
41  29  0.00014652
42  29  0.00021038
43  29  0.00020764
44  29  0.00031932
45  29  0.00022478
46  29  0.00007687
47  29  0.00029861
48  29  0.00038798
49  29  0.00006117
50  29  0.00036749
51  29  0.00009398
52  29  0.00043748
53  29  0.00023858
54  29  0.00038288
55  29  0.00037687
56  29  0.00047594
57  29  0.00035158
58  29  0.00019104
59  29  0.00014844
60  29  0.00007696
61  29  0.00020868
62  29  0.00029225
63  29  0.00020827
0  30  0.00040375
1  30  0.00019614
2  30  0.00024512
3  30  0.00023360
4  30  0.00027383
5  30  0.00037928
6  30  0.00049455
7  30  0.00021806
8  30  0.00048442
9  30  0.00011176
10  30  0.00027492
11  30  0.00015446
12  30  0.00021772
13  30  0.00013923
14  30  0.00021152
15  30  0.00034188
16  30  0.00022596
17  30  0.00025225
18  30  0.00015579
19  30  0.00052334
20  30  0.00007566
21  30  0.00008972
22  30  0.00024402
23  30  0.00013061
24  30  0.00036864
25  30  0.00015166
26  30  0.00035566
27  30  0.00021537
28  30  0.00011626
29  30  0.00026497
30  30  0.00027714
31  30  0.00014593
32  30  0.00023850
33  30  0.00030468
34  30  0.00027868
35  30  0.00016045
36  30  0.00028144
37  30  0.00010715
38  30  0.00009472
39  30  0.00013238
40  30  0.00036246
41  30  0.00005735
42  30  0.00025735
43  30  0.00034154
44  30  0.00030644
45  30  0.00021345
46  30  0.00004578
47  30  0.00036805
48  30  0.00024933
49  30  0.00027285
50  30  0.00022018
51  30  0.00045962
52  30  0.00027619
53  30  0.00011451
54  30  0.00026784
55  30  0.00047970
56  30  0.00047180
57  30  0.00040540
58  30  0.00013299
59  30  0.00012795
60  30  0.00032204
61  30  0.00027408
62  30  0.00032839
63  30  0.00011892
0  31  0.00021833
1  31  0.00027603
2  31  0.00017050
3  31  0.00033063
4  31  0.00010142
5  31  0.00024351
6  31  0.00030693
7  31  0.00027705
8  31  0.00015715
9  31  0.00023857
10  31  0.00014012
11  31  0.00023512
12  31  0.00028649
13  31  0.00009309
14  31  0.00022496
15  31  0.00006679
16  31  0.00042780
17  31  0.00026379
18  31  0.00035195
19  31  0.00029183
20  31  0.00015077
21  31  0.00023914
22  31  0.00024059
23  31  0.00017857
24  31  0.00012105
25  31  0.00019252
26  31  0.00021125
27  31  0.00031309
28  31  0.00029878
29  31  0.00033991
30  31  0.00023390
31  31  0.00018818
32  31  0.00038278
33  31  0.00047677
34  31  0.00035785
35  31  0.00022974
36  31  0.00022802
37  31  0.00022369
38  31  0.00016222
39  31  0.00043649
40  31  0.00015763
41  31  0.00039324
42  31  0.00017330
43  31  0.00021708
44  31  0.00016675
45  31  0.00010843
46  31  0.00030163
47  31  0.00035383
48  31  0.00025877
49  31  0.00024081
50  31  0.00029081
51  31  0.00036195
52  31  0.00043964
53  31  0.00036259
54  31  0.00013157
55  31  0.00013238
56  31  0.00025475
57  31  0.00022295
58  31  0.00022236
59  31  0.00020334
60  31  0.00014487
61  31  0.00024256
62  31  0.00034070
63  31  0.00030696
0  32  0.00028035
1  32  0.00023311
2  32  0.00011949
3  32  0.00024513
4  32  0.00016208
5  32  0.00015048
6  32  0.00011400
7  32  0.00046117
8  32  0.00026591
9  32  0.00011781
10  32  0.00015278
11  32  0.00021704
12  32  0.00015591
13  32  0.00028924
14  32  0.00024283
15  32  0.00023578
16  32  0.00041790
17  32  0.00005598
18  32  0.00019077
19  32  0.00010833
20  32  0.00030667
21  32  0.00035828
22  32  0.00040449
23  32  0.00031602
24  32  0.00014673
25  32  0.00022255
26  32  0.00013734
27  32  0.00037682
28  32  0.00019640
29  32  0.00042469
30  32  0.00023781
31  32  0.00009040
32  32  0.00049706
33  32  0.00023556
34  32  0.00030970
35  32  0.00027076
36  32  0.00028428
37  32  0.00027219
38  32  0.00007802
39  32  0.00028466
40  32  0.00026163
41  32  0.00021058
42  32  0.00033371
43  32  0.00046858
44  32  0.00033860
45  32  0.00014562
46  32  0.00023202
47  32  0.00041620
48  32  0.00024966
49  32  0.00037859
50  32  0.00019242
51  32  0.00014956
52  32  0.00014644
53  32  0.00026079
54  32  0.00029770
55  32  0.00018581
56  32  0.00022184
57  32  0.00019636
58  32  0.00011981
59  32  0.00014856
60  32  0.00023126
61  32  0.00027731
62  32  0.00016531
63  32  0.00035157
0  33  0.00040100
1  33  0.00020437
2  33  0.00032355
3  33  0.00022416
4  33  0.00024673
5  33  0.00014698
6  33  0.00020774
7  33  0.00056539
8  33  0.00017971
9  33  0.00031371
10  33  0.00022902
11  33  0.00042707
12  33  0.00042550
13  33  0.00023201
14  33  0.00024143
15  33  0.00010461
16  33  0.00022733
17  33  0.00016519
18  33  0.00010713
19  33  0.00016769
20  33  0.00005994
21  33  0.00002983
22  33  0.00010514
23  33  0.00032009
24  33  0.00045456
25  33  0.00013078
26  33  0.00026880
27  33  0.00044176
28  33  0.00013444
29  33  0.00042965
30  33  0.00022505
31  33  0.00012006
32  33  0.00030306
33  33  0.00025928
34  33  0.00008155
35  33  0.00017110
36  33  0.00008050
37  33  0.00013970
38  33  0.00026214
39  33  0.00027643
40  33  0.00027263
41  33  0.00019280
42  33  0.00018055
43  33  0.00009007
44  33  0.00006234
45  33  0.00024286
46  33  0.00015349
47  33  0.00010654
48  33  0.00017470
49  33  0.00038892
50  33  0.00016414
51  33  0.00021372
52  33  0.00017903
53  33  0.00033951
54  33  0.00021536
55  33  0.00015665
56  33  0.00021772
57  33  0.00009220
58  33  0.00001577
59  33  0.00033941
60  33  0.00026435
61  33  0.00027236
62  33  0.00038882
63  33  0.00033943
0  34  0.00026043
1  34  0.00011027
2  34  0.00033329
3  34  0.00025905
4  34  0.00025760
5  34  0.00045908
6  34  0.00022915
7  34  0.00023353
8  34  0.00019049
9  34  0.00023122
10  34  0.00013838
11  34  0.00014613
12  34  0.00026558
13  34  0.00023315
14  34  0.00019780
15  34  0.00046517
16  34  0.00007624
17  34  0.00019313
18  34  0.00026274
19  34  0.00015086
20  34  0.00008462
21  34  0.00011522
22  34  0.00027898
23  34  0.00013655
24  34  0.00032882
25  34  0.00041037
26  34  0.00051012
27  34  0.00027853
28  34  0.00043790
29  34  0.00018059
30  34  0.00005836
31  34  0.00021094
32  34  0.00028863
33  34  0.00044421
34  34  0.00037559
35  34  0.00027118
36  34  0.00036965
37  34  0.00010463
38  34  0.00008876
39  34  0.00028839
40  34  0.00019442
41  34  0.00027434
42  34  0.00010296
43  34  0.00043231
44  34  0.00043634
45  34  0.00033603
46  34  0.00040449
47  34  0.00021885
48  34  0.00021920
49  34  0.00037852
50  34  0.00020616
51  34  0.00016975
52  34  0.00023555
53  34  0.00006720
54  34  0.00018887
55  34  0.00045994
56  34  0.00049062
57  34  0.00049347
58  34  0.00016470
59  34  0.00018072
60  34  0.00019898
61  34  0.00024653
62  34  0.00012949
63  34  0.00014692
0  35  0.00036357
1  35  0.00012610
2  35  0.00027717
3  35  0.00012812
4  35  0.00029618
5  35  0.00030197
6  35  0.00027968
7  35  0.00014371
8  35  0.00015229
9  35  0.00018299
10  35  0.00035526
11  35  0.00017984
12  35  0.00021466
13  35  0.00030080
14  35  0.00018381
15  35  0.00023014
16  35  0.00073566
17  35  0.00021962
18  35  0.00042865
19  35  0.00030088
20  35  0.00041636
21  35  0.00042153
22  35  0.00024354
23  35  0.00024082
24  35  0.00034940
25  35  0.00020868
26  35  0.00020993
27  35  0.00014438
28  35  0.00036179
29  35  0.00041273
30  35  0.00037522
31  35  0.00038135
32  35  0.00030133
33  35  0.00049842
34  35  0.00028502
35  35  0.00019012
36  35  0.00024433
37  35  0.00021763
38  35  0.00010459
39  35  0.00049237
40  35  0.00046973
41  35  0.00074222
42  35  0.00029140
43  35  0.00014605
44  35  0.00035564
45  35  0.00022003
46  35  0.00019114
47  35  0.00026181
48  35  0.00038468
49  35  0.00039386
50  35  0.00028250
51  35  0.00015732
52  35  0.00014748
53  35  0.00058028
54  35  0.00012599
55  35  0.00016417
56  35  0.00018655
57  35  0.00019733
58  35  0.00074878
59  35  0.00015135
60  35  0.00040258
61  35  0.00007760
62  35  0.00033437
63  35  0.00041671
0  36  0.00012464
1  36  0.00022612
2  36  0.00013280
3  36  0.00015389
4  36  0.00063253
5  36  0.00031540
6  36  0.00035532
7  36  0.00037414
8  36  0.00009048
9  36  0.00007022
10  36  0.00030251
11  36  0.00030016
12  36  0.00025371
13  36  0.00030867
14  36  0.00027842
15  36  0.00011206
16  36  0.00009477
17  36  0.00020286
18  36  0.00030728
19  36  0.00019411
20  36  0.00029176
21  36  0.00035497
22  36  0.00032934
23  36  0.00006404
24  36  0.00025224
25  36  0.00008718
26  36  0.00017178
27  36  0.00030073
28  36  0.00012765
29  36  0.00028577
30  36  0.00018856
31  36  0.00016854
32  36  0.00008186
33  36  0.00040301
34  36  0.00006351
35  36  0.00011381
36  36  0.00026203
37  36  0.00056796
38  36  0.00020476
39  36  0.00026904
40  36  0.00028063
41  36  0.00030787
42  36  0.00023320
43  36  0.00022206
44  36  0.00012338
45  36  0.00033329
46  36  0.00030323
47  36  0.00009426
48  36  0.00019079
49  36  0.00021763
50  36  0.00014056
51  36  0.00013742
52  36  0.00024466
53  36  0.00018560
54  36  0.00034287
55  36  0.00010204
56  36  0.00015545
57  36  0.00022503
58  36  0.00009570
59  36  0.00017004
60  36  0.00007865
61  36  0.00032264
62  36  0.00009192
63  36  0.00006574
0  37  0.00020427
1  37  0.00026636
2  37  0.00042828
3  37  0.00019811
4  37  0.00036499
5  37  0.00012214
6  37  0.00027240
7  37  0.00019393
8  37  0.00022058
9  37  0.00027338
10  37  0.00010921
11  37  0.00018464
12  37  0.00026491
13  37  0.00028189
14  37  0.00029432
15  37  0.00013931
16  37  0.00064159
17  37  0.00011308
18  37  0.00024466
19  37  0.00017449
20  37  0.00045926
21  37  0.00037124
22  37  0.00030489
23  37  0.00023518
24  37  0.00040830
25  37  0.00016597
26  37  0.00015475
27  37  0.00010879
28  37  0.00019496
29  37  0.00015131
30  37  0.00016406
31  37  0.00020248
32  37  0.00025831
33  37  0.00016782
34  37  0.00014754
35  37  0.00012126
36  37  0.00020978
37  37  0.00034244
38  37  0.00012331
39  37  0.00025403
40  37  0.00013391
41  37  0.00032781
42  37  0.00016575
43  37  0.00008502
44  37  0.00012611
45  37  0.00014298
46  37  0.00028107
47  37  0.00028977
48  37  0.00053610
49  37  0.00009465
50  37  0.00011985
51  37  0.00014558
52  37  0.00007423
53  37  0.00024407
54  37  0.00041337
55  37  0.00023243
56  37  0.00045748
57  37  0.00021890
58  37  0.00017602
59  37  0.00016969
60  37  0.00035472
61  37  0.00044851
62  37  0.00009890
63  37  0.00022416
0  38  0.00032701
1  38  0.00030054
2  38  0.00026530
3  38  0.00018056
4  38  0.00027452
5  38  0.00030809
6  38  0.00023631
7  38  0.00022293
8  38  0.00016850
9  38  0.00023036
10  38  0.00018907
11  38  0.00012549
12  38  0.00036208
13  38  0.00026537
14  38  0.00060998
15  38  0.00045613
16  38  0.00033536
17  38  0.00012191
18  38  0.00024814
19  38  0.00012832
20  38  0.00039311
21  38  0.00015449
22  38  0.00031109
23  38  0.00031355
24  38  0.00006961
25  38  0.00004662
26  38  0.00018877
27  38  0.00008694
28  38  0.00012395
29  38  0.00016558
30  38  0.00020667
31  38  0.00026613
32  38  0.00011752
33  38  0.00016526
34  38  0.00007373
35  38  0.00042014
36  38  0.00020247
37  38  0.00019313
38  38  0.00017633
39  38  0.00028031
40  38  0.00013179
41  38  0.00025926
42  38  0.00014343
43  38  0.00025622
44  38  0.00014307
45  38  0.00026761
46  38  0.00028075
47  38  0.00031124
48  38  0.00039374
49  38  0.00038175
50  38  0.00035785
51  38  0.00024280
52  38  0.00043715
53  38  0.00054921
54  38  0.00015119
55  38  0.00050374
56  38  0.00017557
57  38  0.00047931
58  38  0.00027959
59  38  0.00029785
60  38  0.00059313
61  38  0.00019856
62  38  0.00038181
63  38  0.00010937
0  39  0.00031396
1  39  0.00018026
2  39  0.00019422
3  39  0.00044335
4  39  0.00021922
5  39  0.00027552
6  39  0.00016370
7  39  0.00022950
8  39  0.00005748
9  39  0.00024427
10  39  0.00026313
11  39  0.00013936
12  39  0.00025094
13  39  0.00007089
14  39  0.00079192
15  39  0.00017940
16  39  0.00025968
17  39  0.00017860
18  39  0.00025877
19  39  0.00009145
20  39  0.00023596
21  39  0.00012996
22  39  0.00031491
23  39  0.00023935
24  39  0.00051614
25  39  0.00031473
26  39  0.00025473
27  39  0.00027168
28  39  0.00021291
29  39  0.00019489
30  39  0.00034303
31  39  0.00010464
32  39  0.00018052
33  39  0.00012545
34  39  0.00016608
35  39  0.00011176
36  39  0.00016544
37  39  0.00019492
38  39  0.00017680
39  39  0.00047870
40  39  0.00044027
41  39  0.00019720
42  39  0.00051248
43  39  0.00049040
44  39  0.00005705
45  39  0.00025852
46  39  0.00044409
47  39  0.00043713
48  39  0.00031668
49  39  0.00023646
50  39  0.00029863
51  39  0.00013676
52  39  0.00034420
53  39  0.00025931
54  39  0.00024255
55  39  0.00027588
56  39  0.00024613
57  39  0.00012632
58  39  0.00016766
59  39  0.00010756
60  39  0.00023134
61  39  0.00015954
62  39  0.00009169
63  39  0.00041065
0  40  0.00016555
1  40  0.00034318
2  40  0.00034023
3  40  0.00043716
4  40  0.00007960
5  40  0.00017159
6  40  0.00018865
7  40  0.00017502
8  40  0.00042469
9  40  0.00019840
10  40  0.00032962
11  40  0.00011072
12  40  0.00034329
13  40  0.00047924
14  40  0.00010101
15  40  0.00024266
16  40  0.00046484
17  40  0.00007013
18  40  0.00008059
19  40  0.00027565
20  40  0.00025098
21  40  0.00015361
22  40  0.00006222
23  40  0.00013722
24  40  0.00008065
25  40  0.00008465
26  40  0.00016001
27  40  0.00015531
28  40  0.00023774
29  40  0.00017886
30  40  0.00010261
31  40  0.00013975
32  40  0.00026241
33  40  0.00017867
34  40  0.00029817
35  40  0.00003461
36  40  0.00038142
37  40  0.00014511
38  40  0.00027998
39  40  0.00020091
40  40  0.00017203
41  40  0.00016708
42  40  0.00032243
43  40  0.00021442
44  40  0.00027129
45  40  0.00004996
46  40  0.00027756
47  40  0.00016108
48  40  0.00018607
49  40  0.00015376
50  40  0.00030001
51  40  0.00032649
52  40  0.00013997
53  40  0.00028289
54  40  0.00008401
55  40  0.00023485
56  40  0.00011210
57  40  0.00013878
58  40  0.00042589
59  40  0.00022112
60  40  0.00015081
61  40  0.00015642
62  40  0.00023132
63  40  0.00027006
0  41  0.00013292
1  41  0.00024066
2  41  0.00019848
3  41  0.00017262
4  41  0.00018526
5  41  0.00020214
6  41  0.00033071
7  41  0.00012877
8  41  0.00051374
9  41  0.00012186
10  41  0.00020806
11  41  0.00031388
12  41  0.00046400
13  41  0.00022898
14  41  0.00022710
15  41  0.00017058
16  41  0.00010027
17  41  0.00017171
18  41  0.00023518
19  41  0.00006758
20  41  0.00007887
21  41  0.00036811
22  41  0.00049931
23  41  0.00020849
24  41  0.00007645
25  41  0.00012882
26  41  0.00016179
27  41  0.00049069
28  41  0.00017131
29  41  0.00030663
30  41  0.00024163
31  41  0.00035367
32  41  0.00024554
33  41  0.00017287
34  41  0.00037485
35  41  0.00010716
36  41  0.00019843
37  41  0.00022283
38  41  0.00023336
39  41  0.00014346
40  41  0.00035290
41  41  0.00040525
42  41  0.00022164
43  41  0.00030473
44  41  0.00016228
45  41  0.00048565
46  41  0.00024134
47  41  0.00030700
48  41  0.00024481
49  41  0.00046975
50  41  0.00007551
51  41  0.00019735
52  41  0.00038624
53  41  0.00014492
54  41  0.00013666
55  41  0.00008312
56  41  0.00036700
57  41  0.00004395
58  41  0.00016224
59  41  0.00012742
60  41  0.00015094
61  41  0.00016945
62  41  0.00033010
63  41  0.00042224
0  42  0.00011034
1  42  0.00027688
2  42  0.00025985
3  42  0.00005575
4  42  0.00016798
5  42  0.00023309
6  42  0.00021893
7  42  0.00030599
8  42  0.00039032
9  42  0.00030347
10  42  0.00030679
11  42  0.00030381
12  42  0.00015208
13  42  0.00034902
14  42  0.00025965
15  42  0.00028071
16  42  0.00026327
17  42  0.00013967
18  42  0.00017608
19  42  0.00051493
20  42  0.00021190
21  42  0.00012423
22  42  0.00009673
23  42  0.00020809
24  42  0.00008917
25  42  0.00016016
26  42  0.00005482
27  42  0.00020543
28  42  0.00008047
29  42  0.00011561
30  42  0.00063861
31  42  0.00010190
32  42  0.00035826
33  42  0.00012932
34  42  0.00051708
35  42  0.00024669
36  42  0.00046764
37  42  0.00020710
38  42  0.00024084
39  42  0.00042577
40  42  0.00032261
41  42  0.00035308
42  42  0.00023327
43  42  0.00043406
44  42  0.00038147
45  42  0.00019948
46  42  0.00021559
47  42  0.00048278
48  42  0.00043635
49  42  0.00010479
50  42  0.00009181
51  42  0.00006718
52  42  0.00024272
53  42  0.00057748
54  42  0.00031659
55  42  0.00015258
56  42  0.00023950
57  42  0.00025669
58  42  0.00036567
59  42  0.00013280
60  42  0.00021639
61  42  0.00049189
62  42  0.00068292
63  42  0.00034141
0  43  0.00029489
1  43  0.00066581
2  43  0.00015902
3  43  0.00013222
4  43  0.00013155
5  43  0.00027685
6  43  0.00029465
7  43  0.00018391
8  43  0.00030254
9  43  0.00035426
10  43  0.00004438
11  43  0.00024585
12  43  0.00035852
13  43  0.00057413
14  43  0.00043127
15  43  0.00021504
16  43  0.00044834
17  43  0.00014847
18  43  0.00022371
19  43  0.00019338
20  43  0.00049408
21  43  0.00021832
22  43  0.00012490
23  43  0.00010410
24  43  0.00046712
25  43  0.00014573
26  43  0.00058362
27  43  0.00030585
28  43  0.00018962
29  43  0.00020970
30  43  0.00025914
31  43  0.00022921
32  43  0.00022678
33  43  0.00019063
34  43  0.00011039
35  43  0.00021082
36  43  0.00011039
37  43  0.00023392
38  43  0.00009171
39  43  0.00022059
40  43  0.00030321
41  43  0.00031533
42  43  0.00007107
43  43  0.00020697
44  43  0.00033671
45  43  0.00027044
46  43  0.00025181
47  43  0.00015338
48  43  0.00013152
49  43  0.00015527
50  43  0.00016909
51  43  0.00019369
52  43  0.00027531
53  43  0.00031813
54  43  0.00017300
55  43  0.00023896
56  43  0.00023021
57  43  0.00017449
58  43  0.00028394
59  43  0.00024799
60  43  0.00032807
61  43  0.00065294
62  43  0.00017230
63  43  0.00037757
0  44  0.00014172
1  44  0.00032823
2  44  0.00049585
3  44  0.00043143
4  44  0.00028974
5  44  0.00047294
6  44  0.00038493
7  44  0.00023898
8  44  0.00006980
9  44  0.00021259
10  44  0.00022309
11  44  0.00030709
12  44  0.00052057
13  44  0.00012513
14  44  0.00030535
15  44  0.00019883
16  44  0.00015460
17  44  0.00030643
18  44  0.00048140
19  44  0.00013991
20  44  0.00014731
21  44  0.00039970
22  44  0.00013573
23  44  0.00027132
24  44  0.00037643
25  44  0.00015662
26  44  0.00039037
27  44  0.00017974
28  44  0.00045552
29  44  0.00009103
30  44  0.00039304
31  44  0.00035233
32  44  0.00041102
33  44  0.00022075
34  44  0.00007981
35  44  0.00009036
36  44  0.00049774
37  44  0.00033462
38  44  0.00020023
39  44  0.00021375
40  44  0.00014974
41  44  0.00058401
42  44  0.00032669
43  44  0.00031644
44  44  0.00023617
45  44  0.00029730
46  44  0.00020400
47  44  0.00019376
48  44  0.00017403
49  44  0.00024424
50  44  0.00030830
51  44  0.00005636
52  44  0.00014403
53  44  0.00017648
54  44  0.00020261
55  44  0.00027642
56  44  0.00012535
57  44  0.00031186
58  44  0.00012766
59  44  0.00032856
60  44  0.00026803
61  44  0.00007349
62  44  0.00010771
63  44  0.00005750
0  45  0.00030425
1  45  0.00045955
2  45  0.00030663
3  45  0.00030552
4  45  0.00062050
5  45  0.00018268
6  45  0.00007912
7  45  0.00017212
8  45  0.00011824
9  45  0.00014389
10  45  0.00044894
11  45  0.00021467
12  45  0.00040058
13  45  0.00025689
14  45  0.00023929
15  45  0.00029892
16  45  0.00015347
17  45  0.00036653
18  45  0.00022638
19  45  0.00026478
20  45  0.00007035
21  45  0.00031329
22  45  0.00021515
23  45  0.00024839
24  45  0.00014783
25  45  0.00020003
26  45  0.00024102
27  45  0.00008267
28  45  0.00041621
29  45  0.00022808
30  45  0.00018579
31  45  0.00010414
32  45  0.00037240
33  45  0.00023163
34  45  0.00021693
35  45  0.00007649
36  45  0.00020636
37  45  0.00024318
38  45  0.00056771
39  45  0.00009838
40  45  0.00039993
41  45  0.00016101
42  45  0.00039112
43  45  0.00029447
44  45  0.00036544
45  45  0.00022344
46  45  0.00030621
47  45  0.00022171
48  45  0.00025271
49  45  0.00019854
50  45  0.00018754
51  45  0.00010776
52  45  0.00033386
53  45  0.00049495
54  45  0.00019664
55  45  0.00017659
56  45  0.00022449
57  45  0.00017159
58  45  0.00013910
59  45  0.00030575
60  45  0.00034234
61  45  0.00009151
62  45  0.00027572
63  45  0.00039749
0  46  0.00023141
1  46  0.00013316
2  46  0.00033213
3  46  0.00020616
4  46  0.00044738
5  46  0.00034883
6  46  0.00034348
7  46  0.00056479
8  46  0.00035501
9  46  0.00012494
10  46  0.00017259
11  46  0.00006563
12  46  0.00017640
13  46  0.00006275
14  46  0.00022090
15  46  0.00010718
16  46  0.00010444
17  46  0.00021748
18  46  0.00011606
19  46  0.00054427
20  46  0.00019583
21  46  0.00037786
22  46  0.00014097
23  46  0.00036849
24  46  0.00024497
25  46  0.00015526
26  46  0.00052313
27  46  0.00041919
28  46  0.00028261
29  46  0.00010376
30  46  0.00013854
31  46  0.00032782
32  46  0.00028703
33  46  0.00032131
34  46  0.00030521
35  46  0.00018421
36  46  0.00012927
37  46  0.00037928
38  46  0.00011547
39  46  0.00015559
40  46  0.00038753
41  46  0.00029739
42  46  0.00028396
43  46  0.00023588
44  46  0.00015055
45  46  0.00018311
46  46  0.00021858
47  46  0.00009246
48  46  0.00051928
49  46  0.00026799
50  46  0.00018907
51  46  0.00045843
52  46  0.00015579
53  46  0.00019723
54  46  0.00023316
55  46  0.00032955
56  46  0.00017880
57  46  0.00025292
58  46  0.00006457
59  46  0.00030943
60  46  0.00013471
61  46  0.00018108
62  46  0.00012644
63  46  0.00030688
0  47  0.00013749
1  47  0.00023358
2  47  0.00024671
3  47  0.00008658
4  47  0.00037619
5  47  0.00028510
6  47  0.00036464
7  47  0.00025225
8  47  0.00023798
9  47  0.00021836
10  47  0.00023224
11  47  0.00021351
12  47  0.00023566
13  47  0.00070936
14  47  0.00021384
15  47  0.00022841
16  47  0.00032615
17  47  0.00030739
18  47  0.00017676
19  47  0.00037256
20  47  0.00025193
21  47  0.00011139
22  47  0.00039626
23  47  0.00024627
24  47  0.00033523
25  47  0.00023008
26  47  0.00032045
27  47  0.00060714
28  47  0.00029119
29  47  0.00033438
30  47  0.00010744
31  47  0.00037187
32  47  0.00026534
33  47  0.00014019
34  47  0.00033794
35  47  0.00009488
36  47  0.00020557
37  47  0.00015748
38  47  0.00014616
39  47  0.00035503
40  47  0.00025799
41  47  0.00013331
42  47  0.00019486
43  47  0.00019787
44  47  0.00005886
45  47  0.00018304
46  47  0.00013915
47  47  0.00032275
48  47  0.00025470
49  47  0.00033882
50  47  0.00023094
51  47  0.00010527
52  47  0.00016886
53  47  0.00007678
54  47  0.00031696
55  47  0.00047105
56  47  0.00029474
57  47  0.00027603
58  47  0.00024584
59  47  0.00026173
60  47  0.00043847
61  47  0.00059468
62  47  0.00013440
63  47  0.00038616
0  48  0.00015961
1  48  0.00019403
2  48  0.00019002
3  48  0.00038799
4  48  0.00020113
5  48  0.00035663
6  48  0.00023620
7  48  0.00023477
8  48  0.00023055
9  48  0.00023415
10  48  0.00044823
11  48  0.00012763
12  48  0.00015276
13  48  0.00021107
14  48  0.00019720
15  48  0.00028779
16  48  0.00014755
17  48  0.00026599
18  48  0.00011394
19  48  0.00011914
20  48  0.00003717
21  48  0.00014538
22  48  0.00009003
23  48  0.00013187
24  48  0.00021580
25  48  0.00029214
26  48  0.00029655
27  48  0.00035777
28  48  0.00025140
29  48  0.00011623
30  48  0.00006557
31  48  0.00029517
32  48  0.00007245
33  48  0.00008260
34  48  0.00016031
35  48  0.00007176
36  48  0.00028951
37  48  0.00009947
38  48  0.00014143
39  48  0.00020331
40  48  0.00038169
41  48  0.00039202
42  48  0.00032035
43  48  0.00053549
44  48  0.00027187
45  48  0.00050858
46  48  0.00034435
47  48  0.00030086
48  48  0.00018695
49  48  0.00023587
50  48  0.00031472
51  48  0.00052105
52  48  0.00032955
53  48  0.00027010
54  48  0.00018952
55  48  0.00022874
56  48  0.00038986
57  48  0.00037713
58  48  0.00008302
59  48  0.00009406
60  48  0.00042437
61  48  0.00018899
62  48  0.00009530
63  48  0.00022484
0  49  0.00031347
1  49  0.00018758
2  49  0.00030179
3  49  0.00020864
4  49  0.00042913
5  49  0.00012366
6  49  0.00016980
7  49  0.00030909
8  49  0.00009096
9  49  0.00029471
10  49  0.00029626
11  49  0.00053044
12  49  0.00040619
13  49  0.00017801
14  49  0.00007338
15  49  0.00025537
16  49  0.00014559
17  49  0.00021778
18  49  0.00013521
19  49  0.00024135
20  49  0.00034882
21  49  0.00007413
22  49  0.00013134
23  49  0.00023470
24  49  0.00034095
25  49  0.00014678
26  49  0.00027291
27  49  0.00029160
28  49  0.00010369
29  49  0.00006799
30  49  0.00021900
31  49  0.00020725
32  49  0.00024217
33  49  0.00018147
34  49  0.00013513
35  49  0.00025542
36  49  0.00025925
37  49  0.00014042
38  49  0.00010532
39  49  0.00027083
40  49  0.00023376
41  49  0.00013808
42  49  0.00010743
43  49  0.00015513
44  49  0.00028250
45  49  0.00009177
46  49  0.00024915
47  49  0.00009871
48  49  0.00021022
49  49  0.00008401
50  49  0.00006375
51  49  0.00010409
52  49  0.00035046
53  49  0.00014164
54  49  0.00028248
55  49  0.00016081
56  49  0.00028443
57  49  0.00050709
58  49  0.00009416
59  49  0.00018095
60  49  0.00031694
61  49  0.00029776
62  49  0.00027630
63  49  0.00014807
0  50  0.00018263
1  50  0.00030810
2  50  0.00020774
3  50  0.00023034
4  50  0.00050681
5  50  0.00040072
6  50  0.00031653
7  50  0.00011176
8  50  0.00035541
9  50  0.00023115
10  50  0.00014345
11  50  0.00016899
12  50  0.00041948
13  50  0.00034743
14  50  0.00034932
15  50  0.00013772
16  50  0.00022545
17  50  0.00015342
18  50  0.00037610
19  50  0.00055335
20  50  0.00030930
21  50  0.00046477
22  50  0.00013237
23  50  0.00023262
24  50  0.00010659
25  50  0.00037194
26  50  0.00015196
27  50  0.00027456
28  50  0.00028399
29  50  0.00039364
30  50  0.00028991
31  50  0.00014193
32  50  0.00010776
33  50  0.00029371
34  50  0.00020586
35  50  0.00020444
36  50  0.00025697
37  50  0.00020281
38  50  0.00050476
39  50  0.00036209
40  50  0.00018747
41  50  0.00012665
42  50  0.00021585
43  50  0.00027783
44  50  0.00011110
45  50  0.00007622
46  50  0.00032690
47  50  0.00039982
48  50  0.00022527
49  50  0.00016255
50  50  0.00032674
51  50  0.00016222
52  50  0.00024593
53  50  0.00040016
54  50  0.00054942
55  50  0.00017838
56  50  0.00015223
57  50  0.00009971
58  50  0.00021869
59  50  0.00014594
60  50  0.00036343
61  50  0.00011258
62  50  0.00013035
63  50  0.00022420
0  51  0.00025894
1  51  0.00021884
2  51  0.00060038
3  51  0.00045522
4  51  0.00018605
5  51  0.00026356
6  51  0.00010633
7  51  0.00005668
8  51  0.00008785
9  51  0.00037555
10  51  0.00023546
11  51  0.00020937
12  51  0.00023024
13  51  0.00015034
14  51  0.00015983
15  51  0.00013924
16  51  0.00020380
17  51  0.00009923
18  51  0.00020597
19  51  0.00024138
20  51  0.00012473
21  51  0.00015767
22  51  0.00017384
23  51  0.00030822
24  51  0.00030210
25  51  0.00031527
26  51  0.00030490
27  51  0.00030976
28  51  0.00043414
29  51  0.00039615
30  51  0.00045798
31  51  0.00052620
32  51  0.00031441
33  51  0.00040159
34  51  0.00021882
35  51  0.00029185
36  51  0.00023660
37  51  0.00007297
38  51  0.00010894
39  51  0.00017930
40  51  0.00015629
41  51  0.00011693
42  51  0.00025372
43  51  0.00016990
44  51  0.00018037
45  51  0.00041968
46  51  0.00047811
47  51  0.00029049
48  51  0.00064732
49  51  0.00012020
50  51  0.00047632
51  51  0.00034747
52  51  0.00047440
53  51  0.00042043
54  51  0.00008454
55  51  0.00064404
56  51  0.00010041
57  51  0.00028463
58  51  0.00030260
59  51  0.00022888
60  51  0.00020843
61  51  0.00021153
62  51  0.00025828
63  51  0.00020113
0  52  0.00036270
1  52  0.00024849
2  52  0.00029498
3  52  0.00013215
4  52  0.00025425
5  52  0.00037682
6  52  0.00018795
7  52  0.00043421
8  52  0.00043221
9  52  0.00018503
10  52  0.00026668
11  52  0.00021278
12  52  0.00050441
13  52  0.00033162
14  52  0.00016640
15  52  0.00018544
16  52  0.00021553
17  52  0.00027106
18  52  0.00032891
19  52  0.00019724
20  52  0.00044113
21  52  0.00073243
22  52  0.00022697
23  52  0.00015845
24  52  0.00051657
25  52  0.00065695
26  52  0.00031161
27  52  0.00029370
28  52  0.00042706
29  52  0.00011955
30  52  0.00023972
31  52  0.00007355
32  52  0.00014979
33  52  0.00008511
34  52  0.00014255
35  52  0.00020794
36  52  0.00012807
37  52  0.00031788
38  52  0.00048454
39  52  0.00055767
40  52  0.00008779
41  52  0.00030955
42  52  0.00014505
43  52  0.00024383
44  52  0.00029697
45  52  0.00023176
46  52  0.00008297
47  52  0.00037392
48  52  0.00025610
49  52  0.00017898
50  52  0.00029748
51  52  0.00004640
52  52  0.00014436
53  52  0.00024680
54  52  0.00018674
55  52  0.00044405
56  52  0.00044453
57  52  0.00025338
58  52  0.00022471
59  52  0.00012082
60  52  0.00006794
61  52  0.00018813
62  52  0.00027535
63  52  0.00015949
0  53  0.00005532
1  53  0.00022946
2  53  0.00011851
3  53  0.00010786
4  53  0.00031211
5  53  0.00031048
6  53  0.00016754
7  53  0.00037680
8  53  0.00019766
9  53  0.00015910
10  53  0.00058095
11  53  0.00020053
12  53  0.00032963
13  53  0.00014216
14  53  0.00015500
15  53  0.00019679
16  53  0.00008836
17  53  0.00010420
18  53  0.00019558
19  53  0.00031460
20  53  0.00017227
21  53  0.00016137
22  53  0.00013078
23  53  0.00019041
24  53  0.00021703
25  53  0.00021034
26  53  0.00043505
27  53  0.00028238
28  53  0.00007654
29  53  0.00044442
30  53  0.00019763
31  53  0.00011455
32  53  0.00041133
33  53  0.00035418
34  53  0.00017380
35  53  0.00011096
36  53  0.00023977
37  53  0.00019422
38  53  0.00019819
39  53  0.00025465
40  53  0.00025292
41  53  0.00028110
42  53  0.00027841
43  53  0.00030943
44  53  0.00015747
45  53  0.00012911
46  53  0.00036178
47  53  0.00011264
48  53  0.00048469
49  53  0.00015137
50  53  0.00016790
51  53  0.00026098
52  53  0.00015227
53  53  0.00025096
54  53  0.00034332
55  53  0.00007283
56  53  0.00046461
57  53  0.00039333
58  53  0.00029430
59  53  0.00031763
60  53  0.00035314
61  53  0.00030466
62  53  0.00034683
63  53  0.00013454
0  54  0.00013481
1  54  0.00013761
2  54  0.00012955
3  54  0.00020796
4  54  0.00019260
5  54  0.00021831
6  54  0.00006583
7  54  0.00023968
8  54  0.00013334
9  54  0.00019033
10  54  0.00026777
11  54  0.00015393
12  54  0.00030184
13  54  0.00019523
14  54  0.00026804
15  54  0.00018119
16  54  0.00036250
17  54  0.00012490
18  54  0.00032782
19  54  0.00026118
20  54  0.00021266
21  54  0.00033826
22  54  0.00028972
23  54  0.00010133
24  54  0.00014329
25  54  0.00002369
26  54  0.00039933
27  54  0.00021865
28  54  0.00014876
29  54  0.00011568
30  54  0.00039187
31  54  0.00013124
32  54  0.00029278
33  54  0.00011825
34  54  0.00033936
35  54  0.00031293
36  54  0.00041689
37  54  0.00018033
38  54  0.00028826
39  54  0.00004856
40  54  0.00041345
41  54  0.00041814
42  54  0.00026552
43  54  0.00018116
44  54  0.00014395
45  54  0.00029782
46  54  0.00033941
47  54  0.00012151
48  54  0.00017494
49  54  0.00024273
50  54  0.00016386
51  54  0.00011300
52  54  0.00007497
53  54  0.00030833
54  54  0.00022359
55  54  0.00012552
56  54  0.00022948
57  54  0.00016379
58  54  0.00017778
59  54  0.00020253
60  54  0.00025871
61  54  0.00004495
62  54  0.00037261
63  54  0.00007495
0  55  0.00015499
1  55  0.00013136
2  55  0.00043566
3  55  0.00018008
4  55  0.00039704
5  55  0.00013906
6  55  0.00026768
7  55  0.00031665
8  55  0.00027144
9  55  0.00019811
10  55  0.00039177
11  55  0.00018899
12  55  0.00011146
13  55  0.00016346
14  55  0.00013154
15  55  0.00024948
16  55  0.00044728
17  55  0.00014212
18  55  0.00019572
19  55  0.00018983
20  55  0.00021427
21  55  0.00028145
22  55  0.00014595
23  55  0.00005950
24  55  0.00032000
25  55  0.00019285
26  55  0.00012987
27  55  0.00019948
28  55  0.00020889
29  55  0.00026351
30  55  0.00023962
31  55  0.00006031
32  55  0.00014129
33  55  0.00025755
34  55  0.00027774
35  55  0.00016557
36  55  0.00019364
37  55  0.00028361
38  55  0.00019760
39  55  0.00013987
40  55  0.00016738
41  55  0.00029490
42  55  0.00017070
43  55  0.00008709
44  55  0.00042761
45  55  0.00008006
46  55  0.00026148
47  55  0.00020301
48  55  0.00017531
49  55  0.00012430
50  55  0.00027255
51  55  0.00026266
52  55  0.00032477
53  55  0.00043529
54  55  0.00044637
55  55  0.00031479
56  55  0.00027353
57  55  0.00009038
58  55  0.00071338
59  55  0.00035799
60  55  0.00013069
61  55  0.00013012
62  55  0.00005758
63  55  0.00022451
0  56  0.00028929
1  56  0.00065112
2  56  0.00012019
3  56  0.00037524
4  56  0.00011873
5  56  0.00016430
6  56  0.00041143
7  56  0.00012494
8  56  0.00026391
9  56  0.00012240
10  56  0.00020144
11  56  0.00029950
12  56  0.00030302
13  56  0.00010819
14  56  0.00014247
15  56  0.00037307
16  56  0.00011799
17  56  0.00009478
18  56  0.00023693
19  56  0.00035036
20  56  0.00031170
21  56  0.00011975
22  56  0.00046798
23  56  0.00028302
24  56  0.00011424
25  56  0.00007890
26  56  0.00016696
27  56  0.00050412
28  56  0.00035071
29  56  0.00063059
30  56  0.00043875
31  56  0.00018424
32  56  0.00036604
33  56  0.00013203
34  56  0.00006748
35  56  0.00029312
36  56  0.00056313
37  56  0.00030721
38  56  0.00018888
39  56  0.00039040
40  56  0.00015331
41  56  0.00040782
42  56  0.00010626
43  56  0.00028077
44  56  0.00021392
45  56  0.00053907
46  56  0.00014684
47  56  0.00020495
48  56  0.00026120
49  56  0.00018951
50  56  0.00034435
51  56  0.00067133
52  56  0.00031407
53  56  0.00025734
54  56  0.00013237
55  56  0.00030357
56  56  0.00019520
57  56  0.00014364
58  56  0.00019516
59  56  0.00018320
60  56  0.00019602
61  56  0.00030745
62  56  0.00009402
63  56  0.00006159
0  57  0.00034618
1  57  0.00019354
2  57  0.00025216
3  57  0.00022700
4  57  0.00015270
5  57  0.00013819
6  57  0.00036850
7  57  0.00015621
8  57  0.00013045
9  57  0.00017447
10  57  0.00010928
11  57  0.00060869
12  57  0.00012473
13  57  0.00010863
14  57  0.00026831
15  57  0.00030173
16  57  0.00009304
17  57  0.00025327
18  57  0.00018805
19  57  0.00024832
20  57  0.00020640
21  57  0.00033823
22  57  0.00037578
23  57  0.00027839
24  57  0.00024627
25  57  0.00032470
26  57  0.00018529
27  57  0.00029719
28  57  0.00025456
29  57  0.00014332
30  57  0.00025152
31  57  0.00047919
32  57  0.00036184
33  57  0.00022030
34  57  0.00016966
35  57  0.00033966
36  57  0.00017201
37  57  0.00014752
38  57  0.00017596
39  57  0.00010319
40  57  0.00025836
41  57  0.00032204
42  57  0.00008790
43  57  0.00024261
44  57  0.00031328
45  57  0.00034126
46  57  0.00053154
47  57  0.00034861
48  57  0.00013737
49  57  0.00022597
50  57  0.00036350
51  57  0.00027407
52  57  0.00006173
53  57  0.00016340
54  57  0.00019842
55  57  0.00014669
56  57  0.00030385
57  57  0.00011496
58  57  0.00017913
59  57  0.00026016
60  57  0.00026136
61  57  0.00022607
62  57  0.00042830
63  57  0.00038916
0  58  0.00030953
1  58  0.00018242
2  58  0.00054191
3  58  0.00026124
4  58  0.00032764
5  58  0.00014748
6  58  0.00010933
7  58  0.00051112
8  58  0.00016027
9  58  0.00025420
10  58  0.00034950
11  58  0.00022755
12  58  0.00016219
13  58  0.00037956
14  58  0.00017960
15  58  0.00027004
16  58  0.00031745
17  58  0.00017387
18  58  0.00033382
19  58  0.00017366
20  58  0.00028826
21  58  0.00005469
22  58  0.00027747
23  58  0.00027303
24  58  0.00007867
25  58  0.00018696
26  58  0.00008839
27  58  0.00012135
28  58  0.00013242
29  58  0.00067962
30  58  0.00017391
31  58  0.00016206
32  58  0.00010507
33  58  0.00045244
34  58  0.00014926
35  58  0.00032833
36  58  0.00020443
37  58  0.00034928
38  58  0.00028950
39  58  0.00026144
40  58  0.00016568
41  58  0.00023688
42  58  0.00009609
43  58  0.00016403
44  58  0.00016893
45  58  0.00019306
46  58  0.00023744
47  58  0.00007571
48  58  0.00025306
49  58  0.00075980
50  58  0.00021647
51  58  0.00026959
52  58  0.00043333
53  58  0.00055365
54  58  0.00012975
55  58  0.00030189
56  58  0.00047080
57  58  0.00024794
58  58  0.00036021
59  58  0.00022952
60  58  0.00021027
61  58  0.00020597
62  58  0.00028232
63  58  0.00019300
0  59  0.00017314
1  59  0.00031685
2  59  0.00018334
3  59  0.00040207
4  59  0.00022929
5  59  0.00034804
6  59  0.00014147
7  59  0.00038888
8  59  0.00035419
9  59  0.00018723
10  59  0.00032266
11  59  0.00040743
12  59  0.00005912
13  59  0.00014381
14  59  0.00048300
15  59  0.00016024
16  59  0.00011361
17  59  0.00036472
18  59  0.00018235
19  59  0.00022400
20  59  0.00013548
21  59  0.00015073
22  59  0.00013774
23  59  0.00018107
24  59  0.00056123
25  59  0.00027283
26  59  0.00030464
27  59  0.00036222
28  59  0.00051882
29  59  0.00032936
30  59  0.00013675
31  59  0.00020132
32  59  0.00035269
33  59  0.00016086
34  59  0.00010851
35  59  0.00016960
36  59  0.00015789
37  59  0.00033861
38  59  0.00012063
39  59  0.00018094
40  59  0.00007669
41  59  0.00016512
42  59  0.00019576
43  59  0.00026072
44  59  0.00039857
45  59  0.00037508
46  59  0.00009167
47  59  0.00023119
48  59  0.00033739
49  59  0.00040742
50  59  0.00030823
51  59  0.00019550
52  59  0.00025119
53  59  0.00021910
54  59  0.00011223
55  59  0.00008114
56  59  0.00013978
57  59  0.00037277
58  59  0.00029669
59  59  0.00025657
60  59  0.00025573
61  59  0.00053711
62  59  0.00011402
63  59  0.00034199
0  60  0.00007770
1  60  0.00025306
2  60  0.00006511
3  60  0.00024279
4  60  0.00011251
5  60  0.00019564
6  60  0.00031967
7  60  0.00013913
8  60  0.00022853
9  60  0.00017881
10  60  0.00023961
11  60  0.00020105
12  60  0.00021544
13  60  0.00015006
14  60  0.00008909
15  60  0.00016252
16  60  0.00016665
17  60  0.00014111
18  60  0.00024381
19  60  0.00018085
20  60  0.00032602
21  60  0.00029890
22  60  0.00020377
23  60  0.00019601
24  60  0.00023782
25  60  0.00008329
26  60  0.00010206
27  60  0.00016672
28  60  0.00021071
29  60  0.00042788
30  60  0.00012518
31  60  0.00026590
32  60  0.00012359
33  60  0.00027885
34  60  0.00021202
35  60  0.00034071
36  60  0.00024381
37  60  0.00028105
38  60  0.00037395
39  60  0.00026187
40  60  0.00013119
41  60  0.00014992
42  60  0.00034351
43  60  0.00011259
44  60  0.00009484
45  60  0.00014588
46  60  0.00020773
47  60  0.00033235
48  60  0.00022020
49  60  0.00015259
50  60  0.00026364
51  60  0.00012930
52  60  0.00013150
53  60  0.00027311
54  60  0.00022341
55  60  0.00045282
56  60  0.00018289
57  60  0.00018909
58  60  0.00038641
59  60  0.00017419
60  60  0.00024407
61  60  0.00030456
62  60  0.00013299
63  60  0.00041512
0  61  0.00030870
1  61  0.00021991
2  61  0.00018424
3  61  0.00013317
4  61  0.00040954
5  61  0.00048166
6  61  0.00011482
7  61  0.00034882
8  61  0.00025464
9  61  0.00019654
10  61  0.00011862
11  61  0.00039477
12  61  0.00019193
13  61  0.00032110
14  61  0.00027793
15  61  0.00022387
16  61  0.00036897
17  61  0.00037432
18  61  0.00020125
19  61  0.00014562
20  61  0.00048117
21  61  0.00032990
22  61  0.00015264
23  61  0.00025481
24  61  0.00022706
25  61  0.00022987
26  61  0.00064896
27  61  0.00039957
28  61  0.00015225
29  61  0.00019308
30  61  0.00027657
31  61  0.00033704
32  61  0.00026205
33  61  0.00015052
34  61  0.00036282
35  61  0.00013225
36  61  0.00034496
37  61  0.00028395
38  61  0.00023327
39  61  0.00018776
40  61  0.00035679
41  61  0.00040841
42  61  0.00022876
43  61  0.00041473
44  61  0.00057256
45  61  0.00023675
46  61  0.00030897
47  61  0.00011526
48  61  0.00010875
49  61  0.00033150
50  61  0.00028501
51  61  0.00016646
52  61  0.00020839
53  61  0.00023537
54  61  0.00019920
55  61  0.00020193
56  61  0.00029555
57  61  0.00006196
58  61  0.00016161
59  61  0.00022789
60  61  0.00006496
61  61  0.00006257
62  61  0.00011754
63  61  0.00016516
0  62  0.00017833
1  62  0.00037467
2  62  0.00019979
3  62  0.00014548
4  62  0.00025850
5  62  0.00027696
6  62  0.00025381
7  62  0.00011278
8  62  0.00023874
9  62  0.00043868
10  62  0.00014301
11  62  0.00017839
12  62  0.00010084
13  62  0.00031642
14  62  0.00020019
15  62  0.00019017
16  62  0.00014597
17  62  0.00026358
18  62  0.00024454
19  62  0.00031821
20  62  0.00028688
21  62  0.00028187
22  62  0.00059643
23  62  0.00023024
24  62  0.00063145
25  62  0.00014802
26  62  0.00011509
27  62  0.00029706
28  62  0.00025550
29  62  0.00016887
30  62  0.00040543
31  62  0.00030488
32  62  0.00024514
33  62  0.00027723
34  62  0.00034621
35  62  0.00017656
36  62  0.00018678
37  62  0.00012341
38  62  0.00033469
39  62  0.00016241
40  62  0.00042200
41  62  0.00027046
42  62  0.00044556
43  62  0.00009664
44  62  0.00022049
45  62  0.00016425
46  62  0.00024663
47  62  0.00035318
48  62  0.00027224
49  62  0.00030191
50  62  0.00016810
51  62  0.00014081
52  62  0.00010906
53  62  0.00035491
54  62  0.00036117
55  62  0.00028369
56  62  0.00018501
57  62  0.00016287
58  62  0.00037561
59  62  0.00038307
60  62  0.00028728
61  62  0.00021809
62  62  0.00020738
63  62  0.00027102
0  63  0.00019051
1  63  0.00025213
2  63  0.00055440
3  63  0.00040274
4  63  0.00024956
5  63  0.00034080
6  63  0.00022125
7  63  0.00039211
8  63  0.00035119
9  63  0.00008937
10  63  0.00014594
11  63  0.00032386
12  63  0.00016149
13  63  0.00048114
14  63  0.00018968
15  63  0.00015437
16  63  0.00008691
17  63  0.00021299
18  63  0.00027102
19  63  0.00040135
20  63  0.00026889
21  63  0.00036690
22  63  0.00025401
23  63  0.00026032
24  63  0.00011229
25  63  0.00026104
26  63  0.00025374
27  63  0.00047923
28  63  0.00029115
29  63  0.00033763
30  63  0.00013548
31  63  0.00044542
32  63  0.00008698
33  63  0.00025402
34  63  0.00016248
35  63  0.00015530
36  63  0.00021284
37  63  0.00014185
38  63  0.00022929
39  63  0.00035870
40  63  0.00020229
41  63  0.00011415
42  63  0.00022543
43  63  0.00025779
44  63  0.00037377
45  63  0.00023777
46  63  0.00016245
47  63  0.00038967
48  63  0.00015495
49  63  0.00023312
50  63  0.00025803
51  63  0.00025243
52  63  0.00009102
53  63  0.00039912
54  63  0.00042678
55  63  0.00026051
56  63  0.00026337
57  63  0.00023835
58  63  0.00004651
59  63  0.00019461
60  63  0.00008370
61  63  0.00022337
62  63  0.00037157
63  63  0.00029869
