# Mass field m(x,y) = Delta * R(x,y) at t = 0 seconds
# Grid: 64 x 64
# Columns: x  y  mass
0  0  2.500000
1  0  2.500000
2  0  2.499999
3  0  2.499999
4  0  2.499999
5  0  2.499997
6  0  2.499995
7  0  2.499994
8  0  2.499995
9  0  2.499997
10  0  2.499999
11  0  2.500000
12  0  2.500000
13  0  2.500000
14  0  2.500000
15  0  2.500000
16  0  2.500000
17  0  2.499999
18  0  2.499998
19  0  2.499997
20  0  2.499997
21  0  2.499998
22  0  2.499999
23  0  2.499999
24  0  2.499996
25  0  2.499995
26  0  2.499996
27  0  2.499998
28  0  2.499999
29  0  2.499998
30  0  2.499997
31  0  2.499997
32  0  2.499997
33  0  2.499998
34  0  2.499999
35  0  2.500000
36  0  2.500000
37  0  2.500000
38  0  2.500000
39  0  2.500000
40  0  2.500000
41  0  2.500000
42  0  2.499998
43  0  2.499998
44  0  2.499999
45  0  2.500000
46  0  2.499999
47  0  2.499999
48  0  2.500000
49  0  2.500000
50  0  2.500000
51  0  2.500000
52  0  2.499999
53  0  2.499999
54  0  2.499999
55  0  2.499999
56  0  2.500000
57  0  2.500000
58  0  2.499999
59  0  2.500000
60  0  2.500000
61  0  2.500000
62  0  2.500000
63  0  2.500000
0  1  2.500000
1  1  2.500000
2  1  2.499999
3  1  2.499999
4  1  2.499998
5  1  2.499996
6  1  2.499995
7  1  2.499995
8  1  2.499997
9  1  2.499999
10  1  2.500000
11  1  2.500000
12  1  2.500000
13  1  2.500000
14  1  2.500000
15  1  2.500000
16  1  2.500000
17  1  2.500000
18  1  2.499999
19  1  2.499998
20  1  2.499997
21  1  2.499997
22  1  2.499999
23  1  2.499999
24  1  2.499997
25  1  2.499996
26  1  2.499997
27  1  2.499999
28  1  2.499999
29  1  2.499998
30  1  2.499997
31  1  2.499996
32  1  2.499997
33  1  2.499998
34  1  2.499999
35  1  2.500000
36  1  2.500000
37  1  2.500000
38  1  2.500000
39  1  2.500000
40  1  2.500000
41  1  2.500000
42  1  2.499998
43  1  2.499998
44  1  2.499999
45  1  2.499999
46  1  2.499998
47  1  2.499998
48  1  2.499999
49  1  2.500000
50  1  2.500000
51  1  2.500000
52  1  2.499999
53  1  2.499999
54  1  2.499999
55  1  2.500000
56  1  2.500000
57  1  2.500000
58  1  2.500000
59  1  2.500000
60  1  2.500000
61  1  2.500000
62  1  2.500000
63  1  2.500000
0  2  2.500000
1  2  2.500000
2  2  2.500000
3  2  2.499999
4  2  2.499998
5  2  2.499998
6  2  2.499997
7  2  2.499998
8  2  2.500000
9  2  2.500000
10  2  2.499999
11  2  2.499999
12  2  2.499999
13  2  2.500000
14  2  2.500000
15  2  2.500000
16  2  2.500000
17  2  2.499999
18  2  2.499999
19  2  2.499999
20  2  2.499998
21  2  2.499998
22  2  2.499999
23  2  2.499999
24  2  2.499998
25  2  2.499998
26  2  2.499998
27  2  2.500000
28  2  2.499999
29  2  2.499999
30  2  2.499998
31  2  2.499998
32  2  2.499999
33  2  2.499999
34  2  2.499999
35  2  2.500000
36  2  2.500000
37  2  2.500000
38  2  2.500000
39  2  2.500000
40  2  2.500000
41  2  2.500000
42  2  2.499998
43  2  2.499998
44  2  2.499999
45  2  2.500000
46  2  2.499999
47  2  2.499998
48  2  2.499999
49  2  2.500000
50  2  2.500000
51  2  2.499999
52  2  2.499999
53  2  2.499999
54  2  2.500000
55  2  2.500000
56  2  2.499999
57  2  2.499999
58  2  2.499999
59  2  2.500000
60  2  2.500000
61  2  2.500000
62  2  2.500000
63  2  2.500000
0  3  2.500000
1  3  2.500000
2  3  2.500000
3  3  2.500000
4  3  2.500000
5  3  2.499999
6  3  2.499999
7  3  2.499999
8  3  2.499998
9  3  2.499997
10  3  2.499996
11  3  2.499997
12  3  2.499998
13  3  2.499998
14  3  2.499999
15  3  2.499999
16  3  2.499999
17  3  2.499999
18  3  2.499999
19  3  2.500000
20  3  2.499999
21  3  2.499999
22  3  2.500000
23  3  2.499999
24  3  2.499999
25  3  2.499998
26  3  2.499999
27  3  2.500000
28  3  2.500000
29  3  2.499999
30  3  2.499998
31  3  2.499999
32  3  2.500000
33  3  2.500000
34  3  2.500000
35  3  2.500000
36  3  2.500000
37  3  2.499999
38  3  2.499999
39  3  2.500000
40  3  2.500000
41  3  2.500000
42  3  2.499998
43  3  2.499997
44  3  2.499999
45  3  2.500000
46  3  2.500000
47  3  2.499999
48  3  2.499999
49  3  2.500000
50  3  2.500000
51  3  2.499999
52  3  2.499999
53  3  2.500000
54  3  2.500000
55  3  2.499999
56  3  2.499999
57  3  2.499998
58  3  2.499999
59  3  2.500000
60  3  2.500000
61  3  2.500000
62  3  2.500000
63  3  2.500000
0  4  2.499999
1  4  2.499999
2  4  2.499999
3  4  2.499999
4  4  2.499999
5  4  2.499999
6  4  2.499999
7  4  2.499997
8  4  2.499995
9  4  2.499994
10  4  2.499995
11  4  2.499996
12  4  2.499997
13  4  2.499998
14  4  2.499998
15  4  2.499998
16  4  2.499997
17  4  2.499998
18  4  2.499999
19  4  2.500000
20  4  2.500000
21  4  2.500000
22  4  2.500000
23  4  2.500000
24  4  2.499999
25  4  2.499998
26  4  2.499999
27  4  2.500000
28  4  2.500000
29  4  2.499999
30  4  2.499999
31  4  2.499999
32  4  2.500000
33  4  2.500000
34  4  2.500000
35  4  2.500000
36  4  2.500000
37  4  2.500000
38  4  2.499999
39  4  2.499999
40  4  2.500000
41  4  2.500000
42  4  2.499999
43  4  2.499998
44  4  2.499999
45  4  2.500000
46  4  2.499999
47  4  2.499999
48  4  2.500000
49  4  2.500000
50  4  2.500000
51  4  2.499999
52  4  2.500000
53  4  2.500000
54  4  2.500000
55  4  2.499999
56  4  2.499998
57  4  2.499998
58  4  2.499999
59  4  2.499999
60  4  2.500000
61  4  2.500000
62  4  2.500000
63  4  2.499999
0  5  2.499999
1  5  2.499999
2  5  2.499998
3  5  2.499998
4  5  2.499998
5  5  2.499998
6  5  2.499998
7  5  2.499996
8  5  2.499994
9  5  2.499994
10  5  2.499995
11  5  2.499996
12  5  2.499997
13  5  2.499998
14  5  2.499998
15  5  2.499998
16  5  2.499998
17  5  2.499998
18  5  2.499999
19  5  2.499999
20  5  2.500000
21  5  2.500000
22  5  2.500000
23  5  2.500000
24  5  2.499999
25  5  2.499998
26  5  2.499999
27  5  2.500000
28  5  2.499999
29  5  2.499998
30  5  2.499998
31  5  2.500000
32  5  2.500000
33  5  2.500000
34  5  2.500000
35  5  2.500000
36  5  2.500000
37  5  2.500000
38  5  2.499999
39  5  2.499999
40  5  2.500000
41  5  2.500000
42  5  2.500000
43  5  2.499999
44  5  2.499999
45  5  2.499999
46  5  2.500000
47  5  2.500000
48  5  2.500000
49  5  2.500000
50  5  2.500000
51  5  2.500000
52  5  2.500000
53  5  2.500000
54  5  2.499999
55  5  2.499999
56  5  2.499998
57  5  2.499998
58  5  2.499999
59  5  2.500000
60  5  2.499999
61  5  2.499999
62  5  2.499999
63  5  2.499999
0  6  2.499999
1  6  2.499999
2  6  2.499999
3  6  2.499999
4  6  2.499998
5  6  2.499999
6  6  2.499999
7  6  2.499997
8  6  2.499996
9  6  2.499997
10  6  2.499998
11  6  2.499998
12  6  2.499999
13  6  2.499999
14  6  2.499999
15  6  2.499999
16  6  2.499999
17  6  2.499999
18  6  2.499999
19  6  2.500000
20  6  2.500000
21  6  2.500000
22  6  2.500000
23  6  2.499999
24  6  2.499998
25  6  2.499998
26  6  2.499999
27  6  2.500000
28  6  2.499999
29  6  2.499998
30  6  2.499998
31  6  2.499999
32  6  2.500000
33  6  2.500000
34  6  2.500000
35  6  2.500000
36  6  2.500000
37  6  2.500000
38  6  2.500000
39  6  2.500000
40  6  2.500000
41  6  2.500000
42  6  2.500000
43  6  2.500000
44  6  2.499999
45  6  2.499999
46  6  2.500000
47  6  2.500000
48  6  2.500000
49  6  2.500000
50  6  2.500000
51  6  2.500000
52  6  2.500000
53  6  2.500000
54  6  2.499999
55  6  2.499998
56  6  2.499998
57  6  2.499999
58  6  2.500000
59  6  2.500000
60  6  2.499999
61  6  2.499998
62  6  2.499998
63  6  2.499999
0  7  2.500000
1  7  2.500000
2  7  2.500000
3  7  2.499999
4  7  2.499999
5  7  2.500000
6  7  2.499999
7  7  2.499997
8  7  2.499997
9  7  2.499999
10  7  2.500000
11  7  2.499999
12  7  2.499999
13  7  2.500000
14  7  2.500000
15  7  2.500000
16  7  2.500000
17  7  2.500000
18  7  2.500000
19  7  2.500000
20  7  2.500000
21  7  2.500000
22  7  2.500000
23  7  2.499999
24  7  2.499998
25  7  2.499999
26  7  2.500000
27  7  2.500000
28  7  2.499999
29  7  2.499998
30  7  2.499998
31  7  2.499999
32  7  2.500000
33  7  2.500000
34  7  2.500000
35  7  2.499999
36  7  2.499999
37  7  2.499999
38  7  2.499999
39  7  2.500000
40  7  2.500000
41  7  2.500000
42  7  2.500000
43  7  2.500000
44  7  2.499999
45  7  2.499999
46  7  2.499999
47  7  2.500000
48  7  2.500000
49  7  2.500000
50  7  2.500000
51  7  2.500000
52  7  2.500000
53  7  2.499999
54  7  2.499999
55  7  2.499998
56  7  2.499999
57  7  2.499999
58  7  2.500000
59  7  2.500000
60  7  2.499999
61  7  2.499998
62  7  2.499998
63  7  2.499999
0  8  2.500000
1  8  2.500000
2  8  2.500000
3  8  2.499999
4  8  2.499999
5  8  2.500000
6  8  2.499999
7  8  2.499997
8  8  2.499997
9  8  2.500000
10  8  2.500000
11  8  2.499999
12  8  2.499999
13  8  2.500000
14  8  2.500000
15  8  2.500000
16  8  2.500000
17  8  2.500000
18  8  2.500000
19  8  2.500000
20  8  2.500000
21  8  2.500000
22  8  2.500000
23  8  2.499999
24  8  2.499998
25  8  2.499999
26  8  2.500000
27  8  2.499999
28  8  2.499999
29  8  2.499998
30  8  2.499998
31  8  2.499999
32  8  2.500000
33  8  2.499999
34  8  2.499999
35  8  2.499998
36  8  2.499997
37  8  2.499997
38  8  2.499997
39  8  2.499998
40  8  2.499999
41  8  2.499999
42  8  2.499999
43  8  2.500000
44  8  2.499999
45  8  2.499999
46  8  2.499999
47  8  2.499999
48  8  2.500000
49  8  2.500000
50  8  2.500000
51  8  2.500000
52  8  2.500000
53  8  2.500000
54  8  2.500000
55  8  2.499999
56  8  2.499999
57  8  2.500000
58  8  2.500000
59  8  2.499999
60  8  2.499999
61  8  2.499998
62  8  2.499998
63  8  2.499999
0  9  2.500000
1  9  2.500000
2  9  2.500000
3  9  2.500000
4  9  2.500000
5  9  2.500000
6  9  2.499999
7  9  2.499997
8  9  2.499997
9  9  2.499999
10  9  2.500000
11  9  2.499999
12  9  2.499999
13  9  2.500000
14  9  2.500000
15  9  2.500000
16  9  2.500000
17  9  2.499999
18  9  2.500000
19  9  2.500000
20  9  2.500000
21  9  2.500000
22  9  2.499999
23  9  2.499999
24  9  2.499998
25  9  2.499999
26  9  2.499999
27  9  2.499999
28  9  2.499998
29  9  2.499999
30  9  2.499999
31  9  2.499999
32  9  2.499999
33  9  2.499999
34  9  2.499997
35  9  2.499997
36  9  2.499996
37  9  2.499997
38  9  2.499997
39  9  2.499998
40  9  2.499999
41  9  2.499999
42  9  2.500000
43  9  2.500000
44  9  2.499999
45  9  2.499999
46  9  2.499999
47  9  2.499999
48  9  2.499999
49  9  2.500000
50  9  2.500000
51  9  2.500000
52  9  2.500000
53  9  2.500000
54  9  2.499999
55  9  2.499999
56  9  2.499999
57  9  2.499998
58  9  2.499998
59  9  2.499997
60  9  2.499998
61  9  2.499998
62  9  2.499999
63  9  2.500000
0  10  2.500000
1  10  2.500000
2  10  2.500000
3  10  2.500000
4  10  2.500000
5  10  2.500000
6  10  2.499998
7  10  2.499997
8  10  2.499998
9  10  2.499999
10  10  2.500000
11  10  2.499999
12  10  2.499999
13  10  2.499999
14  10  2.499999
15  10  2.499999
16  10  2.500000
17  10  2.499999
18  10  2.500000
19  10  2.500000
20  10  2.500000
21  10  2.500000
22  10  2.499999
23  10  2.499998
24  10  2.499997
25  10  2.499998
26  10  2.499998
27  10  2.499998
28  10  2.499998
29  10  2.499999
30  10  2.500000
31  10  2.500000
32  10  2.499999
33  10  2.499998
34  10  2.499997
35  10  2.499997
36  10  2.499997
37  10  2.499998
38  10  2.499999
39  10  2.499999
40  10  2.499999
41  10  2.500000
42  10  2.500000
43  10  2.500000
44  10  2.500000
45  10  2.500000
46  10  2.500000
47  10  2.500000
48  10  2.500000
49  10  2.500000
50  10  2.500000
51  10  2.500000
52  10  2.500000
53  10  2.499999
54  10  2.499998
55  10  2.499997
56  10  2.499997
57  10  2.499996
58  10  2.499995
59  10  2.499996
60  10  2.499997
61  10  2.499998
62  10  2.499999
63  10  2.500000
0  11  2.500000
1  11  2.500000
2  11  2.500000
3  11  2.500000
4  11  2.500000
5  11  2.499999
6  11  2.499998
7  11  2.499998
8  11  2.499998
9  11  2.499999
10  11  2.500000
11  11  2.500000
12  11  2.499999
13  11  2.499999
14  11  2.499999
15  11  2.499999
16  11  2.499999
17  11  2.500000
18  11  2.500000
19  11  2.500000
20  11  2.500000
21  11  2.500000
22  11  2.499999
23  11  2.499998
24  11  2.499998
25  11  2.499998
26  11  2.499998
27  11  2.499998
28  11  2.499998
29  11  2.499999
30  11  2.500000
31  11  2.500000
32  11  2.500000
33  11  2.499999
34  11  2.499998
35  11  2.499998
36  11  2.499999
37  11  2.500000
38  11  2.500000
39  11  2.500000
40  11  2.499999
41  11  2.500000
42  11  2.500000
43  11  2.500000
44  11  2.500000
45  11  2.500000
46  11  2.500000
47  11  2.500000
48  11  2.500000
49  11  2.500000
50  11  2.500000
51  11  2.499999
52  11  2.499999
53  11  2.499998
54  11  2.499997
55  11  2.499996
56  11  2.499995
57  11  2.499995
58  11  2.499995
59  11  2.499996
60  11  2.499997
61  11  2.499998
62  11  2.499999
63  11  2.500000
0  12  2.500000
1  12  2.500000
2  12  2.500000
3  12  2.500000
4  12  2.500000
5  12  2.499999
6  12  2.499998
7  12  2.499998
8  12  2.499999
9  12  2.500000
10  12  2.500000
11  12  2.499999
12  12  2.499999
13  12  2.499999
14  12  2.499999
15  12  2.499999
16  12  2.499999
17  12  2.500000
18  12  2.500000
19  12  2.500000
20  12  2.499999
21  12  2.500000
22  12  2.500000
23  12  2.500000
24  12  2.499999
25  12  2.500000
26  12  2.499999
27  12  2.499999
28  12  2.500000
29  12  2.500000
30  12  2.499999
31  12  2.499999
32  12  2.499999
33  12  2.499999
34  12  2.500000
35  12  2.499999
36  12  2.499999
37  12  2.499999
38  12  2.499998
39  12  2.499998
40  12  2.499998
41  12  2.499998
42  12  2.499999
43  12  2.499998
44  12  2.499998
45  12  2.499999
46  12  2.499999
47  12  2.499999
48  12  2.500000
49  12  2.500000
50  12  2.500000
51  12  2.499999
52  12  2.499998
53  12  2.499998
54  12  2.499998
55  12  2.499997
56  12  2.499997
57  12  2.499997
58  12  2.499997
59  12  2.499998
60  12  2.499999
61  12  2.499998
62  12  2.499999
63  12  2.500000
0  13  2.500000
1  13  2.500000
2  13  2.500000
3  13  2.500000
4  13  2.500000
5  13  2.499999
6  13  2.499998
7  13  2.499998
8  13  2.499999
9  13  2.500000
10  13  2.500000
11  13  2.500000
12  13  2.499999
13  13  2.499999
14  13  2.499999
15  13  2.499999
16  13  2.500000
17  13  2.500000
18  13  2.500000
19  13  2.500000
20  13  2.500000
21  13  2.500000
22  13  2.500000
23  13  2.499999
24  13  2.499999
25  13  2.500000
26  13  2.500000
27  13  2.499999
28  13  2.500000
29  13  2.500000
30  13  2.499999
31  13  2.499999
32  13  2.499999
33  13  2.500000
34  13  2.500000
35  13  2.499999
36  13  2.499998
37  13  2.499996
38  13  2.499995
39  13  2.499995
40  13  2.499996
41  13  2.499997
42  13  2.499997
43  13  2.499998
44  13  2.499997
45  13  2.499997
46  13  2.499998
47  13  2.499999
48  13  2.500000
49  13  2.500000
50  13  2.500000
51  13  2.499998
52  13  2.499997
53  13  2.499997
54  13  2.499999
55  13  2.500000
56  13  2.500000
57  13  2.499999
58  13  2.500000
59  13  2.500000
60  13  2.499999
61  13  2.499998
62  13  2.499998
63  13  2.499999
0  14  2.500000
1  14  2.500000
2  14  2.500000
3  14  2.499999
4  14  2.499999
5  14  2.499997
6  14  2.499997
7  14  2.499997
8  14  2.499998
9  14  2.499999
10  14  2.500000
11  14  2.500000
12  14  2.499999
13  14  2.499999
14  14  2.499999
15  14  2.499999
16  14  2.500000
17  14  2.500000
18  14  2.500000
19  14  2.500000
20  14  2.500000
21  14  2.500000
22  14  2.500000
23  14  2.499999
24  14  2.499998
25  14  2.499998
26  14  2.499998
27  14  2.499998
28  14  2.499998
29  14  2.499998
30  14  2.499998
31  14  2.499999
32  14  2.500000
33  14  2.500000
34  14  2.500000
35  14  2.499998
36  14  2.499997
37  14  2.499995
38  14  2.499995
39  14  2.499995
40  14  2.499996
41  14  2.499997
42  14  2.499998
43  14  2.499998
44  14  2.499998
45  14  2.499998
46  14  2.499998
47  14  2.499999
48  14  2.499999
49  14  2.500000
50  14  2.499999
51  14  2.499997
52  14  2.499995
53  14  2.499995
54  14  2.499997
55  14  2.499999
56  14  2.500000
57  14  2.500000
58  14  2.500000
59  14  2.500000
60  14  2.499999
61  14  2.499999
62  14  2.499998
63  14  2.499999
0  15  2.500000
1  15  2.500000
2  15  2.499999
3  15  2.499999
4  15  2.499998
5  15  2.499997
6  15  2.499995
7  15  2.499995
8  15  2.499996
9  15  2.499998
10  15  2.500000
11  15  2.500000
12  15  2.500000
13  15  2.499999
14  15  2.500000
15  15  2.500000
16  15  2.500000
17  15  2.500000
18  15  2.500000
19  15  2.500000
20  15  2.500000
21  15  2.500000
22  15  2.499999
23  15  2.499998
24  15  2.499998
25  15  2.499998
26  15  2.499998
27  15  2.499998
28  15  2.499997
29  15  2.499998
30  15  2.499998
31  15  2.499999
32  15  2.500000
33  15  2.500000
34  15  2.499999
35  15  2.499997
36  15  2.499997
37  15  2.499996
38  15  2.499997
39  15  2.499997
40  15  2.499998
41  15  2.499999
42  15  2.499999
43  15  2.500000
44  15  2.499999
45  15  2.499999
46  15  2.500000
47  15  2.499999
48  15  2.499998
49  15  2.499999
50  15  2.499999
51  15  2.499997
52  15  2.499994
53  15  2.499993
54  15  2.499994
55  15  2.499996
56  15  2.499997
57  15  2.499997
58  15  2.499998
59  15  2.499998
60  15  2.499999
61  15  2.499999
62  15  2.499999
63  15  2.499999
0  16  2.499999
1  16  2.499999
2  16  2.499999
3  16  2.499999
4  16  2.499998
5  16  2.499997
6  16  2.499996
7  16  2.499995
8  16  2.499995
9  16  2.499997
10  16  2.499999
11  16  2.500000
12  16  2.500000
13  16  2.500000
14  16  2.500000
15  16  2.500000
16  16  2.500000
17  16  2.500000
18  16  2.500000
19  16  2.500000
20  16  2.500000
21  16  2.500000
22  16  2.500000
23  16  2.499999
24  16  2.499999
25  16  2.499999
26  16  2.500000
27  16  2.499999
28  16  2.499999
29  16  2.500000
30  16  2.500000
31  16  2.500000
32  16  2.500000
33  16  2.499999
34  16  2.499998
35  16  2.499998
36  16  2.499998
37  16  2.499998
38  16  2.500000
39  16  2.500000
40  16  2.500000
41  16  2.500000
42  16  2.500000
43  16  2.500000
44  16  2.500000
45  16  2.500000
46  16  2.500000
47  16  2.499999
48  16  2.499997
49  16  2.499997
50  16  2.499998
51  16  2.499997
52  16  2.499995
53  16  2.499992
54  16  2.499992
55  16  2.499994
56  16  2.499995
57  16  2.499995
58  16  2.499995
59  16  2.499996
60  16  2.499997
61  16  2.499999
62  16  2.499999
63  16  2.499999
0  17  2.499998
1  17  2.499999
2  17  2.499999
3  17  2.499999
4  17  2.499999
5  17  2.499999
6  17  2.499997
7  17  2.499996
8  17  2.499995
9  17  2.499996
10  17  2.499998
11  17  2.500000
12  17  2.500000
13  17  2.500000
14  17  2.500000
15  17  2.499999
16  17  2.500000
17  17  2.500000
18  17  2.500000
19  17  2.500000
20  17  2.500000
21  17  2.500000
22  17  2.500000
23  17  2.499999
24  17  2.499999
25  17  2.499999
26  17  2.500000
27  17  2.500000
28  17  2.500000
29  17  2.500000
30  17  2.500000
31  17  2.500000
32  17  2.500000
33  17  2.499998
34  17  2.499998
35  17  2.499998
36  17  2.499999
37  17  2.500000
38  17  2.500000
39  17  2.499999
40  17  2.499999
41  17  2.499999
42  17  2.499999
43  17  2.499999
44  17  2.500000
45  17  2.500000
46  17  2.499999
47  17  2.499998
48  17  2.499996
49  17  2.499996
50  17  2.499998
51  17  2.499998
52  17  2.499997
53  17  2.499995
54  17  2.499994
55  17  2.499995
56  17  2.499995
57  17  2.499995
58  17  2.499995
59  17  2.499995
60  17  2.499996
61  17  2.499997
62  17  2.499998
63  17  2.499998
0  18  2.499998
1  18  2.499998
2  18  2.499999
3  18  2.499999
4  18  2.500000
5  18  2.500000
6  18  2.499999
7  18  2.499998
8  18  2.499997
9  18  2.499996
10  18  2.499998
11  18  2.499999
12  18  2.500000
13  18  2.499999
14  18  2.499999
15  18  2.499999
16  18  2.499999
17  18  2.500000
18  18  2.500000
19  18  2.500000
20  18  2.500000
21  18  2.500000
22  18  2.499999
23  18  2.499998
24  18  2.499997
25  18  2.499996
26  18  2.499997
27  18  2.499998
28  18  2.499999
29  18  2.499999
30  18  2.499999
31  18  2.499999
32  18  2.499999
33  18  2.499999
34  18  2.499998
35  18  2.499998
36  18  2.499999
37  18  2.500000
38  18  2.499999
39  18  2.499998
40  18  2.499998
41  18  2.499999
42  18  2.499999
43  18  2.500000
44  18  2.500000
45  18  2.500000
46  18  2.500000
47  18  2.499997
48  18  2.499996
49  18  2.499996
50  18  2.499998
51  18  2.500000
52  18  2.499999
53  18  2.499998
54  18  2.499997
55  18  2.499997
56  18  2.499997
57  18  2.499997
58  18  2.499996
59  18  2.499996
60  18  2.499996
61  18  2.499997
62  18  2.499997
63  18  2.499997
0  19  2.499999
1  19  2.499999
2  19  2.500000
3  19  2.500000
4  19  2.500000
5  19  2.500000
6  19  2.499999
7  19  2.499999
8  19  2.499998
9  19  2.499997
10  19  2.499998
11  19  2.499999
12  19  2.500000
13  19  2.500000
14  19  2.499999
15  19  2.499999
16  19  2.499999
17  19  2.500000
18  19  2.500000
19  19  2.500000
20  19  2.500000
21  19  2.499999
22  19  2.499998
23  19  2.499997
24  19  2.499995
25  19  2.499994
26  19  2.499995
27  19  2.499996
28  19  2.499998
29  19  2.499998
30  19  2.499999
31  19  2.499999
32  19  2.499999
33  19  2.500000
34  19  2.499999
35  19  2.499999
36  19  2.499999
37  19  2.500000
38  19  2.499999
39  19  2.499999
40  19  2.499999
41  19  2.500000
42  19  2.500000
43  19  2.500000
44  19  2.500000
45  19  2.500000
46  19  2.499999
47  19  2.499998
48  19  2.499996
49  19  2.499997
50  19  2.499999
51  19  2.500000
52  19  2.500000
53  19  2.499999
54  19  2.499999
55  19  2.500000
56  19  2.500000
57  19  2.499999
58  19  2.499999
59  19  2.499999
60  19  2.499998
61  19  2.499999
62  19  2.499999
63  19  2.499999
0  20  2.500000
1  20  2.500000
2  20  2.500000
3  20  2.500000
4  20  2.499999
5  20  2.499999
6  20  2.499999
7  20  2.499999
8  20  2.499999
9  20  2.499998
10  20  2.499998
11  20  2.499999
12  20  2.500000
13  20  2.500000
14  20  2.499999
15  20  2.499999
16  20  2.500000
17  20  2.500000
18  20  2.500000
19  20  2.500000
20  20  2.499999
21  20  2.499998
22  20  2.499997
23  20  2.499997
24  20  2.499996
25  20  2.499995
26  20  2.499995
27  20  2.499997
28  20  2.499998
29  20  2.499999
30  20  2.499999
31  20  2.499999
32  20  2.499999
33  20  2.500000
34  20  2.500000
35  20  2.499999
36  20  2.499999
37  20  2.500000
38  20  2.500000
39  20  2.500000
40  20  2.500000
41  20  2.500000
42  20  2.500000
43  20  2.499999
44  20  2.500000
45  20  2.500000
46  20  2.499999
47  20  2.499997
48  20  2.499996
49  20  2.499997
50  20  2.499998
51  20  2.500000
52  20  2.499999
53  20  2.499999
54  20  2.499999
55  20  2.500000
56  20  2.500000
57  20  2.500000
58  20  2.500000
59  20  2.499999
60  20  2.500000
61  20  2.500000
62  20  2.500000
63  20  2.500000
0  21  2.500000
1  21  2.500000
2  21  2.500000
3  21  2.500000
4  21  2.500000
5  21  2.499999
6  21  2.500000
7  21  2.500000
8  21  2.500000
9  21  2.499999
10  21  2.499999
11  21  2.499999
12  21  2.500000
13  21  2.500000
14  21  2.499999
15  21  2.499999
16  21  2.500000
17  21  2.500000
18  21  2.500000
19  21  2.500000
20  21  2.499999
21  21  2.499998
22  21  2.499998
23  21  2.499998
24  21  2.499999
25  21  2.499998
26  21  2.499997
27  21  2.499998
28  21  2.499999
29  21  2.499999
30  21  2.500000
31  21  2.499999
32  21  2.499999
33  21  2.500000
34  21  2.500000
35  21  2.499999
36  21  2.499999
37  21  2.499999
38  21  2.500000
39  21  2.500000
40  21  2.500000
41  21  2.500000
42  21  2.499999
43  21  2.499999
44  21  2.499999
45  21  2.500000
46  21  2.499998
47  21  2.499997
48  21  2.499996
49  21  2.499997
50  21  2.499998
51  21  2.499998
52  21  2.499997
53  21  2.499998
54  21  2.499998
55  21  2.499998
56  21  2.499999
57  21  2.499998
58  21  2.499997
59  21  2.499997
60  21  2.499998
61  21  2.499999
62  21  2.499999
63  21  2.500000
0  22  2.499999
1  22  2.499999
2  22  2.500000
3  22  2.500000
4  22  2.500000
5  22  2.500000
6  22  2.500000
7  22  2.500000
8  22  2.500000
9  22  2.499999
10  22  2.499998
11  22  2.499999
12  22  2.500000
13  22  2.500000
14  22  2.500000
15  22  2.500000
16  22  2.500000
17  22  2.500000
18  22  2.500000
19  22  2.500000
20  22  2.499999
21  22  2.499998
22  22  2.499998
23  22  2.499999
24  22  2.500000
25  22  2.500000
26  22  2.499999
27  22  2.499999
28  22  2.500000
29  22  2.500000
30  22  2.500000
31  22  2.500000
32  22  2.500000
33  22  2.500000
34  22  2.500000
35  22  2.499999
36  22  2.499999
37  22  2.499999
38  22  2.500000
39  22  2.500000
40  22  2.500000
41  22  2.500000
42  22  2.499999
43  22  2.500000
44  22  2.500000
45  22  2.500000
46  22  2.499999
47  22  2.499997
48  22  2.499997
49  22  2.499997
50  22  2.499997
51  22  2.499997
52  22  2.499997
53  22  2.499997
54  22  2.499997
55  22  2.499997
56  22  2.499997
57  22  2.499997
58  22  2.499996
59  22  2.499997
60  22  2.499997
61  22  2.499998
62  22  2.499999
63  22  2.499999
0  23  2.500000
1  23  2.500000
2  23  2.500000
3  23  2.500000
4  23  2.500000
5  23  2.500000
6  23  2.500000
7  23  2.500000
8  23  2.500000
9  23  2.499999
10  23  2.499999
11  23  2.499999
12  23  2.500000
13  23  2.500000
14  23  2.500000
15  23  2.499999
16  23  2.500000
17  23  2.500000
18  23  2.500000
19  23  2.500000
20  23  2.499999
21  23  2.499999
22  23  2.499998
23  23  2.499999
24  23  2.500000
25  23  2.500000
26  23  2.499999
27  23  2.499999
28  23  2.499999
29  23  2.500000
30  23  2.500000
31  23  2.500000
32  23  2.499999
33  23  2.499999
34  23  2.499999
35  23  2.499999
36  23  2.499999
37  23  2.499999
38  23  2.499999
39  23  2.499999
40  23  2.500000
41  23  2.500000
42  23  2.500000
43  23  2.500000
44  23  2.500000
45  23  2.500000
46  23  2.499999
47  23  2.499999
48  23  2.499999
49  23  2.499998
50  23  2.499997
51  23  2.499997
52  23  2.499996
53  23  2.499997
54  23  2.499997
55  23  2.499997
56  23  2.499997
57  23  2.499997
58  23  2.499997
59  23  2.499998
60  23  2.499999
61  23  2.499999
62  23  2.499999
63  23  2.499999
0  24  2.499999
1  24  2.500000
2  24  2.500000
3  24  2.500000
4  24  2.499999
5  24  2.499999
6  24  2.499999
7  24  2.499999
8  24  2.499999
9  24  2.499999
10  24  2.499998
11  24  2.499999
12  24  2.500000
13  24  2.500000
14  24  2.500000
15  24  2.500000
16  24  2.500000
17  24  2.500000
18  24  2.500000
19  24  2.500000
20  24  2.499999
21  24  2.499999
22  24  2.499999
23  24  2.499999
24  24  2.499999
25  24  2.499999
26  24  2.499998
27  24  2.499998
28  24  2.499999
29  24  2.499999
30  24  2.499999
31  24  2.499999
32  24  2.499998
33  24  2.499998
34  24  2.499998
35  24  2.499999
36  24  2.499999
37  24  2.499998
38  24  2.499998
39  24  2.499998
40  24  2.499999
41  24  2.500000
42  24  2.500000
43  24  2.500000
44  24  2.499999
45  24  2.499999
46  24  2.499999
47  24  2.499999
48  24  2.500000
49  24  2.499999
50  24  2.499997
51  24  2.499996
52  24  2.499996
53  24  2.499997
54  24  2.499998
55  24  2.499998
56  24  2.499998
57  24  2.499998
58  24  2.499999
59  24  2.500000
60  24  2.500000
61  24  2.500000
62  24  2.499999
63  24  2.499999
0  25  2.499999
1  25  2.499999
2  25  2.499999
3  25  2.499999
4  25  2.499998
5  25  2.499998
6  25  2.499999
7  25  2.499999
8  25  2.499999
9  25  2.499999
10  25  2.499998
11  25  2.499999
12  25  2.500000
13  25  2.500000
14  25  2.500000
15  25  2.500000
16  25  2.500000
17  25  2.500000
18  25  2.499999
19  25  2.499999
20  25  2.499999
21  25  2.500000
22  25  2.500000
23  25  2.500000
24  25  2.499999
25  25  2.499999
26  25  2.499998
27  25  2.499998
28  25  2.499998
29  25  2.499998
30  25  2.499998
31  25  2.499998
32  25  2.499998
33  25  2.499997
34  25  2.499998
35  25  2.499999
36  25  2.499999
37  25  2.499999
38  25  2.499998
39  25  2.499998
40  25  2.499999
41  25  2.500000
42  25  2.500000
43  25  2.500000
44  25  2.499999
45  25  2.499999
46  25  2.499999
47  25  2.500000
48  25  2.499999
49  25  2.499998
50  25  2.499997
51  25  2.499997
52  25  2.499997
53  25  2.499998
54  25  2.499999
55  25  2.499999
56  25  2.500000
57  25  2.500000
58  25  2.500000
59  25  2.500000
60  25  2.499999
61  25  2.499999
62  25  2.499999
63  25  2.499999
0  26  2.499999
1  26  2.499999
2  26  2.499999
3  26  2.499999
4  26  2.499999
5  26  2.499999
6  26  2.499999
7  26  2.499999
8  26  2.499999
9  26  2.499998
10  26  2.499998
11  26  2.499999
12  26  2.500000
13  26  2.500000
14  26  2.500000
15  26  2.500000
16  26  2.500000
17  26  2.499999
18  26  2.499998
19  26  2.499998
20  26  2.499999
21  26  2.500000
22  26  2.500000
23  26  2.500000
24  26  2.500000
25  26  2.499999
26  26  2.499998
27  26  2.499998
28  26  2.499998
29  26  2.499999
30  26  2.499999
31  26  2.499998
32  26  2.499999
33  26  2.499998
34  26  2.499999
35  26  2.500000
36  26  2.500000
37  26  2.499999
38  26  2.499998
39  26  2.499997
40  26  2.499998
41  26  2.500000
42  26  2.500000
43  26  2.500000
44  26  2.499999
45  26  2.499999
46  26  2.500000
47  26  2.500000
48  26  2.499999
49  26  2.499997
50  26  2.499997
51  26  2.499998
52  26  2.499998
53  26  2.499999
54  26  2.499999
55  26  2.500000
56  26  2.500000
57  26  2.499999
58  26  2.499999
59  26  2.499999
60  26  2.499999
61  26  2.499999
62  26  2.499999
63  26  2.499999
0  27  2.499999
1  27  2.499999
2  27  2.499999
3  27  2.499999
4  27  2.500000
5  27  2.500000
6  27  2.499999
7  27  2.499998
8  27  2.499998
9  27  2.499998
10  27  2.499999
11  27  2.500000
12  27  2.500000
13  27  2.500000
14  27  2.500000
15  27  2.500000
16  27  2.499999
17  27  2.499998
18  27  2.499997
19  27  2.499998
20  27  2.499999
21  27  2.499999
22  27  2.500000
23  27  2.500000
24  27  2.499999
25  27  2.499999
26  27  2.499999
27  27  2.499998
28  27  2.499999
29  27  2.500000
30  27  2.500000
31  27  2.500000
32  27  2.500000
33  27  2.500000
34  27  2.500000
35  27  2.500000
36  27  2.500000
37  27  2.499998
38  27  2.499997
39  27  2.499997
40  27  2.499998
41  27  2.500000
42  27  2.500000
43  27  2.499999
44  27  2.499999
45  27  2.499999
46  27  2.500000
47  27  2.500000
48  27  2.499997
49  27  2.499996
50  27  2.499997
51  27  2.499999
52  27  2.499999
53  27  2.499999
54  27  2.499999
55  27  2.499999
56  27  2.499999
57  27  2.499998
58  27  2.499998
59  27  2.499999
60  27  2.499999
61  27  2.499999
62  27  2.499999
63  27  2.499999
0  28  2.499999
1  28  2.499999
2  28  2.500000
3  28  2.500000
4  28  2.500000
5  28  2.499999
6  28  2.499997
7  28  2.499996
8  28  2.499997
9  28  2.499998
10  28  2.499999
11  28  2.499999
12  28  2.500000
13  28  2.500000
14  28  2.500000
15  28  2.500000
16  28  2.500000
17  28  2.499999
18  28  2.499999
19  28  2.499999
20  28  2.500000
21  28  2.499999
22  28  2.499999
23  28  2.499999
24  28  2.499999
25  28  2.499999
26  28  2.499999
27  28  2.499999
28  28  2.500000
29  28  2.500000
30  28  2.500000
31  28  2.500000
32  28  2.500000
33  28  2.500000
34  28  2.500000
35  28  2.499999
36  28  2.499998
37  28  2.499997
38  28  2.499997
39  28  2.499997
40  28  2.499999
41  28  2.500000
42  28  2.500000
43  28  2.500000
44  28  2.499999
45  28  2.500000
46  28  2.500000
47  28  2.499999
48  28  2.499998
49  28  2.499997
50  28  2.499998
51  28  2.500000
52  28  2.500000
53  28  2.499999
54  28  2.499998
55  28  2.499998
56  28  2.499998
57  28  2.499998
58  28  2.499998
59  28  2.499999
60  28  2.500000
61  28  2.500000
62  28  2.500000
63  28  2.499999
0  29  2.499999
1  29  2.499999
2  29  2.500000
3  29  2.500000
4  29  2.499999
5  29  2.499997
6  29  2.499995
7  29  2.499995
8  29  2.499996
9  29  2.499997
10  29  2.499999
11  29  2.499999
12  29  2.500000
13  29  2.500000
14  29  2.500000
15  29  2.500000
16  29  2.499999
17  29  2.499998
18  29  2.499998
19  29  2.499999
20  29  2.500000
21  29  2.500000
22  29  2.499998
23  29  2.499998
24  29  2.499999
25  29  2.499999
26  29  2.500000
27  29  2.500000
28  29  2.500000
29  29  2.499999
30  29  2.499999
31  29  2.499999
32  29  2.499998
33  29  2.499998
34  29  2.499998
35  29  2.499998
36  29  2.499997
37  29  2.499997
38  29  2.499997
39  29  2.499999
40  29  2.500000
41  29  2.500000
42  29  2.500000
43  29  2.500000
44  29  2.499999
45  29  2.500000
46  29  2.500000
47  29  2.499999
48  29  2.499998
49  29  2.499998
50  29  2.499999
51  29  2.500000
52  29  2.499999
53  29  2.499998
54  29  2.499998
55  29  2.499999
56  29  2.499999
57  29  2.499999
58  29  2.500000
59  29  2.500000
60  29  2.500000
61  29  2.500000
62  29  2.500000
63  29  2.499999
0  30  2.499999
1  30  2.499999
2  30  2.499999
3  30  2.499999
4  30  2.499998
5  30  2.499996
6  30  2.499995
7  30  2.499995
8  30  2.499997
9  30  2.499998
10  30  2.499999
11  30  2.500000
12  30  2.499999
13  30  2.499999
14  30  2.499999
15  30  2.499998
16  30  2.499997
17  30  2.499996
18  30  2.499996
19  30  2.499998
20  30  2.499999
21  30  2.499999
22  30  2.499999
23  30  2.499998
24  30  2.499999
25  30  2.499999
26  30  2.500000
27  30  2.500000
28  30  2.499999
29  30  2.499999
30  30  2.499998
31  30  2.499998
32  30  2.499998
33  30  2.499998
34  30  2.499998
35  30  2.499998
36  30  2.499998
37  30  2.499998
38  30  2.499999
39  30  2.499999
40  30  2.500000
41  30  2.500000
42  30  2.500000
43  30  2.500000
44  30  2.500000
45  30  2.500000
46  30  2.500000
47  30  2.499999
48  30  2.499999
49  30  2.499999
50  30  2.499999
51  30  2.499999
52  30  2.499999
53  30  2.499999
54  30  2.499999
55  30  2.499999
56  30  2.499999
57  30  2.499999
58  30  2.499999
59  30  2.499999
60  30  2.500000
61  30  2.500000
62  30  2.500000
63  30  2.499999
0  31  2.499999
1  31  2.499998
2  31  2.499998
3  31  2.499998
4  31  2.499997
5  31  2.499995
6  31  2.499995
7  31  2.499996
8  31  2.499998
9  31  2.499999
10  31  2.500000
11  31  2.499999
12  31  2.499997
13  31  2.499997
14  31  2.499996
15  31  2.499996
16  31  2.499995
17  31  2.499994
18  31  2.499994
19  31  2.499995
20  31  2.499997
21  31  2.499999
22  31  2.499999
23  31  2.499998
24  31  2.499999
25  31  2.500000
26  31  2.500000
27  31  2.499999
28  31  2.499999
29  31  2.499999
30  31  2.499999
31  31  2.499999
32  31  2.499999
33  31  2.499999
34  31  2.500000
35  31  2.499999
36  31  2.499999
37  31  2.499999
38  31  2.499999
39  31  2.500000
40  31  2.500000
41  31  2.500000
42  31  2.500000
43  31  2.500000
44  31  2.500000
45  31  2.500000
46  31  2.500000
47  31  2.500000
48  31  2.500000
49  31  2.500000
50  31  2.499999
51  31  2.499999
52  31  2.500000
53  31  2.500000
54  31  2.499999
55  31  2.499999
56  31  2.499998
57  31  2.499997
58  31  2.499998
59  31  2.499998
60  31  2.499999
61  31  2.500000
62  31  2.500000
63  31  2.499999
0  32  2.499999
1  32  2.499998
2  32  2.499997
3  32  2.499997
4  32  2.499996
5  32  2.499996
6  32  2.499996
7  32  2.499997
8  32  2.499999
9  32  2.500000
10  32  2.499999
11  32  2.499997
12  32  2.499995
13  32  2.499995
14  32  2.499995
15  32  2.499996
16  32  2.499996
17  32  2.499994
18  32  2.499993
19  32  2.499995
20  32  2.499997
21  32  2.499998
22  32  2.499998
23  32  2.499999
24  32  2.500000
25  32  2.500000
26  32  2.500000
27  32  2.499999
28  32  2.499999
29  32  2.499999
30  32  2.500000
31  32  2.499999
32  32  2.499999
33  32  2.500000
34  32  2.500000
35  32  2.500000
36  32  2.499999
37  32  2.500000
38  32  2.500000
39  32  2.500000
40  32  2.500000
41  32  2.500000
42  32  2.500000
43  32  2.500000
44  32  2.500000
45  32  2.500000
46  32  2.500000
47  32  2.500000
48  32  2.500000
49  32  2.500000
50  32  2.500000
51  32  2.500000
52  32  2.500000
53  32  2.499999
54  32  2.499999
55  32  2.499998
56  32  2.499998
57  32  2.499997
58  32  2.499997
59  32  2.499998
60  32  2.499999
61  32  2.500000
62  32  2.500000
63  32  2.499999
0  33  2.499998
1  33  2.499997
2  33  2.499997
3  33  2.499997
4  33  2.499997
5  33  2.499997
6  33  2.499998
7  33  2.499999
8  33  2.500000
9  33  2.500000
10  33  2.499998
11  33  2.499996
12  33  2.499994
13  33  2.499995
14  33  2.499996
15  33  2.499998
16  33  2.499998
17  33  2.499996
18  33  2.499995
19  33  2.499995
20  33  2.499997
21  33  2.499999
22  33  2.499999
23  33  2.500000
24  33  2.500000
25  33  2.500000
26  33  2.500000
27  33  2.499999
28  33  2.499999
29  33  2.500000
30  33  2.500000
31  33  2.499999
32  33  2.499998
33  33  2.499999
34  33  2.499999
35  33  2.499999
36  33  2.499998
37  33  2.499999
38  33  2.500000
39  33  2.500000
40  33  2.500000
41  33  2.500000
42  33  2.500000
43  33  2.500000
44  33  2.500000
45  33  2.500000
46  33  2.500000
47  33  2.500000
48  33  2.500000
49  33  2.500000
50  33  2.500000
51  33  2.500000
52  33  2.499999
53  33  2.500000
54  33  2.499999
55  33  2.499999
56  33  2.499999
57  33  2.499999
58  33  2.499999
59  33  2.499998
60  33  2.499999
61  33  2.500000
62  33  2.500000
63  33  2.499999
0  34  2.499998
1  34  2.499997
2  34  2.499997
3  34  2.499998
4  34  2.499998
5  34  2.499999
6  34  2.500000
7  34  2.500000
8  34  2.500000
9  34  2.500000
10  34  2.499998
11  34  2.499995
12  34  2.499994
13  34  2.499996
14  34  2.499998
15  34  2.500000
16  34  2.500000
17  34  2.499998
18  34  2.499996
19  34  2.499996
20  34  2.499998
21  34  2.499999
22  34  2.500000
23  34  2.500000
24  34  2.500000
25  34  2.500000
26  34  2.499999
27  34  2.499999
28  34  2.500000
29  34  2.500000
30  34  2.499999
31  34  2.499997
32  34  2.499997
33  34  2.499997
34  34  2.499998
35  34  2.499997
36  34  2.499997
37  34  2.499997
38  34  2.499999
39  34  2.500000
40  34  2.500000
41  34  2.500000
42  34  2.500000
43  34  2.500000
44  34  2.500000
45  34  2.500000
46  34  2.500000
47  34  2.500000
48  34  2.500000
49  34  2.500000
50  34  2.500000
51  34  2.499999
52  34  2.499999
53  34  2.499999
54  34  2.500000
55  34  2.500000
56  34  2.500000
57  34  2.500000
58  34  2.499999
59  34  2.499999
60  34  2.499999
61  34  2.500000
62  34  2.500000
63  34  2.499999
0  35  2.499999
1  35  2.499998
2  35  2.499998
3  35  2.499999
4  35  2.500000
5  35  2.500000
6  35  2.500000
7  35  2.500000
8  35  2.500000
9  35  2.500000
10  35  2.499998
11  35  2.499996
12  35  2.499995
13  35  2.499996
14  35  2.499998
15  35  2.499999
16  35  2.500000
17  35  2.499999
18  35  2.499998
19  35  2.499997
20  35  2.499998
21  35  2.499999
22  35  2.500000
23  35  2.499999
24  35  2.499999
25  35  2.499999
26  35  2.499999
27  35  2.499999
28  35  2.500000
29  35  2.499999
30  35  2.499997
31  35  2.499995
32  35  2.499995
33  35  2.499996
34  35  2.499997
35  35  2.499996
36  35  2.499995
37  35  2.499996
38  35  2.499998
39  35  2.500000
40  35  2.500000
41  35  2.500000
42  35  2.499999
43  35  2.500000
44  35  2.500000
45  35  2.500000
46  35  2.500000
47  35  2.500000
48  35  2.500000
49  35  2.500000
50  35  2.500000
51  35  2.500000
52  35  2.499999
53  35  2.499999
54  35  2.500000
55  35  2.500000
56  35  2.499999
57  35  2.499999
58  35  2.499999
59  35  2.499999
60  35  2.500000
61  35  2.500000
62  35  2.500000
63  35  2.499999
0  36  2.499999
1  36  2.499999
2  36  2.500000
3  36  2.500000
4  36  2.500000
5  36  2.500000
6  36  2.499999
7  36  2.499999
8  36  2.499999
9  36  2.499999
10  36  2.499998
11  36  2.499997
12  36  2.499997
13  36  2.499997
14  36  2.499997
15  36  2.499998
16  36  2.499999
17  36  2.499999
18  36  2.499999
19  36  2.499997
20  36  2.499997
21  36  2.499998
22  36  2.499999
23  36  2.499999
24  36  2.499999
25  36  2.499999
26  36  2.499999
27  36  2.500000
28  36  2.500000
29  36  2.499998
30  36  2.499995
31  36  2.499992
32  36  2.499994
33  36  2.499997
34  36  2.499998
35  36  2.499996
36  36  2.499994
37  36  2.499995
38  36  2.499997
39  36  2.500000
40  36  2.500000
41  36  2.500000
42  36  2.500000
43  36  2.500000
44  36  2.500000
45  36  2.500000
46  36  2.500000
47  36  2.500000
48  36  2.500000
49  36  2.500000
50  36  2.500000
51  36  2.500000
52  36  2.500000
53  36  2.500000
54  36  2.499999
55  36  2.499999
56  36  2.499999
57  36  2.499999
58  36  2.499999
59  36  2.499999
60  36  2.500000
61  36  2.500000
62  36  2.499999
63  36  2.499999
0  37  2.499999
1  37  2.500000
2  37  2.500000
3  37  2.499999
4  37  2.499999
5  37  2.499999
6  37  2.499999
7  37  2.499998
8  37  2.499998
9  37  2.499998
10  37  2.499998
11  37  2.499998
12  37  2.499999
13  37  2.499999
14  37  2.499999
15  37  2.499999
16  37  2.499999
17  37  2.500000
18  37  2.500000
19  37  2.499998
20  37  2.499997
21  37  2.499997
22  37  2.499998
23  37  2.499999
24  37  2.500000
25  37  2.500000
26  37  2.500000
27  37  2.500000
28  37  2.499999
29  37  2.499996
30  37  2.499993
31  37  2.499992
32  37  2.499995
33  37  2.499998
34  37  2.499999
35  37  2.499996
36  37  2.499994
37  37  2.499995
38  37  2.499997
39  37  2.499999
40  37  2.500000
41  37  2.500000
42  37  2.500000
43  37  2.499999
44  37  2.500000
45  37  2.500000
46  37  2.500000
47  37  2.500000
48  37  2.500000
49  37  2.500000
50  37  2.500000
51  37  2.500000
52  37  2.500000
53  37  2.499999
54  37  2.499999
55  37  2.499998
56  37  2.499999
57  37  2.499999
58  37  2.499999
59  37  2.499999
60  37  2.500000
61  37  2.500000
62  37  2.499999
63  37  2.499998
0  38  2.499999
1  38  2.500000
2  38  2.500000
3  38  2.499999
4  38  2.499998
5  38  2.499999
6  38  2.499999
7  38  2.499998
8  38  2.499998
9  38  2.499997
10  38  2.499998
11  38  2.499999
12  38  2.499999
13  38  2.500000
14  38  2.499999
15  38  2.499999
16  38  2.500000
17  38  2.500000
18  38  2.500000
19  38  2.499999
20  38  2.499997
21  38  2.499997
22  38  2.499998
23  38  2.499999
24  38  2.500000
25  38  2.500000
26  38  2.500000
27  38  2.500000
28  38  2.499999
29  38  2.499995
30  38  2.499992
31  38  2.499992
32  38  2.499996
33  38  2.500000
34  38  2.499999
35  38  2.499996
36  38  2.499994
37  38  2.499995
38  38  2.499997
39  38  2.499999
40  38  2.500000
41  38  2.500000
42  38  2.500000
43  38  2.499999
44  38  2.499999
45  38  2.499999
46  38  2.500000
47  38  2.500000
48  38  2.500000
49  38  2.500000
50  38  2.500000
51  38  2.500000
52  38  2.500000
53  38  2.499999
54  38  2.499999
55  38  2.499999
56  38  2.499999
57  38  2.499999
58  38  2.500000
59  38  2.500000
60  38  2.500000
61  38  2.500000
62  38  2.499998
63  38  2.499998
0  39  2.499999
1  39  2.500000
2  39  2.500000
3  39  2.499998
4  39  2.499998
5  39  2.499998
6  39  2.499999
7  39  2.499999
8  39  2.499999
9  39  2.499999
10  39  2.499999
11  39  2.499999
12  39  2.500000
13  39  2.500000
14  39  2.499999
15  39  2.499999
16  39  2.500000
17  39  2.500000
18  39  2.500000
19  39  2.499999
20  39  2.499998
21  39  2.499997
22  39  2.499997
23  39  2.499999
24  39  2.500000
25  39  2.500000
26  39  2.500000
27  39  2.500000
28  39  2.499999
29  39  2.499995
30  39  2.499993
31  39  2.499993
32  39  2.499997
33  39  2.499999
34  39  2.499999
35  39  2.499996
36  39  2.499995
37  39  2.499995
38  39  2.499997
39  39  2.499999
40  39  2.500000
41  39  2.500000
42  39  2.500000
43  39  2.500000
44  39  2.499999
45  39  2.499999
46  39  2.500000
47  39  2.500000
48  39  2.500000
49  39  2.500000
50  39  2.500000
51  39  2.499999
52  39  2.499999
53  39  2.499999
54  39  2.499999
55  39  2.499999
56  39  2.499999
57  39  2.500000
58  39  2.500000
59  39  2.500000
60  39  2.500000
61  39  2.499999
62  39  2.499998
63  39  2.499998
0  40  2.500000
1  40  2.500000
2  40  2.499999
3  40  2.499998
4  40  2.499998
5  40  2.499998
6  40  2.499999
7  40  2.499999
8  40  2.500000
9  40  2.500000
10  40  2.500000
11  40  2.500000
12  40  2.500000
13  40  2.500000
14  40  2.500000
15  40  2.499999
16  40  2.499999
17  40  2.500000
18  40  2.500000
19  40  2.499999
20  40  2.499998
21  40  2.499997
22  40  2.499998
23  40  2.499999
24  40  2.500000
25  40  2.500000
26  40  2.500000
27  40  2.499999
28  40  2.499999
29  40  2.499997
30  40  2.499995
31  40  2.499995
32  40  2.499997
33  40  2.499999
34  40  2.499998
35  40  2.499997
36  40  2.499996
37  40  2.499996
38  40  2.499998
39  40  2.499999
40  40  2.500000
41  40  2.500000
42  40  2.500000
43  40  2.500000
44  40  2.500000
45  40  2.500000
46  40  2.500000
47  40  2.500000
48  40  2.500000
49  40  2.499999
50  40  2.499998
51  40  2.499998
52  40  2.499998
53  40  2.499998
54  40  2.499999
55  40  2.499999
56  40  2.500000
57  40  2.500000
58  40  2.500000
59  40  2.500000
60  40  2.499999
61  40  2.499999
62  40  2.499998
63  40  2.499999
0  41  2.500000
1  41  2.500000
2  41  2.499999
3  41  2.499998
4  41  2.499997
5  41  2.499998
6  41  2.499999
7  41  2.500000
8  41  2.500000
9  41  2.500000
10  41  2.500000
11  41  2.500000
12  41  2.500000
13  41  2.500000
14  41  2.499999
15  41  2.499999
16  41  2.499999
17  41  2.500000
18  41  2.500000
19  41  2.499999
20  41  2.499998
21  41  2.499998
22  41  2.499998
23  41  2.499999
24  41  2.500000
25  41  2.500000
26  41  2.499999
27  41  2.499999
28  41  2.499999
29  41  2.499998
30  41  2.499997
31  41  2.499996
32  41  2.499997
33  41  2.499998
34  41  2.499998
35  41  2.499997
36  41  2.499997
37  41  2.499997
38  41  2.499999
39  41  2.499999
40  41  2.500000
41  41  2.500000
42  41  2.500000
43  41  2.500000
44  41  2.500000
45  41  2.500000
46  41  2.499999
47  41  2.499999
48  41  2.499998
49  41  2.499998
50  41  2.499997
51  41  2.499997
52  41  2.499998
53  41  2.499999
54  41  2.500000
55  41  2.500000
56  41  2.499999
57  41  2.499999
58  41  2.500000
59  41  2.500000
60  41  2.499999
61  41  2.499999
62  41  2.499999
63  41  2.499999
0  42  2.500000
1  42  2.500000
2  42  2.499999
3  42  2.499998
4  42  2.499998
5  42  2.499998
6  42  2.499999
7  42  2.500000
8  42  2.500000
9  42  2.500000
10  42  2.499999
11  42  2.499999
12  42  2.499999
13  42  2.499999
14  42  2.499998
15  42  2.499997
16  42  2.499998
17  42  2.499999
18  42  2.500000
19  42  2.499999
20  42  2.499998
21  42  2.499998
22  42  2.499998
23  42  2.499999
24  42  2.499999
25  42  2.500000
26  42  2.499999
27  42  2.499999
28  42  2.499999
29  42  2.499999
30  42  2.499999
31  42  2.499998
32  42  2.499997
33  42  2.499997
34  42  2.499997
35  42  2.499998
36  42  2.499998
37  42  2.499998
38  42  2.499999
39  42  2.499999
40  42  2.500000
41  42  2.499999
42  42  2.499999
43  42  2.500000
44  42  2.500000
45  42  2.499999
46  42  2.499998
47  42  2.499998
48  42  2.499998
49  42  2.499998
50  42  2.499999
51  42  2.499999
52  42  2.499999
53  42  2.500000
54  42  2.500000
55  42  2.500000
56  42  2.499999
57  42  2.499999
58  42  2.499999
59  42  2.499999
60  42  2.499999
61  42  2.499999
62  42  2.500000
63  42  2.500000
0  43  2.499999
1  43  2.499999
2  43  2.499999
3  43  2.499998
4  43  2.499998
5  43  2.499998
6  43  2.500000
7  43  2.500000
8  43  2.499999
9  43  2.499999
10  43  2.499998
11  43  2.499998
12  43  2.499998
13  43  2.499997
14  43  2.499997
15  43  2.499996
16  43  2.499996
17  43  2.499998
18  43  2.500000
19  43  2.500000
20  43  2.499998
21  43  2.499998
22  43  2.499998
23  43  2.499999
24  43  2.500000
25  43  2.500000
26  43  2.499999
27  43  2.499999
28  43  2.500000
29  43  2.500000
30  43  2.500000
31  43  2.499999
32  43  2.499998
33  43  2.499997
34  43  2.499998
35  43  2.499999
36  43  2.499999
37  43  2.499999
38  43  2.499999
39  43  2.500000
40  43  2.500000
41  43  2.499999
42  43  2.499999
43  43  2.499999
44  43  2.499999
45  43  2.499999
46  43  2.499999
47  43  2.499999
48  43  2.499999
49  43  2.499999
50  43  2.500000
51  43  2.500000
52  43  2.500000
53  43  2.500000
54  43  2.499999
55  43  2.499997
56  43  2.499997
57  43  2.499998
58  43  2.499999
59  43  2.499999
60  43  2.500000
61  43  2.500000
62  43  2.500000
63  43  2.499999
0  44  2.499998
1  44  2.499998
2  44  2.499999
3  44  2.499998
4  44  2.499999
5  44  2.499999
6  44  2.500000
7  44  2.499999
8  44  2.499998
9  44  2.499998
10  44  2.499997
11  44  2.499997
12  44  2.499997
13  44  2.499997
14  44  2.499997
15  44  2.499995
16  44  2.499995
17  44  2.499996
18  44  2.499999
19  44  2.500000
20  44  2.499999
21  44  2.499998
22  44  2.499998
23  44  2.499999
24  44  2.499999
25  44  2.500000
26  44  2.500000
27  44  2.500000
28  44  2.500000
29  44  2.500000
30  44  2.500000
31  44  2.499999
32  44  2.499999
33  44  2.499998
34  44  2.499998
35  44  2.500000
36  44  2.500000
37  44  2.500000
38  44  2.499999
39  44  2.499999
40  44  2.499998
41  44  2.499998
42  44  2.499998
43  44  2.499999
44  44  2.499999
45  44  2.500000
46  44  2.500000
47  44  2.499999
48  44  2.499998
49  44  2.499998
50  44  2.499999
51  44  2.500000
52  44  2.499999
53  44  2.499998
54  44  2.499997
55  44  2.499996
56  44  2.499996
57  44  2.499998
58  44  2.499999
59  44  2.500000
60  44  2.500000
61  44  2.500000
62  44  2.499999
63  44  2.499999
0  45  2.499998
1  45  2.499998
2  45  2.499999
3  45  2.499999
4  45  2.500000
5  45  2.500000
6  45  2.500000
7  45  2.499999
8  45  2.499998
9  45  2.499998
10  45  2.499998
11  45  2.499998
12  45  2.499998
13  45  2.499999
14  45  2.499998
15  45  2.499997
16  45  2.499995
17  45  2.499995
18  45  2.499998
19  45  2.500000
20  45  2.500000
21  45  2.499999
22  45  2.499999
23  45  2.499999
24  45  2.500000
25  45  2.500000
26  45  2.500000
27  45  2.500000
28  45  2.500000
29  45  2.500000
30  45  2.500000
31  45  2.500000
32  45  2.500000
33  45  2.500000
34  45  2.499999
35  45  2.500000
36  45  2.500000
37  45  2.499999
38  45  2.499999
39  45  2.499998
40  45  2.499998
41  45  2.499998
42  45  2.499998
43  45  2.499999
44  45  2.499999
45  45  2.500000
46  45  2.500000
47  45  2.499999
48  45  2.499998
49  45  2.499998
50  45  2.499999
51  45  2.499999
52  45  2.499998
53  45  2.499997
54  45  2.499996
55  45  2.499996
56  45  2.499997
57  45  2.499999
58  45  2.500000
59  45  2.500000
60  45  2.500000
61  45  2.499999
62  45  2.499999
63  45  2.499998
0  46  2.499999
1  46  2.499999
2  46  2.499999
3  46  2.499999
4  46  2.500000
5  46  2.500000
6  46  2.500000
7  46  2.499999
8  46  2.499999
9  46  2.499999
10  46  2.499999
11  46  2.500000
12  46  2.500000
13  46  2.500000
14  46  2.500000
15  46  2.499998
16  46  2.499996
17  46  2.499995
18  46  2.499997
19  46  2.500000
20  46  2.500000
21  46  2.500000
22  46  2.500000
23  46  2.499999
24  46  2.500000
25  46  2.500000
26  46  2.500000
27  46  2.500000
28  46  2.500000
29  46  2.500000
30  46  2.500000
31  46  2.500000
32  46  2.500000
33  46  2.500000
34  46  2.500000
35  46  2.499999
36  46  2.499999
37  46  2.499999
38  46  2.499999
39  46  2.499999
40  46  2.499999
41  46  2.499998
42  46  2.499998
43  46  2.499999
44  46  2.499999
45  46  2.500000
46  46  2.500000
47  46  2.499999
48  46  2.499998
49  46  2.499998
50  46  2.499999
51  46  2.500000
52  46  2.499999
53  46  2.499998
54  46  2.499997
55  46  2.499998
56  46  2.499999
57  46  2.500000
58  46  2.500000
59  46  2.499999
60  46  2.499999
61  46  2.499999
62  46  2.499999
63  46  2.499999
0  47  2.500000
1  47  2.500000
2  47  2.500000
3  47  2.500000
4  47  2.500000
5  47  2.500000
6  47  2.500000
7  47  2.499999
8  47  2.499998
9  47  2.499999
10  47  2.500000
11  47  2.500000
12  47  2.500000
13  47  2.500000
14  47  2.499999
15  47  2.499999
16  47  2.499997
17  47  2.499997
18  47  2.499998
19  47  2.499999
20  47  2.500000
21  47  2.500000
22  47  2.500000
23  47  2.500000
24  47  2.499999
25  47  2.499999
26  47  2.500000
27  47  2.500000
28  47  2.500000
29  47  2.500000
30  47  2.499999
31  47  2.500000
32  47  2.500000
33  47  2.500000
34  47  2.499999
35  47  2.499999
36  47  2.499999
37  47  2.500000
38  47  2.500000
39  47  2.500000
40  47  2.499999
41  47  2.499999
42  47  2.499999
43  47  2.499998
44  47  2.499998
45  47  2.499998
46  47  2.500000
47  47  2.500000
48  47  2.499999
49  47  2.499998
50  47  2.499999
51  47  2.500000
52  47  2.500000
53  47  2.499998
54  47  2.499998
55  47  2.499999
56  47  2.500000
57  47  2.500000
58  47  2.499999
59  47  2.499999
60  47  2.499999
61  47  2.499999
62  47  2.499999
63  47  2.499999
0  48  2.500000
1  48  2.500000
2  48  2.500000
3  48  2.500000
4  48  2.500000
5  48  2.500000
6  48  2.499999
7  48  2.499998
8  48  2.499997
9  48  2.499998
10  48  2.499999
11  48  2.500000
12  48  2.500000
13  48  2.499999
14  48  2.500000
15  48  2.499999
16  48  2.499998
17  48  2.499998
18  48  2.499999
19  48  2.500000
20  48  2.500000
21  48  2.500000
22  48  2.500000
23  48  2.500000
24  48  2.500000
25  48  2.499999
26  48  2.499999
27  48  2.499999
28  48  2.499999
29  48  2.499999
30  48  2.499999
31  48  2.499999
32  48  2.500000
33  48  2.500000
34  48  2.500000
35  48  2.499999
36  48  2.499999
37  48  2.499999
38  48  2.499999
39  48  2.500000
40  48  2.500000
41  48  2.500000
42  48  2.499999
43  48  2.499997
44  48  2.499997
45  48  2.499999
46  48  2.500000
47  48  2.500000
48  48  2.499999
49  48  2.499999
50  48  2.499999
51  48  2.500000
52  48  2.500000
53  48  2.499999
54  48  2.499998
55  48  2.499998
56  48  2.499999
57  48  2.499999
58  48  2.499999
59  48  2.499998
60  48  2.499999
61  48  2.499999
62  48  2.499999
63  48  2.500000
0  49  2.500000
1  49  2.500000
2  49  2.500000
3  49  2.500000
4  49  2.500000
5  49  2.500000
6  49  2.499999
7  49  2.499998
8  49  2.499997
9  49  2.499998
10  49  2.499999
11  49  2.500000
12  49  2.500000
13  49  2.500000
14  49  2.500000
15  49  2.499999
16  49  2.499999
17  49  2.499999
18  49  2.499999
19  49  2.499999
20  49  2.500000
21  49  2.500000
22  49  2.500000
23  49  2.500000
24  49  2.500000
25  49  2.500000
26  49  2.500000
27  49  2.499999
28  49  2.499999
29  49  2.499999
30  49  2.499999
31  49  2.499999
32  49  2.500000
33  49  2.500000
34  49  2.500000
35  49  2.500000
36  49  2.500000
37  49  2.500000
38  49  2.499999
39  49  2.500000
40  49  2.500000
41  49  2.500000
42  49  2.499999
43  49  2.499998
44  49  2.499998
45  49  2.499998
46  49  2.499999
47  49  2.499999
48  49  2.499999
49  49  2.499999
50  49  2.500000
51  49  2.500000
52  49  2.500000
53  49  2.499999
54  49  2.499998
55  49  2.499998
56  49  2.499999
57  49  2.499999
58  49  2.499999
59  49  2.499999
60  49  2.499999
61  49  2.500000
62  49  2.500000
63  49  2.500000
0  50  2.500000
1  50  2.500000
2  50  2.500000
3  50  2.500000
4  50  2.500000
5  50  2.500000
6  50  2.500000
7  50  2.499999
8  50  2.499998
9  50  2.499998
10  50  2.499999
11  50  2.500000
12  50  2.500000
13  50  2.500000
14  50  2.499999
15  50  2.499999
16  50  2.499999
17  50  2.499999
18  50  2.499999
19  50  2.500000
20  50  2.500000
21  50  2.500000
22  50  2.500000
23  50  2.500000
24  50  2.500000
25  50  2.500000
26  50  2.500000
27  50  2.500000
28  50  2.500000
29  50  2.499999
30  50  2.499999
31  50  2.499999
32  50  2.499999
33  50  2.500000
34  50  2.500000
35  50  2.500000
36  50  2.500000
37  50  2.500000
38  50  2.499999
39  50  2.500000
40  50  2.500000
41  50  2.500000
42  50  2.499999
43  50  2.499998
44  50  2.499998
45  50  2.499999
46  50  2.499999
47  50  2.499999
48  50  2.499999
49  50  2.499999
50  50  2.500000
51  50  2.500000
52  50  2.500000
53  50  2.500000
54  50  2.499999
55  50  2.499999
56  50  2.499999
57  50  2.499999
58  50  2.499999
59  50  2.499999
60  50  2.500000
61  50  2.500000
62  50  2.500000
63  50  2.500000
0  51  2.500000
1  51  2.500000
2  51  2.499999
3  51  2.499999
4  51  2.500000
5  51  2.500000
6  51  2.500000
7  51  2.499999
8  51  2.499998
9  51  2.499999
10  51  2.499999
11  51  2.500000
12  51  2.499999
13  51  2.499999
14  51  2.499999
15  51  2.499999
16  51  2.499998
17  51  2.499999
18  51  2.499999
19  51  2.500000
20  51  2.500000
21  51  2.500000
22  51  2.500000
23  51  2.500000
24  51  2.500000
25  51  2.500000
26  51  2.500000
27  51  2.500000
28  51  2.500000
29  51  2.500000
30  51  2.499999
31  51  2.499999
32  51  2.499999
33  51  2.500000
34  51  2.499999
35  51  2.500000
36  51  2.500000
37  51  2.500000
38  51  2.500000
39  51  2.499999
40  51  2.500000
41  51  2.500000
42  51  2.499999
43  51  2.499999
44  51  2.499999
45  51  2.499999
46  51  2.499999
47  51  2.499998
48  51  2.499999
49  51  2.500000
50  51  2.500000
51  51  2.500000
52  51  2.500000
53  51  2.500000
54  51  2.500000
55  51  2.499999
56  51  2.499999
57  51  2.499999
58  51  2.499999
59  51  2.499999
60  51  2.499999
61  51  2.500000
62  51  2.500000
63  51  2.500000
0  52  2.500000
1  52  2.500000
2  52  2.499999
3  52  2.499999
4  52  2.500000
5  52  2.500000
6  52  2.500000
7  52  2.499999
8  52  2.499999
9  52  2.499999
10  52  2.499999
11  52  2.499999
12  52  2.499999
13  52  2.500000
14  52  2.500000
15  52  2.500000
16  52  2.499999
17  52  2.499999
18  52  2.499999
19  52  2.499999
20  52  2.499999
21  52  2.500000
22  52  2.500000
23  52  2.500000
24  52  2.500000
25  52  2.500000
26  52  2.499999
27  52  2.499999
28  52  2.500000
29  52  2.500000
30  52  2.500000
31  52  2.499999
32  52  2.499999
33  52  2.499999
34  52  2.499999
35  52  2.500000
36  52  2.500000
37  52  2.500000
38  52  2.500000
39  52  2.499999
40  52  2.499999
41  52  2.500000
42  52  2.500000
43  52  2.499999
44  52  2.500000
45  52  2.500000
46  52  2.500000
47  52  2.500000
48  52  2.499999
49  52  2.500000
50  52  2.500000
51  52  2.500000
52  52  2.500000
53  52  2.500000
54  52  2.500000
55  52  2.500000
56  52  2.500000
57  52  2.499999
58  52  2.499999
59  52  2.499999
60  52  2.499999
61  52  2.500000
62  52  2.500000
63  52  2.500000
0  53  2.500000
1  53  2.499999
2  53  2.499998
3  53  2.499998
4  53  2.500000
5  53  2.500000
6  53  2.499999
7  53  2.499999
8  53  2.499999
9  53  2.500000
10  53  2.499999
11  53  2.499999
12  53  2.499998
13  53  2.499999
14  53  2.500000
15  53  2.500000
16  53  2.499999
17  53  2.499999
18  53  2.499999
19  53  2.499999
20  53  2.499999
21  53  2.499999
22  53  2.500000
23  53  2.499999
24  53  2.499999
25  53  2.499998
26  53  2.499998
27  53  2.499998
28  53  2.499998
29  53  2.499999
30  53  2.500000
31  53  2.500000
32  53  2.500000
33  53  2.499999
34  53  2.499999
35  53  2.500000
36  53  2.499999
37  53  2.500000
38  53  2.500000
39  53  2.500000
40  53  2.500000
41  53  2.500000
42  53  2.500000
43  53  2.500000
44  53  2.500000
45  53  2.500000
46  53  2.500000
47  53  2.500000
48  53  2.500000
49  53  2.500000
50  53  2.500000
51  53  2.500000
52  53  2.500000
53  53  2.500000
54  53  2.500000
55  53  2.500000
56  53  2.499999
57  53  2.499999
58  53  2.499999
59  53  2.499999
60  53  2.499999
61  53  2.500000
62  53  2.500000
63  53  2.500000
0  54  2.500000
1  54  2.499999
2  54  2.499998
3  54  2.499998
4  54  2.500000
5  54  2.500000
6  54  2.499998
7  54  2.499999
8  54  2.499999
9  54  2.500000
10  54  2.499999
11  54  2.499998
12  54  2.499997
13  54  2.499997
14  54  2.499998
15  54  2.500000
16  54  2.500000
17  54  2.499999
18  54  2.499999
19  54  2.499999
20  54  2.499999
21  54  2.500000
22  54  2.499999
23  54  2.499999
24  54  2.499999
25  54  2.499999
26  54  2.499998
27  54  2.499998
28  54  2.499997
29  54  2.499998
30  54  2.499999
31  54  2.500000
32  54  2.500000
33  54  2.499999
34  54  2.500000
35  54  2.500000
36  54  2.499999
37  54  2.499999
38  54  2.500000
39  54  2.500000
40  54  2.500000
41  54  2.500000
42  54  2.500000
43  54  2.500000
44  54  2.500000
45  54  2.500000
46  54  2.500000
47  54  2.500000
48  54  2.499999
49  54  2.499999
50  54  2.499999
51  54  2.499999
52  54  2.499999
53  54  2.499999
54  54  2.499999
55  54  2.499999
56  54  2.499999
57  54  2.499999
58  54  2.500000
59  54  2.500000
60  54  2.500000
61  54  2.499999
62  54  2.499999
63  54  2.500000
0  55  2.500000
1  55  2.499999
2  55  2.499997
3  55  2.499998
4  55  2.500000
5  55  2.499999
6  55  2.499998
7  55  2.499999
8  55  2.500000
9  55  2.500000
10  55  2.499999
11  55  2.499998
12  55  2.499997
13  55  2.499997
14  55  2.499998
15  55  2.499999
16  55  2.500000
17  55  2.500000
18  55  2.499999
19  55  2.499999
20  55  2.499999
21  55  2.500000
22  55  2.500000
23  55  2.500000
24  55  2.500000
25  55  2.500000
26  55  2.500000
27  55  2.499999
28  55  2.499998
29  55  2.499998
30  55  2.499998
31  55  2.499999
32  55  2.500000
33  55  2.500000
34  55  2.500000
35  55  2.499999
36  55  2.499999
37  55  2.499999
38  55  2.500000
39  55  2.500000
40  55  2.500000
41  55  2.500000
42  55  2.500000
43  55  2.500000
44  55  2.500000
45  55  2.500000
46  55  2.500000
47  55  2.499999
48  55  2.499999
49  55  2.499998
50  55  2.499999
51  55  2.499999
52  55  2.499999
53  55  2.499998
54  55  2.499998
55  55  2.499998
56  55  2.499999
57  55  2.499999
58  55  2.500000
59  55  2.500000
60  55  2.499999
61  55  2.499999
62  55  2.499999
63  55  2.500000
0  56  2.500000
1  56  2.499999
2  56  2.499997
3  56  2.499997
4  56  2.499999
5  56  2.499998
6  56  2.499997
7  56  2.499999
8  56  2.500000
9  56  2.500000
10  56  2.500000
11  56  2.499999
12  56  2.499999
13  56  2.499998
14  56  2.499998
15  56  2.499999
16  56  2.500000
17  56  2.500000
18  56  2.499999
19  56  2.499999
20  56  2.499999
21  56  2.500000
22  56  2.500000
23  56  2.500000
24  56  2.500000
25  56  2.500000
26  56  2.500000
27  56  2.500000
28  56  2.499999
29  56  2.499998
30  56  2.499997
31  56  2.499998
32  56  2.500000
33  56  2.500000
34  56  2.499999
35  56  2.499998
36  56  2.499998
37  56  2.499999
38  56  2.500000
39  56  2.500000
40  56  2.500000
41  56  2.500000
42  56  2.500000
43  56  2.500000
44  56  2.500000
45  56  2.500000
46  56  2.500000
47  56  2.499999
48  56  2.499999
49  56  2.499999
50  56  2.499999
51  56  2.499999
52  56  2.500000
53  56  2.499999
54  56  2.499998
55  56  2.499997
56  56  2.499998
57  56  2.499999
58  56  2.500000
59  56  2.500000
60  56  2.499999
61  56  2.499999
62  56  2.499999
63  56  2.500000
0  57  2.500000
1  57  2.499999
2  57  2.499998
3  57  2.499998
4  57  2.499998
5  57  2.499997
6  57  2.499998
7  57  2.499999
8  57  2.500000
9  57  2.499999
10  57  2.500000
11  57  2.500000
12  57  2.499999
13  57  2.499998
14  57  2.499998
15  57  2.499999
16  57  2.500000
17  57  2.500000
18  57  2.499999
19  57  2.499999
20  57  2.499999
21  57  2.500000
22  57  2.500000
23  57  2.500000
24  57  2.500000
25  57  2.499999
26  57  2.499999
27  57  2.500000
28  57  2.500000
29  57  2.499998
30  57  2.499997
31  57  2.499998
32  57  2.499999
33  57  2.500000
34  57  2.499999
35  57  2.499998
36  57  2.499998
37  57  2.500000
38  57  2.500000
39  57  2.500000
40  57  2.500000
41  57  2.500000
42  57  2.500000
43  57  2.499999
44  57  2.499999
45  57  2.499999
46  57  2.500000
47  57  2.500000
48  57  2.500000
49  57  2.500000
50  57  2.500000
51  57  2.500000
52  57  2.500000
53  57  2.500000
54  57  2.499999
55  57  2.499998
56  57  2.499998
57  57  2.499999
58  57  2.500000
59  57  2.500000
60  57  2.500000
61  57  2.499999
62  57  2.499999
63  57  2.499999
0  58  2.500000
1  58  2.500000
2  58  2.500000
3  58  2.499999
4  58  2.499999
5  58  2.499998
6  58  2.499998
7  58  2.500000
8  58  2.499999
9  58  2.499999
10  58  2.500000
11  58  2.500000
12  58  2.499999
13  58  2.499998
14  58  2.499998
15  58  2.499999
16  58  2.500000
17  58  2.500000
18  58  2.500000
19  58  2.500000
20  58  2.500000
21  58  2.500000
22  58  2.500000
23  58  2.500000
24  58  2.500000
25  58  2.500000
26  58  2.499999
27  58  2.499999
28  58  2.500000
29  58  2.499998
30  58  2.499997
31  58  2.499998
32  58  2.499999
33  58  2.500000
34  58  2.499999
35  58  2.499998
36  58  2.499999
37  58  2.500000
38  58  2.500000
39  58  2.500000
40  58  2.500000
41  58  2.500000
42  58  2.499999
43  58  2.499999
44  58  2.499999
45  58  2.499999
46  58  2.499999
47  58  2.500000
48  58  2.500000
49  58  2.500000
50  58  2.500000
51  58  2.499999
52  58  2.499999
53  58  2.499999
54  58  2.499999
55  58  2.499998
56  58  2.499998
57  58  2.499999
58  58  2.499999
59  58  2.500000
60  58  2.500000
61  58  2.499999
62  58  2.499999
63  58  2.499999
0  59  2.500000
1  59  2.500000
2  59  2.500000
3  59  2.500000
4  59  2.500000
5  59  2.499999
6  59  2.499999
7  59  2.500000
8  59  2.499999
9  59  2.499999
10  59  2.500000
11  59  2.500000
12  59  2.499999
13  59  2.499999
14  59  2.499999
15  59  2.499999
16  59  2.499999
17  59  2.499999
18  59  2.499999
19  59  2.500000
20  59  2.499999
21  59  2.499999
22  59  2.499999
23  59  2.499998
24  59  2.499999
25  59  2.500000
26  59  2.499999
27  59  2.499999
28  59  2.499998
29  59  2.499998
30  59  2.499997
31  59  2.499998
32  59  2.500000
33  59  2.500000
34  59  2.499998
35  59  2.499998
36  59  2.499999
37  59  2.500000
38  59  2.500000
39  59  2.500000
40  59  2.500000
41  59  2.500000
42  59  2.499999
43  59  2.499999
44  59  2.499999
45  59  2.500000
46  59  2.500000
47  59  2.500000
48  59  2.500000
49  59  2.500000
50  59  2.499999
51  59  2.499999
52  59  2.499998
53  59  2.499998
54  59  2.499999
55  59  2.499998
56  59  2.499999
57  59  2.499999
58  59  2.500000
59  59  2.500000
60  59  2.500000
61  59  2.500000
62  59  2.499999
63  59  2.499999
0  60  2.500000
1  60  2.500000
2  60  2.500000
3  60  2.500000
4  60  2.499999
5  60  2.499999
6  60  2.500000
7  60  2.499999
8  60  2.499999
9  60  2.499999
10  60  2.500000
11  60  2.500000
12  60  2.500000
13  60  2.499999
14  60  2.499998
15  60  2.499998
16  60  2.499998
17  60  2.499998
18  60  2.499999
19  60  2.500000
20  60  2.499999
21  60  2.499998
22  60  2.499998
23  60  2.499997
24  60  2.499998
25  60  2.499999
26  60  2.499999
27  60  2.499998
28  60  2.499997
29  60  2.499997
30  60  2.499997
31  60  2.499998
32  60  2.500000
33  60  2.499999
34  60  2.499998
35  60  2.499997
36  60  2.499999
37  60  2.500000
38  60  2.500000
39  60  2.500000
40  60  2.500000
41  60  2.500000
42  60  2.499999
43  60  2.499999
44  60  2.500000
45  60  2.500000
46  60  2.500000
47  60  2.500000
48  60  2.499999
49  60  2.499999
50  60  2.499999
51  60  2.499999
52  60  2.499999
53  60  2.499998
54  60  2.499999
55  60  2.500000
56  60  2.499999
57  60  2.499999
58  60  2.500000
59  60  2.500000
60  60  2.500000
61  60  2.500000
62  60  2.500000
63  60  2.500000
0  61  2.500000
1  61  2.500000
2  61  2.500000
3  61  2.499999
4  61  2.499999
5  61  2.500000
6  61  2.500000
7  61  2.499999
8  61  2.499998
9  61  2.499999
10  61  2.499999
11  61  2.500000
12  61  2.499999
13  61  2.499999
14  61  2.499998
15  61  2.499998
16  61  2.499998
17  61  2.499998
18  61  2.499999
19  61  2.499999
20  61  2.499999
21  61  2.499999
22  61  2.499998
23  61  2.499997
24  61  2.499996
25  61  2.499997
26  61  2.499998
27  61  2.499998
28  61  2.499997
29  61  2.499997
30  61  2.499998
31  61  2.499999
32  61  2.500000
33  61  2.499999
34  61  2.499998
35  61  2.499998
36  61  2.499999
37  61  2.500000
38  61  2.500000
39  61  2.500000
40  61  2.500000
41  61  2.499999
42  61  2.499998
43  61  2.499999
44  61  2.500000
45  61  2.500000
46  61  2.499999
47  61  2.499999
48  61  2.499999
49  61  2.499999
50  61  2.499999
51  61  2.499999
52  61  2.499999
53  61  2.500000
54  61  2.500000
55  61  2.500000
56  61  2.500000
57  61  2.499999
58  61  2.499999
59  61  2.499999
60  61  2.500000
61  61  2.500000
62  61  2.500000
63  61  2.500000
0  62  2.500000
1  62  2.500000
2  62  2.500000
3  62  2.499999
4  62  2.499999
5  62  2.500000
6  62  2.500000
7  62  2.499998
8  62  2.499997
9  62  2.499998
10  62  2.499999
11  62  2.500000
12  62  2.500000
13  62  2.499999
14  62  2.499999
15  62  2.499999
16  62  2.499999
17  62  2.499999
18  62  2.499998
19  62  2.499997
20  62  2.499998
21  62  2.499999
22  62  2.500000
23  62  2.499998
24  62  2.499995
25  62  2.499995
26  62  2.499996
27  62  2.499999
28  62  2.499999
29  62  2.500000
30  62  2.500000
31  62  2.500000
32  62  2.500000
33  62  2.499999
34  62  2.499998
35  62  2.499998
36  62  2.500000
37  62  2.500000
38  62  2.500000
39  62  2.500000
40  62  2.500000
41  62  2.499999
42  62  2.499998
43  62  2.499998
44  62  2.500000
45  62  2.500000
46  62  2.499999
47  62  2.499998
48  62  2.499999
49  62  2.500000
50  62  2.500000
51  62  2.500000
52  62  2.500000
53  62  2.500000
54  62  2.500000
55  62  2.500000
56  62  2.499999
57  62  2.499999
58  62  2.499999
59  62  2.499999
60  62  2.500000
61  62  2.500000
62  62  2.500000
63  62  2.500000
0  63  2.500000
1  63  2.500000
2  63  2.499999
3  63  2.499999
4  63  2.499999
5  63  2.499999
6  63  2.499998
7  63  2.499995
8  63  2.499995
9  63  2.499997
10  63  2.499999
11  63  2.499999
12  63  2.500000
13  63  2.499999
14  63  2.500000
15  63  2.500000
16  63  2.499999
17  63  2.499999
18  63  2.499998
19  63  2.499997
20  63  2.499997
21  63  2.499999
22  63  2.500000
23  63  2.499999
24  63  2.499995
25  63  2.499994
26  63  2.499996
27  63  2.499999
28  63  2.500000
29  63  2.500000
30  63  2.499999
31  63  2.499999
32  63  2.499998
33  63  2.499998
34  63  2.499999
35  63  2.499999
36  63  2.500000
37  63  2.500000
38  63  2.500000
39  63  2.500000
40  63  2.500000
41  63  2.500000
42  63  2.499999
43  63  2.499999
44  63  2.500000
45  63  2.500000
46  63  2.499999
47  63  2.499999
48  63  2.500000
49  63  2.500000
50  63  2.500000
51  63  2.500000
52  63  2.500000
53  63  2.499999
54  63  2.499999
55  63  2.499999
56  63  2.499999
57  63  2.499999
58  63  2.499999
59  63  2.500000
60  63  2.500000
61  63  2.500000
62  63  2.500000
63  63  2.500000
