# step dp_dt_x dp_dt_y F_x F_y ratio_x ratio_y
100 0.498253 -1.71661e-05 -0 -0 0 0
200 0.949202 1.52588e-05 -0 -0 0 0
300 0.848768 -1.33514e-05 -0 -0 0 0
400 0.713814 1.14441e-05 -0 -0 0 0
500 0.577894 3.8147e-05 -0 -0 0 0
600 0.468025 -1.71661e-05 -0 -0 0 0
700 0.397533 -2.28882e-05 -0 -0 0 0
800 0.36574 1.71661e-05 -0 -0 0 0
900 0.363033 -4.57764e-05 -0 -0 0 0
1000 0.377045 -0.0001297 -0 -0 0 0
1100 0.397528 -5.14984e-05 1.48956e-08 -0 0 0
1200 0.418154 2.28882e-05 5.95805e-08 -0 0 0
1300 0.4354 -0.000242233 5.95784e-08 2.97892e-08 0 0
1400 0.447983 -0.00101662 2.97883e-08 5.95766e-08 0 0
1500 0.45715 -0.00118828 2.97873e-07 1.48936e-08 0 0
1600 0.463993 -0.00062561 3.12756e-07 5.95726e-08 0 0
1700 0.468405 -0.000806808 1.47437e-06 1.93605e-07 317698 0
1800 0.470175 -0.0024395 1.519e-06 2.23383e-07 309529 0
1900 0.470531 -0.0039978 6.70126e-06 9.6796e-07 70215.4 0
2000 0.4701 -0.00414276 6.34366e-06 9.8282e-07 74105.6 0
2100 0.468603 -0.00381851 2.38548e-05 3.60354e-06 19643.9 -1059.66
2200 0.466499 -0.00423622 3.03461e-05 3.99056e-06 15372.6 -1061.56
2300 0.464401 -0.00500298 6.60356e-05 1.5247e-05 7032.59 -328.128
2400 0.463377 -0.0052433 5.76954e-05 1.13157e-05 8031.44 -463.363
2500 0.461393 -0.00512505 0.00169235 9.02548e-05 272.636 -56.7842
2600 0.458519 -0.00473404 0.000527948 9.6341e-05 868.493 -49.1384
2700 0.456144 -0.00389481 7.55696e-05 -2.92542e-05 6036.08 133.137
2800 0.454283 -0.00296211 0.032192 0.000283154 14.1117 -10.4612
2900 0.453089 -0.00279999 0.0892062 0.00108515 5.07912 -2.58028
3000 0.451298 -0.00326729 0.142429 0.0664868 3.16858 -0.0491419
3100 0.449656 -0.003685 0.00239522 0.00048694 187.73 -7.56767
3200 0.449263 -0.00393295 0.0187116 0.0150479 24.0098 -0.261363
3300 0.449806 -0.00438881 0.051881 0.0458227 8.66997 -0.0957782
3400 0.450626 -0.00528717 -0.0774805 -0.120008 -5.81599 0.044057
3500 0.450943 -0.00657082 -0.00455597 -0.00238146 -98.9784 2.75916
3600 0.451851 -0.00740242 0.0322188 -0.028414 14.0244 0.26052
3700 0.453426 -0.00772667 0.048292 -0.110833 9.38927 0.0697143
3800 0.45454 -0.00787354 -0.0696938 -0.116746 -6.52196 0.0674413
3900 0.455585 -0.00769615 -0.00597695 0.00617581 -76.2237 -1.24618
4000 0.456516 -0.00716782 0.0297114 -0.0296192 15.365 0.241999
4100 0.458241 -0.00663567 0.0352648 -0.133493 12.9943 0.0497081
4200 0.461063 -0.00624275 -0.0653082 -0.0890154 -7.05981 0.0701312
4300 0.46505 -0.00612068 -0.000992034 0.00280531 -468.784 -2.18182
4400 0.471222 -0.00619316 0.0207206 -0.0427397 22.7417 0.144904
4500 0.480396 -0.00613213 0.0173115 -0.143919 27.7502 0.0426082
4600 0.492996 -0.00611877 -0.0373982 -0.0909657 -13.1824 0.0672646
4700 0.508099 -0.00631714 -0.00160752 0.00035715 -316.077 -17.6877
4800 0.524757 -0.00664711 0.00660169 -0.0399707 79.4883 0.166299
4900 0.542038 -0.00688171 0.00121854 -0.128454 444.827 0.0535735
5000 0.558151 -0.00740814 -0.0023833 -0.12441 -234.193 0.0595461
5100 0.572132 -0.00849152 0.00395468 -0.00548651 144.672 1.54771
5200 0.583168 -0.0113068 -0.00662195 -0.0189174 -88.0659 0.597692
5300 0.591572 -0.0176983 -0.012565 -0.0919437 -47.0811 0.192491
5400 0.599339 -0.0299473 0.00231808 -0.161754 258.55 0.185141
5500 0.608116 -0.0522747 0.0285103 -0.0402746 21.3297 1.29796
5600 0.619434 -0.0882359 -0.00389455 0.000552339 -159.051 -159.75
5700 0.635616 -0.138649 -0.0232324 0.0452773 -27.359 -3.06222
5800 0.658607 -0.199987 -0.0582591 0.131739 -11.3048 -1.51806
5900 0.688549 -0.261608 -0.0758373 0.164839 -9.07929 -1.58705
6000 0.723454 -0.30377 -0.00554016 0.00632063 -130.584 -48.0601
6100 0.757439 -0.298946 -5.77568e-05 5.84111e-05 -13114.3 -5117.97
6200 0.782856 -0.234951 -0.00065691 0.000649683 -1191.72 -361.639
6300 0.792717 -0.132837 -0.000201451 9.70525e-05 -3935.04 -1368.72
6400 0.780857 -0.0103436 -4.51421e-05 1.81252e-05 -17297.8 -570.671
6500 0.747307 0.133501 -1.07647e-05 4.01448e-06 -69421.7 33254.9
6600 0.696766 0.25561 -1.65034e-05 4.50498e-06 -42219.5 56739.3
6700 0.637619 0.276546 -4.69812e-06 1.1894e-06 -135718 232510
6800 0.578934 0.210564 -4.77229e-06 1.15962e-06 -121312 181580
6900 0.524437 0.122271 -1.33797e-06 2.67594e-07 -391964 0
7000 0.46582 0.00946045 -1.32306e-06 2.67586e-07 -352077 0
7100 0.392365 -0.0858326 -3.865e-07 1.18923e-07 0 0
7200 0.305199 -0.109064 -3.86485e-07 1.18919e-07 0 0
7300 0.158566 -0.109814 -4.01337e-07 1.18915e-07 0 0
7400 -0.153683 -0.136831 -3.8646e-07 1.18911e-07 0 0
7500 -0.597561 -0.160526 -8.47209e-07 2.52676e-07 0 0
7600 -0.926762 -0.154495 -2.74962e-06 9.66082e-07 337051 0
7700 -1.20444 -0.123604 -4.49436e-05 1.82658e-05 26798.9 -6766.96
7800 -1.75748 -0.0643215 -3.3662e-05 3.44646e-05 52209.7 -1866.31
7900 -2.3364 0.00538826 -0.000802777 0.0620373 2910.4 0.0868551
8000 -2.3037 0.045393 0.000374313 0.158084 -6154.46 0.287144
8100 -1.87347 0.0692463 3.70022e-06 0.00891451 -506313 7.76782
8200 -1.70318 0.109251 -6.07763e-06 0.0232988 280238 4.68913
8300 -1.63211 0.152906 0.00391189 0.101441 -417.217 1.50735
8400 -1.31961 0.203297 -0.00434294 0.161344 303.852 1.26002
8500 -1.00567 0.226591 -0.0163869 0.0321482 61.3706 7.04834
8600 -0.944656 0.207592 0.00441026 0.00555675 -214.195 37.3585
8700 -1.02537 0.217684 0.016798 0.0564613 -61.041 3.85545
8800 -1.12 0.277998 0.0258466 -0.127227 -43.3324 -2.18506
8900 -1.20381 0.321651 0.0403805 0.0424789 -29.8116 7.57203
9000 -1.25886 0.311211 0.0117549 0.00364307 -107.093 85.4255
9100 -1.27206 0.286308 0.0200684 5.75789e-05 -63.3865 4972.45
9200 -1.2127 0.261677 0.00138507 3.30517e-05 -875.552 7917.2
9300 -1.06196 0.214821 0.000202879 1.12149e-05 -5234.44 19154.9
9400 -0.882174 0.144543 3.89019e-05 3.28267e-06 -22676.9 44032
9500 -0.752209 0.0799713 9.10499e-06 9.35749e-07 -82615 0
9600 -0.676287 0.0426254 2.37643e-06 2.52496e-07 -284581 0
9700 -0.639614 0.0305481 2.30209e-06 2.52487e-07 -277841 0
9800 -0.659227 0.0337906 6.23772e-07 8.91102e-08 0 0
9900 -0.727308 0.0483818 1.78215e-07 4.45536e-08 0 0
10000 -0.77574 0.0683823 1.78208e-07 4.4552e-08 0 0
10100 -0.73793 0.0873184 4.45504e-08 1.48501e-08 0 0
10200 -0.597095 0.0970802 -0 4.45488e-08 0 0
10300 -0.387293 0.0949364 -0 4.45474e-08 0 0
10400 -0.14497 0.0930786 -0 4.45459e-08 0 0
10500 0.0905952 0.0928612 -0 4.45444e-08 0 0
10600 0.280088 0.0874634 4.45426e-08 1.48475e-08 0 0
10700 0.397703 0.0706291 4.45412e-08 1.48471e-08 0 0
10800 0.434454 0.049839 2.37544e-07 2.96931e-08 0 0
10900 0.416353 0.0304642 2.2269e-07 2.96921e-08 0 0
11000 0.368355 0.0130997 2.22684e-07 2.96912e-08 0 0
11100 0.303368 9.53674e-05 7.42253e-07 5.93803e-08 0 0
11200 0.239243 -0.0098381 7.42229e-07 5.93783e-08 0 0
11300 0.190561 -0.0164604 7.57046e-07 5.93762e-08 0 0
11400 0.160009 -0.021553 7.57022e-07 5.93743e-08 0 0
11500 0.139088 -0.0289688 7.42152e-07 5.93721e-08 0 0
11600 0.123886 -0.0340614 7.42127e-07 5.93702e-08 0 0
11700 0.12059 -0.0299568 7.27259e-07 5.93681e-08 0 0
11800 0.120779 -0.0173264 2.67148e-06 1.9294e-07 45210.6 0
11900 0.120972 0.00286484 2.62685e-06 1.6325e-07 46052 0
12000 0.126007 0.0260925 2.65645e-06 1.92927e-07 47434.3 0
12100 0.143347 0.0481911 2.73055e-06 1.92919e-07 52497.4 0
12200 0.169601 0.0581093 2.70078e-06 1.92913e-07 62797.1 0
12300 0.200373 0.0525055 2.65617e-06 1.63229e-07 75436.6 0
12400 0.236071 0.0361862 1.01495e-05 6.67731e-07 23259.3 0
12500 0.271544 0.0119591 1.02678e-05 6.82545e-07 26446 0
12600 0.296513 -0.013073 9.51083e-06 6.38012e-07 31176.3 0
12700 0.304222 -0.0357628 3.53715e-05 1.98816e-06 8600.77 -17987.9
12800 0.292236 -0.0503883 4.32187e-05 2.13646e-06 6761.8 -23585
12900 0.259764 -0.057827 3.67193e-05 2.07705e-06 7074.32 -27840.9
13000 0.209934 -0.0605583 2.92704e-05 1.95829e-06 7172.23 -30924.2
13100 0.146511 -0.0584946 3.29041e-05 1.92855e-06 4452.67 -30330.8
13200 0.078064 -0.0539742 4.23523e-05 2.12133e-06 1843.2 -25443.6
13300 0.0224113 -0.0483856 3.92803e-05 2.13609e-06 570.549 -22651.5
13400 -0.0094471 -0.0433655 3.02454e-05 1.95801e-06 -312.349 -22147.7
13500 -0.0182095 -0.0393257 3.09415e-05 1.92828e-06 -588.512 -20394.2
13600 -0.0012722 -0.0355072 4.05073e-05 2.0617e-06 -31.4067 -17222.3
13700 0.0424995 -0.0338287 4.14848e-05 2.13579e-06 1024.46 -15839
13800 0.0961151 -0.0327415 5.98741e-05 4.50873e-06 1605.29 -7261.82
13900 0.138731 -0.0299339 0.000134116 5.45777e-06 1034.41 -5484.65
14000 0.164505 -0.0271835 0.000236515 7.29656e-06 695.536 -3725.53
14100 0.181646 -0.0262375 0.000136346 6.16922e-06 1332.25 -4252.97
14200 0.198339 -0.0271072 5.88727e-05 4.53779e-06 3368.96 -5973.66
14300 0.221601 -0.0287018 0.00157691 2.34741e-05 140.529 -1222.7
14400 0.257498 -0.0341721 0.00185413 6.78992e-05 138.878 -503.276
14500 0.299273 -0.0430412 7.11591e-05 2.68385e-05 4205.68 -1603.71
14600 0.33058 -0.0520973 -4.4927e-06 6.74647e-06 -73581.5 -7722.16
14700 0.341867 -0.0598869 0.0707485 0.00042872 4.83215 -139.688
14800 0.337662 -0.0659447 0.157782 0.000392868 2.14005 -167.854
14900 0.330877 -0.0704384 0.0669168 -0.000194456 4.94461 362.233
15000 0.340548 -0.0720673 0.00299931 0.00305203 113.542 -23.6129
15100 0.37631 -0.0714722 0.0553401 0.0237431 6.79996 -3.01023
15200 0.428379 -0.0696869 -0.126436 -0.00827049 -3.38811 8.42597
15300 0.472761 -0.0673828 -0.0979531 -0.0474339 -4.8264 1.42056
15400 0.487654 -0.0631371 0.00168486 0.00115306 289.433 -54.7562
15500 0.465214 -0.0564117 -0.0348546 -0.0355083 -13.3473 1.58869
15600 0.409805 -0.0486298 -0.116031 -0.116817 -3.53185 0.416288
15700 0.339413 -0.0400963 -0.00778657 -0.117201 -43.5895 0.342116
15800 0.276283 -0.0333633 -0.00155356 -0.00168147 -177.838 19.8418
15900 0.236706 -0.029232 -0.000562255 -0.0266867 -420.993 1.09538
16000 0.227486 -0.0295143 -0.00103185 -0.117998 -220.465 0.250125
16100 0.243576 -0.0326271 -0.00310071 -0.140214 -78.555 0.232696
16200 0.272316 -0.036129 -0.00284348 -0.00859719 -95.7686 4.20242
16300 0.302502 -0.0414162 -0.00125215 -0.0176764 -241.585 2.34302
16400 0.328148 -0.0455551 0.0103671 -0.0938867 31.6527 0.485214
16500 0.348194 -0.0490341 -0.00838292 -0.156905 -41.5361 0.312508
16600 0.361038 -0.0501823 -0.0120805 -0.0246773 -29.886 2.03354
16700 0.368484 -0.0501671 0.00235559 -0.0101891 156.43 4.92359
16800 0.372902 -0.0523605 0.00518785 -0.0755669 71.8798 0.692903
16900 0.377151 -0.0548363 4.36397e-05 -0.161432 8642.4 0.339687
17000 0.380615 -0.0561295 -0.00164924 -0.047384 -230.782 1.18457
17100 0.38549 -0.0559006 0.000204383 -0.00247155 1886.12 22.6176
17200 0.38755 -0.0556831 -0.00297832 -0.0560111 -130.124 0.994144
17300 0.384644 -0.0544014 -0.0031623 -0.145982 -121.634 0.372658
17400 0.381561 -0.0493793 0.0066064 -0.0866262 57.7563 0.570028
17500 0.385647 -0.0415649 0.001185 0.000335477 325.441 -123.898
17600 0.400902 -0.0340271 -0.00562791 -0.0353955 -71.2346 0.961339
17700 0.420242 -0.0288677 -0.0131253 -0.112988 -32.0177 0.255494
17800 0.435989 -0.0279961 0.018563 -0.137962 23.487 0.202926
17900 0.441463 -0.0289249 0.0146925 -0.014076 30.0468 2.05491
18000 0.440701 -0.0315838 -0.00779442 -0.0126493 -56.5405 2.49688
18100 0.436008 -0.0364304 -0.0160809 -0.0811046 -27.1135 0.449177
18200 0.42149 -0.0446682 -0.00598316 -0.157343 -70.4461 0.28389
18300 0.389069 -0.0560856 0.0343825 -0.0519781 11.3159 1.07902
18400 0.342007 -0.0718536 -0.00200463 0.00231568 -170.608 -31.0292
18500 0.292099 -0.0944366 -0.0179315 0.0480593 -16.2897 -1.965
18600 0.254684 -0.120188 -0.0291248 0.137793 -8.74459 -0.872237
18700 0.236969 -0.146963 0.04489 0.116199 5.27888 -1.26475
18800 0.231998 -0.168724 0.00530067 0.00917908 43.7678 -18.3814
18900 0.237648 -0.165014 -0.0146492 0.0235114 -16.2226 -7.01847
19000 0.262192 -0.126652 -0.045019 0.0974309 -5.82403 -1.29991
19100 0.299717 -0.0804958 -0.0417121 0.169813 -7.18537 -0.474025
19200 0.327026 -0.042017 -0.0123113 0.0400493 -26.5632 -1.04913
19300 0.334297 9.91821e-05 -0.00700225 0.00856145 -47.7414 0.0115847
19400 0.332077 0.0135689 -0.0465165 0.077533 -7.13892 0.175008
19500 0.32616 -0.0333157 -0.103159 0.102607 -3.16173 -0.324693
19600 0.308308 -0.0993233 -0.000218819 0.0360965 -1408.96 -2.75161
19700 0.285221 -0.148481 3.28742e-05 4.62252e-05 8676.13 -3212.13
19800 0.265194 -0.206392 -0.000216214 0.000215266 -1226.54 -958.776
19900 0.244427 -0.229677 -0.000942497 0.000935112 -259.34 -245.615
20000 0.230312 -0.155573 -0.000709796 0.00071018 -324.477 -219.061
20100 0.207218 -0.0341873 -5.13246e-05 5.1295e-05 -4037.4 -666.484
20200 0.110081 0.0791817 -9.65044e-05 9.68152e-05 -1140.68 817.864
20300 -0.0338593 0.162989 -0.000756959 0.000750729 44.7306 217.107
20400 -0.0755844 0.192423 -0.000966636 0.000963396 78.1932 199.734
20500 -0.164021 0.168358 -9.11971e-05 9.21145e-05 1798.53 1827.7
20600 -0.566654 0.110016 -4.14316e-06 0.00584546 136769 18.8207
20700 -0.993816 0.0187149 -0.000806054 0.061476 1232.94 0.304426
20800 -1.01928 -0.0828514 -7.47344e-05 0.162624 13638.6 -0.509466
20900 -0.952053 -0.14468 5.94781e-05 0.021711 -16006.8 -6.66389
21000 -1.22669 -0.154638 -0.000100325 0.0239758 12227.2 -6.44978
21100 -1.55499 -0.132866 -0.000244493 0.11016 6360.04 -1.20612
21200 -1.66077 -0.0725613 0.000123456 0.138477 -13452.3 -0.523994
21300 -1.71788 -0.0180225 -4.43804e-07 0.0086013 0 -2.09533
21400 -1.81197 -0.0142555 3.07102e-05 0.0147718 -59002.1 -0.965047
21500 -1.83541 -0.0107136 0.00033397 0.0778547 -5495.75 -0.13761
21600 -1.69432 0.00675774 0.00105 0.102574 -1613.64 0.0658814
21700 -1.37834 0.0126419 0.000269959 0.0379069 -5105.74 0.333499
21800 -0.973652 0.0149097 2.87685e-05 2.87241e-05 -33844.4 519.068
21900 -0.56551 0.0259628 0.00020047 0.000200248 -2820.92 129.653
22000 -0.17778 0.0550709 0.00092087 0.000919894 -193.057 59.8666
22100 0.0982037 0.0822735 0.000735095 0.000734843 133.593 111.961
22200 0.136284 0.0902081 5.36099e-05 5.36099e-05 2542.14 1682.68
22300 -0.0413666 0.0925713 8.90853e-05 8.90558e-05 -464.348 1039.48
22400 -0.257223 0.0774994 0.000737135 0.000736366 -348.95 105.246
22500 -0.407566 0.0472221 0.000209153 0.000101235 -1948.65 466.462
22600 -0.536867 0.0363159 4.44053e-05 1.79514e-05 -12090.2 2023.01
22700 -0.634876 0.0376682 3.31067e-05 1.55553e-05 -19176.6 2421.57
22800 -0.642431 0.0107384 9.31514e-06 3.71127e-06 -68966.3 2893.45
22900 -0.582226 -0.0103645 8.90082e-06 3.47457e-06 -65412.6 -2982.97
23000 -0.522261 0.0228195 2.72042e-06 9.61018e-07 -191978 0
23100 -0.472466 0.0491962 2.82382e-06 9.75771e-07 -167314 0
23200 -0.409109 0.042387 1.2862e-06 3.10463e-07 -318075 0
23300 -0.34882 0.0613594 1.27137e-06 3.10452e-07 -274365 0
23400 -0.306427 0.0965271 1.27133e-06 3.10441e-07 -241029 0
23500 -0.254595 0.109938 3.39995e-07 7.39119e-08 0 0
23600 -0.185806 0.0964088 3.39983e-07 7.39094e-08 0 0
23700 -0.138079 0.0752087 3.69534e-07 7.39069e-08 0 0
23800 -0.131973 0.0767727 3.3996e-07 7.39043e-08 0 0
23900 -0.130713 0.0885601 3.39948e-07 7.39018e-08 0 0
24000 -0.135555 0.0797138 3.39937e-07 7.38994e-08 0 0
24100 -0.184994 0.0612736 3.69485e-07 7.38969e-08 0 0
24200 -0.256441 0.0624542 8.8673e-08 -1.47788e-08 0 0
24300 -0.271608 0.0710526 8.86702e-08 -1.47784e-08 0 0
24400 -0.215445 0.066349 8.86671e-08 -1.47778e-08 0 0
24500 -0.148169 0.0649357 1.32996e-07 2.95547e-08 0 0
24600 -0.0974731 0.073185 1.32992e-07 2.95537e-08 0 0
24700 -0.0480385 0.069685 1.32987e-07 2.95527e-08 0 0
24800 0.00340652 0.0438175 1.32982e-07 2.95517e-08 0 0
24900 0.0493717 0.0189342 1.32978e-07 2.95506e-08 0 0
25000 0.092535 0.0383968 1.32973e-07 2.95497e-08 0 0
25100 0.140734 0.0881023 1.32969e-07 2.95486e-08 0 0
25200 0.205158 0.112806 1.32964e-07 2.95476e-08 0 0
25300 0.293053 0.10531 5.17066e-07 1.03413e-07 0 0
25400 0.378239 0.115952 5.17048e-07 8.86367e-08 0 0
25500 0.423857 0.155239 5.17031e-07 8.86338e-08 0 0
25600 0.423258 0.163841 2.28962e-06 2.36348e-07 184859 0
25700 0.377554 0.148518 2.33385e-06 2.80653e-07 161773 0
25800 0.311388 0.1577 2.30423e-06 2.80644e-07 135137 0
25900 0.243082 0.175507 8.15317e-06 9.15754e-07 29814.4 0
26000 0.179497 0.163162 8.75847e-06 9.15726e-07 20494.1 0
26100 0.143873 0.127712 9.02402e-06 9.30464e-07 15943.4 0
26200 0.148985 0.0997543 8.4034e-06 9.3043e-07 17729.1 0
26300 0.201138 0.0776596 8.07823e-06 8.86094e-07 24898.7 0
26400 0.287777 0.0546188 4.28412e-05 2.14132e-06 6717.29 25507.1
26500 0.372149 0.0365906 3.76417e-05 2.12648e-06 9886.62 17207.1
26600 0.429945 0.0246277 7.58566e-05 4.63675e-06 5667.86 5311.41
26700 0.471415 0.0103912 0.000185006 6.2904e-06 2548.11 1651.92
26800 0.506735 -0.000469208 0.000300171 4.38541e-06 1688.15 -106.993
26900 0.520714 0.00440598 3.49935e-06 -3.15975e-06 148803 -1394.41
27000 0.512783 0.0187263 0.0517129 0.000222917 9.91597 84.0059
27100 0.495926 0.0239677 0.142537 0.000198239 3.47928 120.903
27200 0.468536 0.0182152 0.0995557 -0.0367164 4.70627 -0.496105
27300 0.425575 0.00699615 0.00186483 -0.00345271 228.211 -2.02628
27400 0.37718 -0.00429153 0.0366707 0.0112432 10.2856 -0.3817
27500 0.336628 -0.00469589 -0.111959 0.0194819 -3.00671 -0.241039
27600 0.290462 -0.00188828 -0.133693 -0.0339518 -2.17261 0.0556163
27700 0.230846 0.0019722 -0.007837 -0.0112622 -29.456 -0.175117
27800 0.165962 0.0074234 -0.0165965 0.00844787 -9.9998 0.878731
27900 0.116985 0.0172615 -0.088402 0.0178837 -1.32333 0.965209
28000 0.0891266 0.025177 -0.155784 -0.0140224 -0.572116 -1.79549
28100 0.0692596 0.0209312 -0.0282657 -0.0230326 -2.45031 -0.908765
28200 0.0707054 0.0138206 -0.00706768 -0.000624878 -10.0041 -22.1173
28300 0.106144 0.0053215 -0.0723564 -0.00184736 -1.46696 -2.8806
28400 0.169651 -0.00727463 -0.162174 -0.00588312 -1.0461 1.23652
28500 0.223389 -0.0164795 -0.0589375 -0.0060893 -3.79026 2.7063
28600 0.249023 -0.02071 0.000305712 -0.000801562 814.569 25.837
28700 0.271523 -0.0286484 -0.00160106 -0.001649 -169.589 17.3732
28800 0.302479 -0.0443916 -0.00468599 -0.00468592 -64.5496 9.47341
28900 0.33556 -0.0600586 -0.00378399 -0.00379792 -88.6789 15.8136
29000 0.360558 -0.0661087 -0.00199929 0.00137148 -180.342 -48.2026
29100 0.385662 -0.0709114 -0.000968866 -0.0395812 -398.055 1.79154
29200 0.418896 -0.0734215 -0.000780592 -0.133801 -536.639 0.548738
29300 0.440784 -0.0724182 -0.00173302 -0.115999 -254.345 0.624302
29400 0.428658 -0.0690651 -0.00123746 -0.00166762 -346.402 41.4153
29500 0.375248 -0.0658798 -0.000321062 -0.0290019 -1168.77 2.27157
29600 0.294075 -0.0682144 -0.00035889 -0.111446 -819.401 0.612083
29700 0.210449 -0.0667076 -0.000715439 -0.148052 -294.154 0.450569
29800 0.147594 -0.0625687 -0.000564413 -0.0127502 -261.501 4.90729
29900 0.11969 -0.0615959 -0.000339545 -0.0147704 -352.501 4.17023
30000 0.134624 -0.0620384 -6.56648e-05 -0.0872396 -2050.18 0.711127
30100 0.189411 -0.0571747 -4.18873e-05 -0.165554 -4521.93 0.345353
30200 0.275089 -0.0450401 0.000127987 -0.0366563 2149.35 1.22872
30300 0.372475 -0.0361061 0.000483645 -0.00382735 770.14 9.4337
30400 0.44746 -0.0353546 0.000185464 -0.0629674 2412.65 0.561475
30500 0.477383 -0.0343132 0.000259045 -0.155888 1842.85 0.220115
30600 0.459908 -0.033886 0.00154414 -0.0832376 297.84 0.407099
30700 0.40213 -0.0324173 0.00100255 0.00107223 401.109 -30.2334
30800 0.324493 -0.0330505 -0.0100188 -0.0325809 -32.3885 1.01441
30900 0.266346 -0.0405121 -0.0156353 -0.114337 -17.0349 0.354323
31000 0.232845 -0.0506973 0.0228645 -0.133492 10.1837 0.379778
31100 0.207684 -0.064045 0.00968322 -0.00760314 21.4478 8.42349
31200 0.195293 -0.0800781 -0.0079522 -0.0178315 -24.5584 4.49082
31300 0.216515 -0.104572 -0.0181735 -0.0816368 -11.9137 1.28095
31400 0.274868 -0.131222 0.00388993 -0.158703 70.6614 0.826836
31500 0.32621 -0.151873 0.0258138 -0.0368682 12.637 4.11934
31600 0.341522 -0.164614 -0.00372098 0.000297276 -91.7829 -553.74
31700 0.337212 -0.16711 -0.0182289 0.0572171 -18.4988 -2.92064
31800 0.355808 -0.154299 -0.0214781 0.14931 -16.5661 -1.03341
31900 0.374458 -0.126459 0.0466208 0.115468 8.03201 -1.09519
32000 0.345016 -0.0919399 0.00858302 0.00528725 40.1975 -17.389
32100 0.301033 -0.0575848 -0.0154167 0.0310545 -19.5264 -1.85431
32200 0.29137 -0.0432014 -0.0454564 0.0972007 -6.40989 -0.444456
32300 0.28133 -0.029213 -0.0407959 0.16922 -6.89604 -0.172633
32400 0.238754 0.00449944 0.0117212 0.030284 20.3694 0.148574
32500 0.21479 0.0502491 -0.00963895 0.0112964 -22.2836 4.44823
32600 0.221577 0.105289 -0.0466414 0.0774393 -4.75064 1.35964
32700 0.244572 0.161797 -0.105291 0.19449 -2.32281 0.831902
32800 0.307568 0.181854 -0.00481414 0.0102657 -63.8884 17.7148
32900 0.368305 0.133884 -0.00110413 0.000825405 -333.57 162.204
33000 0.311913 0.0428219 -0.0553437 0.0299585 -5.63592 1.42938
33100 0.17345 -0.0384121 -0.1601 0.0877022 -1.08339 -0.437983
33200 0.0974274 -0.0964737 -0.135052 0.0667288 -0.721405 -1.44576
33300 -0.0867386 -0.17132 -0.0016007 0.00187698 54.1881 -91.2742
33400 -0.574783 -0.259714 -0.0229253 0.0360723 25.072 -7.19982
33500 -1.058 -0.295271 -0.0544633 0.119375 19.426 -2.47348
33600 -1.21837 -0.244247 0.0397408 0.0965697 -30.6579 -2.52923
33700 -1.30415 -0.202087 1.84283e-05 0.000587025 -70768.8 -344.257
33800 -1.59323 -0.20125 -0.000165451 0.0540998 9629.58 -3.71998
33900 -1.80886 -0.184933 -6.18657e-06 0.151774 292385 -1.21848
34000 -1.75583 -0.134905 -6.79466e-05 0.0845623 25841.3 -1.59533
34100 -1.58743 -0.092926 -4.94892e-06 0.000940324 320762 -98.8234
34200 -1.39304 -0.0755482 0.000121553 0.0292831 -11460.4 -2.57992
34300 -1.17032 -0.014473 0.000580263 0.0969284 -2016.88 -0.149316
34400 -0.911961 0.086729 0.00070111 0.109489 -1300.74 0.792125
34500 -0.682709 0.143675 -9.65053e-05 0.0236373 7074.31 6.0783
34600 -0.551615 0.127094 -2.71701e-05 0.00331381 20302.2 38.3529
34700 -0.475979 0.096384 0.000717049 0.0264671 -663.803 3.64165
34800 -0.358337 0.0811768 0.0010695 0.00106928 -335.051 75.9172
34900 -0.240633 0.0388374 0.000319634 0.000319693 -752.84 121.484
35000 -0.189949 -0.0529633 2.05994e-05 2.06436e-05 -9221.09 -2565.6
35100 -0.117754 -0.131344 0.000259979 0.000259891 -452.937 -505.381
35200 0.00393867 -0.174175 0.000978617 0.000978337 4.02474 -178.032
35300 0.0931759 -0.210135 0.00060748 0.00060748 153.381 -345.912
35400 0.108063 -0.228804 6.33944e-05 9.60928e-05 1704.61 -2381.07
35500 0.109356 -0.201883 3.37571e-05 4.70803e-05 3239.5 -4288.06
35600 0.159016 -0.179094 5.59854e-05 0.000106318 2840.31 -1684.52
35700 0.208961 -0.170485 0.000142571 0.000907082 1465.67 -187.948
35800 0.210964 -0.10457 7.90484e-05 9.76255e-05 2668.8 -1071.14
35900 0.227211 -0.0179272 2.55243e-05 6.22945e-05 8901.76 -287.781
36000 0.32723 0.0436649 4.67193e-05 0.00108336 7004.18 40.305
36100 0.41971 0.0721569 0.00010783 0.00154819 3892.32 46.6074
36200 0.4074 0.0637093 6.72038e-05 0.000123943 6062.16 514.021
36300 0.317135 0.0470276 6.57887e-06 6.91738e-07 48205.1 0
36400 0.18367 0.0595589 2.63293e-05 0.00101678 6975.88 58.5761
36500 0.0387039 0.102253 6.53724e-05 0.00206055 592.053 49.624
36600 -0.0683708 0.120214 3.75561e-05 0.000254475 -1820.5 472.402
36700 -0.130524 0.103451 2.04992e-05 1.89981e-05 -6367.27 5445.31
36800 -0.138973 0.0842152 0.000357201 0.0375852 -389.062 2.24065
36900 -0.0766335 0.0758648 0.00108722 0.0939676 -70.4857 0.80735
37000 0.00259018 0.103577 7.21591e-05 0.0819024 35.8954 1.26463
37100 0.060009 0.160126 -2.92659e-05 0.000768976 -2050.48 208.233
37200 0.149307 0.208368 0.000182976 0.0362034 815.993 5.75549
37300 0.248665 0.232113 0.000610776 0.116538 407.129 1.99174
37400 0.274658 0.230167 0.0174345 0.140949 15.7537 1.63298
37500 0.252026 0.222506 -0.00417312 0.00769076 -60.3927 28.9315
37600 0.216148 0.218657 0.0104731 0.0294401 20.6384 7.42718
37700 0.123974 0.193668 0.0215601 0.10987 5.75015 1.7627
37800 -0.0120087 0.150009 -0.0178023 0.151642 0.674555 0.98923
37900 -0.10952 0.123583 -0.00830431 0.0272776 13.1883 4.53057
38000 -0.17762 0.111902 0.00566506 -0.0073494 -31.3536 -15.226
38100 -0.255123 0.0850677 0.00587262 -0.065448 -43.4428 -1.29978
38200 -0.332626 0.0673046 -0.0319245 -0.144818 10.4191 -0.464753
38300 -0.384979 0.0734501 0.00585836 0.00596582 -65.7145 12.3118
38400 -0.404474 0.0698414 0.00258618 0.00254889 -156.398 27.4007
38500 -0.39566 0.0534935 0.058057 0.0335175 -6.81503 1.59599
38600 -0.372766 0.0569592 0.164426 0.0920781 -2.26708 0.618596
38700 -0.337029 0.0849457 0.127447 0.0580798 -2.64446 1.46257
38800 -0.265944 0.116085 0.0010669 -3.01753e-05 -249.267 -3847.02
38900 -0.161734 0.145809 0.024143 0.000146622 -6.69898 994.455
39000 -0.0561028 0.163639 0.114481 0.000607969 -0.49006 269.157
39100 0.0490856 0.182957 0.14283 -0.000140496 0.343664 -1302.22
39200 0.155905 0.203384 0.00873032 -0.00446534 17.8578 -45.5473
39300 0.232891 0.189117 0.0228846 0.0119572 10.1768 15.8162
39400 0.273388 0.140739 0.0962909 0.0407995 2.83919 3.44954
39500 0.285166 0.0869865 0.167959 0.045631 1.69783 1.9063
39600 0.275419 0.0426903 -0.0269866 -0.0186314 -10.2058 -2.29131
39700 0.249956 0.00452805 -0.00655579 0.00546232 -38.1276 0.82896
39800 0.20458 -0.0176849 -0.0638375 0.00574223 -3.20471 -3.0798
39900 0.128429 -0.00876236 -0.143618 -0.0293507 -0.894242 0.29854
40000 0.037426 0.0279655 -0.0595682 -0.0340147 -0.628288 -0.82216
40100 -0.0587769 0.0735168 0.000376629 0.00372725 -156.06 19.7241
40200 -0.140982 0.105125 -0.0557136 0.014273 2.53047 7.36531
40300 -0.206266 0.119518 -0.143544 0.0154745 1.43696 7.72354
40400 -0.29302 0.12191 0.0832373 -0.0372922 -3.5203 -3.26905
40500 -0.368074 0.110161 0.00129804 -0.000858828 -283.561 -128.269
40600 -0.375305 0.0916328 0.0432304 0.012409 -8.6815 7.38436
40700 -0.326147 0.0721817 0.127123 0.000273711 -2.5656 263.715
40800 -0.268663 0.0600853 0.126358 -0.000447636 -2.12622 -134.228
40900 -0.176979 0.0582771 0.00608989 5.61347e-06 -29.0611 10381.7
41000 -0.022047 0.0508194 0.0242581 9.05912e-05 -0.908851 560.975
41100 0.138775 0.0344467 0.102246 0.000327233 1.35727 105.266
41200 0.261446 0.017704 0.155628 -0.0134947 1.67995 -1.31192
41300 0.375273 0.00208664 0.021136 -0.019711 17.7551 -0.105862
41400 0.49555 -0.0165138 -0.00927534 0.00702666 -53.4266 -2.35017
41500 0.569431 -0.0380249 -0.0745321 0.0166007 -7.64008 -2.29055
41600 0.577278 -0.0583153 -0.164335 -0.0063129 -3.51282 9.23748
41700 0.532063 -0.0677872 -0.045061 -0.00529525 -11.8076 12.8015
41800 0.44669 -0.0694962 -0.000532705 -0.000556268 -838.531 124.933
41900 0.315247 -0.0737305 -0.0018595 -0.00187134 -169.533 39.3999
42000 0.161488 -0.0722008 -0.00487932 -0.00488034 -33.0964 14.7942
42100 0.0400963 -0.0566559 -0.00336988 -0.00337649 -11.8984 16.7795
42200 -0.0278893 -0.0353241 -0.000660113 -0.000683262 42.2492 51.6992
42300 -0.0394936 -0.0142403 -0.00125194 -0.00126379 31.546 11.2679
42400 -0.0138893 0.00875473 -0.00421877 -0.00421994 3.29227 -2.07461
42500 0.0303802 0.0240097 -0.00437436 -0.00437464 -6.94507 -5.48838
42600 0.100563 0.0280457 -0.000987381 -0.00101042 -101.848 -27.7563
42700 0.192635 0.0263672 -0.000820091 -0.000837039 -234.894 -31.5005
42800 0.277584 0.0275421 -0.00123902 -0.00350379 -224.035 -7.86066
42900 0.325928 0.0294304 -0.00191649 -0.00443326 -170.065 -6.63854
43000 0.366463 0.0218201 -0.00205535 -0.000748479 -178.297 -29.1525
43100 0.406849 0.00676727 -0.000871377 -0.000405102 -466.904 -16.7051
43200 0.411858 -0.00452805 -0.000793374 -0.00273314 -519.121 1.65672
43300 0.405476 0.0051384 -0.000408361 -0.00449 -992.934 -1.14441
43400 0.410667 0.015789 -0.00044363 -0.000798152 -925.698 -19.782
43500 0.40757 0.00539398 -0.000353321 -0.000176198 -1153.54 -30.6131
43600 0.3965 -0.0138359 0.000109993 -0.00190013 3604.76 7.28156
43700 0.413898 -0.018898 9.96982e-05 -0.00448988 4151.51 4.20902
43800 0.426754 -0.010498 0.000617591 -0.00163587 690.997 6.41741
43900 0.409748 -0.0164871 0.000582838 -4.39518e-05 703.022 375.119
44000 0.388962 -0.0401993 0.000491335 -0.00109281 791.643 36.7852
44100 0.358864 -0.0442162 0.000816396 -0.00366086 439.571 12.0781
44200 0.300915 -0.0293694 0.000985671 -0.00288951 305.289 10.1641
44300 0.256588 -0.0413361 0.00103064 -0.000132072 248.961 312.982
44400 0.24659 -0.0949554 0.000843655 -0.000455101 292.287 208.647
44500 0.213654 -0.131302 0.000411511 -0.102211 519.193 1.28462
44600 0.176022 -0.12727 0.00151069 -0.155292 116.518 0.819551
44700 0.201626 -0.126083 0.0018755 -0.0189459 107.505 6.65492
44800 0.277172 -0.104656 0.00104547 -0.0104898 265.116 9.97696
44900 0.333118 -0.0492859 0.000548752 -0.0698815 607.047 0.705278
45000 0.349308 -0.00116348 0.00101816 -0.160617 343.079 0.00724385
45100 0.368584 0.046936 0.00260963 -0.0601796 141.24 -0.779933
45200 0.410889 0.130966 0.00223001 0.00158719 184.254 82.5142
45300 0.459206 0.233398 0.000958435 -0.000500068 479.12 -466.734
45400 0.457058 0.275452 0.00301365 -0.00275878 151.663 -99.8456
45500 0.396847 0.224026 0.00448543 -0.00348849 88.4746 -64.2185
45600 0.319492 0.131542 -6.56105e-05 -0.000700721 -4869.53 -187.724
45700 0.235611 0.0390892 0.0107183 -0.00033837 21.9822 -115.522
45800 0.107609 -0.0518227 0.0814333 -0.00154038 1.32144 33.6428
45900 -0.0821457 -0.139957 0.00481582 -0.0038456 -17.0575 36.3941
46000 -0.271706 -0.19416 0.000936702 -0.00128363 -290.066 151.258
46100 -0.491394 -0.22913 -0.000510024 -0.00569364 963.473 40.2431
46200 -0.812176 -0.27869 0.000281252 -0.0800362 -2887.72 3.48206
46300 -1.18713 -0.289001 0.00147478 -0.156989 -804.955 1.8409
46400 -1.55154 -0.220703 0.0008124 -0.011441 -1909.82 19.2906
46500 -1.81989 -0.138901 -0.000285155 -0.0168331 6382.1 8.25165
46600 -1.90808 -0.098465 0.00699843 -0.0823921 -272.644 1.19508
46700 -1.88564 -0.0775299 0.00596912 -0.154089 -315.9 0.50315
46800 -1.87236 -0.0706825 0.0103521 0.0104 -180.867 -6.7964
46900 -1.77512 -0.10532 3.20869e-05 -2.68516e-05 -55322.2 3922.3
47000 -1.44052 -0.125782 0.000306986 1.99877e-05 -4692.46 -6292.98
47100 -0.995489 -0.126106 0.000104657 1.23178e-05 -9511.9 -10237.7
47200 -0.598576 -0.1929 0.00017734 1.74349e-05 -3375.29 -11064
47300 -0.320265 -0.301538 8.15115e-05 2.15106e-05 -3929.07 -14018.1
47400 -0.167719 -0.342428 1.80056e-05 4.57471e-06 -9314.82 -74852.4
47500 -0.0121555 -0.308687 5.73725e-05 1.3577e-05 -211.87 -22736
47600 0.159964 -0.283421 3.46744e-05 1.45149e-05 4613.3 -19526.2
47700 0.175047 -0.287588 4.41005e-05 1.77692e-05 3969.28 -16184.6
47800 0.0442448 -0.267426 3.33967e-05 1.55841e-05 1324.82 -17160.1
47900 -0.0195026 -0.21632 2.52739e-05 1.25783e-05 -771.651 -17197.9
48000 0.00982285 -0.192165 3.12541e-05 1.35308e-05 314.289 -14202.1
48100 0.00259399 -0.178961 1.27094e-05 8.88337e-06 204.101 -20145.6
48200 -0.0310249 -0.124668 1.3867e-05 9.68929e-06 -2237.33 -12866.6
48300 0.00750732 -0.00695419 1.20782e-05 8.70688e-06 621.559 -798.701
48400 0.0731544 0.122047 2.84357e-05 1.28547e-05 2572.63 9494.39
48500 0.0879536 0.198961 4.1274e-05 1.64598e-05 2130.97 12087.7
48600 0.0931873 0.21903 4.04374e-05 1.73387e-05 2304.48 12632.5
48700 0.037056 0.232056 2.78025e-05 1.37034e-05 1332.83 16934.2
48800 -0.105879 0.300531 6.7357e-05 1.4084e-05 -1571.91 21338.5
48900 -0.171738 0.344284 0.000114558 1.94179e-05 -1499.13 17730.2
49000 -0.109198 0.235826 8.27102e-05 2.15861e-05 -1320.24 10924.9
49100 -0.0606804 0.0248566 4.39035e-05 1.5841e-05 -1382.13 1569.13
49200 -0.0209064 -0.133585 5.66213e-05 1.35106e-05 -369.233 -9887.45
49300 0.0753517 -0.204746 0.000105619 1.77888e-05 713.428 -11509.8
49400 0.147018 -0.255161 4.40748e-05 1.77442e-05 3335.66 -14380
49500 0.177027 -0.277132 3.36118e-05 1.56484e-05 5266.8 -17709.9
49600 0.176743 -0.234959 2.52592e-05 1.25563e-05 6997.16 -18712.4
49700 0.119854 -0.161512 3.10016e-05 1.3479e-05 3866.05 -11982.5
49800 0.0552464 -0.104052 4.33803e-05 1.72291e-05 1273.54 -6039.31
49900 0.0876865 -0.0758705 6.53392e-05 4.71146e-05 1342.02 -1610.34
