# step E_total KE PE <beta> norm
0 0.677026 0.177028 0.499998 1 1
100 0.677006 0.177023 0.499984 0.999968 0.999967
200 0.676978 0.177017 0.49996 0.999935 0.999935
300 0.676901 0.177016 0.499885 0.999902 0.999901
400 0.676784 0.177068 0.499716 0.999868 0.999867
500 0.676978 0.17712 0.499858 0.999833 0.999831
600 0.676903 0.177121 0.499782 0.999799 0.999799
700 0.675849 0.177148 0.498701 0.999765 0.999763
800 0.673509 0.177727 0.495782 0.999731 0.999728
900 0.676423 0.178721 0.497702 0.999697 0.999696
1000 0.678032 0.178892 0.499139 0.999661 0.99966
1100 0.672674 0.178939 0.493735 0.999627 0.999626
1200 0.661715 0.180506 0.481209 0.999595 0.999592
1300 0.669916 0.184713 0.485202 0.99956 0.99956
1400 0.681448 0.18602 0.495427 0.999529 0.999527
1500 0.674068 0.186539 0.487529 0.999494 0.999492
1600 0.661347 0.187459 0.473887 0.999462 0.999461
1700 0.666749 0.192073 0.474676 0.999429 0.999426
1800 0.68234 0.194422 0.487918 0.999398 0.999395
1900 0.678984 0.195802 0.483182 0.999364 0.999363
2000 0.675119 0.196575 0.478544 0.999333 0.999328
2100 0.677044 0.19862 0.478424 0.999295 0.999295
2200 0.687742 0.19985 0.487892 0.999261 0.99926
2300 0.686555 0.199167 0.487389 0.999228 0.999226
2400 0.680365 0.199542 0.480823 0.999193 0.999191
2500 0.680334 0.20146 0.478874 0.999159 0.999157
2600 0.694332 0.203638 0.490694 0.999125 0.999125
2700 0.698013 0.203135 0.494878 0.999092 0.999087
2800 0.690017 0.20282 0.487197 0.999059 0.999055
2900 0.685331 0.202781 0.48255 0.999026 0.999024
3000 0.697512 0.203587 0.493925 0.998993 0.998988
3100 0.701609 0.203538 0.498071 0.99896 0.998955
3200 0.698486 0.203284 0.495202 0.998925 0.998923
3300 0.695713 0.202912 0.492801 0.998892 0.99889
3400 0.698585 0.202747 0.495838 0.998857 0.998854
3500 0.701193 0.202571 0.498622 0.998825 0.998822
3600 0.699976 0.20235 0.497627 0.998789 0.998786
3700 0.697493 0.202001 0.495492 0.998755 0.998753
3800 0.697619 0.201807 0.495812 0.99872 0.998713
3900 0.70043 0.20182 0.49861 0.998686 0.998683
4000 0.700339 0.201736 0.498603 0.998653 0.998648
4100 0.69895 0.201535 0.497415 0.998617 0.998618
4200 0.698552 0.201318 0.497234 0.998582 0.998577
4300 0.700113 0.201387 0.498726 0.998549 0.998545
4400 0.700427 0.201375 0.499052 0.998515 0.998509
4500 0.699896 0.201337 0.498559 0.998481 0.998476
4600 0.699472 0.201242 0.49823 0.998445 0.998442
4700 0.700026 0.201262 0.498764 0.998413 0.998407
4800 0.700377 0.201264 0.499112 0.99838 0.998377
4900 0.700139 0.201241 0.498898 0.998347 0.998344
5000 0.699814 0.201188 0.498627 0.998315 0.998309
5100 0.699949 0.201175 0.498774 0.998279 0.998277
5200 0.700252 0.201183 0.499069 0.998244 0.998245
5300 0.700152 0.201166 0.498985 0.998215 0.998208
5400 0.699926 0.201136 0.49879 0.998178 0.998177
5500 0.699904 0.201116 0.498788 0.998144 0.998138
5600 0.700121 0.201124 0.498997 0.99811 0.998108
5700 0.700101 0.201113 0.498988 0.998075 0.998076
5800 0.699958 0.201094 0.498864 0.998041 0.998041
5900 0.699886 0.201081 0.498804 0.998011 0.998005
6000 0.70001 0.201088 0.498922 0.997973 0.99797
6100 0.700031 0.201081 0.49895 0.997938 0.997934
6200 0.699945 0.201069 0.498876 0.997906 0.997908
6300 0.699857 0.201054 0.498804 0.997868 0.997868
6400 0.699913 0.201057 0.498856 0.997837 0.997837
6500 0.699946 0.201053 0.498893 0.997804 0.9978
6600 0.699892 0.201044 0.498848 0.99777 0.997767
6700 0.699818 0.20103 0.498788 0.997738 0.997732
6800 0.699821 0.201026 0.498795 0.997703 0.997701
6900 0.699849 0.201024 0.498825 0.997665 0.997661
7000 0.699815 0.201016 0.498799 0.997633 0.997626
7100 0.699757 0.201006 0.498752 0.997599 0.997598
7200 0.699729 0.200997 0.498732 0.997561 0.997565
7300 0.699752 0.200996 0.498756 0.99753 0.997523
7400 0.699729 0.200989 0.498741 0.997497 0.997491
7500 0.699682 0.200979 0.498703 0.99746 0.997461
7600 0.699647 0.200971 0.498675 0.997425 0.997427
7700 0.699652 0.200968 0.498684 0.997392 0.997388
7800 0.699638 0.200962 0.498677 0.99736 0.997357
7900 0.699601 0.200954 0.498647 0.997324 0.997323
8000 0.699565 0.200946 0.498619 0.99729 0.997291
8100 0.699558 0.200941 0.498616 0.99726 0.997261
8200 0.699543 0.200935 0.498608 0.997219 0.997222
8300 0.699516 0.200928 0.498588 0.997191 0.99719
8400 0.699483 0.200921 0.498562 0.997158 0.997154
8500 0.699462 0.200915 0.498547 0.997122 0.997122
8600 0.699453 0.200909 0.498545 0.997092 0.997094
8700 0.699426 0.200901 0.498524 0.997056 0.997053
8800 0.699393 0.200895 0.498498 0.99702 0.997018
8900 0.699368 0.200889 0.49848 0.996984 0.996984
9000 0.699358 0.200883 0.498475 0.996954 0.996948
9100 0.699333 0.200876 0.498457 0.996918 0.996914
9200 0.699301 0.200868 0.498433 0.996882 0.996882
9300 0.699274 0.200862 0.498412 0.996851 0.996844
9400 0.699261 0.200857 0.498404 0.996816 0.996818
9500 0.699239 0.200851 0.498388 0.996779 0.996785
9600 0.69921 0.200843 0.498367 0.996748 0.996749
9700 0.699179 0.200839 0.498341 0.996714 0.996715
9800 0.699165 0.200834 0.498331 0.996681 0.996684
9900 0.69915 0.200827 0.498323 0.996648 0.996651
10000 0.69912 0.20082 0.4983 0.996612 0.996615
10100 0.699086 0.200813 0.498273 0.996576 0.996576
10200 0.699064 0.200809 0.498255 0.996539 0.996543
10300 0.699056 0.200805 0.498251 0.996507 0.996507
10400 0.69903 0.200798 0.498232 0.996474 0.996474
10500 0.698982 0.20079 0.498192 0.996441 0.996435
10600 0.698899 0.200797 0.498102 0.996402 0.996402
10700 0.69893 0.200819 0.498111 0.996369 0.996367
10800 0.698973 0.200816 0.498157 0.996334 0.996336
10900 0.698759 0.200809 0.49795 0.9963 0.996299
11000 0.698227 0.200851 0.497376 0.99627 0.996265
11100 0.698414 0.201025 0.497389 0.996236 0.996231
11200 0.699109 0.201045 0.498063 0.996203 0.996203
11300 0.698629 0.201032 0.497597 0.996167 0.996169
11400 0.69757 0.201071 0.496499 0.996135 0.996138
11500 0.697794 0.201334 0.49646 0.996099 0.9961
11600 0.699273 0.201375 0.497898 0.996066 0.996064
11700 0.698865 0.201362 0.497503 0.996031 0.996031
11800 0.697878 0.20139 0.496488 0.995999 0.995997
11900 0.698115 0.201632 0.496483 0.995959 0.995964
12000 0.699479 0.201681 0.497798 0.99593 0.995929
12100 0.699054 0.201664 0.497389 0.995892 0.995893
12200 0.697609 0.20172 0.495889 0.99586 0.995862
12300 0.697468 0.202176 0.495292 0.995826 0.995825
12400 0.699906 0.202383 0.497523 0.995793 0.995791
12500 0.699427 0.202361 0.497066 0.995757 0.995763
12600 0.696787 0.202387 0.4944 0.995727 0.995725
12700 0.695546 0.202888 0.492658 0.995697 0.995692
12800 0.700037 0.203222 0.496816 0.995661 0.995662
12900 0.700515 0.203205 0.497311 0.995632 0.995626
13000 0.698688 0.203126 0.495562 0.995593 0.995588
13100 0.697451 0.203195 0.494257 0.995561 0.995558
13200 0.699863 0.203389 0.496475 0.995523 0.995523
13300 0.701023 0.203416 0.497607 0.995489 0.99549
13400 0.700259 0.203367 0.496892 0.995454 0.995457
13500 0.698927 0.203474 0.495453 0.995422 0.995424
13600 0.699363 0.204182 0.495181 0.995385 0.995389
13700 0.701789 0.204503 0.497287 0.995352 0.995353
13800 0.701219 0.204462 0.496757 0.995314 0.995317
13900 0.698871 0.204472 0.4944 0.995284 0.995283
14000 0.698309 0.205633 0.492675 0.995252 0.99525
14100 0.702764 0.206577 0.496187 0.995215 0.995217
14200 0.703672 0.20659 0.497082 0.995183 0.995186
14300 0.701633 0.206429 0.495204 0.995151 0.995151
14400 0.700657 0.20704 0.493617 0.995116 0.995116
14500 0.703645 0.207913 0.495732 0.995084 0.995076
14600 0.705289 0.207982 0.497307 0.99505 0.995051
14700 0.704225 0.207981 0.496244 0.995017 0.995013
14800 0.702953 0.208317 0.494637 0.994978 0.994979
14900 0.704144 0.208826 0.495318 0.994947 0.994946
15000 0.70613 0.208937 0.497193 0.994911 0.994907
15100 0.705154 0.208924 0.496231 0.994877 0.994875
15200 0.702818 0.209108 0.49371 0.994839 0.99484
15300 0.702693 0.209776 0.492917 0.994807 0.994807
15400 0.706816 0.210083 0.496733 0.994772 0.994772
15500 0.706486 0.210033 0.496454 0.994736 0.994737
15600 0.703909 0.209987 0.493922 0.994705 0.994706
15700 0.702699 0.210474 0.492225 0.994672 0.994674
15800 0.707113 0.210874 0.496239 0.994638 0.994631
15900 0.707721 0.210825 0.496896 0.994605 0.994603
16000 0.706073 0.210705 0.495368 0.99457 0.994571
16100 0.704669 0.210833 0.493836 0.994537 0.994538
16200 0.706953 0.211003 0.49595 0.994499 0.994498
16300 0.708058 0.210955 0.497103 0.994469 0.994464
16400 0.707158 0.210864 0.496294 0.994433 0.994432
16500 0.705919 0.210841 0.495079 0.994401 0.994398
16600 0.706505 0.210981 0.495524 0.994363 0.994371
16700 0.708053 0.210989 0.497064 0.994334 0.994336
16800 0.707621 0.210956 0.496665 0.994297 0.994293
16900 0.706548 0.210859 0.495689 0.994265 0.994262
17000 0.706308 0.210909 0.495399 0.994231 0.99423
17100 0.707863 0.210981 0.496882 0.994193 0.994198
17200 0.70772 0.21096 0.496761 0.994167 0.994162
17300 0.706762 0.210885 0.495877 0.994128 0.994129
17400 0.706173 0.210897 0.495276 0.994094 0.994096
17500 0.707613 0.211011 0.496602 0.994059 0.994063
17600 0.707849 0.210999 0.49685 0.994026 0.994027
17700 0.707182 0.210934 0.496248 0.993988 0.993988
17800 0.706367 0.210911 0.495457 0.993956 0.99396
17900 0.7072 0.211035 0.496165 0.993922 0.993925
18000 0.707926 0.211045 0.496881 0.993889 0.993889
18100 0.707449 0.211003 0.496446 0.993855 0.993859
18200 0.70663 0.210973 0.495657 0.993823 0.993822
18300 0.706934 0.211042 0.495892 0.993789 0.993789
18400 0.707838 0.211045 0.496793 0.993755 0.993755
18500 0.707447 0.211021 0.496426 0.993722 0.993721
18600 0.706436 0.21102 0.495416 0.993688 0.993686
18700 0.706544 0.211202 0.495342 0.993654 0.993652
18800 0.707871 0.211252 0.496618 0.99362 0.99362
18900 0.707405 0.211226 0.496179 0.993584 0.993582
19000 0.705724 0.211262 0.494462 0.99355 0.993551
19100 0.705715 0.211671 0.494044 0.993515 0.993514
19200 0.708154 0.211831 0.496323 0.993485 0.993484
19300 0.707988 0.211808 0.49618 0.993449 0.993446
19400 0.706376 0.211802 0.494574 0.993415 0.993411
19500 0.705782 0.212187 0.493595 0.993382 0.99338
19600 0.708298 0.212509 0.495789 0.993348 0.993347
19700 0.70891 0.212519 0.496391 0.993315 0.993315
19800 0.707624 0.212453 0.495171 0.993281 0.993281
19900 0.706074 0.21261 0.493463 0.993246 0.993243
20000 0.707657 0.213143 0.494515 0.993214 0.993211
20100 0.709741 0.213281 0.49646 0.993177 0.993179
20200 0.709033 0.213238 0.495795 0.993146 0.993146
20300 0.707666 0.213188 0.494477 0.993112 0.993108
20400 0.707947 0.2134 0.494547 0.993078 0.993078
20500 0.70992 0.213589 0.496331 0.993044 0.993045
20600 0.709745 0.213576 0.496169 0.993009 0.99301
20700 0.709002 0.213573 0.49543 0.992977 0.99298
20800 0.708873 0.213663 0.49521 0.99294 0.992945
20900 0.709911 0.213699 0.496212 0.992912 0.992911
21000 0.709978 0.213689 0.49629 0.992873 0.992877
21100 0.709477 0.213687 0.49579 0.99284 0.992839
21200 0.709031 0.213846 0.495185 0.992806 0.992807
21300 0.709825 0.214046 0.495779 0.992774 0.992774
21400 0.710368 0.21406 0.496308 0.992739 0.992739
21500 0.709967 0.214021 0.495946 0.992707 0.992706
21600 0.709326 0.213997 0.495329 0.992675 0.992672
21700 0.709593 0.214122 0.495471 0.992637 0.992642
21800 0.710424 0.214177 0.496247 0.992606 0.992607
21900 0.710267 0.214154 0.496112 0.992573 0.992574
22000 0.709855 0.214104 0.49575 0.99254 0.99254
22100 0.709755 0.21412 0.495635 0.992503 0.992505
22200 0.710309 0.214163 0.496147 0.992468 0.992465
22300 0.710298 0.214151 0.496147 0.992433 0.992438
22400 0.710041 0.214125 0.495916 0.992402 0.9924
22500 0.709843 0.214126 0.495718 0.992367 0.992369
22600 0.710185 0.214157 0.496028 0.992337 0.992334
22700 0.710266 0.21415 0.496116 0.992298 0.992299
22800 0.710081 0.214131 0.49595 0.992268 0.992265
22900 0.709872 0.214127 0.495745 0.992232 0.992229
23000 0.710065 0.214154 0.495911 0.992197 0.992198
23100 0.710217 0.214152 0.496065 0.992165 0.992164
23200 0.710091 0.214139 0.495953 0.992134 0.992131
23300 0.709906 0.214135 0.495771 0.992098 0.992099
23400 0.709982 0.214171 0.495812 0.992063 0.992059
23500 0.710179 0.214186 0.495994 0.992028 0.99203
23600 0.71009 0.214176 0.495914 0.991995 0.991992
23700 0.709841 0.21417 0.495671 0.991961 0.991964
23800 0.709671 0.214217 0.495454 0.991927 0.99193
23900 0.710108 0.214276 0.495832 0.991893 0.99189
24000 0.710121 0.214271 0.49585 0.991861 0.991864
24100 0.709753 0.214259 0.495494 0.991828 0.99183
24200 0.709408 0.214308 0.4951 0.99179 0.991795
24300 0.70998 0.214392 0.495588 0.991759 0.991754
24400 0.710184 0.214386 0.495798 0.991724 0.991725
24500 0.709894 0.214383 0.495511 0.991691 0.991688
24600 0.709659 0.214492 0.495166 0.991657 0.991657
24700 0.710046 0.214612 0.495434 0.991623 0.991623
24800 0.710356 0.214615 0.495741 0.991589 0.99159
24900 0.71003 0.214613 0.495417 0.991555 0.991557
25000 0.70952 0.214796 0.494725 0.991522 0.991517
25100 0.709908 0.215058 0.49485 0.991486 0.99149
25200 0.710724 0.21508 0.495643 0.991453 0.991454
25300 0.710253 0.215057 0.495196 0.991421 0.991424
25400 0.709386 0.215263 0.494123 0.991385 0.991385
25500 0.709728 0.215656 0.494072 0.991352 0.991353
25600 0.71118 0.215684 0.495496 0.991317 0.991318
25700 0.71099 0.215651 0.495339 0.991281 0.991283
25800 0.710425 0.215693 0.494732 0.991246 0.991252
25900 0.710343 0.215895 0.494448 0.991214 0.991217
26000 0.711263 0.215961 0.495302 0.991182 0.99118
26100 0.711417 0.215949 0.495469 0.991149 0.991148
26200 0.710885 0.215918 0.494967 0.991112 0.99111
26300 0.710382 0.216075 0.494306 0.99108 0.991079
26400 0.711073 0.216329 0.494744 0.991046 0.991042
26500 0.711763 0.216352 0.495411 0.991012 0.991008
26600 0.711066 0.216334 0.494732 0.990978 0.990977
26700 0.710043 0.216501 0.493541 0.990943 0.990939
26800 0.710701 0.217116 0.493586 0.990908 0.990904
26900 0.712577 0.217336 0.495242 0.990874 0.990872
27000 0.711849 0.21733 0.494519 0.99084 0.990839
27100 0.710284 0.217382 0.492902 0.990808 0.990802
27200 0.71066 0.217996 0.492664 0.99077 0.990772
27300 0.713309 0.218416 0.494894 0.990735 0.990736
27400 0.713136 0.218409 0.494726 0.990704 0.990704
27500 0.711518 0.218379 0.493139 0.990669 0.990667
27600 0.710914 0.218811 0.492103 0.990635 0.990634
27700 0.713411 0.219149 0.494262 0.990603 0.990605
27800 0.714063 0.21914 0.494923 0.990569 0.990569
27900 0.712568 0.219028 0.49354 0.990536 0.990533
28000 0.710881 0.219249 0.491632 0.990501 0.990502
28100 0.712533 0.219754 0.492779 0.990468 0.990468
28200 0.714833 0.219824 0.495009 0.990432 0.990431
28300 0.713726 0.219707 0.494018 0.990399 0.990398
28400 0.711537 0.219679 0.491858 0.990365 0.990364
28500 0.711738 0.220106 0.491633 0.990331 0.990334
28600 0.715058 0.220251 0.494808 0.990297 0.990296
28700 0.71465 0.220159 0.494491 0.990261 0.990262
28800 0.712746 0.220053 0.492694 0.990228 0.990231
28900 0.711938 0.220438 0.4915 0.990194 0.990192
29000 0.71509 0.220647 0.494442 0.990158 0.990162
29100 0.715135 0.220596 0.494539 0.990125 0.990129
29200 0.712697 0.220487 0.49221 0.990089 0.990092
29300 0.710801 0.220754 0.490046 0.990057 0.990057
29400 0.714756 0.220993 0.493763 0.990025 0.990022
29500 0.715442 0.220972 0.49447 0.989987 0.989992
29600 0.712943 0.220892 0.49205 0.989959 0.989954
29700 0.71076 0.221168 0.489592 0.989924 0.989924
29800 0.714748 0.221611 0.493137 0.989889 0.989889
29900 0.716323 0.221651 0.494672 0.989856 0.989855
30000 0.714966 0.221568 0.493398 0.989823 0.989823
30100 0.713476 0.221653 0.491824 0.989791 0.989791
30200 0.714894 0.222064 0.49283 0.989751 0.989753
30300 0.716797 0.222196 0.494601 0.98972 0.989722
30400 0.716452 0.22218 0.494272 0.989687 0.989688
30500 0.715044 0.222175 0.49287 0.989653 0.989653
30600 0.714361 0.222626 0.491736 0.989617 0.989618
30700 0.717259 0.223129 0.49413 0.989582 0.989586
30800 0.717429 0.223131 0.494298 0.989549 0.98955
30900 0.715827 0.223084 0.492743 0.989518 0.989516
31000 0.714913 0.223471 0.491442 0.989481 0.989485
31100 0.71794 0.224134 0.493806 0.989451 0.989456
31200 0.718568 0.224183 0.494385 0.98942 0.989419
31300 0.717076 0.224083 0.492993 0.989386 0.989384
31400 0.715849 0.22427 0.491579 0.98935 0.989346
31500 0.718146 0.224776 0.49337 0.989316 0.989308
31600 0.719282 0.224837 0.494445 0.989282 0.989281
31700 0.718131 0.22475 0.493381 0.98925 0.989247
31800 0.716254 0.224785 0.49147 0.989214 0.989213
31900 0.7174 0.22544 0.49196 0.989179 0.989182
32000 0.719959 0.225697 0.494262 0.989145 0.989146
32100 0.719479 0.22565 0.493829 0.98911 0.989115
32200 0.717483 0.22544 0.492042 0.98908 0.989076
32300 0.717044 0.22567 0.491373 0.989043 0.989049
32400 0.719999 0.226119 0.493879 0.989009 0.98901
32500 0.720365 0.226107 0.494258 0.988981 0.988974
32600 0.719281 0.225934 0.493347 0.988945 0.988944
32700 0.718376 0.2258 0.492576 0.988911 0.98891
32800 0.719788 0.22607 0.493718 0.988875 0.988877
32900 0.720456 0.226089 0.494367 0.988843 0.988843
33000 0.720049 0.226035 0.494014 0.988809 0.98881
33100 0.719494 0.225937 0.493557 0.988776 0.988778
33200 0.719793 0.226016 0.493777 0.98874 0.988736
33300 0.720373 0.226048 0.494325 0.988705 0.988705
33400 0.720229 0.226033 0.494196 0.988673 0.988672
33500 0.720002 0.226015 0.493987 0.98864 0.988637
33600 0.720001 0.22604 0.493961 0.988606 0.988607
33700 0.720306 0.226054 0.494252 0.988572 0.988568
33800 0.720255 0.226044 0.494212 0.988538 0.988538
33900 0.72014 0.226047 0.494093 0.988508 0.988503
34000 0.720134 0.226095 0.494039 0.988472 0.988472
34100 0.720291 0.226112 0.49418 0.988441 0.988436
34200 0.720267 0.226104 0.494162 0.988402 0.988406
34300 0.720101 0.226101 0.494 0.98837 0.988371
34400 0.719963 0.226147 0.493816 0.988336 0.988341
34500 0.720195 0.226202 0.493993 0.988305 0.988304
34600 0.72031 0.2262 0.49411 0.988269 0.98827
34700 0.720163 0.226191 0.493972 0.988239 0.988239
34800 0.719956 0.226209 0.493746 0.988201 0.988204
34900 0.720061 0.226269 0.493791 0.988172 0.988166
35000 0.720323 0.226282 0.494041 0.988137 0.988134
35100 0.720184 0.226272 0.493912 0.9881 0.988103
35200 0.719872 0.226281 0.493591 0.988067 0.98807
35300 0.719889 0.22635 0.493539 0.988034 0.988039
35400 0.720316 0.226376 0.49394 0.988 0.987999
35500 0.720215 0.226362 0.493853 0.987963 0.987967
35600 0.719902 0.226357 0.493545 0.987934 0.987933
35700 0.719782 0.226427 0.493355 0.987897 0.987896
35800 0.720279 0.226486 0.493792 0.987868 0.987865
35900 0.720332 0.226479 0.493853 0.987834 0.987829
36000 0.720057 0.226471 0.493586 0.987801 0.9878
36100 0.71972 0.226518 0.493202 0.987765 0.987764
36200 0.72013 0.226616 0.493514 0.987729 0.987732
36300 0.720432 0.226623 0.493809 0.987696 0.987693
36400 0.720078 0.226619 0.493459 0.987664 0.987662
36500 0.719366 0.226636 0.49273 0.987633 0.987631
36600 0.719624 0.226769 0.492855 0.987596 0.987599
36700 0.720512 0.226813 0.493699 0.987563 0.987561
36800 0.720073 0.226812 0.493262 0.987531 0.987532
36900 0.719003 0.226868 0.492135 0.987496 0.987493
37000 0.719051 0.227137 0.491914 0.987462 0.987463
37100 0.720741 0.227268 0.493473 0.98743 0.987429
37200 0.720398 0.227253 0.493145 0.987402 0.987401
37300 0.719137 0.227332 0.491805 0.987365 0.987366
37400 0.719061 0.227817 0.491244 0.98733 0.987329
37500 0.721178 0.228051 0.493126 0.987295 0.987296
37600 0.721197 0.228032 0.493165 0.987266 0.987262
37700 0.719753 0.228046 0.491707 0.987228 0.98723
37800 0.718853 0.228674 0.49018 0.987196 0.987195
37900 0.721457 0.22925 0.492206 0.987159 0.98716
38000 0.722571 0.229263 0.493308 0.987126 0.987128
38100 0.721246 0.229171 0.492075 0.987094 0.987092
38200 0.719721 0.229488 0.490233 0.987061 0.987063
38300 0.721408 0.230258 0.49115 0.987028 0.987026
38400 0.723742 0.230387 0.493356 0.986994 0.986997
38500 0.723148 0.230301 0.492847 0.986961 0.98696
38600 0.721961 0.230153 0.491808 0.986927 0.986931
38700 0.722123 0.230384 0.491739 0.986897 0.986896
38800 0.723779 0.230563 0.493216 0.986858 0.986858
38900 0.723664 0.23052 0.493143 0.986827 0.986826
39000 0.7228 0.230363 0.492437 0.986796 0.986792
39100 0.722404 0.23035 0.492054 0.986762 0.986763
39200 0.723404 0.230414 0.49299 0.986724 0.986727
39300 0.723606 0.230396 0.493209 0.986694 0.986692
39400 0.722859 0.230395 0.492464 0.986658 0.986656
39500 0.722031 0.230503 0.491528 0.986623 0.98662
39600 0.722994 0.230667 0.492327 0.986593 0.986596
39700 0.723821 0.230666 0.493155 0.986555 0.986559
39800 0.722891 0.230714 0.492178 0.986525 0.986524
39900 0.721804 0.230951 0.490853 0.986489 0.986491
40000 0.723094 0.231265 0.49183 0.986456 0.986455
40100 0.724372 0.231292 0.49308 0.986425 0.98643
40200 0.723587 0.231292 0.492295 0.986391 0.986391
40300 0.722513 0.231532 0.490981 0.986358 0.986358
40400 0.72335 0.23205 0.4913 0.986325 0.986326
40500 0.725043 0.232131 0.492912 0.986292 0.98629
40600 0.724558 0.232078 0.49248 0.986261 0.986261
40700 0.723186 0.23205 0.491136 0.986224 0.986223
40800 0.722572 0.232459 0.490113 0.986191 0.986192
40900 0.725108 0.232761 0.492348 0.986161 0.986159
41000 0.72536 0.232723 0.492636 0.986127 0.986126
41100 0.723904 0.23258 0.491324 0.986092 0.986091
41200 0.722622 0.232923 0.4897 0.986058 0.986059
41300 0.725094 0.233526 0.491569 0.986025 0.986021
41400 0.726418 0.233553 0.492865 0.985989 0.98599
41500 0.725427 0.233446 0.491981 0.985959 0.985962
41600 0.724051 0.233585 0.490466 0.985926 0.985927
41700 0.725384 0.234052 0.491332 0.985891 0.985894
41800 0.726945 0.234125 0.49282 0.985859 0.985857
41900 0.726408 0.234049 0.49236 0.985825 0.985825
42000 0.725407 0.233935 0.491471 0.985791 0.985789
42100 0.725602 0.234073 0.491529 0.985759 0.985761
42200 0.726823 0.23416 0.492663 0.985724 0.985723
42300 0.726715 0.234147 0.492567 0.985688 0.985689
42400 0.72557 0.234122 0.491448 0.985655 0.98566
42500 0.724854 0.234222 0.490631 0.985622 0.985625
42600 0.726703 0.234349 0.492354 0.985587 0.985591
42700 0.726824 0.23434 0.492484 0.985556 0.985553
42800 0.725713 0.234351 0.491363 0.985521 0.985526
42900 0.724919 0.234545 0.490373 0.985488 0.985487
43000 0.726586 0.234745 0.491841 0.985454 0.985457
43100 0.727337 0.234759 0.492578 0.985425 0.985421
43200 0.726571 0.234736 0.491835 0.985387 0.985383
43300 0.725619 0.234917 0.490702 0.985353 0.985353
43400 0.72651 0.235354 0.491156 0.985322 0.98532
43500 0.727921 0.235423 0.492498 0.98529 0.985286
43600 0.727501 0.235392 0.492108 0.985254 0.985254
43700 0.726616 0.235494 0.491123 0.985221 0.985225
43800 0.72679 0.235988 0.490802 0.985188 0.985187
43900 0.728441 0.236154 0.492287 0.985154 0.985154
44000 0.728472 0.236129 0.492343 0.98512 0.985118
44100 0.72784 0.236105 0.491736 0.985084 0.985087
44200 0.727597 0.236347 0.491251 0.985052 0.985051
44300 0.728645 0.236528 0.492117 0.985016 0.98502
44400 0.728913 0.236518 0.492394 0.984981 0.984982
44500 0.728411 0.236495 0.491916 0.984951 0.984955
44600 0.727966 0.236615 0.491351 0.984917 0.984919
44700 0.728665 0.236837 0.491828 0.984887 0.984884
44800 0.729229 0.236856 0.492373 0.984849 0.984851
44900 0.728918 0.236839 0.492078 0.984815 0.984816
45000 0.728361 0.236869 0.491492 0.984786 0.984782
45100 0.728611 0.237035 0.491576 0.984747 0.984748
45200 0.729366 0.237091 0.492275 0.984717 0.984718
45300 0.729134 0.237071 0.492063 0.984683 0.984682
45400 0.728449 0.237066 0.491383 0.984648 0.984646
45500 0.728419 0.237193 0.491226 0.984614 0.984614
45600 0.729396 0.23728 0.492116 0.984581 0.984585
45700 0.729318 0.237258 0.49206 0.984548 0.984544
45800 0.728594 0.237219 0.491374 0.984515 0.984516
45900 0.728113 0.237312 0.490801 0.984478 0.98448
46000 0.729255 0.237442 0.491813 0.984449 0.984447
46100 0.729517 0.23743 0.492087 0.984414 0.984416
46200 0.728871 0.23737 0.491501 0.98438 0.984377
46300 0.728133 0.23743 0.490703 0.984345 0.984349
46400 0.729026 0.237609 0.491418 0.984315 0.984316
46500 0.729661 0.237612 0.492049 0.984281 0.984284
46600 0.728922 0.237545 0.491378 0.98425 0.984247
46700 0.727645 0.237625 0.490019 0.984214 0.984217
46800 0.728565 0.237937 0.490628 0.984179 0.984182
46900 0.729908 0.237962 0.491946 0.984149 0.984147
47000 0.728975 0.237897 0.491079 0.984116 0.984114
47100 0.727008 0.237964 0.489044 0.984087 0.984086
47200 0.727979 0.238444 0.489535 0.984051 0.984052
47300 0.73029 0.238543 0.491747 0.984016 0.98402
47400 0.729783 0.238498 0.491285 0.983986 0.983986
47500 0.728019 0.238465 0.489553 0.983952 0.98395
47600 0.727691 0.238731 0.48896 0.983916 0.983918
47700 0.730234 0.238966 0.491267 0.983887 0.983885
47800 0.730591 0.23896 0.491632 0.983852 0.983852
47900 0.729498 0.238926 0.490572 0.983819 0.983823
48000 0.728245 0.239003 0.489242 0.983785 0.983779
48100 0.729788 0.239338 0.49045 0.983751 0.983755
48200 0.731131 0.239414 0.491717 0.983718 0.983719
48300 0.730361 0.239395 0.490965 0.983684 0.983688
48400 0.729205 0.239426 0.48978 0.983653 0.983653
48500 0.729955 0.239755 0.4902 0.983613 0.983618
48600 0.731593 0.239922 0.491671 0.983585 0.983584
48700 0.731186 0.239898 0.491288 0.983549 0.983548
48800 0.730519 0.239961 0.490558 0.983518 0.983521
48900 0.73089 0.24026 0.49063 0.983483 0.983485
49000 0.73187 0.240315 0.491555 0.98345 0.983447
49100 0.731754 0.240296 0.491458 0.983416 0.983417
49200 0.731085 0.24032 0.490765 0.983382 0.983381
49300 0.730685 0.240682 0.490004 0.983349 0.983347
49400 0.731945 0.240952 0.490993 0.983314 0.983314
49500 0.732464 0.240949 0.491516 0.983283 0.983281
49600 0.731745 0.240878 0.490868 0.983246 0.983244
49700 0.730903 0.240935 0.489968 0.983216 0.983218
49800 0.731853 0.241266 0.490588 0.983182 0.983176
49900 0.732859 0.241344 0.491515 0.983148 0.983146
