# Timeseries for σ = 1
# step  R_global
0  0.995048
1  0.990245
2  0.985783
3  0.981387
4  0.976667
5  0.972259
6  0.967707
7  0.963347
8  0.959095
9  0.955100
10  0.950925
11  0.947361
12  0.943755
13  0.939962
14  0.936554
15  0.933094
16  0.929764
17  0.926484
18  0.922956
19  0.919544
20  0.916384
21  0.914000
22  0.910829
23  0.908074
24  0.904817
25  0.901787
26  0.898625
27  0.895873
28  0.893233
29  0.889965
30  0.887079
31  0.885046
32  0.882677
33  0.879509
34  0.877607
35  0.875570
36  0.872683
37  0.870146
38  0.867323
39  0.865088
40  0.863008
41  0.860217
42  0.858291
43  0.855870
44  0.852960
45  0.850318
46  0.847795
47  0.845526
48  0.843883
49  0.841739
50  0.840115
51  0.837646
52  0.835527
53  0.833218
54  0.831734
55  0.830016
56  0.828327
57  0.826431
58  0.824370
59  0.822090
60  0.819454
61  0.818146
62  0.816424
63  0.814441
64  0.812998
65  0.811698
66  0.809739
67  0.808071
68  0.806347
69  0.805042
70  0.803152
71  0.801025
72  0.798768
73  0.797389
74  0.795663
75  0.793924
76  0.791910
77  0.790431
78  0.788905
79  0.787589
80  0.786571
81  0.784895
82  0.783056
83  0.781465
84  0.780343
85  0.778596
86  0.777457
87  0.776509
88  0.775273
89  0.774309
90  0.772780
91  0.771826
92  0.771475
93  0.771042
94  0.769165
95  0.767361
96  0.765829
97  0.764239
98  0.762762
99  0.762258
100  0.760709
101  0.759890
102  0.758151
103  0.756826
104  0.755336
105  0.754403
106  0.752878
107  0.751214
108  0.750013
109  0.748540
110  0.747325
111  0.746272
112  0.745273
113  0.744583
114  0.743792
115  0.742545
116  0.740730
117  0.740553
118  0.739375
119  0.737953
120  0.736984
121  0.736258
122  0.736010
123  0.735195
124  0.733702
125  0.732661
126  0.732193
127  0.731466
128  0.730176
129  0.730063
130  0.729140
131  0.727950
132  0.727144
133  0.726470
134  0.724546
135  0.723198
136  0.721997
137  0.720222
138  0.720058
139  0.719447
140  0.718090
141  0.717082
142  0.716173
143  0.715287
144  0.714172
145  0.713763
146  0.713546
147  0.712808
148  0.711515
149  0.710598
150  0.709621
151  0.708538
152  0.707300
153  0.706461
154  0.705232
155  0.703010
156  0.701408
157  0.700329
158  0.699709
159  0.699420
160  0.699092
161  0.698028
162  0.696616
163  0.695672
164  0.694576
165  0.694089
166  0.693453
167  0.692946
168  0.693211
169  0.691865
170  0.690212
171  0.688635
172  0.687933
173  0.687322
174  0.685647
175  0.684234
176  0.683029
177  0.681836
178  0.681290
179  0.680715
180  0.679315
181  0.679021
182  0.677369
183  0.676633
184  0.676097
185  0.674933
186  0.673981
187  0.673620
188  0.672012
189  0.671246
190  0.669890
191  0.669625
192  0.668225
193  0.668292
194  0.666646
195  0.666308
196  0.665428
197  0.664625
198  0.663734
199  0.663049
200  0.662453
201  0.661249
202  0.660169
203  0.659225
204  0.659206
205  0.658368
206  0.657594
207  0.656170
208  0.655713
209  0.654474
210  0.652490
211  0.652110
212  0.650193
213  0.649598
214  0.649197
215  0.648382
216  0.647481
217  0.647076
218  0.646505
219  0.645936
220  0.645402
221  0.643915
222  0.642545
223  0.642159
224  0.640813
225  0.640271
226  0.640386
227  0.640118
228  0.639463
229  0.639347
230  0.638457
231  0.637402
232  0.636520
233  0.635506
234  0.634583
235  0.633889
236  0.632983
237  0.632313
238  0.632239
239  0.631251
240  0.630775
241  0.629866
242  0.630050
243  0.629224
244  0.628054
245  0.627114
246  0.626739
247  0.626792
248  0.627116
249  0.625798
250  0.625811
251  0.625199
252  0.625024
253  0.624828
254  0.624511
255  0.622935
256  0.622328
257  0.621574
258  0.621162
259  0.620931
260  0.620623
261  0.620000
262  0.618699
263  0.618020
264  0.617821
265  0.616979
266  0.615825
267  0.615718
268  0.614067
269  0.613052
270  0.612490
271  0.611217
272  0.610728
273  0.609984
274  0.608691
275  0.607560
276  0.607866
277  0.607855
278  0.606516
279  0.606184
280  0.605307
281  0.603882
282  0.603678
283  0.602172
284  0.602042
285  0.601658
286  0.600142
287  0.599236
288  0.598536
289  0.597829
290  0.597783
291  0.597056
292  0.596387
293  0.596165
294  0.595936
295  0.595503
296  0.595733
297  0.596274
298  0.595700
299  0.595166
300  0.594721
301  0.593760
302  0.593523
303  0.593090
304  0.593123
305  0.593537
306  0.593155
307  0.592134
308  0.592231
309  0.591250
310  0.589939
311  0.589377
312  0.588644
313  0.588508
314  0.588628
315  0.588167
316  0.588589
317  0.587469
318  0.586803
319  0.586416
320  0.585637
321  0.585180
322  0.584253
323  0.583403
324  0.583343
325  0.582902
326  0.582371
327  0.582291
328  0.581138
329  0.580683
330  0.581053
331  0.580643
332  0.579757
333  0.579649
334  0.578718
335  0.578400
336  0.578170
337  0.577799
338  0.577390
339  0.575913
340  0.575417
341  0.574971
342  0.574756
343  0.574313
344  0.574330
345  0.573415
346  0.573092
347  0.573050
348  0.572286
349  0.571811
350  0.570038
351  0.569547
352  0.568956
353  0.568894
354  0.568974
355  0.568121
356  0.567726
357  0.568253
358  0.567328
359  0.567199
360  0.567015
361  0.566971
362  0.566958
363  0.567128
364  0.566360
365  0.566305
366  0.565987
367  0.565717
368  0.564853
369  0.564762
370  0.564219
371  0.564561
372  0.564439
373  0.563933
374  0.563495
375  0.563154
376  0.562656
377  0.561719
378  0.561656
379  0.561406
380  0.562051
381  0.560590
382  0.560878
383  0.560416
384  0.560492
385  0.559802
386  0.559028
387  0.558111
388  0.557866
389  0.557892
390  0.558036
391  0.557594
392  0.557249
393  0.556864
394  0.557220
395  0.557639
396  0.557350
397  0.557889
398  0.557163
399  0.556991
400  0.557539
401  0.557207
402  0.557268
403  0.558253
404  0.558191
405  0.558009
406  0.557228
407  0.556244
408  0.555936
409  0.556542
410  0.555970
411  0.555946
412  0.554707
413  0.554874
414  0.554959
415  0.554480
416  0.554403
417  0.554628
418  0.554075
419  0.554424
420  0.553627
421  0.553346
422  0.552925
423  0.552805
424  0.552253
425  0.552165
426  0.551483
427  0.551121
428  0.550794
429  0.550383
430  0.549951
431  0.549946
432  0.549122
433  0.549050
434  0.548362
435  0.548643
436  0.548210
437  0.548199
438  0.548148
439  0.547684
440  0.547812
441  0.547298
442  0.546461
443  0.547174
444  0.546380
445  0.546728
446  0.546189
447  0.546010
448  0.545462
449  0.546396
450  0.546097
451  0.545058
452  0.544822
453  0.544802
454  0.544391
455  0.544657
456  0.544930
457  0.543988
458  0.543496
459  0.543286
460  0.543523
461  0.543139
462  0.543357
463  0.542773
464  0.542681
465  0.541636
466  0.540983
467  0.540394
468  0.540191
469  0.540466
470  0.539765
471  0.539755
472  0.538857
473  0.537944
474  0.537879
475  0.537439
476  0.537539
477  0.537167
478  0.536583
479  0.535962
480  0.535283
481  0.535202
482  0.534204
483  0.534064
484  0.533681
485  0.533719
486  0.533018
487  0.532700
488  0.531430
489  0.530931
490  0.530857
491  0.529390
492  0.529076
493  0.528640
494  0.529055
495  0.529160
496  0.529151
497  0.529522
498  0.529449
499  0.529004
500  0.528698
501  0.528348
502  0.527961
503  0.527066
504  0.527359
505  0.527501
506  0.527441
507  0.526071
508  0.526750
509  0.527225
510  0.527260
511  0.528170
512  0.527073
513  0.526381
514  0.525213
515  0.525485
516  0.525371
517  0.524937
518  0.524488
519  0.524455
520  0.524038
521  0.524537
522  0.523216
523  0.522855
524  0.522676
525  0.523059
526  0.522573
527  0.521509
528  0.521440
529  0.520577
530  0.520974
531  0.519994
532  0.519725
533  0.520065
534  0.519506
535  0.519561
536  0.520145
537  0.520299
538  0.519701
539  0.519187
540  0.518710
541  0.517945
542  0.517576
543  0.516399
544  0.516590
545  0.515464
546  0.515101
547  0.514888
548  0.514345
549  0.514306
550  0.514411
551  0.513572
552  0.513640
553  0.512759
554  0.512848
555  0.512534
556  0.512551
557  0.512635
558  0.512977
559  0.512390
560  0.511913
561  0.511471
562  0.511456
563  0.511892
564  0.511728
565  0.511185
566  0.511248
567  0.510329
568  0.509636
569  0.510285
570  0.510176
571  0.509813
572  0.509191
573  0.508897
574  0.507768
575  0.507755
576  0.506451
577  0.506237
578  0.506075
579  0.505181
580  0.504745
581  0.504112
582  0.504130
583  0.503399
584  0.504030
585  0.503179
586  0.502890
587  0.501825
588  0.500705
589  0.501111
590  0.500758
591  0.500508
592  0.499212
593  0.498931
594  0.498303
595  0.498417
596  0.498550
597  0.498206
598  0.498220
599  0.498994
600  0.498779
601  0.498680
602  0.498329
603  0.497357
604  0.497405
605  0.496944
606  0.496751
607  0.496855
608  0.496878
609  0.496898
610  0.496334
611  0.495831
612  0.495142
613  0.494632
614  0.494233
615  0.494448
616  0.494734
617  0.494856
618  0.494646
619  0.494718
620  0.495260
621  0.495547
622  0.495744
623  0.495696
624  0.495369
625  0.495415
626  0.495386
627  0.495174
628  0.494655
629  0.494254
630  0.494368
631  0.493610
632  0.493514
633  0.493025
634  0.493393
635  0.493314
636  0.493687
637  0.492586
638  0.491651
639  0.490847
640  0.490483
641  0.490220
642  0.489981
643  0.489353
644  0.488793
645  0.490032
646  0.489030
647  0.489798
648  0.488704
649  0.488128
650  0.487893
651  0.487839
652  0.488982
653  0.488948
654  0.488183
655  0.487769
656  0.487594
657  0.487120
658  0.487030
659  0.486043
660  0.486134
661  0.486442
662  0.486772
663  0.485720
664  0.483890
665  0.484196
666  0.483667
667  0.483526
668  0.483337
669  0.484225
670  0.484001
671  0.484380
672  0.483645
673  0.483550
674  0.482835
675  0.481116
676  0.481787
677  0.481200
678  0.481505
679  0.480335
680  0.479832
681  0.478699
682  0.477726
683  0.477554
684  0.476674
685  0.476437
686  0.476183
687  0.475873
688  0.475708
689  0.475400
690  0.475341
691  0.474923
692  0.475213
693  0.474567
694  0.475601
695  0.476458
696  0.476785
697  0.477094
698  0.477147
699  0.476622
700  0.475849
701  0.476501
702  0.475750
703  0.475332
704  0.474999
705  0.473960
706  0.473938
707  0.473029
708  0.474188
709  0.474432
710  0.473743
711  0.473896
712  0.474524
713  0.473465
714  0.473247
715  0.473277
716  0.473269
717  0.474343
718  0.474365
719  0.473711
720  0.473268
721  0.473131
722  0.472535
723  0.471716
724  0.470926
725  0.470653
726  0.470997
727  0.470908
728  0.471378
729  0.471845
730  0.472161
731  0.472466
732  0.472256
733  0.471271
734  0.470669
735  0.470559
736  0.470371
737  0.470731
738  0.470887
739  0.470508
740  0.469453
741  0.468562
742  0.468367
743  0.468324
744  0.467997
745  0.467045
746  0.467148
747  0.466784
748  0.466550
749  0.465940
750  0.465812
751  0.466175
752  0.464935
753  0.465142
754  0.464431
755  0.464452
756  0.464148
757  0.463586
758  0.463458
759  0.462371
760  0.462255
761  0.462103
762  0.461504
763  0.461745
764  0.461507
765  0.461377
766  0.460939
767  0.461455
768  0.460396
769  0.460281
770  0.460079
771  0.458939
772  0.459051
773  0.457380
774  0.457606
775  0.457325
776  0.457215
777  0.457759
778  0.457216
779  0.457080
780  0.457194
781  0.457459
782  0.456574
783  0.456130
784  0.456330
785  0.457036
786  0.456654
787  0.456612
788  0.456414
789  0.456270
790  0.455872
791  0.454959
792  0.455006
793  0.455827
794  0.455141
795  0.454966
796  0.454910
797  0.455508
798  0.455675
799  0.455830
800  0.456318
801  0.456146
802  0.455569
803  0.454717
804  0.454361
805  0.452835
806  0.452885
807  0.452581
808  0.452142
809  0.452924
810  0.452278
811  0.451797
812  0.451363
813  0.451040
814  0.450689
815  0.450877
816  0.450813
817  0.450596
818  0.450759
819  0.450060
820  0.449211
821  0.448967
822  0.449627
823  0.449316
824  0.449195
825  0.449581
826  0.449755
827  0.449931
828  0.449032
829  0.449739
830  0.449827
831  0.449265
832  0.448965
833  0.449093
834  0.448744
835  0.448991
836  0.449706
837  0.449942
838  0.449355
839  0.449715
840  0.448942
841  0.448633
842  0.448908
843  0.447592
844  0.446845
845  0.447101
846  0.446239
847  0.446213
848  0.445833
849  0.445507
850  0.445322
851  0.445133
852  0.444936
853  0.444469
854  0.443584
855  0.443895
856  0.443588
857  0.443333
858  0.442626
859  0.443611
860  0.442465
861  0.442429
862  0.441610
863  0.440483
864  0.440458
865  0.440270
866  0.440436
867  0.440312
868  0.440124
869  0.440233
870  0.440217
871  0.439428
872  0.439612
873  0.439553
874  0.439237
875  0.439075
876  0.439093
877  0.437789
878  0.437846
879  0.437400
880  0.438100
881  0.437861
882  0.438396
883  0.438211
884  0.438428
885  0.437744
886  0.437244
887  0.435846
888  0.436170
889  0.436139
890  0.436208
891  0.436490
892  0.435943
893  0.435599
894  0.434744
895  0.434819
896  0.435020
897  0.435407
898  0.434887
899  0.434776
900  0.434338
901  0.434548
902  0.433935
903  0.433061
904  0.433265
905  0.433501
906  0.433184
907  0.433489
908  0.434393
909  0.435312
910  0.435065
911  0.435348
912  0.435541
913  0.435372
914  0.434580
915  0.434459
916  0.434028
917  0.432502
918  0.431981
919  0.431332
920  0.430237
921  0.429839
922  0.430859
923  0.431060
924  0.431956
925  0.432546
926  0.431960
927  0.432106
928  0.431226
929  0.430867
930  0.431288
931  0.431288
932  0.431687
933  0.431343
934  0.431686
935  0.432135
936  0.432249
937  0.432917
938  0.432193
939  0.432528
940  0.433025
941  0.433402
942  0.432639
943  0.432249
944  0.431101
945  0.431081
946  0.430464
947  0.429556
948  0.429463
949  0.428481
950  0.428100
951  0.427629
952  0.426799
953  0.427194
954  0.426676
955  0.426606
956  0.425899
957  0.426801
958  0.425964
959  0.425219
960  0.425051
961  0.424316
962  0.424274
963  0.424365
964  0.423591
965  0.423772
966  0.423744
967  0.423742
968  0.424541
969  0.424062
970  0.424053
971  0.422870
972  0.422700
973  0.422990
974  0.423181
975  0.423906
976  0.424223
977  0.423713
978  0.423148
979  0.422388
980  0.422688
981  0.422428
982  0.422111
983  0.421712
984  0.422323
985  0.421980
986  0.422616
987  0.422365
988  0.421867
989  0.421344
990  0.420814
991  0.420760
992  0.420544
993  0.419964
994  0.419511
995  0.419508
996  0.418742
997  0.418831
998  0.418843
999  0.419143
1000  0.419142
1001  0.420051
1002  0.419315
1003  0.418818
1004  0.417482
1005  0.416755
1006  0.416354
1007  0.416849
1008  0.416186
1009  0.414997
1010  0.414175
1011  0.413520
1012  0.413828
1013  0.413569
1014  0.414062
1015  0.414449
1016  0.413780
1017  0.414580
1018  0.414978
1019  0.415160
1020  0.414315
1021  0.414630
1022  0.413674
1023  0.413548
1024  0.414168
1025  0.414299
1026  0.412855
1027  0.412837
1028  0.412531
1029  0.413396
1030  0.412431
1031  0.412017
1032  0.411688
1033  0.412124
1034  0.412611
1035  0.412346
1036  0.412014
1037  0.411932
1038  0.411978
1039  0.412509
1040  0.411691
1041  0.410836
1042  0.410819
1043  0.411104
1044  0.411200
1045  0.410783
1046  0.410639
1047  0.410715
1048  0.411061
1049  0.411108
1050  0.410401
1051  0.410548
1052  0.411096
1053  0.410948
1054  0.411264
1055  0.410917
1056  0.410749
1057  0.409978
1058  0.410054
1059  0.409778
1060  0.409990
1061  0.409615
1062  0.410655
1063  0.410557
1064  0.411140
1065  0.411705
1066  0.411739
1067  0.411923
1068  0.412388
1069  0.412651
1070  0.413354
1071  0.414195
1072  0.413840
1073  0.414122
1074  0.414608
1075  0.413692
1076  0.413900
1077  0.413966
1078  0.413274
1079  0.413421
1080  0.412406
1081  0.412944
1082  0.412872
1083  0.412316
1084  0.412990
1085  0.412003
1086  0.411642
1087  0.412152
1088  0.411532
1089  0.412049
1090  0.411897
1091  0.412089
1092  0.411947
1093  0.411795
1094  0.411458
1095  0.410440
1096  0.410252
1097  0.410564
1098  0.410377
1099  0.410653
1100  0.409986
1101  0.409362
1102  0.408965
1103  0.409182
1104  0.408500
1105  0.408404
1106  0.408551
1107  0.408586
1108  0.407479
1109  0.407111
1110  0.407418
1111  0.406356
1112  0.405713
1113  0.405121
1114  0.405321
1115  0.405855
1116  0.405567
1117  0.404885
1118  0.404714
1119  0.404905
1120  0.404893
1121  0.404667
1122  0.405634
1123  0.406632
1124  0.405508
1125  0.404768
1126  0.404090
1127  0.404198
1128  0.403710
1129  0.403496
1130  0.404040
1131  0.403995
1132  0.404092
1133  0.404206
1134  0.403935
1135  0.402374
1136  0.402419
1137  0.402499
1138  0.401762
1139  0.402261
1140  0.402559
1141  0.402287
1142  0.401523
1143  0.400690
1144  0.400371
1145  0.400686
1146  0.399626
1147  0.399667
1148  0.400493
1149  0.399658
1150  0.399129
1151  0.398027
1152  0.397712
1153  0.398195
1154  0.397576
1155  0.396775
1156  0.396139
1157  0.395800
1158  0.395568
1159  0.395808
1160  0.396332
1161  0.395551
1162  0.395388
1163  0.395937
1164  0.396426
1165  0.395660
1166  0.397147
1167  0.396238
1168  0.395026
1169  0.395335
1170  0.395797
1171  0.395951
1172  0.394829
1173  0.394844
1174  0.395201
1175  0.394052
1176  0.394244
1177  0.393630
1178  0.393960
1179  0.393748
1180  0.393997
1181  0.393271
1182  0.393165
1183  0.392720
1184  0.392568
1185  0.392553
1186  0.392775
1187  0.391480
1188  0.390725
1189  0.391509
1190  0.391053
1191  0.390869
1192  0.390463
1193  0.390073
1194  0.390714
1195  0.391416
1196  0.392186
1197  0.391641
1198  0.392061
1199  0.391290
1200  0.390996
1201  0.390521
1202  0.391509
1203  0.392201
1204  0.391960
1205  0.391415
1206  0.391629
1207  0.392083
1208  0.391889
1209  0.391892
1210  0.391559
1211  0.391778
1212  0.391372
1213  0.391200
1214  0.391146
1215  0.391380
1216  0.391966
1217  0.390838
1218  0.391244
1219  0.390538
1220  0.389732
1221  0.389884
1222  0.389914
1223  0.389687
1224  0.389619
1225  0.390145
1226  0.390500
1227  0.388841
1228  0.389624
1229  0.389946
1230  0.390519
1231  0.390377
1232  0.391160
1233  0.391693
1234  0.392287
1235  0.392345
1236  0.392445
1237  0.393655
1238  0.394404
1239  0.394448
1240  0.394245
1241  0.395052
1242  0.395264
1243  0.394999
1244  0.395131
1245  0.394777
1246  0.395169
1247  0.393828
1248  0.394073
1249  0.394499
1250  0.394966
1251  0.394731
1252  0.395170
1253  0.395484
1254  0.395735
1255  0.395975
1256  0.397265
1257  0.396923
1258  0.396662
1259  0.397006
1260  0.396913
1261  0.396134
1262  0.395376
1263  0.394929
1264  0.394946
1265  0.394897
1266  0.395032
1267  0.395287
1268  0.395302
1269  0.394450
1270  0.394260
1271  0.394456
1272  0.394911
1273  0.395866
1274  0.396418
1275  0.396871
1276  0.396484
1277  0.396550
1278  0.396630
1279  0.397599
1280  0.397297
1281  0.397719
1282  0.397253
1283  0.396666
1284  0.396557
1285  0.397154
1286  0.397540
1287  0.397157
1288  0.395738
1289  0.395629
1290  0.395198
1291  0.395211
1292  0.395082
1293  0.393712
1294  0.393914
1295  0.394513
1296  0.393623
1297  0.393813
1298  0.393868
1299  0.393159
1300  0.393566
1301  0.394293
1302  0.394369
1303  0.395328
1304  0.395496
1305  0.396253
1306  0.396634
1307  0.397068
1308  0.397097
1309  0.396888
1310  0.395317
1311  0.395221
1312  0.395044
1313  0.395272
1314  0.393883
1315  0.394003
1316  0.394376
1317  0.394352
1318  0.393766
1319  0.393635
1320  0.393178
1321  0.393273
1322  0.392930
1323  0.393952
1324  0.394630
1325  0.394539
1326  0.393911
1327  0.393788
1328  0.393810
1329  0.393990
1330  0.394310
1331  0.394033
1332  0.394631
1333  0.393779
1334  0.393159
1335  0.393095
1336  0.393006
1337  0.392715
1338  0.392644
1339  0.392258
1340  0.392891
1341  0.394095
1342  0.394450
1343  0.394810
1344  0.394443
1345  0.394002
1346  0.395150
1347  0.395223
1348  0.394491
1349  0.394447
1350  0.394800
1351  0.395096
1352  0.394075
1353  0.394420
1354  0.394854
1355  0.394762
1356  0.393843
1357  0.392937
1358  0.392416
1359  0.391689
1360  0.391022
1361  0.390347
1362  0.390707
1363  0.390419
1364  0.389768
1365  0.390192
1366  0.390196
1367  0.391231
1368  0.390928
1369  0.391049
1370  0.391590
1371  0.391472
1372  0.391156
1373  0.390592
1374  0.390789
1375  0.389683
1376  0.388974
1377  0.389388
1378  0.389223
1379  0.389061
1380  0.390027
1381  0.390534
1382  0.389441
1383  0.389791
1384  0.389216
1385  0.388512
1386  0.388722
1387  0.388813
1388  0.388349
1389  0.389369
1390  0.388461
1391  0.389219
1392  0.389495
1393  0.388499
1394  0.388410
1395  0.388759
1396  0.389493
1397  0.389396
1398  0.389710
1399  0.388934
1400  0.388814
1401  0.387382
1402  0.388193
1403  0.387976
1404  0.388830
1405  0.387834
1406  0.387719
1407  0.388062
1408  0.387473
1409  0.387558
1410  0.387058
1411  0.387336
1412  0.387452
1413  0.386989
1414  0.386966
1415  0.386581
1416  0.386165
1417  0.385569
1418  0.385512
1419  0.384868
1420  0.383718
1421  0.383632
1422  0.383838
1423  0.383444
1424  0.384272
1425  0.384676
1426  0.383690
1427  0.383226
1428  0.383796
1429  0.383370
1430  0.383305
1431  0.383417
1432  0.382877
1433  0.383106
1434  0.382662
1435  0.382276
1436  0.382246
1437  0.383049
1438  0.383147
1439  0.383206
1440  0.382510
1441  0.382971
1442  0.381740
1443  0.381800
1444  0.381629
1445  0.381682
1446  0.381601
1447  0.381382
1448  0.381495
1449  0.381235
1450  0.381370
1451  0.380677
1452  0.381704
1453  0.381646
1454  0.381339
1455  0.381243
1456  0.382449
1457  0.382920
1458  0.383003
1459  0.382520
1460  0.381982
1461  0.381615
1462  0.381703
1463  0.380962
1464  0.380946
1465  0.381044
1466  0.381148
1467  0.381261
1468  0.381024
1469  0.380598
1470  0.381198
1471  0.381429
1472  0.381549
1473  0.381612
1474  0.382287
1475  0.382730
1476  0.383218
1477  0.383017
1478  0.383691
1479  0.384348
1480  0.384343
1481  0.384116
1482  0.382916
1483  0.382212
1484  0.382148
1485  0.381618
1486  0.380953
1487  0.380631
1488  0.380882
1489  0.380595
1490  0.380417
1491  0.380508
1492  0.380721
1493  0.381314
1494  0.381344
1495  0.381188
1496  0.380831
1497  0.382054
1498  0.382439
1499  0.381974
1500  0.381835
1501  0.381387
1502  0.381242
1503  0.380855
1504  0.381797
1505  0.381706
1506  0.380931
1507  0.381265
1508  0.381745
1509  0.381524
1510  0.381906
1511  0.382068
1512  0.382508
1513  0.382420
1514  0.382184
1515  0.381733
1516  0.381374
1517  0.381572
1518  0.381694
1519  0.380924
1520  0.381104
1521  0.381260
1522  0.380814
1523  0.380039
1524  0.379803
1525  0.379843
1526  0.379973
1527  0.380199
1528  0.379696
1529  0.380749
1530  0.380074
1531  0.380312
1532  0.380251
1533  0.380654
1534  0.380272
1535  0.379994
1536  0.380533
1537  0.380909
1538  0.380992
1539  0.381456
1540  0.380764
1541  0.380216
1542  0.379363
1543  0.379134
1544  0.379218
1545  0.378246
1546  0.378069
1547  0.378615
1548  0.377958
1549  0.377788
1550  0.377177
1551  0.376211
1552  0.375978
1553  0.376210
1554  0.375074
1555  0.374780
1556  0.375243
1557  0.374604
1558  0.374852
1559  0.374695
1560  0.374699
1561  0.375179
1562  0.374624
1563  0.373933
1564  0.374022
1565  0.373931
1566  0.373874
1567  0.374104
1568  0.375045
1569  0.375212
1570  0.375062
1571  0.376193
1572  0.376109
1573  0.376048
1574  0.375563
1575  0.376242
1576  0.376162
1577  0.375853
1578  0.376053
1579  0.376399
1580  0.376084
1581  0.374934
1582  0.375413
1583  0.375361
1584  0.375690
1585  0.375397
1586  0.375361
1587  0.376551
1588  0.377146
1589  0.376695
1590  0.376521
1591  0.376000
1592  0.376094
1593  0.375290
1594  0.374851
1595  0.374789
1596  0.374845
1597  0.374537
1598  0.373354
1599  0.372874
1600  0.372570
1601  0.373005
1602  0.373767
1603  0.373493
1604  0.373399
1605  0.372385
1606  0.372495
1607  0.373155
1608  0.373025
1609  0.372128
1610  0.372691
1611  0.372649
1612  0.372636
1613  0.372896
1614  0.372125
1615  0.371947
1616  0.372330
1617  0.373346
1618  0.373391
1619  0.373555
1620  0.373446
1621  0.373274
1622  0.374198
1623  0.374640
1624  0.374499
1625  0.373588
1626  0.374028
1627  0.373960
1628  0.373925
1629  0.373478
1630  0.373173
1631  0.373204
1632  0.373358
1633  0.373946
1634  0.373927
1635  0.373329
1636  0.374051
1637  0.374147
1638  0.374533
1639  0.374246
1640  0.373784
1641  0.374399
1642  0.374610
1643  0.374845
1644  0.375189
1645  0.375106
1646  0.374472
1647  0.374622
1648  0.374029
1649  0.373883
1650  0.374410
1651  0.374872
1652  0.374525
1653  0.374058
1654  0.373574
1655  0.372943
1656  0.372665
1657  0.373505
1658  0.373515
1659  0.373982
1660  0.374056
1661  0.374662
1662  0.374139
1663  0.373502
1664  0.373225
1665  0.372665
1666  0.372801
1667  0.372342
1668  0.372378
1669  0.371374
1670  0.371630
1671  0.371939
1672  0.372077
1673  0.372175
1674  0.372133
1675  0.372829
1676  0.373298
1677  0.373539
1678  0.373130
1679  0.373338
1680  0.373772
1681  0.374461
1682  0.374880
1683  0.375067
1684  0.374944
1685  0.375548
1686  0.374429
1687  0.375367
1688  0.375301
1689  0.375117
1690  0.374462
1691  0.375303
1692  0.375093
1693  0.375170
1694  0.375903
1695  0.376209
1696  0.376091
1697  0.375055
1698  0.374712
1699  0.375796
1700  0.374711
1701  0.374404
1702  0.374035
1703  0.373095
1704  0.372494
1705  0.372680
1706  0.371861
1707  0.371529
1708  0.371468
1709  0.372074
1710  0.372001
1711  0.372951
1712  0.373230
1713  0.372913
1714  0.373631
1715  0.373679
1716  0.373448
1717  0.372965
1718  0.373032
1719  0.372204
1720  0.372315
1721  0.372439
1722  0.371832
1723  0.372193
1724  0.372724
1725  0.372377
1726  0.371827
1727  0.371360
1728  0.370833
1729  0.371119
1730  0.371510
1731  0.371596
1732  0.372450
1733  0.372969
1734  0.372740
1735  0.373116
1736  0.373264
1737  0.373017
1738  0.372901
1739  0.373201
1740  0.373747
1741  0.373338
1742  0.372706
1743  0.372041
1744  0.371773
1745  0.371114
1746  0.370849
1747  0.369961
1748  0.370187
1749  0.369803
1750  0.370397
1751  0.370609
1752  0.369599
1753  0.369599
1754  0.369463
1755  0.369280
1756  0.369107
1757  0.368982
1758  0.368616
1759  0.368778
1760  0.368652
1761  0.369515
1762  0.369754
1763  0.369712
1764  0.370747
1765  0.370852
1766  0.370386
1767  0.370697
1768  0.371098
1769  0.370873
1770  0.371308
1771  0.370761
1772  0.371224
1773  0.370517
1774  0.370159
1775  0.369534
1776  0.369534
1777  0.369644
1778  0.369776
1779  0.369541
1780  0.368480
1781  0.368280
1782  0.367907
1783  0.367298
1784  0.366162
1785  0.366780
1786  0.366555
1787  0.365417
1788  0.365524
1789  0.365190
1790  0.364187
1791  0.364503
1792  0.364605
1793  0.364458
1794  0.364716
1795  0.364953
1796  0.365446
1797  0.365609
1798  0.365040
1799  0.364099
1800  0.364500
1801  0.364412
1802  0.363914
1803  0.364385
1804  0.363286
1805  0.363568
1806  0.363662
1807  0.363734
1808  0.363778
1809  0.363690
1810  0.362979
1811  0.362514
1812  0.361735
1813  0.361663
1814  0.362848
1815  0.362719
1816  0.362388
1817  0.362197
1818  0.362127
1819  0.362473
1820  0.363071
1821  0.362990
1822  0.363605
1823  0.363885
1824  0.363788
1825  0.363134
1826  0.362725
1827  0.363057
1828  0.363269
1829  0.363559
1830  0.363192
1831  0.363219
1832  0.362888
1833  0.363890
1834  0.363231
1835  0.364329
1836  0.365800
1837  0.365324
1838  0.366494
1839  0.366574
1840  0.366937
1841  0.365579
1842  0.365327
1843  0.364618
1844  0.363931
1845  0.363797
1846  0.362931
1847  0.363112
1848  0.363286
1849  0.362421
1850  0.362829
1851  0.363366
1852  0.363058
1853  0.364267
1854  0.364446
1855  0.364507
1856  0.364439
1857  0.365609
1858  0.366391
1859  0.365993
1860  0.367091
1861  0.366791
1862  0.367590
1863  0.367203
1864  0.367154
1865  0.367153
1866  0.367314
1867  0.367098
1868  0.366683
1869  0.367221
1870  0.367194
1871  0.367572
1872  0.367566
1873  0.367284
1874  0.367512
1875  0.367611
1876  0.367130
1877  0.366714
1878  0.367496
1879  0.367783
1880  0.368129
1881  0.368372
1882  0.368138
1883  0.368986
1884  0.368917
1885  0.369338
1886  0.369131
1887  0.369056
1888  0.368736
1889  0.368406
1890  0.368667
1891  0.368506
1892  0.367647
1893  0.368614
1894  0.369868
1895  0.370863
1896  0.371093
1897  0.371645
1898  0.371277
1899  0.369936
1900  0.370124
1901  0.369664
1902  0.368308
1903  0.367955
1904  0.368103
1905  0.367776
1906  0.367616
1907  0.367945
1908  0.367228
1909  0.367270
1910  0.367526
1911  0.367277
1912  0.367502
1913  0.368748
1914  0.369200
1915  0.370011
1916  0.370208
1917  0.369955
1918  0.369449
1919  0.368954
1920  0.369244
1921  0.369889
1922  0.370268
1923  0.369034
1924  0.368872
1925  0.368692
1926  0.368517
1927  0.368357
1928  0.368434
1929  0.368401
1930  0.369318
1931  0.369425
1932  0.369669
1933  0.369722
1934  0.369256
1935  0.369948
1936  0.369645
1937  0.369689
1938  0.369411
1939  0.370103
1940  0.371656
1941  0.372584
1942  0.372656
1943  0.372919
1944  0.373477
1945  0.372979
1946  0.372528
1947  0.372026
1948  0.372416
1949  0.373180
1950  0.373124
1951  0.373053
1952  0.372885
1953  0.371788
1954  0.371340
1955  0.371483
1956  0.371040
1957  0.370299
1958  0.370380
1959  0.370331
1960  0.370713
1961  0.370616
1962  0.369548
1963  0.369073
1964  0.369224
1965  0.369349
1966  0.369443
1967  0.369931
1968  0.370060
1969  0.370276
1970  0.369828
1971  0.370380
1972  0.370932
1973  0.370815
1974  0.370721
1975  0.370264
1976  0.369998
1977  0.369778
1978  0.369899
1979  0.369604
1980  0.370100
1981  0.369939
1982  0.370361
1983  0.369696
1984  0.369461
1985  0.370641
1986  0.370213
1987  0.370545
1988  0.370736
1989  0.369465
1990  0.369417
1991  0.369473
1992  0.369262
1993  0.369801
1994  0.368521
1995  0.368549
1996  0.369397
1997  0.369098
1998  0.368697
1999  0.369337
2000  0.368912
2001  0.368482
2002  0.368966
2003  0.367958
2004  0.366892
2005  0.367910
2006  0.367223
2007  0.367002
2008  0.366698
2009  0.366143
2010  0.365736
2011  0.366337
2012  0.365867
2013  0.365563
2014  0.365648
2015  0.365492
2016  0.364582
2017  0.364287
2018  0.362663
2019  0.362199
2020  0.362794
2021  0.363239
2022  0.362729
2023  0.364086
2024  0.363680
2025  0.364069
2026  0.363856
2027  0.362885
2028  0.363956
2029  0.363307
2030  0.364149
2031  0.364689
2032  0.365374
2033  0.365595
2034  0.364779
2035  0.364997
2036  0.366120
2037  0.365575
2038  0.365359
2039  0.365286
2040  0.365368
2041  0.365150
2042  0.364518
2043  0.364182
2044  0.364211
2045  0.364156
2046  0.364487
2047  0.363827
2048  0.363695
2049  0.364546
2050  0.364173
2051  0.363200
2052  0.362978
2053  0.363243
2054  0.362503
2055  0.363061
2056  0.362990
2057  0.363465
2058  0.363063
2059  0.363831
2060  0.364453
2061  0.364180
2062  0.364244
2063  0.365297
2064  0.365196
2065  0.365202
2066  0.365391
2067  0.365065
2068  0.365330
2069  0.365461
2070  0.366506
2071  0.366543
2072  0.366387
2073  0.366733
2074  0.366571
2075  0.366547
2076  0.366613
2077  0.366487
2078  0.365623
2079  0.366030
2080  0.366463
2081  0.366467
2082  0.366982
2083  0.366805
2084  0.366343
2085  0.366350
2086  0.366360
2087  0.366137
2088  0.365827
2089  0.365649
2090  0.365724
2091  0.365915
2092  0.366523
2093  0.366337
2094  0.366480
2095  0.366308
2096  0.365947
2097  0.366682
2098  0.366171
2099  0.366853
2100  0.367084
2101  0.367575
2102  0.365917
2103  0.365872
2104  0.366356
2105  0.366726
2106  0.366263
2107  0.365548
2108  0.365587
2109  0.365638
2110  0.365017
2111  0.365737
2112  0.366203
2113  0.366049
2114  0.366342
2115  0.366837
2116  0.367007
2117  0.367462
2118  0.367106
2119  0.367103
2120  0.367876
2121  0.367226
2122  0.367044
2123  0.367456
2124  0.367773
2125  0.367631
2126  0.368106
2127  0.368226
2128  0.368232
2129  0.368205
2130  0.368366
2131  0.368521
2132  0.369162
2133  0.368442
2134  0.368448
2135  0.368741
2136  0.369084
2137  0.369489
2138  0.369338
2139  0.369367
2140  0.369248
2141  0.369061
2142  0.368540
2143  0.367822
2144  0.367173
2145  0.367529
2146  0.366384
2147  0.366102
2148  0.365816
2149  0.365771
2150  0.365239
2151  0.364575
2152  0.363991
2153  0.363292
2154  0.363334
2155  0.363912
2156  0.363718
2157  0.363811
2158  0.363961
2159  0.364212
2160  0.363526
2161  0.363842
2162  0.363473
2163  0.363287
2164  0.363188
2165  0.361998
2166  0.361959
2167  0.361342
2168  0.360877
2169  0.360212
2170  0.360145
2171  0.360010
2172  0.359803
2173  0.359237
2174  0.360143
2175  0.359636
2176  0.359097
2177  0.358091
2178  0.358244
2179  0.358388
2180  0.358759
2181  0.358211
2182  0.357550
2183  0.357756
2184  0.358114
2185  0.358348
2186  0.357811
2187  0.357330
2188  0.357033
2189  0.356904
2190  0.357031
2191  0.356873
2192  0.356629
2193  0.356950
2194  0.357210
2195  0.357651
2196  0.357417
2197  0.357926
2198  0.358939
2199  0.359291
2200  0.359459
2201  0.358554
2202  0.359564
2203  0.359872
2204  0.360084
2205  0.359990
2206  0.359575
2207  0.359079
2208  0.360297
2209  0.360647
2210  0.360671
2211  0.360798
2212  0.360690
2213  0.360867
2214  0.361290
2215  0.361710
2216  0.361713
2217  0.362469
2218  0.362256
2219  0.361204
2220  0.360991
2221  0.361040
2222  0.360858
2223  0.361523
2224  0.361598
2225  0.362485
2226  0.362978
2227  0.362603
2228  0.361984
2229  0.363220
2230  0.363332
2231  0.363133
2232  0.363826
2233  0.363496
2234  0.363705
2235  0.364089
2236  0.364336
2237  0.363712
2238  0.363923
2239  0.363827
2240  0.363894
2241  0.362985
2242  0.362949
2243  0.362489
2244  0.362177
2245  0.362679
2246  0.362636
2247  0.363369
2248  0.364348
2249  0.364242
2250  0.363665
2251  0.363198
2252  0.362702
2253  0.363261
2254  0.363020
2255  0.362663
2256  0.362128
2257  0.362545
2258  0.363336
2259  0.362924
2260  0.362998
2261  0.361855
2262  0.362441
2263  0.362989
2264  0.363059
2265  0.362949
2266  0.363037
2267  0.362659
2268  0.362535
2269  0.362666
2270  0.362233
2271  0.363184
2272  0.362750
2273  0.362882
2274  0.362870
2275  0.363953
2276  0.364479
2277  0.363361
2278  0.363659
2279  0.363777
2280  0.364379
2281  0.365384
2282  0.364453
2283  0.364309
2284  0.364455
2285  0.364754
2286  0.364083
2287  0.363781
2288  0.364152
2289  0.363702
2290  0.364006
2291  0.363835
2292  0.363712
2293  0.364565
2294  0.364382
2295  0.364870
2296  0.365586
2297  0.365806
2298  0.366368
2299  0.365906
2300  0.366435
2301  0.366427
2302  0.366422
2303  0.366908
2304  0.367525
2305  0.367379
2306  0.368183
2307  0.368283
2308  0.368544
2309  0.368631
2310  0.368224
2311  0.368178
2312  0.368372
2313  0.367985
2314  0.367035
2315  0.367726
2316  0.368127
2317  0.368258
2318  0.367621
2319  0.367585
2320  0.367305
2321  0.367116
2322  0.367499
2323  0.367454
2324  0.367401
2325  0.367930
2326  0.368185
2327  0.368234
2328  0.368571
2329  0.368973
2330  0.367644
2331  0.367941
2332  0.367543
2333  0.367229
2334  0.367418
2335  0.366044
2336  0.366173
2337  0.365651
2338  0.365476
2339  0.365128
2340  0.365491
2341  0.365627
2342  0.365422
2343  0.365140
2344  0.365117
2345  0.364609
2346  0.364285
2347  0.364054
2348  0.364446
2349  0.364584
2350  0.365040
2351  0.364360
2352  0.364806
2353  0.364182
2354  0.363819
2355  0.364718
2356  0.364796
2357  0.363820
2358  0.364805
2359  0.364742
2360  0.364714
2361  0.364294
2362  0.364095
2363  0.364145
2364  0.363901
2365  0.363615
2366  0.363682
2367  0.363236
2368  0.362930
2369  0.363166
2370  0.362830
2371  0.362071
2372  0.362141
2373  0.361351
2374  0.361299
2375  0.361683
2376  0.361570
2377  0.360921
2378  0.360271
2379  0.360739
2380  0.360700
2381  0.361582
2382  0.362287
2383  0.361816
2384  0.361373
2385  0.360922
2386  0.361211
2387  0.360710
2388  0.360388
2389  0.360707
2390  0.360846
2391  0.360767
2392  0.361137
2393  0.361179
2394  0.361045
2395  0.360692
2396  0.360845
2397  0.360656
2398  0.360298
2399  0.359990
2400  0.360300
2401  0.359767
2402  0.360184
2403  0.359062
2404  0.358837
2405  0.359095
2406  0.358842
2407  0.358294
2408  0.358375
2409  0.358306
2410  0.358205
2411  0.358392
2412  0.358994
2413  0.358427
2414  0.359105
2415  0.358430
2416  0.358598
2417  0.358335
2418  0.357731
2419  0.358252
2420  0.359142
2421  0.359834
2422  0.359315
2423  0.359100
2424  0.357837
2425  0.358140
2426  0.358814
2427  0.358665
2428  0.358310
2429  0.358072
2430  0.358176
2431  0.358603
2432  0.358852
2433  0.358732
2434  0.358985
2435  0.358904
2436  0.358396
2437  0.358450
2438  0.358678
2439  0.358800
2440  0.358267
2441  0.358190
2442  0.358599
2443  0.358961
2444  0.358268
2445  0.357329
2446  0.357203
2447  0.357284
2448  0.357324
2449  0.357291
2450  0.357565
2451  0.358521
2452  0.359818
2453  0.359383
2454  0.359250
2455  0.358772
2456  0.357602
2457  0.357574
2458  0.356945
2459  0.357646
2460  0.358765
2461  0.357509
2462  0.357145
2463  0.357465
2464  0.356784
2465  0.356665
2466  0.356793
2467  0.357205
2468  0.357238
2469  0.356471
2470  0.356145
2471  0.355878
2472  0.355972
2473  0.356009
2474  0.356488
2475  0.356152
2476  0.356472
2477  0.356089
2478  0.357460
2479  0.357315
2480  0.356516
2481  0.356883
2482  0.357280
2483  0.357640
2484  0.357670
2485  0.356952
2486  0.357135
2487  0.357268
2488  0.358462
2489  0.358053
2490  0.358108
2491  0.358282
2492  0.358837
2493  0.359102
2494  0.358847
2495  0.359181
2496  0.359408
2497  0.358926
2498  0.359240
2499  0.359183
2500  0.358340
2501  0.358232
2502  0.358453
2503  0.359737
2504  0.359543
2505  0.359618
2506  0.359288
2507  0.358509
2508  0.358317
2509  0.358626
2510  0.359026
2511  0.358869
2512  0.359021
2513  0.358824
2514  0.358256
2515  0.357891
2516  0.358745
2517  0.359977
2518  0.359088
2519  0.358877
2520  0.359077
2521  0.359978
2522  0.358914
2523  0.358595
2524  0.358027
2525  0.359370
2526  0.359067
2527  0.357659
2528  0.357264
2529  0.357695
2530  0.357614
2531  0.357476
2532  0.357833
2533  0.357469
2534  0.357649
2535  0.358222
2536  0.357761
2537  0.358108
2538  0.357696
2539  0.357209
2540  0.356994
2541  0.356032
2542  0.356142
2543  0.355988
2544  0.355193
2545  0.355883
2546  0.356187
2547  0.356016
2548  0.355203
2549  0.354398
2550  0.354022
2551  0.353900
2552  0.354056
2553  0.353623
2554  0.354011
2555  0.353056
2556  0.352899
2557  0.352961
2558  0.352679
2559  0.352652
2560  0.352607
2561  0.352613
2562  0.353210
2563  0.352826
2564  0.352046
2565  0.351861
2566  0.351428
2567  0.352035
2568  0.353025
2569  0.353105
2570  0.353362
2571  0.352943
2572  0.353380
2573  0.354197
2574  0.354339
2575  0.353621
2576  0.353446
2577  0.353824
2578  0.354701
2579  0.354654
2580  0.353995
2581  0.353450
2582  0.352814
2583  0.352329
2584  0.351561
2585  0.352364
2586  0.352019
2587  0.350639
2588  0.350650
2589  0.351486
2590  0.352173
2591  0.352221
2592  0.352313
2593  0.351730
2594  0.351475
2595  0.351433
2596  0.352116
2597  0.353248
2598  0.352716
2599  0.353258
2600  0.353439
2601  0.354186
2602  0.354332
2603  0.354202
2604  0.354836
2605  0.354125
2606  0.354234
2607  0.355317
2608  0.355388
2609  0.355780
2610  0.355897
2611  0.356309
2612  0.357241
2613  0.357095
2614  0.357685
2615  0.357546
2616  0.357755
2617  0.357142
2618  0.357009
2619  0.356830
2620  0.356600
2621  0.356674
2622  0.356766
2623  0.356362
2624  0.356517
2625  0.356391
2626  0.356336
2627  0.356303
2628  0.357260
2629  0.358041
2630  0.357628
2631  0.357996
2632  0.358260
2633  0.359273
2634  0.359918
2635  0.360381
2636  0.359906
2637  0.359950
2638  0.360428
2639  0.360430
2640  0.359650
2641  0.359519
2642  0.359255
2643  0.359347
2644  0.359479
2645  0.360103
2646  0.360140
2647  0.359441
2648  0.360149
2649  0.359667
2650  0.360328
2651  0.360289
2652  0.360065
2653  0.360073
2654  0.359430
2655  0.360178
2656  0.360640
2657  0.359692
2658  0.359541
2659  0.359175
2660  0.358951
2661  0.358583
2662  0.358498
2663  0.358963
2664  0.358645
2665  0.359139
2666  0.359322
2667  0.359065
2668  0.358736
2669  0.358170
2670  0.358735
2671  0.358213
2672  0.357720
2673  0.357444
2674  0.357331
2675  0.357073
2676  0.357386
2677  0.357428
2678  0.357538
2679  0.357536
2680  0.357376
2681  0.357414
2682  0.357642
2683  0.357662
2684  0.358607
2685  0.359545
2686  0.360198
2687  0.360139
2688  0.360039
2689  0.360891
2690  0.360737
2691  0.359827
2692  0.359860
2693  0.360674
2694  0.359569
2695  0.358651
2696  0.359366
2697  0.358823
2698  0.358525
2699  0.358514
2700  0.359100
2701  0.358790
2702  0.358133
2703  0.357054
2704  0.357226
2705  0.357509
2706  0.358015
2707  0.356941
2708  0.357369
2709  0.356787
2710  0.356137
2711  0.356107
2712  0.355322
2713  0.354999
2714  0.354923
2715  0.355297
2716  0.354610
2717  0.355372
2718  0.354885
2719  0.354381
2720  0.354545
2721  0.354373
2722  0.354331
2723  0.354334
2724  0.354321
2725  0.353966
2726  0.354234
2727  0.353856
2728  0.353350
2729  0.353899
2730  0.354901
2731  0.354376
2732  0.353704
2733  0.353557
2734  0.353677
2735  0.352953
2736  0.353719
2737  0.353799
2738  0.354707
2739  0.354965
2740  0.355401
2741  0.354462
2742  0.354095
2743  0.353669
2744  0.353634
2745  0.353305
2746  0.353337
2747  0.353417
2748  0.353710
2749  0.353809
2750  0.354223
2751  0.354556
2752  0.355807
2753  0.356162
2754  0.356970
2755  0.357016
2756  0.357231
2757  0.356012
2758  0.356255
2759  0.355544
2760  0.354742
2761  0.354259
2762  0.353711
2763  0.353324
2764  0.353482
2765  0.354057
2766  0.354855
2767  0.355228
2768  0.355811
2769  0.355619
2770  0.355141
2771  0.355410
2772  0.354958
2773  0.354559
2774  0.354677
2775  0.354858
2776  0.353909
2777  0.352967
2778  0.352741
2779  0.352536
2780  0.353406
2781  0.353432
2782  0.353570
2783  0.353658
2784  0.353850
2785  0.353137
2786  0.353327
2787  0.353484
2788  0.353439
2789  0.353249
2790  0.353895
2791  0.353296
2792  0.352596
2793  0.352545
2794  0.352904
2795  0.353149
2796  0.352884
2797  0.353089
2798  0.353174
2799  0.353592
2800  0.353499
2801  0.353435
2802  0.353870
2803  0.354643
2804  0.354672
2805  0.354315
2806  0.354694
2807  0.353737
2808  0.354254
2809  0.353633
2810  0.354071
2811  0.353775
2812  0.353586
2813  0.354229
2814  0.354346
2815  0.354719
2816  0.354553
2817  0.354454
2818  0.354545
2819  0.354455
2820  0.354110
2821  0.354291
2822  0.354817
2823  0.355298
2824  0.354725
2825  0.354437
2826  0.353914
2827  0.354182
2828  0.355665
2829  0.355774
2830  0.355831
2831  0.354913
2832  0.354772
2833  0.354846
2834  0.354444
2835  0.355169
2836  0.354791
2837  0.355081
2838  0.354881
2839  0.354585
2840  0.354975
2841  0.356213
2842  0.356193
2843  0.356212
2844  0.356610
2845  0.356858
2846  0.356692
2847  0.357021
2848  0.357529
2849  0.357797
2850  0.357403
2851  0.357513
2852  0.358957
2853  0.358439
2854  0.358032
2855  0.357410
2856  0.356796
2857  0.356405
2858  0.356229
2859  0.356062
2860  0.356922
2861  0.357233
2862  0.357604
2863  0.357450
2864  0.357671
2865  0.357873
2866  0.358233
2867  0.358095
2868  0.358015
2869  0.358168
2870  0.358299
2871  0.358005
2872  0.358659
2873  0.357597
2874  0.358038
2875  0.357990
2876  0.358486
2877  0.358936
2878  0.358653
2879  0.358749
2880  0.359205
2881  0.359533
2882  0.359043
2883  0.359108
2884  0.358355
2885  0.356930
2886  0.357320
2887  0.357759
2888  0.357315
2889  0.356342
2890  0.355784
2891  0.356492
2892  0.355829
2893  0.356569
2894  0.355571
2895  0.356052
2896  0.356361
2897  0.356465
2898  0.357125
2899  0.357302
2900  0.356441
2901  0.357113
2902  0.357521
2903  0.356361
2904  0.356071
2905  0.355884
2906  0.354701
2907  0.354686
2908  0.355562
2909  0.355582
2910  0.355186
2911  0.355857
2912  0.355266
2913  0.355367
2914  0.355058
2915  0.354997
2916  0.355336
2917  0.355094
2918  0.354108
2919  0.354225
2920  0.353788
2921  0.354463
2922  0.354084
2923  0.354398
2924  0.353803
2925  0.352575
2926  0.352282
2927  0.351672
2928  0.351858
2929  0.350179
2930  0.350269
2931  0.349793
2932  0.348684
2933  0.348558
2934  0.347339
2935  0.346620
2936  0.347250
2937  0.347689
2938  0.347311
2939  0.346958
2940  0.346418
2941  0.347506
2942  0.347822
2943  0.347226
2944  0.346585
2945  0.347481
2946  0.346771
2947  0.347844
2948  0.347148
2949  0.347028
2950  0.346809
2951  0.346079
2952  0.345422
2953  0.344876
2954  0.344709
2955  0.344897
2956  0.344931
2957  0.345406
2958  0.345866
2959  0.346186
2960  0.346551
2961  0.345536
2962  0.345362
2963  0.345675
2964  0.345686
2965  0.344943
2966  0.345683
2967  0.345231
2968  0.346224
2969  0.346320
2970  0.345616
2971  0.346248
2972  0.345895
2973  0.346157
2974  0.346608
2975  0.345944
2976  0.345964
2977  0.345357
2978  0.345401
2979  0.344892
2980  0.345291
2981  0.345439
2982  0.345122
2983  0.345499
2984  0.345255
2985  0.345381
2986  0.344980
2987  0.345057
2988  0.346102
2989  0.346687
2990  0.347417
2991  0.346190
2992  0.347164
2993  0.347003
2994  0.347578
2995  0.347275
2996  0.347574
2997  0.347625
2998  0.348089
2999  0.347817
3000  0.347411
3001  0.347978
3002  0.348173
3003  0.347211
3004  0.347472
3005  0.347425
3006  0.348057
3007  0.348386
3008  0.348309
3009  0.348189
3010  0.349015
3011  0.348640
3012  0.348553
3013  0.348743
3014  0.348553
3015  0.348942
3016  0.348686
3017  0.348389
3018  0.348223
3019  0.347644
3020  0.347658
3021  0.347989
3022  0.346971
3023  0.347670
3024  0.347286
3025  0.347115
3026  0.347456
3027  0.347899
3028  0.348033
3029  0.348730
3030  0.348316
3031  0.348547
3032  0.348478
3033  0.349526
3034  0.349719
3035  0.349796
3036  0.349445
3037  0.349505
3038  0.349680
3039  0.349812
3040  0.349865
3041  0.349726
3042  0.349611
3043  0.349371
3044  0.348885
3045  0.349086
3046  0.348481
3047  0.348347
3048  0.348151
3049  0.348472
3050  0.348161
3051  0.347407
3052  0.347263
3053  0.346886
3054  0.346523
3055  0.346329
3056  0.346934
3057  0.346380
3058  0.347106
3059  0.347590
3060  0.347656
3061  0.347776
3062  0.347911
3063  0.349486
3064  0.348780
3065  0.349103
3066  0.348942
3067  0.348717
3068  0.349042
3069  0.349985
3070  0.350101
3071  0.349578
3072  0.348852
3073  0.348967
3074  0.349220
3075  0.349106
3076  0.349552
3077  0.350286
3078  0.349900
3079  0.350153
3080  0.349939
3081  0.349236
3082  0.349161
3083  0.349889
3084  0.350085
3085  0.350387
3086  0.349886
3087  0.349962
3088  0.349610
3089  0.350891
3090  0.350940
3091  0.350698
3092  0.350903
3093  0.351581
3094  0.352256
3095  0.351706
3096  0.351999
3097  0.353254
3098  0.353611
3099  0.353465
3100  0.352982
3101  0.353873
3102  0.353920
3103  0.353708
3104  0.353101
3105  0.352684
3106  0.352387
3107  0.352299
3108  0.352270
3109  0.351941
3110  0.352071
3111  0.352002
3112  0.352285
3113  0.352209
3114  0.353225
3115  0.352900
3116  0.352178
3117  0.352912
3118  0.352948
3119  0.352728
3120  0.353032
3121  0.352288
3122  0.353133
3123  0.353124
3124  0.353645
3125  0.352747
3126  0.353572
3127  0.353726
3128  0.354091
3129  0.354516
3130  0.354707
3131  0.355353
3132  0.354846
3133  0.354850
3134  0.354600
3135  0.355331
3136  0.355529
3137  0.355163
3138  0.355347
3139  0.355962
3140  0.357268
3141  0.356705
3142  0.357731
3143  0.357808
3144  0.358075
3145  0.358763
3146  0.358680
3147  0.358882
3148  0.358617
3149  0.358517
3150  0.358171
3151  0.357793
3152  0.357494
3153  0.358171
3154  0.357922
3155  0.356770
3156  0.356495
3157  0.356875
3158  0.356616
3159  0.355571
3160  0.354942
3161  0.355239
3162  0.355818
3163  0.356838
3164  0.357357
3165  0.356779
3166  0.357035
3167  0.357517
3168  0.357085
3169  0.357201
3170  0.356768
3171  0.355841
3172  0.356780
3173  0.357417
3174  0.357407
3175  0.356927
3176  0.357357
3177  0.357105
3178  0.357718
3179  0.356856
3180  0.356612
3181  0.356300
3182  0.356710
3183  0.356337
3184  0.356177
3185  0.356587
3186  0.356455
3187  0.355817
3188  0.355846
3189  0.355624
3190  0.355575
3191  0.355164
3192  0.355534
3193  0.355412
3194  0.355197
3195  0.355718
3196  0.355744
3197  0.356591
3198  0.355688
3199  0.355839
3200  0.356990
3201  0.356704
3202  0.355673
3203  0.355038
3204  0.354012
3205  0.353870
3206  0.352958
3207  0.354060
3208  0.353604
3209  0.353752
3210  0.354622
3211  0.353802
3212  0.352844
3213  0.352147
3214  0.352080
3215  0.353004
3216  0.353830
3217  0.355035
3218  0.354812
3219  0.354812
3220  0.355461
3221  0.354885
3222  0.354663
3223  0.354346
3224  0.353662
3225  0.353223
3226  0.353907
3227  0.354285
3228  0.354752
3229  0.354713
3230  0.356023
3231  0.356037
3232  0.356636
3233  0.356816
3234  0.356069
3235  0.354911
3236  0.355051
3237  0.354339
3238  0.354993
3239  0.355141
3240  0.355642
3241  0.355377
3242  0.355314
3243  0.354553
3244  0.354601
3245  0.355651
3246  0.355631
3247  0.355910
3248  0.355438
3249  0.354801
3250  0.353965
3251  0.353846
3252  0.354447
3253  0.353167
3254  0.353453
3255  0.353413
3256  0.353517
3257  0.354289
3258  0.354741
3259  0.355553
3260  0.355279
3261  0.355211
3262  0.354677
3263  0.354536
3264  0.354118
3265  0.354987
3266  0.355426
3267  0.355590
3268  0.355081
3269  0.355615
3270  0.355374
3271  0.355585
3272  0.356206
3273  0.356621
3274  0.355682
3275  0.355537
3276  0.355500
3277  0.356334
3278  0.355845
3279  0.355210
3280  0.355201
3281  0.353932
3282  0.354370
3283  0.354539
3284  0.353674
3285  0.354011
3286  0.354509
3287  0.354344
3288  0.354101
3289  0.354283
3290  0.354785
3291  0.353926
3292  0.354907
3293  0.355416
3294  0.355033
3295  0.354851
3296  0.355021
3297  0.354791
3298  0.354738
3299  0.354597
3300  0.355666
3301  0.355347
3302  0.354993
3303  0.355851
3304  0.354984
3305  0.355159
3306  0.354979
3307  0.354406
3308  0.354098
3309  0.353179
3310  0.351985
3311  0.351193
3312  0.351295
3313  0.350442
3314  0.349906
3315  0.349916
3316  0.350651
3317  0.350209
3318  0.349550
3319  0.349351
3320  0.348308
3321  0.348512
3322  0.348052
3323  0.349000
3324  0.349530
3325  0.349239
3326  0.349762
3327  0.349659
3328  0.349146
3329  0.349267
3330  0.349127
3331  0.348704
3332  0.349345
3333  0.349230
3334  0.348132
3335  0.348840
3336  0.349037
3337  0.348896
3338  0.349155
3339  0.348963
3340  0.349023
3341  0.348061
3342  0.347722
3343  0.348422
3344  0.347799
3345  0.347573
3346  0.348033
3347  0.347440
3348  0.347304
3349  0.347383
3350  0.347799
3351  0.347296
3352  0.346930
3353  0.346264
3354  0.345771
3355  0.345247
3356  0.345145
3357  0.345333
3358  0.346112
3359  0.346076
3360  0.347006
3361  0.347726
3362  0.348422
3363  0.348769
3364  0.348905
3365  0.350407
3366  0.349972
3367  0.350075
3368  0.350295
3369  0.350249
3370  0.349596
3371  0.350267
3372  0.351275
3373  0.351406
3374  0.351581
3375  0.351426
3376  0.352038
3377  0.351933
3378  0.351841
3379  0.351744
3380  0.352375
3381  0.352295
3382  0.352611
3383  0.352123
3384  0.352037
3385  0.352177
3386  0.352800
3387  0.352681
3388  0.352998
3389  0.352637
3390  0.352182
3391  0.352978
3392  0.352723
3393  0.352323
3394  0.351600
3395  0.351347
3396  0.351436
3397  0.351962
3398  0.351731
3399  0.351506
3400  0.351789
3401  0.350792
3402  0.350370
3403  0.350757
3404  0.350278
3405  0.350247
3406  0.350261
3407  0.350481
3408  0.350635
3409  0.350441
3410  0.351120
3411  0.352016
3412  0.351905
3413  0.351627
3414  0.352124
3415  0.352907
3416  0.352409
3417  0.353056
3418  0.353044
3419  0.352421
3420  0.352367
3421  0.352898
3422  0.352255
3423  0.351163
3424  0.350517
3425  0.349183
3426  0.349002
3427  0.349053
3428  0.349494
3429  0.350407
3430  0.350304
3431  0.350477
3432  0.350260
3433  0.348630
3434  0.348165
3435  0.348873
3436  0.349318
3437  0.348910
3438  0.349498
3439  0.349558
3440  0.349612
3441  0.350375
3442  0.350527
3443  0.350860
3444  0.349023
3445  0.349554
3446  0.349419
3447  0.349486
3448  0.350345
3449  0.349116
3450  0.348808
3451  0.348323
3452  0.348390
3453  0.349105
3454  0.349344
3455  0.349451
3456  0.349050
3457  0.348985
3458  0.347600
3459  0.347704
3460  0.348140
3461  0.348669
3462  0.349089
3463  0.349228
3464  0.349700
3465  0.349771
3466  0.350278
3467  0.350351
3468  0.350501
3469  0.350672
3470  0.351028
3471  0.351481
3472  0.351869
3473  0.352687
3474  0.352656
3475  0.351956
3476  0.352623
3477  0.353070
3478  0.354243
3479  0.354216
3480  0.354376
3481  0.353901
3482  0.354108
3483  0.354443
3484  0.355521
3485  0.355124
3486  0.354872
3487  0.355062
3488  0.354422
3489  0.355447
3490  0.355964
3491  0.355446
3492  0.354248
3493  0.354408
3494  0.353967
3495  0.352624
3496  0.352926
3497  0.353462
3498  0.353980
3499  0.355249
3500  0.355392
3501  0.354815
3502  0.355712
3503  0.356060
3504  0.356646
3505  0.356463
3506  0.355887
3507  0.355321
3508  0.355737
3509  0.355971
3510  0.356881
3511  0.356921
3512  0.356625
3513  0.357123
3514  0.356732
3515  0.356002
3516  0.356727
3517  0.356726
3518  0.356405
3519  0.356035
3520  0.355294
3521  0.355444
3522  0.355163
3523  0.356427
3524  0.356184
3525  0.356323
3526  0.356814
3527  0.357627
3528  0.357364
3529  0.356912
3530  0.357313
3531  0.356562
3532  0.357158
3533  0.356897
3534  0.356388
3535  0.356966
3536  0.356906
3537  0.356141
3538  0.356530
3539  0.356567
3540  0.356570
3541  0.356500
3542  0.356722
3543  0.357476
3544  0.358301
3545  0.359221
3546  0.359860
3547  0.359178
3548  0.358551
3549  0.359845
3550  0.360033
3551  0.359646
3552  0.359676
3553  0.359806
3554  0.359854
3555  0.360422
3556  0.360441
3557  0.361130
3558  0.361027
3559  0.360640
3560  0.360380
3561  0.361373
3562  0.361374
3563  0.362660
3564  0.363054
3565  0.362692
3566  0.362591
3567  0.361264
3568  0.361769
3569  0.361808
3570  0.361855
3571  0.362431
3572  0.361763
3573  0.362139
3574  0.361755
3575  0.361963
3576  0.361648
3577  0.361492
3578  0.361641
3579  0.361684
3580  0.361533
3581  0.361199
3582  0.360882
3583  0.360246
3584  0.360323
3585  0.360841
3586  0.361218
3587  0.361394
3588  0.361978
3589  0.362208
3590  0.362454
3591  0.361594
3592  0.361954
3593  0.361365
3594  0.362369
3595  0.362055
3596  0.362799
3597  0.363643
3598  0.363205
3599  0.362295
3600  0.362503
3601  0.362726
3602  0.363911
3603  0.363078
3604  0.362766
3605  0.362972
3606  0.363148
3607  0.362279
3608  0.361277
3609  0.361076
3610  0.360699
3611  0.361012
3612  0.360480
3613  0.360468
3614  0.360490
3615  0.360926
3616  0.361005
3617  0.361357
3618  0.360513
3619  0.359827
3620  0.360426
3621  0.361130
3622  0.360858
3623  0.360270
3624  0.360441
3625  0.360070
3626  0.360934
3627  0.361217
3628  0.361361
3629  0.362191
3630  0.361950
3631  0.362883
3632  0.362378
3633  0.361740
3634  0.362235
3635  0.362164
3636  0.361649
3637  0.361090
3638  0.360668
3639  0.360408
3640  0.360783
3641  0.361495
3642  0.361723
3643  0.361618
3644  0.361959
3645  0.362298
3646  0.362260
3647  0.362859
3648  0.362645
3649  0.362800
3650  0.362770
3651  0.363283
3652  0.362338
3653  0.362714
3654  0.363278
3655  0.362801
3656  0.363649
3657  0.363650
3658  0.363981
3659  0.364694
3660  0.363481
3661  0.363478
3662  0.362537
3663  0.361831
3664  0.361163
3665  0.360977
3666  0.360928
3667  0.361218
3668  0.362049
3669  0.361770
3670  0.361690
3671  0.361694
3672  0.361890
3673  0.360773
3674  0.360623
3675  0.360314
3676  0.359763
3677  0.359909
3678  0.360555
3679  0.360916
3680  0.361067
3681  0.360713
3682  0.360134
3683  0.360359
3684  0.359769
3685  0.359915
3686  0.360386
3687  0.360428
3688  0.360469
3689  0.359595
3690  0.360502
3691  0.360361
3692  0.359281
3693  0.359489
3694  0.359498
3695  0.359171
3696  0.359242
3697  0.359288
3698  0.359740
3699  0.359071
3700  0.359608
3701  0.360164
3702  0.360306
3703  0.359964
3704  0.360850
3705  0.360867
3706  0.360269
3707  0.360029
3708  0.359516
3709  0.361001
3710  0.361444
3711  0.361983
3712  0.361810
3713  0.361274
3714  0.361273
3715  0.361125
3716  0.361564
3717  0.361307
3718  0.361051
3719  0.361007
3720  0.360216
3721  0.360919
3722  0.360642
3723  0.361062
3724  0.361127
3725  0.361295
3726  0.361312
3727  0.360975
3728  0.361121
3729  0.361800
3730  0.361083
3731  0.361372
3732  0.360342
3733  0.359969
3734  0.359882
3735  0.359247
3736  0.359296
3737  0.359247
3738  0.359652
3739  0.360361
3740  0.360664
3741  0.361802
3742  0.361093
3743  0.360417
3744  0.360104
3745  0.359584
3746  0.359430
3747  0.360038
3748  0.359711
3749  0.359244
3750  0.359074
3751  0.358390
3752  0.358857
3753  0.358948
3754  0.359636
3755  0.360338
3756  0.360817
3757  0.360691
3758  0.360790
3759  0.360858
3760  0.359812
3761  0.359585
3762  0.359840
3763  0.359297
3764  0.359101
3765  0.357917
3766  0.357166
3767  0.356936
3768  0.358041
3769  0.357586
3770  0.357525
3771  0.357161
3772  0.357484
3773  0.357372
3774  0.356694
3775  0.356167
3776  0.355710
3777  0.356061
3778  0.356247
3779  0.356995
3780  0.357498
3781  0.357242
3782  0.357244
3783  0.357632
3784  0.358098
3785  0.358858
3786  0.358175
3787  0.358375
3788  0.358976
3789  0.358951
3790  0.359200
3791  0.359452
3792  0.359675
3793  0.360333
3794  0.360304
3795  0.360417
3796  0.360333
3797  0.360991
3798  0.361417
3799  0.359878
3800  0.360391
3801  0.360474
3802  0.361031
3803  0.360813
3804  0.360904
3805  0.361335
3806  0.361354
3807  0.361132
3808  0.360523
3809  0.360745
3810  0.361669
3811  0.361550
3812  0.361519
3813  0.361289
3814  0.361780
3815  0.361471
3816  0.361359
3817  0.360289
3818  0.360542
3819  0.360434
3820  0.359451
3821  0.359856
3822  0.359565
3823  0.359362
3824  0.358867
3825  0.358994
3826  0.359630
3827  0.360087
3828  0.359158
3829  0.359134
3830  0.358924
3831  0.359422
3832  0.360282
3833  0.359664
3834  0.359970
3835  0.359331
3836  0.359029
3837  0.358458
3838  0.357373
3839  0.356772
3840  0.356216
3841  0.355491
3842  0.354842
3843  0.355115
3844  0.355304
3845  0.355873
3846  0.355654
3847  0.355431
3848  0.355719
3849  0.355758
3850  0.356057
3851  0.356197
3852  0.356494
3853  0.357018
3854  0.357741
3855  0.357501
3856  0.358008
3857  0.357599
3858  0.357028
3859  0.357324
3860  0.357800
3861  0.357471
3862  0.356976
3863  0.355881
3864  0.356120
3865  0.356533
3866  0.355378
3867  0.354936
3868  0.354710
3869  0.355007
3870  0.355435
3871  0.356287
3872  0.356147
3873  0.356269
3874  0.356282
3875  0.356046
3876  0.356469
3877  0.355523
3878  0.355098
3879  0.354939
3880  0.354181
3881  0.354589
3882  0.353929
3883  0.354269
3884  0.355158
3885  0.355070
3886  0.355058
3887  0.354649
3888  0.354142
3889  0.355049
3890  0.354064
3891  0.354404
3892  0.354063
3893  0.353942
3894  0.353411
3895  0.353190
3896  0.353432
3897  0.353127
3898  0.353029
3899  0.353177
3900  0.354661
3901  0.353960
3902  0.353203
3903  0.353675
3904  0.353388
3905  0.353161
3906  0.352015
3907  0.351932
3908  0.352448
3909  0.351509
3910  0.352323
3911  0.351954
3912  0.351809
3913  0.351752
3914  0.352091
3915  0.351478
3916  0.351548
3917  0.351713
3918  0.352327
3919  0.352414
3920  0.351431
3921  0.352297
3922  0.351685
3923  0.352007
3924  0.352681
3925  0.352265
3926  0.352295
3927  0.352665
3928  0.352152
3929  0.352543
3930  0.352202
3931  0.352057
3932  0.351761
3933  0.351660
3934  0.351377
3935  0.350976
3936  0.350572
3937  0.350474
3938  0.350137
3939  0.350526
3940  0.349896
3941  0.349340
3942  0.350032
3943  0.349331
3944  0.349204
3945  0.349359
3946  0.349224
3947  0.348955
3948  0.348928
3949  0.348857
3950  0.348842
3951  0.348681
3952  0.348332
3953  0.347923
3954  0.347853
3955  0.348456
3956  0.348979
3957  0.348439
3958  0.349273
3959  0.349147
3960  0.348206
3961  0.348031
3962  0.347720
3963  0.347870
3964  0.347986
3965  0.347045
3966  0.347221
3967  0.347318
3968  0.347285
3969  0.347648
3970  0.346969
3971  0.347192
3972  0.347055
3973  0.346675
3974  0.346006
3975  0.346651
3976  0.345784
3977  0.346405
3978  0.346688
3979  0.346211
3980  0.345913
3981  0.346897
3982  0.345232
3983  0.345575
3984  0.346400
3985  0.346349
3986  0.346787
3987  0.347250
3988  0.347040
3989  0.347938
3990  0.348206
3991  0.348457
3992  0.348552
3993  0.348264
3994  0.348222
3995  0.348187
3996  0.347279
3997  0.346753
3998  0.346767
3999  0.346368
4000  0.346033
4001  0.345864
4002  0.345716
4003  0.346275
4004  0.345963
4005  0.345145
4006  0.344342
4007  0.344321
4008  0.343935
4009  0.343993
4010  0.344167
4011  0.344965
4012  0.345903
4013  0.346156
4014  0.346363
4015  0.347177
4016  0.347045
4017  0.346290
4018  0.346419
4019  0.346606
4020  0.347138
4021  0.346929
4022  0.346277
4023  0.345715
4024  0.345208
4025  0.345641
4026  0.345951
4027  0.346283
4028  0.346114
4029  0.346344
4030  0.346112
4031  0.346088
4032  0.345657
4033  0.346574
4034  0.346400
4035  0.346056
4036  0.346345
4037  0.346612
4038  0.345952
4039  0.346173
4040  0.346592
4041  0.346197
4042  0.345449
4043  0.344334
4044  0.343887
4045  0.343737
4046  0.344814
4047  0.344746
4048  0.345201
4049  0.345121
4050  0.345513
4051  0.345343
4052  0.345086
4053  0.344558
4054  0.344315
4055  0.344889
4056  0.344530
4057  0.344207
4058  0.343342
4059  0.343421
4060  0.343285
4061  0.342520
4062  0.342831
4063  0.343414
4064  0.343932
4065  0.344519
4066  0.344833
4067  0.344747
4068  0.344955
4069  0.344936
4070  0.345361
4071  0.345407
4072  0.346711
4073  0.346250
4074  0.346949
4075  0.347280
4076  0.346391
4077  0.346160
4078  0.346461
4079  0.346662
4080  0.347820
4081  0.348472
4082  0.347435
4083  0.348564
4084  0.348782
4085  0.349783
4086  0.349206
4087  0.349544
4088  0.349208
4089  0.349273
4090  0.348739
4091  0.348328
4092  0.348762
4093  0.348369
4094  0.348640
4095  0.348540
4096  0.348182
4097  0.347413
4098  0.347765
4099  0.347696
4100  0.347093
4101  0.347720
4102  0.348193
4103  0.348843
4104  0.348846
4105  0.348493
4106  0.349149
4107  0.348623
4108  0.347762
4109  0.347648
4110  0.347918
4111  0.347839
4112  0.348426
4113  0.348669
4114  0.347839
4115  0.346966
4116  0.346765
4117  0.346435
4118  0.346778
4119  0.345662
4120  0.345545
4121  0.345558
4122  0.345088
4123  0.344683
4124  0.345088
4125  0.344930
4126  0.345589
4127  0.346054
4128  0.346997
4129  0.347678
4130  0.347793
4131  0.347874
4132  0.347272
4133  0.347295
4134  0.348321
4135  0.348850
4136  0.348972
4137  0.348973
4138  0.349585
4139  0.348922
4140  0.348457
4141  0.348723
4142  0.348828
4143  0.348616
4144  0.348637
4145  0.348452
4146  0.348352
4147  0.349256
4148  0.348841
4149  0.349027
4150  0.349031
4151  0.348965
4152  0.348668
4153  0.348162
4154  0.348128
4155  0.348299
4156  0.348366
4157  0.348474
4158  0.347664
4159  0.346961
4160  0.347439
4161  0.347442
4162  0.346508
4163  0.346576
4164  0.347513
4165  0.347173
4166  0.346721
4167  0.346569
4168  0.347772
4169  0.347369
4170  0.347364
4171  0.347944
4172  0.347838
4173  0.348677
4174  0.348893
4175  0.348756
4176  0.348549
4177  0.349031
4178  0.349265
4179  0.349030
4180  0.348160
4181  0.347878
4182  0.347215
4183  0.347061
4184  0.346514
4185  0.346746
4186  0.346488
4187  0.346234
4188  0.346742
4189  0.346944
4190  0.347045
4191  0.346688
4192  0.346649
4193  0.346283
4194  0.345681
4195  0.345116
4196  0.344954
4197  0.345269
4198  0.345610
4199  0.345527
4200  0.344050
4201  0.344448
4202  0.345088
4203  0.345097
4204  0.346959
4205  0.345874
4206  0.346675
4207  0.346698
4208  0.347161
4209  0.346867
4210  0.347006
4211  0.347005
4212  0.348147
4213  0.347767
4214  0.347374
4215  0.347283
4216  0.347906
4217  0.347686
4218  0.347606
4219  0.347006
4220  0.347062
4221  0.347446
4222  0.348551
4223  0.348063
4224  0.349329
4225  0.348639
4226  0.349713
4227  0.349153
4228  0.348785
4229  0.348745
4230  0.348546
4231  0.348509
4232  0.348186
4233  0.347669
4234  0.347325
4235  0.347532
4236  0.348063
4237  0.347514
4238  0.347610
4239  0.347200
4240  0.347288
4241  0.346799
4242  0.346338
4243  0.346614
4244  0.346670
4245  0.346445
4246  0.347442
4247  0.346964
4248  0.346932
4249  0.346408
4250  0.346591
4251  0.346265
4252  0.346653
4253  0.347265
4254  0.346354
4255  0.346233
4256  0.346203
4257  0.347789
4258  0.347725
4259  0.348535
4260  0.349446
4261  0.348906
4262  0.348382
4263  0.348105
4264  0.348108
4265  0.348664
4266  0.348594
4267  0.348632
4268  0.348595
4269  0.349124
4270  0.349316
4271  0.349065
4272  0.349857
4273  0.349758
4274  0.349780
4275  0.350131
4276  0.350323
4277  0.349446
4278  0.350918
4279  0.351077
4280  0.351460
4281  0.351036
4282  0.351081
4283  0.350837
4284  0.351232
4285  0.350877
4286  0.351724
4287  0.351447
4288  0.351838
4289  0.351828
4290  0.351885
4291  0.350732
4292  0.350775
4293  0.349725
4294  0.349928
4295  0.350465
4296  0.350553
4297  0.350484
4298  0.349838
4299  0.349930
4300  0.350411
4301  0.350698
4302  0.350224
4303  0.351526
4304  0.351382
4305  0.350969
4306  0.350650
4307  0.351840
4308  0.351972
4309  0.351977
4310  0.351287
4311  0.350589
4312  0.350181
4313  0.350450
4314  0.350185
4315  0.350011
4316  0.349668
4317  0.350506
4318  0.349676
4319  0.349588
4320  0.349429
4321  0.349285
4322  0.350724
4323  0.350643
4324  0.349675
4325  0.349013
4326  0.348847
4327  0.348919
4328  0.348577
4329  0.348672
4330  0.349656
4331  0.350311
4332  0.350982
4333  0.351655
4334  0.351524
4335  0.351600
4336  0.351727
4337  0.351428
4338  0.351412
4339  0.350678
4340  0.351574
4341  0.352038
4342  0.353357
4343  0.353473
4344  0.353929
4345  0.353982
4346  0.353647
4347  0.354477
4348  0.354245
4349  0.354016
4350  0.353566
4351  0.352375
4352  0.352427
4353  0.352834
4354  0.351738
4355  0.352350
4356  0.352454
4357  0.352638
4358  0.352597
4359  0.352787
4360  0.352945
4361  0.352990
4362  0.353307
4363  0.353846
4364  0.353976
4365  0.353780
4366  0.353641
4367  0.354380
4368  0.354119
4369  0.354644
4370  0.355086
4371  0.355700
4372  0.355670
4373  0.355487
4374  0.355495
4375  0.356002
4376  0.356427
4377  0.356608
4378  0.356663
4379  0.356225
4380  0.357027
4381  0.356928
4382  0.357090
4383  0.356494
4384  0.356032
4385  0.355754
4386  0.354553
4387  0.354636
4388  0.353889
4389  0.352810
4390  0.352824
4391  0.353333
4392  0.353485
4393  0.352936
4394  0.352930
4395  0.353206
4396  0.353069
4397  0.352498
4398  0.352908
4399  0.353131
4400  0.353623
4401  0.353619
4402  0.353110
4403  0.353609
4404  0.354212
4405  0.354063
4406  0.354349
4407  0.354151
4408  0.353870
4409  0.353394
4410  0.353816
4411  0.353591
4412  0.354219
4413  0.353779
4414  0.353403
4415  0.352887
4416  0.352904
4417  0.353574
4418  0.353313
4419  0.353402
4420  0.353493
4421  0.353175
4422  0.352537
4423  0.352380
4424  0.352158
4425  0.351817
4426  0.352427
4427  0.352157
4428  0.351798
4429  0.351490
4430  0.350970
4431  0.351257
4432  0.351988
4433  0.352063
4434  0.353417
4435  0.354177
4436  0.354565
4437  0.354245
4438  0.354315
4439  0.353234
4440  0.354190
4441  0.354572
4442  0.355020
4443  0.354565
4444  0.354832
4445  0.355174
4446  0.355286
4447  0.354913
4448  0.354220
4449  0.354560
4450  0.354452
4451  0.353564
4452  0.353545
4453  0.353063
4454  0.353557
4455  0.352927
4456  0.352525
4457  0.352828
4458  0.351601
4459  0.351775
4460  0.351518
4461  0.352391
4462  0.351250
4463  0.351652
4464  0.351312
4465  0.350459
4466  0.350404
4467  0.350495
4468  0.350809
4469  0.350297
4470  0.350608
4471  0.349922
4472  0.349298
4473  0.349674
4474  0.349503
4475  0.348967
4476  0.349515
4477  0.350416
4478  0.349699
4479  0.349428
4480  0.349380
4481  0.349654
4482  0.349324
4483  0.350004
4484  0.349019
4485  0.348750
4486  0.349421
4487  0.348784
4488  0.349179
4489  0.349017
4490  0.348703
4491  0.349342
4492  0.347570
4493  0.347997
4494  0.347996
4495  0.347620
4496  0.347738
4497  0.347734
4498  0.347681
4499  0.347708
4500  0.349188
4501  0.350094
4502  0.349863
4503  0.349471
4504  0.349814
4505  0.349631
4506  0.349110
4507  0.349429
4508  0.349829
4509  0.349781
4510  0.350534
4511  0.350519
4512  0.350840
4513  0.350826
4514  0.351866
4515  0.352377
4516  0.352885
4517  0.352948
4518  0.351807
4519  0.351603
4520  0.351619
4521  0.350861
4522  0.350915
4523  0.351246
4524  0.351481
4525  0.351235
4526  0.350343
4527  0.350700
4528  0.350415
4529  0.350463
4530  0.350216
4531  0.349978
4532  0.350125
4533  0.349077
4534  0.349952
4535  0.350012
4536  0.350450
4537  0.351298
4538  0.352088
4539  0.354094
4540  0.354973
4541  0.355345
4542  0.354170
4543  0.354997
4544  0.356012
4545  0.356099
4546  0.356672
4547  0.357103
4548  0.357585
4549  0.357026
4550  0.356993
4551  0.356177
4552  0.356474
4553  0.356516
4554  0.356846
4555  0.356743
4556  0.357772
4557  0.358508
4558  0.358415
4559  0.357819
4560  0.357563
4561  0.357523
4562  0.355942
4563  0.355800
4564  0.354962
4565  0.354872
4566  0.355220
4567  0.355431
4568  0.354789
4569  0.354991
4570  0.354780
4571  0.354858
4572  0.354926
4573  0.355916
4574  0.355891
4575  0.355961
4576  0.356317
4577  0.356524
4578  0.356647
4579  0.357198
4580  0.357793
4581  0.356847
4582  0.357332
4583  0.358181
4584  0.358126
4585  0.357772
4586  0.356913
4587  0.357198
4588  0.356878
4589  0.356214
4590  0.356011
4591  0.355577
4592  0.355580
4593  0.355975
4594  0.356521
4595  0.356576
4596  0.356604
4597  0.356706
4598  0.356716
4599  0.355954
4600  0.355579
4601  0.355744
4602  0.356611
4603  0.356688
4604  0.356467
4605  0.356226
4606  0.356169
4607  0.356041
4608  0.356034
4609  0.355767
4610  0.355949
4611  0.355176
4612  0.354846
4613  0.353900
4614  0.354377
4615  0.355098
4616  0.355643
4617  0.356954
4618  0.356715
4619  0.356749
4620  0.356581
4621  0.356845
4622  0.356953
4623  0.357174
4624  0.357185
4625  0.357673
4626  0.356785
4627  0.356559
4628  0.356218
4629  0.355891
4630  0.356045
4631  0.357310
4632  0.357964
4633  0.357699
4634  0.358387
4635  0.357262
4636  0.356848
4637  0.357409
4638  0.356789
4639  0.356518
4640  0.355859
4641  0.355856
4642  0.356077
4643  0.355203
4644  0.355058
4645  0.355643
4646  0.355149
4647  0.355243
4648  0.355947
4649  0.355226
4650  0.355504
4651  0.355599
4652  0.356728
4653  0.357240
4654  0.357201
4655  0.356852
4656  0.357837
4657  0.357767
4658  0.357900
4659  0.357640
4660  0.357804
4661  0.357716
4662  0.357531
4663  0.356162
4664  0.355874
4665  0.355772
4666  0.355962
4667  0.356239
4668  0.355044
4669  0.355404
4670  0.353772
4671  0.353096
4672  0.353575
4673  0.354102
4674  0.354604
4675  0.354107
4676  0.354286
4677  0.354074
4678  0.353936
4679  0.353855
4680  0.353970
4681  0.353803
4682  0.355248
4683  0.356071
4684  0.356674
4685  0.356986
4686  0.356412
4687  0.356452
4688  0.356826
4689  0.356796
4690  0.357161
4691  0.357069
4692  0.356177
4693  0.357449
4694  0.357398
4695  0.358044
4696  0.357575
4697  0.356860
4698  0.357776
4699  0.358376
4700  0.358281
4701  0.357037
4702  0.357081
4703  0.356894
4704  0.357113
4705  0.357099
4706  0.357282
4707  0.356766
4708  0.356187
4709  0.356247
4710  0.356307
4711  0.356892
4712  0.357077
4713  0.357538
4714  0.357678
4715  0.357160
4716  0.357254
4717  0.357371
4718  0.357474
4719  0.357135
4720  0.356587
4721  0.357145
4722  0.357601
4723  0.357925
4724  0.357704
4725  0.358779
4726  0.359777
4727  0.359760
4728  0.359126
4729  0.359955
4730  0.359048
4731  0.358303
4732  0.358431
4733  0.358288
4734  0.358243
4735  0.357273
4736  0.357383
4737  0.358046
4738  0.358143
4739  0.358390
4740  0.357732
4741  0.358131
4742  0.357975
4743  0.358297
4744  0.358497
4745  0.358226
4746  0.358499
4747  0.358249
4748  0.357939
4749  0.357582
4750  0.357546
4751  0.358139
4752  0.358248
4753  0.357396
4754  0.357721
4755  0.357469
4756  0.357517
4757  0.357302
4758  0.357414
4759  0.357216
4760  0.356605
4761  0.356492
4762  0.357043
4763  0.356141
4764  0.356422
4765  0.356883
4766  0.356666
4767  0.356292
4768  0.355465
4769  0.355798
4770  0.356507
4771  0.356756
4772  0.356609
4773  0.356976
4774  0.357302
4775  0.356896
4776  0.356568
4777  0.356146
4778  0.356422
4779  0.356694
4780  0.356428
4781  0.356791
4782  0.356817
4783  0.356299
4784  0.355653
4785  0.356226
4786  0.356904
4787  0.357236
4788  0.357646
4789  0.357320
4790  0.357284
4791  0.357912
4792  0.358023
4793  0.357716
4794  0.357210
4795  0.356133
4796  0.356044
4797  0.356416
4798  0.356863
4799  0.356774
4800  0.355100
4801  0.353944
4802  0.353762
4803  0.353170
4804  0.352715
4805  0.352783
4806  0.353076
4807  0.353478
4808  0.353483
4809  0.354404
4810  0.355267
4811  0.356229
4812  0.356002
4813  0.356281
4814  0.356267
4815  0.356246
4816  0.356609
4817  0.355884
4818  0.354805
4819  0.354780
4820  0.354952
4821  0.354597
4822  0.355065
4823  0.355713
4824  0.355120
4825  0.355229
4826  0.354880
4827  0.354773
4828  0.354648
4829  0.355012
4830  0.353927
4831  0.354007
4832  0.353618
4833  0.353941
4834  0.354553
4835  0.355120
4836  0.354606
4837  0.355272
4838  0.355402
4839  0.355737
4840  0.355557
4841  0.355263
4842  0.354125
4843  0.353757
4844  0.353450
4845  0.353814
4846  0.353528
4847  0.353232
4848  0.354210
4849  0.354382
4850  0.354366
4851  0.354553
4852  0.355145
4853  0.355369
4854  0.356389
4855  0.356676
4856  0.356255
4857  0.355806
4858  0.355568
4859  0.355156
4860  0.355023
4861  0.355582
4862  0.356339
4863  0.356256
4864  0.356458
4865  0.356597
4866  0.357043
4867  0.356747
4868  0.356540
4869  0.356346
4870  0.356447
4871  0.357408
4872  0.357020
4873  0.357545
4874  0.357485
4875  0.357396
4876  0.357227
4877  0.356893
4878  0.357436
4879  0.357639
4880  0.357974
4881  0.357162
4882  0.357255
4883  0.357630
4884  0.356827
4885  0.356811
4886  0.356197
4887  0.355969
4888  0.355557
4889  0.355997
4890  0.355937
4891  0.356016
4892  0.357042
4893  0.356425
4894  0.356624
4895  0.355662
4896  0.355656
4897  0.354677
4898  0.354379
4899  0.354255
4900  0.354399
4901  0.354161
4902  0.354451
4903  0.355322
4904  0.355883
4905  0.355534
4906  0.357048
4907  0.357104
4908  0.356741
4909  0.357000
4910  0.356924
4911  0.358226
4912  0.356632
4913  0.356127
4914  0.357599
4915  0.357667
4916  0.357806
4917  0.356712
4918  0.357118
4919  0.357282
4920  0.356570
4921  0.355941
4922  0.355823
4923  0.356371
4924  0.355878
4925  0.355819
4926  0.355187
4927  0.354905
4928  0.355038
4929  0.355396
4930  0.355484
4931  0.354157
4932  0.353892
4933  0.354041
4934  0.353524
4935  0.353320
4936  0.352963
4937  0.352218
4938  0.352482
4939  0.352598
4940  0.352701
4941  0.352828
4942  0.352426
4943  0.351567
4944  0.350780
4945  0.350115
4946  0.350561
4947  0.351253
4948  0.351589
4949  0.351796
4950  0.352032
4951  0.352383
4952  0.352435
4953  0.352445
4954  0.353142
4955  0.354068
4956  0.353651
4957  0.353882
4958  0.354724
4959  0.354898
4960  0.355161
4961  0.355294
4962  0.355442
4963  0.354186
4964  0.354085
4965  0.354457
4966  0.355317
4967  0.354976
4968  0.354677
4969  0.354161
4970  0.353972
4971  0.354157
4972  0.354328
4973  0.354214
4974  0.354597
4975  0.354114
4976  0.353996
4977  0.354323
4978  0.353698
4979  0.353768
4980  0.353531
4981  0.353163
4982  0.353281
4983  0.352627
4984  0.352100
4985  0.352215
4986  0.351563
4987  0.351463
4988  0.351110
4989  0.351831
4990  0.352967
4991  0.352897
4992  0.352480
4993  0.353491
4994  0.354517
4995  0.353775
4996  0.352857
4997  0.352902
4998  0.353121
4999  0.353435
