# Timeseries for σ = 0.1
# step  R_global
0  0.999986
1  0.999949
2  0.999901
3  0.999856
4  0.999808
5  0.999765
6  0.999720
7  0.999676
8  0.999633
9  0.999590
10  0.999547
11  0.999504
12  0.999466
13  0.999425
14  0.999390
15  0.999349
16  0.999314
17  0.999278
18  0.999243
19  0.999207
20  0.999166
21  0.999133
22  0.999091
23  0.999061
24  0.999026
25  0.999007
26  0.998980
27  0.998957
28  0.998932
29  0.998907
30  0.998885
31  0.998856
32  0.998829
33  0.998808
34  0.998775
35  0.998747
36  0.998712
37  0.998685
38  0.998660
39  0.998643
40  0.998623
41  0.998600
42  0.998574
43  0.998558
44  0.998541
45  0.998512
46  0.998498
47  0.998473
48  0.998449
49  0.998426
50  0.998404
51  0.998383
52  0.998363
53  0.998348
54  0.998319
55  0.998297
56  0.998281
57  0.998265
58  0.998245
59  0.998231
60  0.998213
61  0.998192
62  0.998182
63  0.998179
64  0.998167
65  0.998152
66  0.998127
67  0.998129
68  0.998118
69  0.998097
70  0.998092
71  0.998084
72  0.998075
73  0.998062
74  0.998045
75  0.998028
76  0.998014
77  0.998005
78  0.997988
79  0.997977
80  0.997973
81  0.997953
82  0.997936
83  0.997926
84  0.997915
85  0.997906
86  0.997881
87  0.997875
88  0.997860
89  0.997854
90  0.997840
91  0.997829
92  0.997822
93  0.997812
94  0.997798
95  0.997800
96  0.997785
97  0.997781
98  0.997776
99  0.997754
100  0.997746
101  0.997736
102  0.997722
103  0.997716
104  0.997709
105  0.997699
106  0.997701
107  0.997699
108  0.997684
109  0.997679
110  0.997669
111  0.997651
112  0.997647
113  0.997654
114  0.997646
115  0.997638
116  0.997634
117  0.997622
118  0.997609
119  0.997608
120  0.997610
121  0.997603
122  0.997594
123  0.997588
124  0.997582
125  0.997582
126  0.997582
127  0.997580
128  0.997577
129  0.997569
130  0.997566
131  0.997559
132  0.997555
133  0.997558
134  0.997557
135  0.997552
136  0.997553
137  0.997545
138  0.997534
139  0.997530
140  0.997527
141  0.997526
142  0.997516
143  0.997510
144  0.997509
145  0.997503
146  0.997512
147  0.997508
148  0.997502
149  0.997491
150  0.997487
151  0.997482
152  0.997478
153  0.997474
154  0.997466
155  0.997457
156  0.997452
157  0.997432
158  0.997427
159  0.997437
160  0.997434
161  0.997429
162  0.997427
163  0.997422
164  0.997410
165  0.997410
166  0.997400
167  0.997388
168  0.997368
169  0.997356
170  0.997349
171  0.997345
172  0.997344
173  0.997339
174  0.997342
175  0.997333
176  0.997334
177  0.997325
178  0.997317
179  0.997324
180  0.997318
181  0.997316
182  0.997320
183  0.997328
184  0.997316
185  0.997312
186  0.997316
187  0.997316
188  0.997316
189  0.997309
190  0.997309
191  0.997303
192  0.997291
193  0.997291
194  0.997280
195  0.997275
196  0.997271
197  0.997275
198  0.997269
199  0.997263
200  0.997262
201  0.997252
202  0.997245
203  0.997238
204  0.997236
205  0.997224
206  0.997232
207  0.997222
208  0.997213
209  0.997196
210  0.997201
211  0.997199
212  0.997209
213  0.997200
214  0.997201
215  0.997201
216  0.997201
217  0.997202
218  0.997194
219  0.997195
220  0.997196
221  0.997212
222  0.997208
223  0.997210
224  0.997195
225  0.997196
226  0.997200
227  0.997195
228  0.997197
229  0.997197
230  0.997185
231  0.997181
232  0.997177
233  0.997173
234  0.997168
235  0.997175
236  0.997176
237  0.997173
238  0.997175
239  0.997175
240  0.997176
241  0.997173
242  0.997171
243  0.997158
244  0.997154
245  0.997159
246  0.997151
247  0.997151
248  0.997144
249  0.997147
250  0.997147
251  0.997149
252  0.997149
253  0.997150
254  0.997159
255  0.997154
256  0.997146
257  0.997141
258  0.997143
259  0.997154
260  0.997162
261  0.997146
262  0.997147
263  0.997135
264  0.997131
265  0.997129
266  0.997118
267  0.997124
268  0.997121
269  0.997120
270  0.997115
271  0.997118
272  0.997116
273  0.997128
274  0.997120
275  0.997114
276  0.997109
277  0.997119
278  0.997129
279  0.997120
280  0.997115
281  0.997115
282  0.997116
283  0.997108
284  0.997101
285  0.997106
286  0.997109
287  0.997100
288  0.997095
289  0.997084
290  0.997075
291  0.997079
292  0.997079
293  0.997077
294  0.997068
295  0.997070
296  0.997065
297  0.997061
298  0.997055
299  0.997064
300  0.997054
301  0.997051
302  0.997060
303  0.997060
304  0.997052
305  0.997056
306  0.997054
307  0.997048
308  0.997050
309  0.997061
310  0.997049
311  0.997053
312  0.997053
313  0.997057
314  0.997050
315  0.997042
316  0.997050
317  0.997043
318  0.997037
319  0.997040
320  0.997033
321  0.997036
322  0.997027
323  0.997022
324  0.997015
325  0.997010
326  0.997011
327  0.997005
328  0.997009
329  0.997007
330  0.996998
331  0.996990
332  0.996989
333  0.996989
334  0.996980
335  0.996972
336  0.996968
337  0.996966
338  0.996972
339  0.996962
340  0.996968
341  0.996964
342  0.996966
343  0.996960
344  0.996968
345  0.996965
346  0.996962
347  0.996956
348  0.996952
349  0.996952
350  0.996951
351  0.996944
352  0.996954
353  0.996966
354  0.996962
355  0.996965
356  0.996968
357  0.996968
358  0.996963
359  0.996960
360  0.996956
361  0.996959
362  0.996946
363  0.996951
364  0.996943
365  0.996932
366  0.996932
367  0.996924
368  0.996919
369  0.996912
370  0.996908
371  0.996899
372  0.996905
373  0.996903
374  0.996905
375  0.996907
376  0.996897
377  0.996898
378  0.996892
379  0.996894
380  0.996897
381  0.996900
382  0.996907
383  0.996904
384  0.996904
385  0.996893
386  0.996878
387  0.996870
388  0.996869
389  0.996876
390  0.996867
391  0.996877
392  0.996879
393  0.996880
394  0.996893
395  0.996898
396  0.996885
397  0.996884
398  0.996871
399  0.996869
400  0.996858
401  0.996856
402  0.996856
403  0.996862
404  0.996872
405  0.996864
406  0.996875
407  0.996872
408  0.996868
409  0.996859
410  0.996864
411  0.996854
412  0.996864
413  0.996862
414  0.996868
415  0.996862
416  0.996850
417  0.996852
418  0.996853
419  0.996849
420  0.996855
421  0.996853
422  0.996852
423  0.996863
424  0.996864
425  0.996865
426  0.996870
427  0.996887
428  0.996892
429  0.996896
430  0.996890
431  0.996889
432  0.996900
433  0.996896
434  0.996897
435  0.996903
436  0.996897
437  0.996894
438  0.996897
439  0.996893
440  0.996895
441  0.996905
442  0.996899
443  0.996899
444  0.996898
445  0.996903
446  0.996896
447  0.996891
448  0.996898
449  0.996895
450  0.996895
451  0.996895
452  0.996897
453  0.996890
454  0.996894
455  0.996892
456  0.996884
457  0.996881
458  0.996873
459  0.996872
460  0.996870
461  0.996869
462  0.996859
463  0.996852
464  0.996844
465  0.996838
466  0.996827
467  0.996833
468  0.996832
469  0.996831
470  0.996820
471  0.996827
472  0.996825
473  0.996819
474  0.996816
475  0.996809
476  0.996812
477  0.996812
478  0.996812
479  0.996817
480  0.996835
481  0.996837
482  0.996823
483  0.996811
484  0.996818
485  0.996818
486  0.996816
487  0.996820
488  0.996814
489  0.996810
490  0.996806
491  0.996813
492  0.996812
493  0.996811
494  0.996809
495  0.996808
496  0.996808
497  0.996809
498  0.996806
499  0.996800
500  0.996807
501  0.996798
502  0.996805
503  0.996821
504  0.996819
505  0.996820
506  0.996813
507  0.996815
508  0.996803
509  0.996804
510  0.996793
511  0.996790
512  0.996799
513  0.996801
514  0.996804
515  0.996798
516  0.996817
517  0.996816
518  0.996811
519  0.996805
520  0.996817
521  0.996808
522  0.996797
523  0.996804
524  0.996808
525  0.996799
526  0.996795
527  0.996790
528  0.996785
529  0.996776
530  0.996776
531  0.996787
532  0.996778
533  0.996787
534  0.996799
535  0.996795
536  0.996794
537  0.996790
538  0.996805
539  0.996807
540  0.996804
541  0.996795
542  0.996796
543  0.996795
544  0.996785
545  0.996787
546  0.996785
547  0.996787
548  0.996786
549  0.996773
550  0.996778
551  0.996776
552  0.996784
553  0.996785
554  0.996788
555  0.996798
556  0.996796
557  0.996800
558  0.996802
559  0.996799
560  0.996813
561  0.996827
562  0.996829
563  0.996829
564  0.996827
565  0.996813
566  0.996803
567  0.996805
568  0.996808
569  0.996811
570  0.996806
571  0.996810
572  0.996809
573  0.996800
574  0.996811
575  0.996813
576  0.996814
577  0.996818
578  0.996814
579  0.996805
580  0.996806
581  0.996809
582  0.996802
583  0.996807
584  0.996812
585  0.996814
586  0.996809
587  0.996801
588  0.996812
589  0.996814
590  0.996809
591  0.996818
592  0.996814
593  0.996815
594  0.996817
595  0.996809
596  0.996813
597  0.996809
598  0.996811
599  0.996822
600  0.996831
601  0.996824
602  0.996831
603  0.996832
604  0.996838
605  0.996837
606  0.996844
607  0.996857
608  0.996859
609  0.996856
610  0.996849
611  0.996857
612  0.996851
613  0.996836
614  0.996828
615  0.996828
616  0.996825
617  0.996823
618  0.996828
619  0.996830
620  0.996842
621  0.996848
622  0.996854
623  0.996852
624  0.996846
625  0.996839
626  0.996846
627  0.996844
628  0.996838
629  0.996843
630  0.996841
631  0.996847
632  0.996852
633  0.996839
634  0.996848
635  0.996857
636  0.996853
637  0.996854
638  0.996851
639  0.996858
640  0.996852
641  0.996842
642  0.996847
643  0.996841
644  0.996833
645  0.996832
646  0.996830
647  0.996831
648  0.996830
649  0.996825
650  0.996815
651  0.996815
652  0.996806
653  0.996815
654  0.996816
655  0.996819
656  0.996819
657  0.996819
658  0.996818
659  0.996835
660  0.996847
661  0.996859
662  0.996855
663  0.996857
664  0.996850
665  0.996843
666  0.996837
667  0.996838
668  0.996845
669  0.996856
670  0.996859
671  0.996853
672  0.996862
673  0.996873
674  0.996865
675  0.996858
676  0.996847
677  0.996838
678  0.996828
679  0.996824
680  0.996830
681  0.996828
682  0.996826
683  0.996815
684  0.996814
685  0.996816
686  0.996818
687  0.996825
688  0.996817
689  0.996820
690  0.996824
691  0.996824
692  0.996817
693  0.996818
694  0.996818
695  0.996810
696  0.996813
697  0.996815
698  0.996806
699  0.996799
700  0.996794
701  0.996783
702  0.996782
703  0.996784
704  0.996786
705  0.996789
706  0.996787
707  0.996792
708  0.996787
709  0.996801
710  0.996796
711  0.996792
712  0.996793
713  0.996794
714  0.996798
715  0.996805
716  0.996796
717  0.996790
718  0.996794
719  0.996798
720  0.996795
721  0.996785
722  0.996795
723  0.996794
724  0.996795
725  0.996790
726  0.996791
727  0.996789
728  0.996789
729  0.996788
730  0.996791
731  0.996797
732  0.996791
733  0.996793
734  0.996793
735  0.996798
736  0.996800
737  0.996791
738  0.996786
739  0.996782
740  0.996782
741  0.996783
742  0.996789
743  0.996796
744  0.996795
745  0.996808
746  0.996801
747  0.996810
748  0.996811
749  0.996803
750  0.996790
751  0.996796
752  0.996802
753  0.996805
754  0.996797
755  0.996802
756  0.996788
757  0.996778
758  0.996779
759  0.996774
760  0.996777
761  0.996784
762  0.996780
763  0.996778
764  0.996782
765  0.996797
766  0.996788
767  0.996792
768  0.996792
769  0.996785
770  0.996796
771  0.996797
772  0.996801
773  0.996804
774  0.996795
775  0.996789
776  0.996788
777  0.996790
778  0.996792
779  0.996789
780  0.996781
781  0.996781
782  0.996789
783  0.996787
784  0.996791
785  0.996797
786  0.996789
787  0.996783
788  0.996774
789  0.996778
790  0.996780
791  0.996774
792  0.996777
793  0.996776
794  0.996780
795  0.996783
796  0.996783
797  0.996793
798  0.996795
799  0.996796
800  0.996785
801  0.996785
802  0.996785
803  0.996786
804  0.996791
805  0.996787
806  0.996781
807  0.996787
808  0.996782
809  0.996791
810  0.996781
811  0.996780
812  0.996784
813  0.996790
814  0.996791
815  0.996798
816  0.996809
817  0.996811
818  0.996815
819  0.996831
820  0.996839
821  0.996832
822  0.996831
823  0.996824
824  0.996832
825  0.996807
826  0.996820
827  0.996819
828  0.996826
829  0.996822
830  0.996807
831  0.996802
832  0.996797
833  0.996801
834  0.996808
835  0.996792
836  0.996787
837  0.996788
838  0.996792
839  0.996798
840  0.996798
841  0.996795
842  0.996797
843  0.996797
844  0.996796
845  0.996803
846  0.996803
847  0.996790
848  0.996800
849  0.996805
850  0.996807
851  0.996802
852  0.996789
853  0.996793
854  0.996787
855  0.996789
856  0.996797
857  0.996795
858  0.996798
859  0.996796
860  0.996805
861  0.996798
862  0.996800
863  0.996793
864  0.996786
865  0.996784
866  0.996783
867  0.996793
868  0.996780
869  0.996771
870  0.996775
871  0.996769
872  0.996764
873  0.996756
874  0.996757
875  0.996753
876  0.996741
877  0.996734
878  0.996740
879  0.996735
880  0.996739
881  0.996738
882  0.996739
883  0.996741
884  0.996737
885  0.996749
886  0.996756
887  0.996748
888  0.996741
889  0.996731
890  0.996735
891  0.996743
892  0.996734
893  0.996740
894  0.996743
895  0.996750
896  0.996746
897  0.996737
898  0.996751
899  0.996758
900  0.996754
901  0.996762
902  0.996759
903  0.996764
904  0.996771
905  0.996770
906  0.996780
907  0.996785
908  0.996790
909  0.996786
910  0.996793
911  0.996793
912  0.996794
913  0.996796
914  0.996799
915  0.996794
916  0.996800
917  0.996785
918  0.996796
919  0.996808
920  0.996811
921  0.996805
922  0.996803
923  0.996816
924  0.996819
925  0.996830
926  0.996820
927  0.996819
928  0.996815
929  0.996815
930  0.996813
931  0.996800
932  0.996799
933  0.996793
934  0.996789
935  0.996782
936  0.996784
937  0.996789
938  0.996794
939  0.996796
940  0.996791
941  0.996794
942  0.996792
943  0.996803
944  0.996782
945  0.996770
946  0.996767
947  0.996763
948  0.996765
949  0.996763
950  0.996755
951  0.996769
952  0.996765
953  0.996759
954  0.996751
955  0.996758
956  0.996755
957  0.996749
958  0.996754
959  0.996765
960  0.996751
961  0.996763
962  0.996759
963  0.996747
964  0.996756
965  0.996768
966  0.996766
967  0.996759
968  0.996758
969  0.996754
970  0.996756
971  0.996763
972  0.996753
973  0.996755
974  0.996756
975  0.996754
976  0.996746
977  0.996753
978  0.996745
979  0.996745
980  0.996744
981  0.996737
982  0.996738
983  0.996727
984  0.996731
985  0.996725
986  0.996732
987  0.996736
988  0.996728
989  0.996727
990  0.996716
991  0.996710
992  0.996712
993  0.996697
994  0.996694
995  0.996700
996  0.996703
997  0.996701
998  0.996706
999  0.996693
1000  0.996703
1001  0.996708
1002  0.996707
1003  0.996720
1004  0.996732
1005  0.996737
1006  0.996740
1007  0.996737
1008  0.996739
1009  0.996729
1010  0.996737
1011  0.996746
1012  0.996750
1013  0.996742
1014  0.996750
1015  0.996750
1016  0.996753
1017  0.996753
1018  0.996745
1019  0.996741
1020  0.996749
1021  0.996747
1022  0.996740
1023  0.996739
1024  0.996728
1025  0.996723
1026  0.996727
1027  0.996738
1028  0.996741
1029  0.996739
1030  0.996740
1031  0.996730
1032  0.996721
1033  0.996734
1034  0.996744
1035  0.996743
1036  0.996743
1037  0.996742
1038  0.996741
1039  0.996746
1040  0.996739
1041  0.996742
1042  0.996733
1043  0.996724
1044  0.996724
1045  0.996714
1046  0.996718
1047  0.996723
1048  0.996728
1049  0.996728
1050  0.996732
1051  0.996744
1052  0.996734
1053  0.996727
1054  0.996729
1055  0.996724
1056  0.996733
1057  0.996744
1058  0.996741
1059  0.996746
1060  0.996735
1061  0.996741
1062  0.996749
1063  0.996756
1064  0.996754
1065  0.996756
1066  0.996755
1067  0.996757
1068  0.996757
1069  0.996752
1070  0.996763
1071  0.996771
1072  0.996767
1073  0.996762
1074  0.996763
1075  0.996765
1076  0.996768
1077  0.996763
1078  0.996771
1079  0.996771
1080  0.996765
1081  0.996758
1082  0.996758
1083  0.996761
1084  0.996755
1085  0.996752
1086  0.996753
1087  0.996748
1088  0.996755
1089  0.996750
1090  0.996749
1091  0.996752
1092  0.996737
1093  0.996743
1094  0.996744
1095  0.996744
1096  0.996744
1097  0.996734
1098  0.996734
1099  0.996737
1100  0.996747
1101  0.996751
1102  0.996761
1103  0.996773
1104  0.996773
1105  0.996771
1106  0.996772
1107  0.996773
1108  0.996777
1109  0.996776
1110  0.996767
1111  0.996771
1112  0.996755
1113  0.996755
1114  0.996760
1115  0.996758
1116  0.996761
1117  0.996765
1118  0.996765
1119  0.996767
1120  0.996764
1121  0.996771
1122  0.996782
1123  0.996777
1124  0.996782
1125  0.996784
1126  0.996783
1127  0.996790
1128  0.996798
1129  0.996796
1130  0.996787
1131  0.996789
1132  0.996787
1133  0.996778
1134  0.996781
1135  0.996783
1136  0.996777
1137  0.996780
1138  0.996776
1139  0.996775
1140  0.996778
1141  0.996771
1142  0.996779
1143  0.996774
1144  0.996782
1145  0.996780
1146  0.996776
1147  0.996773
1148  0.996778
1149  0.996775
1150  0.996769
1151  0.996770
1152  0.996766
1153  0.996766
1154  0.996765
1155  0.996760
1156  0.996767
1157  0.996768
1158  0.996767
1159  0.996765
1160  0.996765
1161  0.996756
1162  0.996759
1163  0.996756
1164  0.996755
1165  0.996735
1166  0.996731
1167  0.996747
1168  0.996759
1169  0.996758
1170  0.996745
1171  0.996751
1172  0.996754
1173  0.996738
1174  0.996731
1175  0.996734
1176  0.996730
1177  0.996721
1178  0.996724
1179  0.996737
1180  0.996740
1181  0.996739
1182  0.996739
1183  0.996746
1184  0.996742
1185  0.996743
1186  0.996741
1187  0.996740
1188  0.996736
1189  0.996737
1190  0.996728
1191  0.996723
1192  0.996726
1193  0.996721
1194  0.996721
1195  0.996720
1196  0.996733
1197  0.996733
1198  0.996727
1199  0.996734
1200  0.996737
1201  0.996748
1202  0.996745
1203  0.996740
1204  0.996742
1205  0.996746
1206  0.996745
1207  0.996745
1208  0.996744
1209  0.996743
1210  0.996741
1211  0.996749
1212  0.996745
1213  0.996746
1214  0.996750
1215  0.996746
1216  0.996738
1217  0.996725
1218  0.996727
1219  0.996723
1220  0.996726
1221  0.996720
1222  0.996732
1223  0.996730
1224  0.996727
1225  0.996724
1226  0.996730
1227  0.996728
1228  0.996730
1229  0.996724
1230  0.996718
1231  0.996722
1232  0.996723
1233  0.996719
1234  0.996722
1235  0.996728
1236  0.996719
1237  0.996716
1238  0.996709
1239  0.996713
1240  0.996719
1241  0.996729
1242  0.996729
1243  0.996719
1244  0.996716
1245  0.996715
1246  0.996715
1247  0.996719
1248  0.996704
1249  0.996701
1250  0.996691
1251  0.996691
1252  0.996686
1253  0.996676
1254  0.996661
1255  0.996658
1256  0.996648
1257  0.996652
1258  0.996655
1259  0.996651
1260  0.996647
1261  0.996661
1262  0.996677
1263  0.996673
1264  0.996696
1265  0.996689
1266  0.996679
1267  0.996675
1268  0.996681
1269  0.996677
1270  0.996678
1271  0.996678
1272  0.996680
1273  0.996676
1274  0.996679
1275  0.996683
1276  0.996693
1277  0.996697
1278  0.996698
1279  0.996690
1280  0.996679
1281  0.996686
1282  0.996686
1283  0.996696
1284  0.996689
1285  0.996679
1286  0.996676
1287  0.996684
1288  0.996690
1289  0.996698
1290  0.996687
1291  0.996691
1292  0.996692
1293  0.996698
1294  0.996693
1295  0.996684
1296  0.996688
1297  0.996684
1298  0.996693
1299  0.996704
1300  0.996704
1301  0.996702
1302  0.996703
1303  0.996687
1304  0.996683
1305  0.996676
1306  0.996680
1307  0.996672
1308  0.996660
1309  0.996659
1310  0.996665
1311  0.996643
1312  0.996639
1313  0.996650
1314  0.996666
1315  0.996665
1316  0.996669
1317  0.996665
1318  0.996673
1319  0.996664
1320  0.996672
1321  0.996670
1322  0.996676
1323  0.996662
1324  0.996678
1325  0.996674
1326  0.996673
1327  0.996679
1328  0.996669
1329  0.996668
1330  0.996666
1331  0.996677
1332  0.996680
1333  0.996674
1334  0.996666
1335  0.996651
1336  0.996641
1337  0.996632
1338  0.996644
1339  0.996646
1340  0.996646
1341  0.996642
1342  0.996639
1343  0.996633
1344  0.996633
1345  0.996634
1346  0.996642
1347  0.996642
1348  0.996640
1349  0.996629
1350  0.996643
1351  0.996625
1352  0.996617
1353  0.996620
1354  0.996612
1355  0.996617
1356  0.996627
1357  0.996627
1358  0.996625
1359  0.996628
1360  0.996633
1361  0.996626
1362  0.996635
1363  0.996638
1364  0.996637
1365  0.996629
1366  0.996625
1367  0.996605
1368  0.996616
1369  0.996612
1370  0.996593
1371  0.996594
1372  0.996587
1373  0.996593
1374  0.996580
1375  0.996581
1376  0.996575
1377  0.996582
1378  0.996585
1379  0.996594
1380  0.996594
1381  0.996591
1382  0.996601
1383  0.996618
1384  0.996619
1385  0.996612
1386  0.996612
1387  0.996614
1388  0.996623
1389  0.996625
1390  0.996623
1391  0.996635
1392  0.996643
1393  0.996629
1394  0.996637
1395  0.996634
1396  0.996641
1397  0.996642
1398  0.996629
1399  0.996637
1400  0.996635
1401  0.996625
1402  0.996625
1403  0.996611
1404  0.996609
1405  0.996613
1406  0.996607
1407  0.996595
1408  0.996598
1409  0.996598
1410  0.996609
1411  0.996606
1412  0.996599
1413  0.996604
1414  0.996605
1415  0.996605
1416  0.996598
1417  0.996594
1418  0.996602
1419  0.996605
1420  0.996612
1421  0.996608
1422  0.996612
1423  0.996611
1424  0.996614
1425  0.996618
1426  0.996621
1427  0.996621
1428  0.996617
1429  0.996627
1430  0.996628
1431  0.996623
1432  0.996624
1433  0.996626
1434  0.996628
1435  0.996632
1436  0.996639
1437  0.996639
1438  0.996636
1439  0.996640
1440  0.996642
1441  0.996649
1442  0.996656
1443  0.996664
1444  0.996653
1445  0.996651
1446  0.996647
1447  0.996656
1448  0.996650
1449  0.996657
1450  0.996669
1451  0.996670
1452  0.996664
1453  0.996650
1454  0.996650
1455  0.996647
1456  0.996637
1457  0.996636
1458  0.996642
1459  0.996641
1460  0.996638
1461  0.996634
1462  0.996631
1463  0.996648
1464  0.996655
1465  0.996656
1466  0.996659
1467  0.996667
1468  0.996667
1469  0.996668
1470  0.996657
1471  0.996655
1472  0.996662
1473  0.996663
1474  0.996660
1475  0.996659
1476  0.996665
1477  0.996661
1478  0.996663
1479  0.996664
1480  0.996663
1481  0.996657
1482  0.996651
1483  0.996652
1484  0.996651
1485  0.996659
1486  0.996655
1487  0.996654
1488  0.996646
1489  0.996643
1490  0.996639
1491  0.996652
1492  0.996646
1493  0.996633
1494  0.996629
1495  0.996631
1496  0.996642
1497  0.996648
1498  0.996636
1499  0.996641
1500  0.996646
1501  0.996639
1502  0.996654
1503  0.996654
1504  0.996653
1505  0.996651
1506  0.996661
1507  0.996650
1508  0.996652
1509  0.996652
1510  0.996653
1511  0.996660
1512  0.996668
1513  0.996663
1514  0.996671
1515  0.996681
1516  0.996675
1517  0.996693
1518  0.996690
1519  0.996698
1520  0.996699
1521  0.996700
1522  0.996706
1523  0.996704
1524  0.996701
1525  0.996709
1526  0.996697
1527  0.996700
1528  0.996694
1529  0.996691
1530  0.996691
1531  0.996690
1532  0.996694
1533  0.996701
1534  0.996706
1535  0.996701
1536  0.996705
1537  0.996705
1538  0.996701
1539  0.996695
1540  0.996689
1541  0.996690
1542  0.996702
1543  0.996705
1544  0.996695
1545  0.996700
1546  0.996702
1547  0.996702
1548  0.996699
1549  0.996693
1550  0.996690
1551  0.996685
1552  0.996687
1553  0.996692
1554  0.996690
1555  0.996694
1556  0.996693
1557  0.996693
1558  0.996692
1559  0.996682
1560  0.996685
1561  0.996674
1562  0.996669
1563  0.996664
1564  0.996662
1565  0.996654
1566  0.996658
1567  0.996662
1568  0.996658
1569  0.996665
1570  0.996665
1571  0.996664
1572  0.996662
1573  0.996675
1574  0.996671
1575  0.996662
1576  0.996669
1577  0.996672
1578  0.996667
1579  0.996655
1580  0.996645
1581  0.996652
1582  0.996654
1583  0.996665
1584  0.996656
1585  0.996646
1586  0.996643
1587  0.996637
1588  0.996642
1589  0.996646
1590  0.996639
1591  0.996639
1592  0.996643
1593  0.996643
1594  0.996638
1595  0.996645
1596  0.996643
1597  0.996644
1598  0.996636
1599  0.996654
1600  0.996659
1601  0.996667
1602  0.996667
1603  0.996658
1604  0.996660
1605  0.996659
1606  0.996663
1607  0.996669
1608  0.996680
1609  0.996688
1610  0.996697
1611  0.996705
1612  0.996705
1613  0.996711
1614  0.996698
1615  0.996701
1616  0.996713
1617  0.996709
1618  0.996706
1619  0.996701
1620  0.996709
1621  0.996700
1622  0.996707
1623  0.996713
1624  0.996720
1625  0.996716
1626  0.996713
1627  0.996720
1628  0.996704
1629  0.996706
1630  0.996715
1631  0.996720
1632  0.996721
1633  0.996727
1634  0.996721
1635  0.996721
1636  0.996727
1637  0.996727
1638  0.996731
1639  0.996721
1640  0.996717
1641  0.996722
1642  0.996719
1643  0.996720
1644  0.996727
1645  0.996728
1646  0.996737
1647  0.996730
1648  0.996722
1649  0.996725
1650  0.996734
1651  0.996728
1652  0.996726
1653  0.996727
1654  0.996736
1655  0.996728
1656  0.996734
1657  0.996723
1658  0.996725
1659  0.996718
1660  0.996732
1661  0.996728
1662  0.996731
1663  0.996734
1664  0.996727
1665  0.996734
1666  0.996743
1667  0.996740
1668  0.996736
1669  0.996735
1670  0.996741
1671  0.996742
1672  0.996740
1673  0.996742
1674  0.996747
1675  0.996745
1676  0.996738
1677  0.996744
1678  0.996726
1679  0.996736
1680  0.996727
1681  0.996726
1682  0.996732
1683  0.996725
1684  0.996727
1685  0.996725
1686  0.996723
1687  0.996719
1688  0.996723
1689  0.996727
1690  0.996729
1691  0.996725
1692  0.996737
1693  0.996727
1694  0.996734
1695  0.996737
1696  0.996731
1697  0.996724
1698  0.996728
1699  0.996736
1700  0.996733
1701  0.996736
1702  0.996728
1703  0.996716
1704  0.996720
1705  0.996709
1706  0.996718
1707  0.996725
1708  0.996733
1709  0.996733
1710  0.996731
1711  0.996733
1712  0.996736
1713  0.996741
1714  0.996734
1715  0.996737
1716  0.996729
1717  0.996742
1718  0.996732
1719  0.996729
1720  0.996726
1721  0.996713
1722  0.996719
1723  0.996709
1724  0.996713
1725  0.996720
1726  0.996726
1727  0.996731
1728  0.996729
1729  0.996721
1730  0.996717
1731  0.996719
1732  0.996718
1733  0.996712
1734  0.996713
1735  0.996706
1736  0.996690
1737  0.996698
1738  0.996691
1739  0.996686
1740  0.996686
1741  0.996682
1742  0.996687
1743  0.996683
1744  0.996681
1745  0.996687
1746  0.996678
1747  0.996677
1748  0.996668
1749  0.996671
1750  0.996673
1751  0.996667
1752  0.996662
1753  0.996662
1754  0.996665
1755  0.996646
1756  0.996653
1757  0.996653
1758  0.996654
1759  0.996659
1760  0.996659
1761  0.996652
1762  0.996646
1763  0.996641
1764  0.996632
1765  0.996636
1766  0.996620
1767  0.996610
1768  0.996616
1769  0.996622
1770  0.996628
1771  0.996627
1772  0.996623
1773  0.996631
1774  0.996633
1775  0.996651
1776  0.996654
1777  0.996656
1778  0.996649
1779  0.996652
1780  0.996653
1781  0.996656
1782  0.996652
1783  0.996653
1784  0.996642
1785  0.996647
1786  0.996641
1787  0.996636
1788  0.996633
1789  0.996634
1790  0.996630
1791  0.996627
1792  0.996609
1793  0.996601
1794  0.996609
1795  0.996620
1796  0.996627
1797  0.996632
1798  0.996623
1799  0.996628
1800  0.996647
1801  0.996649
1802  0.996647
1803  0.996642
1804  0.996645
1805  0.996639
1806  0.996639
1807  0.996633
1808  0.996646
1809  0.996651
1810  0.996657
1811  0.996665
1812  0.996657
1813  0.996656
1814  0.996656
1815  0.996662
1816  0.996658
1817  0.996649
1818  0.996642
1819  0.996627
1820  0.996617
1821  0.996627
1822  0.996626
1823  0.996633
1824  0.996634
1825  0.996645
1826  0.996647
1827  0.996648
1828  0.996645
1829  0.996652
1830  0.996653
1831  0.996644
1832  0.996656
1833  0.996647
1834  0.996650
1835  0.996646
1836  0.996651
1837  0.996649
1838  0.996641
1839  0.996636
1840  0.996641
1841  0.996651
1842  0.996655
1843  0.996643
1844  0.996634
1845  0.996625
1846  0.996624
1847  0.996619
1848  0.996623
1849  0.996624
1850  0.996632
1851  0.996632
1852  0.996638
1853  0.996641
1854  0.996641
1855  0.996631
1856  0.996634
1857  0.996643
1858  0.996642
1859  0.996654
1860  0.996656
1861  0.996661
1862  0.996670
1863  0.996670
1864  0.996668
1865  0.996666
1866  0.996671
1867  0.996668
1868  0.996669
1869  0.996683
1870  0.996681
1871  0.996679
1872  0.996684
1873  0.996668
1874  0.996685
1875  0.996680
1876  0.996687
1877  0.996680
1878  0.996679
1879  0.996690
1880  0.996695
1881  0.996699
1882  0.996707
1883  0.996701
1884  0.996711
1885  0.996705
1886  0.996702
1887  0.996706
1888  0.996704
1889  0.996697
1890  0.996692
1891  0.996700
1892  0.996707
1893  0.996700
1894  0.996707
1895  0.996710
1896  0.996708
1897  0.996705
1898  0.996697
1899  0.996694
1900  0.996678
1901  0.996670
1902  0.996686
1903  0.996686
1904  0.996680
1905  0.996683
1906  0.996680
1907  0.996664
1908  0.996665
1909  0.996658
1910  0.996661
1911  0.996667
1912  0.996657
1913  0.996656
1914  0.996659
1915  0.996656
1916  0.996653
1917  0.996657
1918  0.996658
1919  0.996668
1920  0.996667
1921  0.996656
1922  0.996668
1923  0.996657
1924  0.996663
1925  0.996658
1926  0.996650
1927  0.996660
1928  0.996663
1929  0.996660
1930  0.996675
1931  0.996672
1932  0.996678
1933  0.996672
1934  0.996668
1935  0.996659
1936  0.996673
1937  0.996671
1938  0.996671
1939  0.996679
1940  0.996663
1941  0.996664
1942  0.996669
1943  0.996672
1944  0.996667
1945  0.996665
1946  0.996655
1947  0.996655
1948  0.996659
1949  0.996660
1950  0.996661
1951  0.996658
1952  0.996650
1953  0.996651
1954  0.996658
1955  0.996647
1956  0.996651
1957  0.996654
1958  0.996658
1959  0.996656
1960  0.996659
1961  0.996666
1962  0.996661
1963  0.996664
1964  0.996665
1965  0.996662
1966  0.996659
1967  0.996655
1968  0.996661
1969  0.996665
1970  0.996657
1971  0.996662
1972  0.996653
1973  0.996658
1974  0.996651
1975  0.996654
1976  0.996664
1977  0.996667
1978  0.996676
1979  0.996671
1980  0.996671
1981  0.996671
1982  0.996681
1983  0.996691
1984  0.996697
1985  0.996706
1986  0.996691
1987  0.996692
1988  0.996689
1989  0.996695
1990  0.996695
1991  0.996695
1992  0.996697
1993  0.996690
1994  0.996680
1995  0.996683
1996  0.996681
1997  0.996672
1998  0.996674
1999  0.996669
2000  0.996675
2001  0.996680
2002  0.996672
2003  0.996677
2004  0.996691
2005  0.996693
2006  0.996686
2007  0.996683
2008  0.996682
2009  0.996682
2010  0.996683
2011  0.996694
2012  0.996692
2013  0.996695
2014  0.996702
2015  0.996694
2016  0.996693
2017  0.996698
2018  0.996697
2019  0.996686
2020  0.996680
2021  0.996681
2022  0.996681
2023  0.996673
2024  0.996672
2025  0.996673
2026  0.996672
2027  0.996668
2028  0.996667
2029  0.996668
2030  0.996655
2031  0.996651
2032  0.996657
2033  0.996659
2034  0.996648
2035  0.996652
2036  0.996650
2037  0.996645
2038  0.996654
2039  0.996660
2040  0.996659
2041  0.996652
2042  0.996655
2043  0.996663
2044  0.996662
2045  0.996658
2046  0.996659
2047  0.996663
2048  0.996665
2049  0.996660
2050  0.996666
2051  0.996673
2052  0.996678
2053  0.996665
2054  0.996673
2055  0.996667
2056  0.996668
2057  0.996674
2058  0.996675
2059  0.996675
2060  0.996677
2061  0.996673
2062  0.996668
2063  0.996665
2064  0.996670
2065  0.996662
2066  0.996660
2067  0.996668
2068  0.996669
2069  0.996662
2070  0.996662
2071  0.996652
2072  0.996645
2073  0.996647
2074  0.996646
2075  0.996651
2076  0.996648
2077  0.996648
2078  0.996644
2079  0.996644
2080  0.996654
2081  0.996630
2082  0.996634
2083  0.996633
2084  0.996642
2085  0.996646
2086  0.996646
2087  0.996637
2088  0.996631
2089  0.996631
2090  0.996618
2091  0.996616
2092  0.996617
2093  0.996623
2094  0.996632
2095  0.996627
2096  0.996620
2097  0.996621
2098  0.996622
2099  0.996620
2100  0.996622
2101  0.996632
2102  0.996634
2103  0.996653
2104  0.996653
2105  0.996651
2106  0.996654
2107  0.996663
2108  0.996655
2109  0.996646
2110  0.996662
2111  0.996661
2112  0.996668
2113  0.996671
2114  0.996666
2115  0.996659
2116  0.996666
2117  0.996673
2118  0.996670
2119  0.996680
2120  0.996686
2121  0.996686
2122  0.996698
2123  0.996690
2124  0.996695
2125  0.996697
2126  0.996695
2127  0.996703
2128  0.996703
2129  0.996708
2130  0.996714
2131  0.996708
2132  0.996705
2133  0.996700
2134  0.996703
2135  0.996707
2136  0.996713
2137  0.996711
2138  0.996712
2139  0.996721
2140  0.996716
2141  0.996717
2142  0.996718
2143  0.996719
2144  0.996719
2145  0.996721
2146  0.996732
2147  0.996740
2148  0.996736
2149  0.996742
2150  0.996743
2151  0.996743
2152  0.996729
2153  0.996728
2154  0.996725
2155  0.996723
2156  0.996714
2157  0.996711
2158  0.996713
2159  0.996709
2160  0.996714
2161  0.996724
2162  0.996720
2163  0.996710
2164  0.996712
2165  0.996702
2166  0.996720
2167  0.996716
2168  0.996720
2169  0.996716
2170  0.996726
2171  0.996725
2172  0.996718
2173  0.996710
2174  0.996724
2175  0.996720
2176  0.996713
2177  0.996705
2178  0.996698
2179  0.996694
2180  0.996690
2181  0.996692
2182  0.996700
2183  0.996695
2184  0.996693
2185  0.996684
2186  0.996679
2187  0.996666
2188  0.996657
2189  0.996664
2190  0.996684
2191  0.996675
2192  0.996669
2193  0.996663
2194  0.996657
2195  0.996657
2196  0.996660
2197  0.996657
2198  0.996659
2199  0.996662
2200  0.996665
2201  0.996682
2202  0.996687
2203  0.996687
2204  0.996692
2205  0.996693
2206  0.996691
2207  0.996675
2208  0.996685
2209  0.996686
2210  0.996693
2211  0.996695
2212  0.996704
2213  0.996705
2214  0.996698
2215  0.996701
2216  0.996695
2217  0.996701
2218  0.996704
2219  0.996705
2220  0.996703
2221  0.996701
2222  0.996701
2223  0.996702
2224  0.996702
2225  0.996710
2226  0.996709
2227  0.996704
2228  0.996700
2229  0.996698
2230  0.996695
2231  0.996690
2232  0.996691
2233  0.996695
2234  0.996689
2235  0.996695
2236  0.996687
2237  0.996680
2238  0.996683
2239  0.996687
2240  0.996676
2241  0.996663
2242  0.996669
2243  0.996653
2244  0.996659
2245  0.996657
2246  0.996665
2247  0.996679
2248  0.996687
2249  0.996685
2250  0.996683
2251  0.996683
2252  0.996676
2253  0.996666
2254  0.996670
2255  0.996684
2256  0.996678
2257  0.996671
2258  0.996666
2259  0.996672
2260  0.996678
2261  0.996673
2262  0.996690
2263  0.996685
2264  0.996682
2265  0.996677
2266  0.996681
2267  0.996686
2268  0.996683
2269  0.996681
2270  0.996678
2271  0.996681
2272  0.996687
2273  0.996672
2274  0.996670
2275  0.996666
2276  0.996665
2277  0.996669
2278  0.996669
2279  0.996661
2280  0.996653
2281  0.996662
2282  0.996658
2283  0.996658
2284  0.996666
2285  0.996663
2286  0.996663
2287  0.996671
2288  0.996666
2289  0.996662
2290  0.996662
2291  0.996663
2292  0.996655
2293  0.996653
2294  0.996656
2295  0.996670
2296  0.996667
2297  0.996668
2298  0.996668
2299  0.996665
2300  0.996677
2301  0.996683
2302  0.996680
2303  0.996676
2304  0.996684
2305  0.996686
2306  0.996691
2307  0.996694
2308  0.996699
2309  0.996701
2310  0.996699
2311  0.996700
2312  0.996695
2313  0.996700
2314  0.996691
2315  0.996685
2316  0.996689
2317  0.996688
2318  0.996690
2319  0.996686
2320  0.996684
2321  0.996687
2322  0.996686
2323  0.996678
2324  0.996672
2325  0.996678
2326  0.996677
2327  0.996666
2328  0.996672
2329  0.996672
2330  0.996672
2331  0.996675
2332  0.996673
2333  0.996670
2334  0.996670
2335  0.996667
2336  0.996671
2337  0.996671
2338  0.996669
2339  0.996664
2340  0.996675
2341  0.996681
2342  0.996671
2343  0.996663
2344  0.996674
2345  0.996673
2346  0.996675
2347  0.996676
2348  0.996683
2349  0.996684
2350  0.996676
2351  0.996669
2352  0.996672
2353  0.996678
2354  0.996674
2355  0.996662
2356  0.996654
2357  0.996667
2358  0.996665
2359  0.996668
2360  0.996666
2361  0.996671
2362  0.996673
2363  0.996679
2364  0.996680
2365  0.996680
2366  0.996670
2367  0.996672
2368  0.996671
2369  0.996672
2370  0.996677
2371  0.996680
2372  0.996680
2373  0.996684
2374  0.996679
2375  0.996681
2376  0.996680
2377  0.996691
2378  0.996690
2379  0.996693
2380  0.996694
2381  0.996688
2382  0.996696
2383  0.996696
2384  0.996697
2385  0.996698
2386  0.996700
2387  0.996689
2388  0.996697
2389  0.996693
2390  0.996683
2391  0.996690
2392  0.996684
2393  0.996683
2394  0.996691
2395  0.996689
2396  0.996689
2397  0.996683
2398  0.996686
2399  0.996689
2400  0.996681
2401  0.996678
2402  0.996667
2403  0.996681
2404  0.996677
2405  0.996681
2406  0.996668
2407  0.996663
2408  0.996660
2409  0.996654
2410  0.996651
2411  0.996658
2412  0.996665
2413  0.996659
2414  0.996657
2415  0.996666
2416  0.996673
2417  0.996676
2418  0.996675
2419  0.996663
2420  0.996679
2421  0.996680
2422  0.996683
2423  0.996691
2424  0.996690
2425  0.996688
2426  0.996690
2427  0.996681
2428  0.996676
2429  0.996677
2430  0.996667
2431  0.996655
2432  0.996655
2433  0.996651
2434  0.996648
2435  0.996657
2436  0.996665
2437  0.996666
2438  0.996665
2439  0.996662
2440  0.996654
2441  0.996651
2442  0.996655
2443  0.996640
2444  0.996635
2445  0.996630
2446  0.996628
2447  0.996624
2448  0.996621
2449  0.996622
2450  0.996608
2451  0.996608
2452  0.996600
2453  0.996595
2454  0.996591
2455  0.996598
2456  0.996608
2457  0.996609
2458  0.996603
2459  0.996596
2460  0.996597
2461  0.996591
2462  0.996589
2463  0.996594
2464  0.996589
2465  0.996585
2466  0.996584
2467  0.996590
2468  0.996600
2469  0.996607
2470  0.996604
2471  0.996594
2472  0.996602
2473  0.996594
2474  0.996586
2475  0.996589
2476  0.996587
2477  0.996597
2478  0.996591
2479  0.996591
2480  0.996592
2481  0.996592
2482  0.996583
2483  0.996585
2484  0.996578
2485  0.996583
2486  0.996605
2487  0.996603
2488  0.996603
2489  0.996607
2490  0.996603
2491  0.996592
2492  0.996593
2493  0.996585
2494  0.996594
2495  0.996598
2496  0.996602
2497  0.996596
2498  0.996601
2499  0.996602
2500  0.996598
2501  0.996603
2502  0.996606
2503  0.996602
2504  0.996612
2505  0.996619
2506  0.996625
2507  0.996618
2508  0.996633
2509  0.996635
2510  0.996638
2511  0.996632
2512  0.996636
2513  0.996640
2514  0.996656
2515  0.996650
2516  0.996646
2517  0.996647
2518  0.996651
2519  0.996640
2520  0.996632
2521  0.996641
2522  0.996642
2523  0.996642
2524  0.996640
2525  0.996632
2526  0.996628
2527  0.996639
2528  0.996651
2529  0.996650
2530  0.996652
2531  0.996662
2532  0.996661
2533  0.996657
2534  0.996659
2535  0.996667
2536  0.996661
2537  0.996661
2538  0.996663
2539  0.996663
2540  0.996661
2541  0.996661
2542  0.996657
2543  0.996667
2544  0.996673
2545  0.996667
2546  0.996660
2547  0.996654
2548  0.996654
2549  0.996638
2550  0.996636
2551  0.996648
2552  0.996642
2553  0.996640
2554  0.996639
2555  0.996634
2556  0.996630
2557  0.996622
2558  0.996617
2559  0.996614
2560  0.996615
2561  0.996620
2562  0.996610
2563  0.996615
2564  0.996619
2565  0.996615
2566  0.996613
2567  0.996624
2568  0.996613
2569  0.996614
2570  0.996616
2571  0.996616
2572  0.996604
2573  0.996611
2574  0.996608
2575  0.996606
2576  0.996605
2577  0.996607
2578  0.996606
2579  0.996601
2580  0.996608
2581  0.996608
2582  0.996613
2583  0.996628
2584  0.996637
2585  0.996635
2586  0.996629
2587  0.996620
2588  0.996621
2589  0.996626
2590  0.996624
2591  0.996633
2592  0.996640
2593  0.996637
2594  0.996632
2595  0.996642
2596  0.996650
2597  0.996645
2598  0.996651
2599  0.996651
2600  0.996656
2601  0.996662
2602  0.996657
2603  0.996646
2604  0.996647
2605  0.996641
2606  0.996641
2607  0.996650
2608  0.996657
2609  0.996652
2610  0.996660
2611  0.996658
2612  0.996660
2613  0.996657
2614  0.996662
2615  0.996652
2616  0.996651
2617  0.996638
2618  0.996648
2619  0.996649
2620  0.996647
2621  0.996634
2622  0.996640
2623  0.996655
2624  0.996651
2625  0.996653
2626  0.996637
2627  0.996645
2628  0.996630
2629  0.996623
2630  0.996628
2631  0.996633
2632  0.996627
2633  0.996623
2634  0.996611
2635  0.996619
2636  0.996625
2637  0.996630
2638  0.996623
2639  0.996623
2640  0.996614
2641  0.996611
2642  0.996614
2643  0.996612
2644  0.996612
2645  0.996611
2646  0.996609
2647  0.996602
2648  0.996609
2649  0.996605
2650  0.996611
2651  0.996603
2652  0.996603
2653  0.996614
2654  0.996617
2655  0.996617
2656  0.996601
2657  0.996593
2658  0.996585
2659  0.996574
2660  0.996581
2661  0.996581
2662  0.996582
2663  0.996571
2664  0.996574
2665  0.996567
2666  0.996563
2667  0.996568
2668  0.996568
2669  0.996574
2670  0.996578
2671  0.996585
2672  0.996585
2673  0.996592
2674  0.996590
2675  0.996581
2676  0.996587
2677  0.996593
2678  0.996588
2679  0.996585
2680  0.996592
2681  0.996586
2682  0.996590
2683  0.996588
2684  0.996595
2685  0.996605
2686  0.996613
2687  0.996607
2688  0.996612
2689  0.996608
2690  0.996611
2691  0.996610
2692  0.996600
2693  0.996605
2694  0.996599
2695  0.996599
2696  0.996593
2697  0.996604
2698  0.996602
2699  0.996610
2700  0.996621
2701  0.996620
2702  0.996633
2703  0.996633
2704  0.996631
2705  0.996619
2706  0.996618
2707  0.996602
2708  0.996597
2709  0.996597
2710  0.996600
2711  0.996599
2712  0.996601
2713  0.996595
2714  0.996596
2715  0.996594
2716  0.996602
2717  0.996609
2718  0.996613
2719  0.996604
2720  0.996595
2721  0.996591
2722  0.996585
2723  0.996576
2724  0.996580
2725  0.996585
2726  0.996585
2727  0.996588
2728  0.996590
2729  0.996599
2730  0.996605
2731  0.996598
2732  0.996590
2733  0.996583
2734  0.996587
2735  0.996580
2736  0.996581
2737  0.996580
2738  0.996578
2739  0.996581
2740  0.996584
2741  0.996578
2742  0.996586
2743  0.996592
2744  0.996594
2745  0.996587
2746  0.996581
2747  0.996578
2748  0.996587
2749  0.996584
2750  0.996584
2751  0.996584
2752  0.996583
2753  0.996593
2754  0.996595
2755  0.996598
2756  0.996594
2757  0.996586
2758  0.996584
2759  0.996590
2760  0.996584
2761  0.996584
2762  0.996581
2763  0.996588
2764  0.996586
2765  0.996587
2766  0.996587
2767  0.996589
2768  0.996584
2769  0.996578
2770  0.996574
2771  0.996565
2772  0.996579
2773  0.996572
2774  0.996562
2775  0.996550
2776  0.996555
2777  0.996554
2778  0.996552
2779  0.996555
2780  0.996559
2781  0.996557
2782  0.996560
2783  0.996559
2784  0.996553
2785  0.996562
2786  0.996555
2787  0.996572
2788  0.996591
2789  0.996581
2790  0.996593
2791  0.996603
2792  0.996605
2793  0.996607
2794  0.996616
2795  0.996608
2796  0.996593
2797  0.996591
2798  0.996600
2799  0.996601
2800  0.996590
2801  0.996591
2802  0.996586
2803  0.996590
2804  0.996585
2805  0.996594
2806  0.996593
2807  0.996595
2808  0.996584
2809  0.996593
2810  0.996583
2811  0.996569
2812  0.996559
2813  0.996555
2814  0.996555
2815  0.996556
2816  0.996564
2817  0.996566
2818  0.996560
2819  0.996561
2820  0.996561
2821  0.996561
2822  0.996552
2823  0.996544
2824  0.996544
2825  0.996541
2826  0.996544
2827  0.996539
2828  0.996546
2829  0.996557
2830  0.996559
2831  0.996558
2832  0.996549
2833  0.996550
2834  0.996561
2835  0.996561
2836  0.996555
2837  0.996549
2838  0.996552
2839  0.996547
2840  0.996543
2841  0.996535
2842  0.996545
2843  0.996547
2844  0.996538
2845  0.996535
2846  0.996524
2847  0.996524
2848  0.996517
2849  0.996518
2850  0.996515
2851  0.996504
2852  0.996508
2853  0.996511
2854  0.996520
2855  0.996519
2856  0.996517
2857  0.996527
2858  0.996533
2859  0.996526
2860  0.996520
2861  0.996532
2862  0.996515
2863  0.996515
2864  0.996512
2865  0.996512
2866  0.996509
2867  0.996515
2868  0.996520
2869  0.996510
2870  0.996508
2871  0.996521
2872  0.996515
2873  0.996519
2874  0.996524
2875  0.996517
2876  0.996524
2877  0.996524
2878  0.996522
2879  0.996520
2880  0.996525
2881  0.996539
2882  0.996531
2883  0.996540
2884  0.996535
2885  0.996532
2886  0.996530
2887  0.996525
2888  0.996523
2889  0.996522
2890  0.996517
2891  0.996525
2892  0.996539
2893  0.996545
2894  0.996552
2895  0.996555
2896  0.996546
2897  0.996549
2898  0.996547
2899  0.996553
2900  0.996559
2901  0.996562
2902  0.996546
2903  0.996541
2904  0.996540
2905  0.996549
2906  0.996551
2907  0.996564
2908  0.996576
2909  0.996579
2910  0.996574
2911  0.996574
2912  0.996565
2913  0.996571
2914  0.996585
2915  0.996595
2916  0.996586
2917  0.996580
2918  0.996578
2919  0.996581
2920  0.996568
2921  0.996583
2922  0.996595
2923  0.996595
2924  0.996599
2925  0.996589
2926  0.996579
2927  0.996582
2928  0.996579
2929  0.996580
2930  0.996579
2931  0.996590
2932  0.996579
2933  0.996584
2934  0.996587
2935  0.996586
2936  0.996591
2937  0.996586
2938  0.996580
2939  0.996573
2940  0.996590
2941  0.996586
2942  0.996575
2943  0.996575
2944  0.996575
2945  0.996580
2946  0.996582
2947  0.996572
2948  0.996570
2949  0.996572
2950  0.996581
2951  0.996584
2952  0.996571
2953  0.996582
2954  0.996583
2955  0.996580
2956  0.996578
2957  0.996568
2958  0.996569
2959  0.996564
2960  0.996557
2961  0.996549
2962  0.996554
2963  0.996543
2964  0.996548
2965  0.996547
2966  0.996555
2967  0.996554
2968  0.996546
2969  0.996538
2970  0.996539
2971  0.996538
2972  0.996529
2973  0.996536
2974  0.996540
2975  0.996531
2976  0.996523
2977  0.996534
2978  0.996533
2979  0.996540
2980  0.996554
2981  0.996558
2982  0.996563
2983  0.996575
2984  0.996584
2985  0.996586
2986  0.996601
2987  0.996601
2988  0.996600
2989  0.996596
2990  0.996601
2991  0.996600
2992  0.996596
2993  0.996589
2994  0.996593
2995  0.996591
2996  0.996593
2997  0.996596
2998  0.996595
2999  0.996596
3000  0.996597
3001  0.996595
3002  0.996590
3003  0.996586
3004  0.996580
3005  0.996575
3006  0.996575
3007  0.996571
3008  0.996574
3009  0.996571
3010  0.996568
3011  0.996569
3012  0.996567
3013  0.996574
3014  0.996572
3015  0.996581
3016  0.996585
3017  0.996590
3018  0.996584
3019  0.996582
3020  0.996574
3021  0.996581
3022  0.996589
3023  0.996592
3024  0.996585
3025  0.996589
3026  0.996598
3027  0.996599
3028  0.996586
3029  0.996594
3030  0.996598
3031  0.996594
3032  0.996596
3033  0.996590
3034  0.996599
3035  0.996599
3036  0.996595
3037  0.996596
3038  0.996603
3039  0.996596
3040  0.996598
3041  0.996600
3042  0.996601
3043  0.996596
3044  0.996592
3045  0.996593
3046  0.996611
3047  0.996596
3048  0.996590
3049  0.996592
3050  0.996597
3051  0.996595
3052  0.996593
3053  0.996608
3054  0.996609
3055  0.996608
3056  0.996599
3057  0.996599
3058  0.996593
3059  0.996596
3060  0.996588
3061  0.996585
3062  0.996583
3063  0.996579
3064  0.996590
3065  0.996599
3066  0.996597
3067  0.996597
3068  0.996595
3069  0.996609
3070  0.996600
3071  0.996594
3072  0.996590
3073  0.996602
3074  0.996601
3075  0.996606
3076  0.996610
3077  0.996603
3078  0.996608
3079  0.996614
3080  0.996616
3081  0.996606
3082  0.996611
3083  0.996620
3084  0.996624
3085  0.996619
3086  0.996615
3087  0.996614
3088  0.996597
3089  0.996602
3090  0.996608
3091  0.996599
3092  0.996612
3093  0.996616
3094  0.996625
3095  0.996628
3096  0.996627
3097  0.996632
3098  0.996629
3099  0.996619
3100  0.996611
3101  0.996603
3102  0.996594
3103  0.996593
3104  0.996587
3105  0.996586
3106  0.996593
3107  0.996602
3108  0.996615
3109  0.996604
3110  0.996615
3111  0.996612
3112  0.996613
3113  0.996606
3114  0.996606
3115  0.996609
3116  0.996616
3117  0.996608
3118  0.996606
3119  0.996604
3120  0.996619
3121  0.996620
3122  0.996624
3123  0.996642
3124  0.996637
3125  0.996635
3126  0.996637
3127  0.996631
3128  0.996629
3129  0.996620
3130  0.996621
3131  0.996627
3132  0.996616
3133  0.996613
3134  0.996615
3135  0.996621
3136  0.996627
3137  0.996628
3138  0.996633
3139  0.996626
3140  0.996623
3141  0.996617
3142  0.996612
3143  0.996614
3144  0.996610
3145  0.996603
3146  0.996605
3147  0.996609
3148  0.996612
3149  0.996604
3150  0.996607
3151  0.996601
3152  0.996600
3153  0.996601
3154  0.996599
3155  0.996602
3156  0.996603
3157  0.996593
3158  0.996593
3159  0.996586
3160  0.996591
3161  0.996582
3162  0.996587
3163  0.996595
3164  0.996591
3165  0.996593
3166  0.996594
3167  0.996602
3168  0.996596
3169  0.996601
3170  0.996602
3171  0.996603
3172  0.996602
3173  0.996606
3174  0.996600
3175  0.996606
3176  0.996604
3177  0.996597
3178  0.996596
3179  0.996602
3180  0.996606
3181  0.996617
3182  0.996625
3183  0.996628
3184  0.996639
3185  0.996639
3186  0.996637
3187  0.996627
3188  0.996624
3189  0.996629
3190  0.996631
3191  0.996629
3192  0.996618
3193  0.996607
3194  0.996598
3195  0.996592
3196  0.996596
3197  0.996599
3198  0.996587
3199  0.996588
3200  0.996581
3201  0.996568
3202  0.996572
3203  0.996580
3204  0.996583
3205  0.996584
3206  0.996586
3207  0.996591
3208  0.996590
3209  0.996592
3210  0.996578
3211  0.996574
3212  0.996568
3213  0.996574
3214  0.996569
3215  0.996572
3216  0.996570
3217  0.996571
3218  0.996566
3219  0.996572
3220  0.996574
3221  0.996576
3222  0.996579
3223  0.996574
3224  0.996574
3225  0.996567
3226  0.996560
3227  0.996553
3228  0.996553
3229  0.996566
3230  0.996566
3231  0.996573
3232  0.996570
3233  0.996576
3234  0.996575
3235  0.996575
3236  0.996585
3237  0.996581
3238  0.996574
3239  0.996583
3240  0.996578
3241  0.996579
3242  0.996577
3243  0.996567
3244  0.996555
3245  0.996552
3246  0.996558
3247  0.996558
3248  0.996553
3249  0.996556
3250  0.996555
3251  0.996564
3252  0.996565
3253  0.996562
3254  0.996556
3255  0.996547
3256  0.996553
3257  0.996563
3258  0.996553
3259  0.996558
3260  0.996553
3261  0.996540
3262  0.996546
3263  0.996537
3264  0.996530
3265  0.996523
3266  0.996520
3267  0.996532
3268  0.996530
3269  0.996536
3270  0.996548
3271  0.996557
3272  0.996568
3273  0.996568
3274  0.996566
3275  0.996560
3276  0.996569
3277  0.996561
3278  0.996553
3279  0.996552
3280  0.996559
3281  0.996554
3282  0.996555
3283  0.996558
3284  0.996546
3285  0.996551
3286  0.996551
3287  0.996551
3288  0.996555
3289  0.996564
3290  0.996567
3291  0.996570
3292  0.996582
3293  0.996594
3294  0.996597
3295  0.996599
3296  0.996591
3297  0.996597
3298  0.996602
3299  0.996597
3300  0.996592
3301  0.996584
3302  0.996598
3303  0.996592
3304  0.996589
3305  0.996597
3306  0.996592
3307  0.996591
3308  0.996595
3309  0.996598
3310  0.996591
3311  0.996588
3312  0.996578
3313  0.996584
3314  0.996589
3315  0.996579
3316  0.996573
3317  0.996577
3318  0.996580
3319  0.996577
3320  0.996578
3321  0.996574
3322  0.996576
3323  0.996577
3324  0.996568
3325  0.996569
3326  0.996570
3327  0.996578
3328  0.996589
3329  0.996588
3330  0.996588
3331  0.996594
3332  0.996587
3333  0.996590
3334  0.996589
3335  0.996591
3336  0.996576
3337  0.996578
3338  0.996575
3339  0.996567
3340  0.996555
3341  0.996549
3342  0.996555
3343  0.996559
3344  0.996558
3345  0.996551
3346  0.996560
3347  0.996563
3348  0.996554
3349  0.996539
3350  0.996535
3351  0.996538
3352  0.996550
3353  0.996546
3354  0.996555
3355  0.996559
3356  0.996553
3357  0.996556
3358  0.996543
3359  0.996545
3360  0.996542
3361  0.996543
3362  0.996546
3363  0.996550
3364  0.996549
3365  0.996548
3366  0.996543
3367  0.996550
3368  0.996562
3369  0.996567
3370  0.996567
3371  0.996567
3372  0.996568
3373  0.996573
3374  0.996582
3375  0.996597
3376  0.996607
3377  0.996611
3378  0.996614
3379  0.996609
3380  0.996609
3381  0.996609
3382  0.996609
3383  0.996603
3384  0.996587
3385  0.996590
3386  0.996606
3387  0.996600
3388  0.996589
3389  0.996591
3390  0.996592
3391  0.996588
3392  0.996594
3393  0.996598
3394  0.996599
3395  0.996600
3396  0.996594
3397  0.996593
3398  0.996590
3399  0.996590
3400  0.996582
3401  0.996589
3402  0.996584
3403  0.996590
3404  0.996596
3405  0.996587
3406  0.996584
3407  0.996594
3408  0.996591
3409  0.996602
3410  0.996602
3411  0.996598
3412  0.996602
3413  0.996605
3414  0.996606
3415  0.996595
3416  0.996591
3417  0.996586
3418  0.996594
3419  0.996597
3420  0.996590
3421  0.996596
3422  0.996599
3423  0.996599
3424  0.996598
3425  0.996596
3426  0.996606
3427  0.996602
3428  0.996598
3429  0.996590
3430  0.996595
3431  0.996595
3432  0.996606
3433  0.996600
3434  0.996592
3435  0.996587
3436  0.996602
3437  0.996610
3438  0.996596
3439  0.996592
3440  0.996600
3441  0.996595
3442  0.996599
3443  0.996607
3444  0.996606
3445  0.996613
3446  0.996605
3447  0.996606
3448  0.996600
3449  0.996608
3450  0.996606
3451  0.996601
3452  0.996600
3453  0.996609
3454  0.996617
3455  0.996617
3456  0.996610
3457  0.996608
3458  0.996612
3459  0.996617
3460  0.996613
3461  0.996604
3462  0.996597
3463  0.996609
3464  0.996606
3465  0.996609
3466  0.996619
3467  0.996620
3468  0.996607
3469  0.996607
3470  0.996603
3471  0.996598
3472  0.996596
3473  0.996590
3474  0.996594
3475  0.996592
3476  0.996596
3477  0.996595
3478  0.996600
3479  0.996608
3480  0.996606
3481  0.996616
3482  0.996627
3483  0.996625
3484  0.996626
3485  0.996623
3486  0.996623
3487  0.996627
3488  0.996630
3489  0.996636
3490  0.996646
3491  0.996643
3492  0.996644
3493  0.996651
3494  0.996651
3495  0.996653
3496  0.996647
3497  0.996655
3498  0.996664
3499  0.996663
3500  0.996674
3501  0.996677
3502  0.996679
3503  0.996689
3504  0.996672
3505  0.996671
3506  0.996661
3507  0.996669
3508  0.996664
3509  0.996674
3510  0.996659
3511  0.996668
3512  0.996667
3513  0.996661
3514  0.996669
3515  0.996673
3516  0.996667
3517  0.996669
3518  0.996666
3519  0.996673
3520  0.996680
3521  0.996678
3522  0.996677
3523  0.996662
3524  0.996671
3525  0.996665
3526  0.996666
3527  0.996659
3528  0.996653
3529  0.996658
3530  0.996671
3531  0.996671
3532  0.996669
3533  0.996666
3534  0.996660
3535  0.996655
3536  0.996643
3537  0.996641
3538  0.996649
3539  0.996642
3540  0.996644
3541  0.996655
3542  0.996651
3543  0.996650
3544  0.996643
3545  0.996654
3546  0.996652
3547  0.996658
3548  0.996654
3549  0.996651
3550  0.996650
3551  0.996646
3552  0.996644
3553  0.996641
3554  0.996643
3555  0.996635
3556  0.996628
3557  0.996621
3558  0.996633
3559  0.996630
3560  0.996619
3561  0.996629
3562  0.996631
3563  0.996638
3564  0.996632
3565  0.996623
3566  0.996629
3567  0.996624
3568  0.996625
3569  0.996624
3570  0.996621
3571  0.996626
3572  0.996620
3573  0.996622
3574  0.996621
3575  0.996624
3576  0.996624
3577  0.996617
3578  0.996613
3579  0.996615
3580  0.996625
3581  0.996627
3582  0.996627
3583  0.996636
3584  0.996636
3585  0.996639
3586  0.996641
3587  0.996642
3588  0.996652
3589  0.996647
3590  0.996651
3591  0.996659
3592  0.996659
3593  0.996663
3594  0.996659
3595  0.996659
3596  0.996656
3597  0.996653
3598  0.996657
3599  0.996661
3600  0.996667
3601  0.996665
3602  0.996670
3603  0.996666
3604  0.996664
3605  0.996662
3606  0.996673
3607  0.996673
3608  0.996677
3609  0.996676
3610  0.996679
3611  0.996680
3612  0.996672
3613  0.996684
3614  0.996684
3615  0.996687
3616  0.996686
3617  0.996682
3618  0.996670
3619  0.996668
3620  0.996666
3621  0.996663
3622  0.996666
3623  0.996674
3624  0.996687
3625  0.996687
3626  0.996682
3627  0.996676
3628  0.996679
3629  0.996679
3630  0.996682
3631  0.996674
3632  0.996670
3633  0.996669
3634  0.996666
3635  0.996664
3636  0.996666
3637  0.996668
3638  0.996682
3639  0.996684
3640  0.996683
3641  0.996687
3642  0.996695
3643  0.996695
3644  0.996694
3645  0.996688
3646  0.996687
3647  0.996684
3648  0.996684
3649  0.996672
3650  0.996671
3651  0.996672
3652  0.996681
3653  0.996671
3654  0.996659
3655  0.996664
3656  0.996647
3657  0.996650
3658  0.996646
3659  0.996649
3660  0.996651
3661  0.996646
3662  0.996648
3663  0.996648
3664  0.996654
3665  0.996648
3666  0.996638
3667  0.996629
3668  0.996629
3669  0.996624
3670  0.996613
3671  0.996611
3672  0.996615
3673  0.996619
3674  0.996626
3675  0.996623
3676  0.996612
3677  0.996608
3678  0.996607
3679  0.996607
3680  0.996602
3681  0.996609
3682  0.996600
3683  0.996592
3684  0.996593
3685  0.996592
3686  0.996590
3687  0.996592
3688  0.996591
3689  0.996596
3690  0.996597
3691  0.996591
3692  0.996579
3693  0.996576
3694  0.996581
3695  0.996575
3696  0.996573
3697  0.996568
3698  0.996559
3699  0.996560
3700  0.996560
3701  0.996563
3702  0.996565
3703  0.996567
3704  0.996571
3705  0.996576
3706  0.996577
3707  0.996573
3708  0.996562
3709  0.996568
3710  0.996560
3711  0.996558
3712  0.996567
3713  0.996575
3714  0.996577
3715  0.996571
3716  0.996569
3717  0.996584
3718  0.996584
3719  0.996586
3720  0.996597
3721  0.996595
3722  0.996594
3723  0.996600
3724  0.996601
3725  0.996596
3726  0.996595
3727  0.996591
3728  0.996586
3729  0.996591
3730  0.996588
3731  0.996595
3732  0.996594
3733  0.996594
3734  0.996596
3735  0.996600
3736  0.996615
3737  0.996619
3738  0.996617
3739  0.996622
3740  0.996612
3741  0.996618
3742  0.996613
3743  0.996605
3744  0.996607
3745  0.996603
3746  0.996603
3747  0.996602
3748  0.996614
3749  0.996616
3750  0.996613
3751  0.996616
3752  0.996623
3753  0.996616
3754  0.996610
3755  0.996615
3756  0.996613
3757  0.996617
3758  0.996614
3759  0.996622
3760  0.996628
3761  0.996626
3762  0.996629
3763  0.996630
3764  0.996627
3765  0.996625
3766  0.996628
3767  0.996620
3768  0.996615
3769  0.996614
3770  0.996604
3771  0.996620
3772  0.996611
3773  0.996607
3774  0.996606
3775  0.996618
3776  0.996625
3777  0.996616
3778  0.996620
3779  0.996618
3780  0.996623
3781  0.996616
3782  0.996610
3783  0.996605
3784  0.996608
3785  0.996599
3786  0.996597
3787  0.996596
3788  0.996597
3789  0.996586
3790  0.996590
3791  0.996596
3792  0.996599
3793  0.996611
3794  0.996616
3795  0.996605
3796  0.996606
3797  0.996621
3798  0.996619
3799  0.996624
3800  0.996636
3801  0.996646
3802  0.996644
3803  0.996642
3804  0.996645
3805  0.996639
3806  0.996643
3807  0.996625
3808  0.996625
3809  0.996636
3810  0.996640
3811  0.996633
3812  0.996645
3813  0.996637
3814  0.996634
3815  0.996636
3816  0.996634
3817  0.996635
3818  0.996643
3819  0.996645
3820  0.996656
3821  0.996655
3822  0.996656
3823  0.996649
3824  0.996647
3825  0.996650
3826  0.996651
3827  0.996653
3828  0.996642
3829  0.996644
3830  0.996644
3831  0.996644
3832  0.996658
3833  0.996655
3834  0.996651
3835  0.996654
3836  0.996655
3837  0.996666
3838  0.996662
3839  0.996661
3840  0.996665
3841  0.996662
3842  0.996668
3843  0.996667
3844  0.996664
3845  0.996657
3846  0.996651
3847  0.996652
3848  0.996645
3849  0.996647
3850  0.996643
3851  0.996636
3852  0.996634
3853  0.996629
3854  0.996640
3855  0.996642
3856  0.996658
3857  0.996651
3858  0.996642
3859  0.996656
3860  0.996662
3861  0.996670
3862  0.996680
3863  0.996678
3864  0.996683
3865  0.996679
3866  0.996666
3867  0.996666
3868  0.996667
3869  0.996662
3870  0.996659
3871  0.996659
3872  0.996651
3873  0.996637
3874  0.996638
3875  0.996641
3876  0.996639
3877  0.996646
3878  0.996640
3879  0.996633
3880  0.996627
3881  0.996618
3882  0.996610
3883  0.996612
3884  0.996621
3885  0.996616
3886  0.996619
3887  0.996611
3888  0.996604
3889  0.996603
3890  0.996613
3891  0.996611
3892  0.996610
3893  0.996620
3894  0.996628
3895  0.996627
3896  0.996628
3897  0.996617
3898  0.996628
3899  0.996639
3900  0.996649
3901  0.996654
3902  0.996662
3903  0.996652
3904  0.996665
3905  0.996669
3906  0.996666
3907  0.996659
3908  0.996652
3909  0.996649
3910  0.996643
3911  0.996648
3912  0.996644
3913  0.996638
3914  0.996629
3915  0.996626
3916  0.996627
3917  0.996620
3918  0.996613
3919  0.996617
3920  0.996616
3921  0.996615
3922  0.996607
3923  0.996601
3924  0.996589
3925  0.996595
3926  0.996594
3927  0.996591
3928  0.996599
3929  0.996590
3930  0.996588
3931  0.996606
3932  0.996601
3933  0.996605
3934  0.996605
3935  0.996588
3936  0.996582
3937  0.996587
3938  0.996580
3939  0.996581
3940  0.996577
3941  0.996589
3942  0.996588
3943  0.996596
3944  0.996593
3945  0.996583
3946  0.996579
3947  0.996575
3948  0.996585
3949  0.996577
3950  0.996577
3951  0.996571
3952  0.996564
3953  0.996575
3954  0.996591
3955  0.996590
3956  0.996590
3957  0.996573
3958  0.996573
3959  0.996571
3960  0.996566
3961  0.996563
3962  0.996562
3963  0.996557
3964  0.996562
3965  0.996560
3966  0.996569
3967  0.996571
3968  0.996574
3969  0.996579
3970  0.996572
3971  0.996578
3972  0.996570
3973  0.996567
3974  0.996568
3975  0.996560
3976  0.996559
3977  0.996559
3978  0.996556
3979  0.996561
3980  0.996554
3981  0.996557
3982  0.996555
3983  0.996555
3984  0.996557
3985  0.996543
3986  0.996554
3987  0.996558
3988  0.996565
3989  0.996570
3990  0.996563
3991  0.996572
3992  0.996564
3993  0.996563
3994  0.996565
3995  0.996569
3996  0.996567
3997  0.996565
3998  0.996565
3999  0.996567
4000  0.996570
4001  0.996573
4002  0.996577
4003  0.996586
4004  0.996581
4005  0.996578
4006  0.996582
4007  0.996584
4008  0.996574
4009  0.996587
4010  0.996589
4011  0.996605
4012  0.996596
4013  0.996594
4014  0.996593
4015  0.996593
4016  0.996596
4017  0.996589
4018  0.996607
4019  0.996607
4020  0.996606
4021  0.996620
4022  0.996609
4023  0.996608
4024  0.996607
4025  0.996610
4026  0.996605
4027  0.996611
4028  0.996616
4029  0.996608
4030  0.996611
4031  0.996615
4032  0.996612
4033  0.996615
4034  0.996603
4035  0.996591
4036  0.996590
4037  0.996581
4038  0.996580
4039  0.996566
4040  0.996567
4041  0.996565
4042  0.996575
4043  0.996578
4044  0.996580
4045  0.996575
4046  0.996583
4047  0.996594
4048  0.996580
4049  0.996581
4050  0.996585
4051  0.996567
4052  0.996565
4053  0.996561
4054  0.996564
4055  0.996554
4056  0.996555
4057  0.996556
4058  0.996567
4059  0.996570
4060  0.996571
4061  0.996579
4062  0.996575
4063  0.996573
4064  0.996569
4065  0.996574
4066  0.996569
4067  0.996573
4068  0.996569
4069  0.996552
4070  0.996555
4071  0.996550
4072  0.996555
4073  0.996556
4074  0.996549
4075  0.996558
4076  0.996564
4077  0.996565
4078  0.996573
4079  0.996585
4080  0.996596
4081  0.996607
4082  0.996599
4083  0.996595
4084  0.996603
4085  0.996597
4086  0.996599
4087  0.996600
4088  0.996598
4089  0.996599
4090  0.996590
4091  0.996589
4092  0.996582
4093  0.996585
4094  0.996585
4095  0.996592
4096  0.996581
4097  0.996594
4098  0.996590
4099  0.996603
4100  0.996607
4101  0.996604
4102  0.996605
4103  0.996592
4104  0.996600
4105  0.996600
4106  0.996603
4107  0.996590
4108  0.996600
4109  0.996607
4110  0.996619
4111  0.996611
4112  0.996618
4113  0.996614
4114  0.996616
4115  0.996613
4116  0.996618
4117  0.996626
4118  0.996631
4119  0.996633
4120  0.996625
4121  0.996626
4122  0.996632
4123  0.996627
4124  0.996633
4125  0.996626
4126  0.996638
4127  0.996635
4128  0.996639
4129  0.996628
4130  0.996629
4131  0.996619
4132  0.996617
4133  0.996607
4134  0.996610
4135  0.996615
4136  0.996622
4137  0.996618
4138  0.996618
4139  0.996625
4140  0.996622
4141  0.996610
4142  0.996611
4143  0.996606
4144  0.996610
4145  0.996621
4146  0.996613
4147  0.996613
4148  0.996614
4149  0.996617
4150  0.996618
4151  0.996620
4152  0.996608
4153  0.996610
4154  0.996612
4155  0.996625
4156  0.996624
4157  0.996622
4158  0.996615
4159  0.996613
4160  0.996618
4161  0.996621
4162  0.996629
4163  0.996631
4164  0.996618
4165  0.996629
4166  0.996628
4167  0.996632
4168  0.996635
4169  0.996639
4170  0.996627
4171  0.996621
4172  0.996610
4173  0.996611
4174  0.996614
4175  0.996619
4176  0.996616
4177  0.996609
4178  0.996615
4179  0.996608
4180  0.996608
4181  0.996601
4182  0.996603
4183  0.996593
4184  0.996607
4185  0.996609
4186  0.996615
4187  0.996613
4188  0.996604
4189  0.996608
4190  0.996613
4191  0.996607
4192  0.996601
4193  0.996601
4194  0.996605
4195  0.996603
4196  0.996601
4197  0.996596
4198  0.996599
4199  0.996600
4200  0.996604
4201  0.996610
4202  0.996600
4203  0.996602
4204  0.996605
4205  0.996604
4206  0.996588
4207  0.996596
4208  0.996587
4209  0.996580
4210  0.996573
4211  0.996582
4212  0.996591
4213  0.996597
4214  0.996602
4215  0.996598
4216  0.996601
4217  0.996605
4218  0.996609
4219  0.996592
4220  0.996580
4221  0.996580
4222  0.996571
4223  0.996587
4224  0.996589
4225  0.996595
4226  0.996586
4227  0.996589
4228  0.996595
4229  0.996584
4230  0.996587
4231  0.996581
4232  0.996582
4233  0.996570
4234  0.996579
4235  0.996581
4236  0.996565
4237  0.996568
4238  0.996565
4239  0.996568
4240  0.996571
4241  0.996563
4242  0.996568
4243  0.996566
4244  0.996555
4245  0.996558
4246  0.996550
4247  0.996550
4248  0.996542
4249  0.996534
4250  0.996524
4251  0.996520
4252  0.996524
4253  0.996523
4254  0.996527
4255  0.996525
4256  0.996527
4257  0.996523
4258  0.996524
4259  0.996515
4260  0.996517
4261  0.996516
4262  0.996507
4263  0.996506
4264  0.996496
4265  0.996500
4266  0.996490
4267  0.996491
4268  0.996493
4269  0.996497
4270  0.996505
4271  0.996503
4272  0.996518
4273  0.996506
4274  0.996513
4275  0.996531
4276  0.996534
4277  0.996535
4278  0.996547
4279  0.996549
4280  0.996555
4281  0.996560
4282  0.996560
4283  0.996569
4284  0.996570
4285  0.996572
4286  0.996570
4287  0.996572
4288  0.996561
4289  0.996561
4290  0.996563
4291  0.996572
4292  0.996560
4293  0.996567
4294  0.996573
4295  0.996572
4296  0.996567
4297  0.996563
4298  0.996574
4299  0.996564
4300  0.996556
4301  0.996552
4302  0.996559
4303  0.996570
4304  0.996561
4305  0.996562
4306  0.996557
4307  0.996571
4308  0.996580
4309  0.996584
4310  0.996576
4311  0.996582
4312  0.996586
4313  0.996592
4314  0.996596
4315  0.996591
4316  0.996585
4317  0.996585
4318  0.996594
4319  0.996603
4320  0.996602
4321  0.996612
4322  0.996617
4323  0.996620
4324  0.996628
4325  0.996638
4326  0.996632
4327  0.996646
4328  0.996646
4329  0.996641
4330  0.996638
4331  0.996638
4332  0.996639
4333  0.996646
4334  0.996650
4335  0.996660
4336  0.996657
4337  0.996662
4338  0.996668
4339  0.996668
4340  0.996664
4341  0.996671
4342  0.996661
4343  0.996662
4344  0.996659
4345  0.996662
4346  0.996667
4347  0.996680
4348  0.996686
4349  0.996691
4350  0.996698
4351  0.996696
4352  0.996709
4353  0.996716
4354  0.996717
4355  0.996717
4356  0.996713
4357  0.996710
4358  0.996703
4359  0.996719
4360  0.996719
4361  0.996713
4362  0.996713
4363  0.996705
4364  0.996703
4365  0.996698
4366  0.996699
4367  0.996702
4368  0.996712
4369  0.996713
4370  0.996723
4371  0.996727
4372  0.996726
4373  0.996729
4374  0.996737
4375  0.996740
4376  0.996726
4377  0.996726
4378  0.996734
4379  0.996731
4380  0.996730
4381  0.996705
4382  0.996709
4383  0.996703
4384  0.996706
4385  0.996710
4386  0.996707
4387  0.996698
4388  0.996699
4389  0.996702
4390  0.996707
4391  0.996700
4392  0.996707
4393  0.996701
4394  0.996702
4395  0.996699
4396  0.996706
4397  0.996708
4398  0.996697
4399  0.996682
4400  0.996674
4401  0.996679
4402  0.996679
4403  0.996686
4404  0.996672
4405  0.996670
4406  0.996676
4407  0.996676
4408  0.996676
4409  0.996670
4410  0.996672
4411  0.996676
4412  0.996676
4413  0.996678
4414  0.996676
4415  0.996671
4416  0.996678
4417  0.996681
4418  0.996682
4419  0.996680
4420  0.996688
4421  0.996684
4422  0.996687
4423  0.996678
4424  0.996678
4425  0.996691
4426  0.996691
4427  0.996693
4428  0.996694
4429  0.996700
4430  0.996691
4431  0.996696
4432  0.996696
4433  0.996695
4434  0.996699
4435  0.996708
4436  0.996707
4437  0.996720
4438  0.996724
4439  0.996721
4440  0.996724
4441  0.996722
4442  0.996724
4443  0.996733
4444  0.996731
4445  0.996727
4446  0.996717
4447  0.996718
4448  0.996713
4449  0.996711
4450  0.996704
4451  0.996697
4452  0.996695
4453  0.996695
4454  0.996685
4455  0.996686
4456  0.996689
4457  0.996702
4458  0.996693
4459  0.996704
4460  0.996714
4461  0.996710
4462  0.996714
4463  0.996708
4464  0.996715
4465  0.996705
4466  0.996699
4467  0.996709
4468  0.996707
4469  0.996703
4470  0.996708
4471  0.996710
4472  0.996697
4473  0.996697
4474  0.996708
4475  0.996710
4476  0.996696
4477  0.996692
4478  0.996697
4479  0.996700
4480  0.996698
4481  0.996687
4482  0.996686
4483  0.996685
4484  0.996690
4485  0.996691
4486  0.996694
4487  0.996695
4488  0.996694
4489  0.996702
4490  0.996704
4491  0.996710
4492  0.996711
4493  0.996708
4494  0.996711
4495  0.996721
4496  0.996719
4497  0.996723
4498  0.996727
4499  0.996734
4500  0.996733
4501  0.996736
4502  0.996727
4503  0.996719
4504  0.996719
4505  0.996721
4506  0.996724
4507  0.996715
4508  0.996706
4509  0.996707
4510  0.996704
4511  0.996703
4512  0.996694
4513  0.996685
4514  0.996683
4515  0.996681
4516  0.996678
4517  0.996673
4518  0.996682
4519  0.996683
4520  0.996673
4521  0.996668
4522  0.996665
4523  0.996662
4524  0.996672
4525  0.996676
4526  0.996675
4527  0.996680
4528  0.996670
4529  0.996678
4530  0.996689
4531  0.996698
4532  0.996700
4533  0.996706
4534  0.996693
4535  0.996690
4536  0.996687
4537  0.996677
4538  0.996668
4539  0.996670
4540  0.996679
4541  0.996682
4542  0.996680
4543  0.996675
4544  0.996669
4545  0.996663
4546  0.996670
4547  0.996670
4548  0.996663
4549  0.996663
4550  0.996659
4551  0.996661
4552  0.996654
4553  0.996641
4554  0.996647
4555  0.996656
4556  0.996647
4557  0.996650
4558  0.996651
4559  0.996646
4560  0.996638
4561  0.996640
4562  0.996631
4563  0.996628
4564  0.996626
4565  0.996623
4566  0.996619
4567  0.996628
4568  0.996630
4569  0.996632
4570  0.996631
4571  0.996636
4572  0.996639
4573  0.996640
4574  0.996646
4575  0.996646
4576  0.996641
4577  0.996645
4578  0.996646
4579  0.996636
4580  0.996643
4581  0.996641
4582  0.996634
4583  0.996646
4584  0.996652
4585  0.996652
4586  0.996654
4587  0.996657
4588  0.996655
4589  0.996662
4590  0.996661
4591  0.996653
4592  0.996656
4593  0.996656
4594  0.996646
4595  0.996652
4596  0.996653
4597  0.996651
4598  0.996657
4599  0.996658
4600  0.996651
4601  0.996654
4602  0.996660
4603  0.996659
4604  0.996646
4605  0.996649
4606  0.996656
4607  0.996655
4608  0.996659
4609  0.996660
4610  0.996656
4611  0.996652
4612  0.996648
4613  0.996650
4614  0.996658
4615  0.996666
4616  0.996668
4617  0.996673
4618  0.996679
4619  0.996673
4620  0.996668
4621  0.996672
4622  0.996667
4623  0.996667
4624  0.996669
4625  0.996672
4626  0.996684
4627  0.996671
4628  0.996672
4629  0.996659
4630  0.996663
4631  0.996664
4632  0.996668
4633  0.996676
4634  0.996683
4635  0.996673
4636  0.996677
4637  0.996679
4638  0.996675
4639  0.996678
4640  0.996692
4641  0.996684
4642  0.996692
4643  0.996688
4644  0.996699
4645  0.996695
4646  0.996702
4647  0.996702
4648  0.996701
4649  0.996697
4650  0.996691
4651  0.996686
4652  0.996689
4653  0.996685
4654  0.996685
4655  0.996688
4656  0.996689
4657  0.996701
4658  0.996706
4659  0.996711
4660  0.996710
4661  0.996723
4662  0.996726
4663  0.996721
4664  0.996723
4665  0.996723
4666  0.996715
4667  0.996717
4668  0.996713
4669  0.996713
4670  0.996703
4671  0.996711
4672  0.996705
4673  0.996702
4674  0.996705
4675  0.996713
4676  0.996700
4677  0.996700
4678  0.996697
4679  0.996696
4680  0.996690
4681  0.996687
4682  0.996679
4683  0.996675
4684  0.996679
4685  0.996674
4686  0.996666
4687  0.996668
4688  0.996661
4689  0.996654
4690  0.996661
4691  0.996659
4692  0.996654
4693  0.996654
4694  0.996660
4695  0.996655
4696  0.996652
4697  0.996645
4698  0.996647
4699  0.996648
4700  0.996642
4701  0.996642
4702  0.996637
4703  0.996638
4704  0.996640
4705  0.996641
4706  0.996635
4707  0.996640
4708  0.996647
4709  0.996649
4710  0.996656
4711  0.996661
4712  0.996657
4713  0.996651
4714  0.996655
4715  0.996657
4716  0.996653
4717  0.996640
4718  0.996627
4719  0.996629
4720  0.996610
4721  0.996615
4722  0.996611
4723  0.996616
4724  0.996629
4725  0.996626
4726  0.996629
4727  0.996627
4728  0.996644
4729  0.996637
4730  0.996638
4731  0.996641
4732  0.996639
4733  0.996637
4734  0.996638
4735  0.996640
4736  0.996641
4737  0.996639
4738  0.996649
4739  0.996647
4740  0.996651
4741  0.996647
4742  0.996649
4743  0.996640
4744  0.996633
4745  0.996634
4746  0.996633
4747  0.996639
4748  0.996640
4749  0.996650
4750  0.996637
4751  0.996647
4752  0.996647
4753  0.996649
4754  0.996643
4755  0.996640
4756  0.996618
4757  0.996628
4758  0.996635
4759  0.996632
4760  0.996635
4761  0.996620
4762  0.996618
4763  0.996616
4764  0.996623
4765  0.996623
4766  0.996627
4767  0.996621
4768  0.996611
4769  0.996615
4770  0.996619
4771  0.996624
4772  0.996621
4773  0.996618
4774  0.996618
4775  0.996629
4776  0.996634
4777  0.996642
4778  0.996641
4779  0.996641
4780  0.996640
4781  0.996636
4782  0.996627
4783  0.996636
4784  0.996637
4785  0.996648
4786  0.996652
4787  0.996650
4788  0.996643
4789  0.996630
4790  0.996636
4791  0.996626
4792  0.996637
4793  0.996637
4794  0.996640
4795  0.996632
4796  0.996617
4797  0.996616
4798  0.996617
4799  0.996612
4800  0.996631
4801  0.996630
4802  0.996629
4803  0.996635
4804  0.996642
4805  0.996645
4806  0.996643
4807  0.996650
4808  0.996651
4809  0.996647
4810  0.996649
4811  0.996665
4812  0.996661
4813  0.996666
4814  0.996661
4815  0.996644
4816  0.996647
4817  0.996641
4818  0.996627
4819  0.996617
4820  0.996618
4821  0.996614
4822  0.996616
4823  0.996617
4824  0.996606
4825  0.996611
4826  0.996623
4827  0.996628
4828  0.996623
4829  0.996627
4830  0.996625
4831  0.996631
4832  0.996621
4833  0.996637
4834  0.996637
4835  0.996632
4836  0.996641
4837  0.996634
4838  0.996632
4839  0.996637
4840  0.996638
4841  0.996625
4842  0.996621
4843  0.996616
4844  0.996618
4845  0.996607
4846  0.996606
4847  0.996607
4848  0.996607
4849  0.996605
4850  0.996610
4851  0.996608
4852  0.996606
4853  0.996619
4854  0.996611
4855  0.996605
4856  0.996615
4857  0.996622
4858  0.996616
4859  0.996622
4860  0.996626
4861  0.996627
4862  0.996616
4863  0.996616
4864  0.996614
4865  0.996620
4866  0.996624
4867  0.996616
4868  0.996620
4869  0.996617
4870  0.996618
4871  0.996624
4872  0.996627
4873  0.996628
4874  0.996630
4875  0.996633
4876  0.996621
4877  0.996622
4878  0.996631
4879  0.996617
4880  0.996625
4881  0.996626
4882  0.996620
4883  0.996607
4884  0.996608
4885  0.996603
4886  0.996607
4887  0.996605
4888  0.996627
4889  0.996630
4890  0.996634
4891  0.996637
4892  0.996624
4893  0.996629
4894  0.996634
4895  0.996620
4896  0.996619
4897  0.996627
4898  0.996622
4899  0.996615
4900  0.996615
4901  0.996609
4902  0.996616
4903  0.996610
4904  0.996608
4905  0.996598
4906  0.996585
4907  0.996588
4908  0.996585
4909  0.996586
4910  0.996600
4911  0.996593
4912  0.996601
4913  0.996612
4914  0.996620
4915  0.996631
4916  0.996627
4917  0.996635
4918  0.996634
4919  0.996633
4920  0.996629
4921  0.996651
4922  0.996637
4923  0.996661
4924  0.996649
4925  0.996647
4926  0.996648
4927  0.996643
4928  0.996642
4929  0.996638
4930  0.996634
4931  0.996634
4932  0.996629
4933  0.996632
4934  0.996624
4935  0.996620
4936  0.996620
4937  0.996617
4938  0.996627
4939  0.996626
4940  0.996607
4941  0.996605
4942  0.996606
4943  0.996608
4944  0.996605
4945  0.996607
4946  0.996598
4947  0.996594
4948  0.996588
4949  0.996584
4950  0.996578
4951  0.996589
4952  0.996583
4953  0.996575
4954  0.996572
4955  0.996573
4956  0.996579
4957  0.996580
4958  0.996586
4959  0.996592
4960  0.996597
4961  0.996594
4962  0.996600
4963  0.996592
4964  0.996592
4965  0.996583
4966  0.996586
4967  0.996589
4968  0.996586
4969  0.996578
4970  0.996579
4971  0.996587
4972  0.996587
4973  0.996585
4974  0.996587
4975  0.996597
4976  0.996599
4977  0.996596
4978  0.996614
4979  0.996602
4980  0.996594
4981  0.996597
4982  0.996604
4983  0.996610
4984  0.996606
4985  0.996614
4986  0.996618
4987  0.996619
4988  0.996601
4989  0.996597
4990  0.996604
4991  0.996602
4992  0.996608
4993  0.996610
4994  0.996609
4995  0.996629
4996  0.996622
4997  0.996619
4998  0.996618
4999  0.996619
