# Spinor density |Psi|^2 at t = 70 seconds
# Grid: 64 x 64
# Columns: x  y  density
0  0  0.00033229
1  0  0.00015916
2  0  0.00015687
3  0  0.00027624
4  0  0.00035946
5  0  0.00014220
6  0  0.00015578
7  0  0.00034915
8  0  0.00013159
9  0  0.00024577
10  0  0.00018767
11  0  0.00017937
12  0  0.00031745
13  0  0.00008705
14  0  0.00023675
15  0  0.00019021
16  0  0.00036878
17  0  0.00012873
18  0  0.00024945
19  0  0.00027714
20  0  0.00052203
21  0  0.00011670
22  0  0.00019212
23  0  0.00030373
24  0  0.00020242
25  0  0.00026035
26  0  0.00034519
27  0  0.00018887
28  0  0.00039998
29  0  0.00039197
30  0  0.00016523
31  0  0.00016659
32  0  0.00029505
33  0  0.00030034
34  0  0.00017194
35  0  0.00042869
36  0  0.00011420
37  0  0.00019414
38  0  0.00032388
39  0  0.00015219
40  0  0.00018360
41  0  0.00040838
42  0  0.00040485
43  0  0.00015929
44  0  0.00023725
45  0  0.00033971
46  0  0.00016106
47  0  0.00018461
48  0  0.00037770
49  0  0.00038942
50  0  0.00033735
51  0  0.00032097
52  0  0.00028491
53  0  0.00040387
54  0  0.00037064
55  0  0.00022172
56  0  0.00014373
57  0  0.00013046
58  0  0.00023917
59  0  0.00014269
60  0  0.00022792
61  0  0.00009481
62  0  0.00030714
63  0  0.00023563
0  1  0.00037038
1  1  0.00011443
2  1  0.00023536
3  1  0.00035637
4  1  0.00008631
5  1  0.00037677
6  1  0.00036578
7  1  0.00018367
8  1  0.00042531
9  1  0.00021110
10  1  0.00031172
11  1  0.00015451
12  1  0.00029238
13  1  0.00046585
14  1  0.00011040
15  1  0.00024276
16  1  0.00021103
17  1  0.00019600
18  1  0.00012431
19  1  0.00018668
20  1  0.00033654
21  1  0.00019553
22  1  0.00016834
23  1  0.00015594
24  1  0.00020241
25  1  0.00013199
26  1  0.00008685
27  1  0.00017799
28  1  0.00019679
29  1  0.00022338
30  1  0.00052403
31  1  0.00020836
32  1  0.00045572
33  1  0.00016356
34  1  0.00040183
35  1  0.00011207
36  1  0.00036698
37  1  0.00023445
38  1  0.00029023
39  1  0.00026268
40  1  0.00018399
41  1  0.00017266
42  1  0.00002674
43  1  0.00022834
44  1  0.00023503
45  1  0.00019779
46  1  0.00016774
47  1  0.00022728
48  1  0.00034033
49  1  0.00026884
50  1  0.00033746
51  1  0.00026224
52  1  0.00034742
53  1  0.00041592
54  1  0.00011260
55  1  0.00020917
56  1  0.00039656
57  1  0.00069033
58  1  0.00030152
59  1  0.00030233
60  1  0.00029461
61  1  0.00021917
62  1  0.00024173
63  1  0.00023073
0  2  0.00016500
1  2  0.00050922
2  2  0.00009144
3  2  0.00015497
4  2  0.00025114
5  2  0.00012634
6  2  0.00015825
7  2  0.00022002
8  2  0.00021733
9  2  0.00027011
10  2  0.00022772
11  2  0.00024688
12  2  0.00016574
13  2  0.00016319
14  2  0.00012783
15  2  0.00037807
16  2  0.00024504
17  2  0.00013137
18  2  0.00044274
19  2  0.00037702
20  2  0.00010240
21  2  0.00019887
22  2  0.00017210
23  2  0.00025561
24  2  0.00012191
25  2  0.00014097
26  2  0.00019864
27  2  0.00018312
28  2  0.00029365
29  2  0.00041421
30  2  0.00015442
31  2  0.00026632
32  2  0.00022568
33  2  0.00013435
34  2  0.00015253
35  2  0.00018273
36  2  0.00042176
37  2  0.00011640
38  2  0.00020957
39  2  0.00021236
40  2  0.00022961
41  2  0.00012650
42  2  0.00007352
43  2  0.00038317
44  2  0.00015703
45  2  0.00022063
46  2  0.00019446
47  2  0.00014859
48  2  0.00033889
49  2  0.00024673
50  2  0.00029915
51  2  0.00020621
52  2  0.00021993
53  2  0.00031747
54  2  0.00017440
55  2  0.00011344
56  2  0.00024254
57  2  0.00023883
58  2  0.00039304
59  2  0.00020998
60  2  0.00010850
61  2  0.00007007
62  2  0.00018385
63  2  0.00066784
0  3  0.00017407
1  3  0.00041099
2  3  0.00018825
3  3  0.00029033
4  3  0.00015089
5  3  0.00037541
6  3  0.00022447
7  3  0.00019988
8  3  0.00037007
9  3  0.00022960
10  3  0.00032120
11  3  0.00042871
12  3  0.00003735
13  3  0.00033172
14  3  0.00036717
15  3  0.00033580
16  3  0.00033927
17  3  0.00013573
18  3  0.00012785
19  3  0.00012807
20  3  0.00027604
21  3  0.00016217
22  3  0.00007455
23  3  0.00018840
24  3  0.00033799
25  3  0.00025495
26  3  0.00028138
27  3  0.00028478
28  3  0.00016005
29  3  0.00020130
30  3  0.00028311
31  3  0.00041710
32  3  0.00046156
33  3  0.00028795
34  3  0.00024377
35  3  0.00023239
36  3  0.00022380
37  3  0.00033348
38  3  0.00023249
39  3  0.00016564
40  3  0.00039578
41  3  0.00017721
42  3  0.00056648
43  3  0.00019597
44  3  0.00015323
45  3  0.00043537
46  3  0.00032172
47  3  0.00019948
48  3  0.00044973
49  3  0.00011051
50  3  0.00041707
51  3  0.00035541
52  3  0.00021516
53  3  0.00012233
54  3  0.00032026
55  3  0.00012033
56  3  0.00021030
57  3  0.00013531
58  3  0.00024375
59  3  0.00037852
60  3  0.00017019
61  3  0.00023714
62  3  0.00020685
63  3  0.00011152
0  4  0.00015628
1  4  0.00026640
2  4  0.00012291
3  4  0.00013183
4  4  0.00015745
5  4  0.00026077
6  4  0.00027922
7  4  0.00014288
8  4  0.00033190
9  4  0.00014433
10  4  0.00033927
11  4  0.00014792
12  4  0.00020582
13  4  0.00042781
14  4  0.00007223
15  4  0.00007080
16  4  0.00014210
17  4  0.00042374
18  4  0.00008906
19  4  0.00009359
20  4  0.00008774
21  4  0.00008385
22  4  0.00014930
23  4  0.00030754
24  4  0.00038841
25  4  0.00020009
26  4  0.00022980
27  4  0.00034954
28  4  0.00027224
29  4  0.00016975
30  4  0.00012732
31  4  0.00021649
32  4  0.00037368
33  4  0.00041943
34  4  0.00013641
35  4  0.00032193
36  4  0.00016085
37  4  0.00016397
38  4  0.00022317
39  4  0.00032949
40  4  0.00036580
41  4  0.00015661
42  4  0.00038749
43  4  0.00006369
44  4  0.00020110
45  4  0.00026549
46  4  0.00026817
47  4  0.00009868
48  4  0.00012945
49  4  0.00014256
50  4  0.00036020
51  4  0.00018417
52  4  0.00028321
53  4  0.00021337
54  4  0.00026638
55  4  0.00029956
56  4  0.00008384
57  4  0.00020198
58  4  0.00017454
59  4  0.00016428
60  4  0.00014719
61  4  0.00018389
62  4  0.00004625
63  4  0.00026194
0  5  0.00038501
1  5  0.00040852
2  5  0.00028063
3  5  0.00029177
4  5  0.00022034
5  5  0.00013496
6  5  0.00020355
7  5  0.00022174
8  5  0.00027424
9  5  0.00017945
10  5  0.00010406
11  5  0.00021408
12  5  0.00005471
13  5  0.00053989
14  5  0.00011401
15  5  0.00042118
16  5  0.00014880
17  5  0.00009457
18  5  0.00030758
19  5  0.00008785
20  5  0.00016416
21  5  0.00064525
22  5  0.00034540
23  5  0.00016780
24  5  0.00029537
25  5  0.00028058
26  5  0.00032426
27  5  0.00045931
28  5  0.00034365
29  5  0.00009791
30  5  0.00016594
31  5  0.00057295
32  5  0.00025567
33  5  0.00042908
34  5  0.00019149
35  5  0.00017424
36  5  0.00047692
37  5  0.00015575
38  5  0.00012596
39  5  0.00025274
40  5  0.00007781
41  5  0.00024660
42  5  0.00032959
43  5  0.00016718
44  5  0.00024074
45  5  0.00011055
46  5  0.00025083
47  5  0.00009792
48  5  0.00021656
49  5  0.00034711
50  5  0.00011732
51  5  0.00019344
52  5  0.00027578
53  5  0.00008341
54  5  0.00021695
55  5  0.00036031
56  5  0.00006658
57  5  0.00015418
58  5  0.00026360
59  5  0.00006132
60  5  0.00029053
61  5  0.00011128
62  5  0.00015193
63  5  0.00021876
0  6  0.00018231
1  6  0.00016051
2  6  0.00027719
3  6  0.00033573
4  6  0.00038397
5  6  0.00025776
6  6  0.00022791
7  6  0.00030349
8  6  0.00017146
9  6  0.00017873
10  6  0.00011516
11  6  0.00016286
12  6  0.00009286
13  6  0.00039745
14  6  0.00025568
15  6  0.00022076
16  6  0.00013524
17  6  0.00018308
18  6  0.00017981
19  6  0.00065328
20  6  0.00027168
21  6  0.00023668
22  6  0.00024192
23  6  0.00024074
24  6  0.00042682
25  6  0.00020927
26  6  0.00023880
27  6  0.00046445
28  6  0.00009795
29  6  0.00024494
30  6  0.00007205
31  6  0.00008912
32  6  0.00008024
33  6  0.00032835
34  6  0.00030043
35  6  0.00014075
36  6  0.00022195
37  6  0.00024576
38  6  0.00020398
39  6  0.00027714
40  6  0.00029804
41  6  0.00035422
42  6  0.00005971
43  6  0.00026251
44  6  0.00031521
45  6  0.00026780
46  6  0.00032665
47  6  0.00024234
48  6  0.00020640
49  6  0.00020865
50  6  0.00041484
51  6  0.00022427
52  6  0.00020626
53  6  0.00018351
54  6  0.00020996
55  6  0.00019871
56  6  0.00020083
57  6  0.00041951
58  6  0.00009382
59  6  0.00008814
60  6  0.00006583
61  6  0.00028022
62  6  0.00020316
63  6  0.00015504
0  7  0.00030332
1  7  0.00011704
2  7  0.00030485
3  7  0.00015809
4  7  0.00014037
5  7  0.00019442
6  7  0.00003930
7  7  0.00025742
8  7  0.00032853
9  7  0.00010250
10  7  0.00032334
11  7  0.00018585
12  7  0.00062198
13  7  0.00019004
14  7  0.00010272
15  7  0.00059724
16  7  0.00023813
17  7  0.00033420
18  7  0.00009441
19  7  0.00017343
20  7  0.00039469
21  7  0.00030420
22  7  0.00014651
23  7  0.00007228
24  7  0.00037825
25  7  0.00034708
26  7  0.00046348
27  7  0.00054313
28  7  0.00024654
29  7  0.00033942
30  7  0.00017098
31  7  0.00035209
32  7  0.00012577
33  7  0.00026392
34  7  0.00039887
35  7  0.00024766
36  7  0.00022518
37  7  0.00040477
38  7  0.00017071
39  7  0.00041935
40  7  0.00022331
41  7  0.00014347
42  7  0.00032189
43  7  0.00028646
44  7  0.00019506
45  7  0.00021578
46  7  0.00019621
47  7  0.00042293
48  7  0.00012963
49  7  0.00014463
50  7  0.00027928
51  7  0.00016594
52  7  0.00030595
53  7  0.00012624
54  7  0.00035977
55  7  0.00018571
56  7  0.00034040
57  7  0.00012857
58  7  0.00021639
59  7  0.00033598
60  7  0.00061988
61  7  0.00015051
62  7  0.00011593
63  7  0.00016190
0  8  0.00012269
1  8  0.00025638
2  8  0.00012884
3  8  0.00044571
4  8  0.00026533
5  8  0.00024024
6  8  0.00016139
7  8  0.00020921
8  8  0.00027304
9  8  0.00011125
10  8  0.00011183
11  8  0.00030652
12  8  0.00014974
13  8  0.00020427
14  8  0.00046851
15  8  0.00045530
16  8  0.00048112
17  8  0.00020500
18  8  0.00010609
19  8  0.00019221
20  8  0.00025325
21  8  0.00018197
22  8  0.00025146
23  8  0.00006363
24  8  0.00038075
25  8  0.00019890
26  8  0.00014072
27  8  0.00029461
28  8  0.00018385
29  8  0.00028415
30  8  0.00028481
31  8  0.00045516
32  8  0.00016097
33  8  0.00019593
34  8  0.00007088
35  8  0.00021689
36  8  0.00014804
37  8  0.00015051
38  8  0.00007036
39  8  0.00009264
40  8  0.00016747
41  8  0.00049875
42  8  0.00022921
43  8  0.00008837
44  8  0.00020164
45  8  0.00032422
46  8  0.00013547
47  8  0.00025365
48  8  0.00012661
49  8  0.00040389
50  8  0.00023871
51  8  0.00011840
52  8  0.00020356
53  8  0.00019222
54  8  0.00024724
55  8  0.00026487
56  8  0.00018613
57  8  0.00017553
58  8  0.00039136
59  8  0.00037971
60  8  0.00039539
61  8  0.00014924
62  8  0.00043188
63  8  0.00028812
0  9  0.00032277
1  9  0.00025844
2  9  0.00054097
3  9  0.00028239
4  9  0.00019770
5  9  0.00023305
6  9  0.00014738
7  9  0.00049466
8  9  0.00020396
9  9  0.00042602
10  9  0.00024841
11  9  0.00029006
12  9  0.00039543
13  9  0.00018245
14  9  0.00026177
15  9  0.00025304
16  9  0.00008439
17  9  0.00022554
18  9  0.00005662
19  9  0.00018764
20  9  0.00023338
21  9  0.00005596
22  9  0.00011987
23  9  0.00034929
24  9  0.00011001
25  9  0.00015089
26  9  0.00036529
27  9  0.00011348
28  9  0.00035672
29  9  0.00018887
30  9  0.00024685
31  9  0.00042294
32  9  0.00023438
33  9  0.00019192
34  9  0.00021974
35  9  0.00018899
36  9  0.00033200
37  9  0.00024941
38  9  0.00046144
39  9  0.00030403
40  9  0.00019346
41  9  0.00051926
42  9  0.00028881
43  9  0.00029525
44  9  0.00041092
45  9  0.00030387
46  9  0.00023864
47  9  0.00020249
48  9  0.00034067
49  9  0.00012503
50  9  0.00032672
51  9  0.00024048
52  9  0.00019813
53  9  0.00025653
54  9  0.00014568
55  9  0.00021356
56  9  0.00023302
57  9  0.00052069
58  9  0.00022471
59  9  0.00042203
60  9  0.00021741
61  9  0.00012567
62  9  0.00041928
63  9  0.00009723
0  10  0.00004933
1  10  0.00011167
2  10  0.00026395
3  10  0.00010595
4  10  0.00010386
5  10  0.00033579
6  10  0.00023317
7  10  0.00015219
8  10  0.00012472
9  10  0.00035765
10  10  0.00014074
11  10  0.00012926
12  10  0.00011371
13  10  0.00018497
14  10  0.00013615
15  10  0.00043199
16  10  0.00016111
17  10  0.00015621
18  10  0.00016417
19  10  0.00019421
20  10  0.00008060
21  10  0.00011778
22  10  0.00047093
23  10  0.00014076
24  10  0.00031428
25  10  0.00026364
26  10  0.00014255
27  10  0.00031304
28  10  0.00021106
29  10  0.00023483
30  10  0.00014153
31  10  0.00008591
32  10  0.00013141
33  10  0.00006786
34  10  0.00036383
35  10  0.00037135
36  10  0.00010148
37  10  0.00030250
38  10  0.00013173
39  10  0.00023306
40  10  0.00020808
41  10  0.00015632
42  10  0.00010738
43  10  0.00023887
44  10  0.00034881
45  10  0.00019726
46  10  0.00012362
47  10  0.00019141
48  10  0.00026855
49  10  0.00044555
50  10  0.00026705
51  10  0.00009161
52  10  0.00052539
53  10  0.00045497
54  10  0.00016710
55  10  0.00026047
56  10  0.00019500
57  10  0.00015540
58  10  0.00010675
59  10  0.00008398
60  10  0.00035108
61  10  0.00007863
62  10  0.00020369
63  10  0.00014128
0  11  0.00029833
1  11  0.00011638
2  11  0.00014139
3  11  0.00011431
4  11  0.00049655
5  11  0.00035162
6  11  0.00009815
7  11  0.00030602
8  11  0.00026455
9  11  0.00030200
10  11  0.00009069
11  11  0.00023739
12  11  0.00009473
13  11  0.00039478
14  11  0.00024033
15  11  0.00014299
16  11  0.00012326
17  11  0.00038880
18  11  0.00022114
19  11  0.00015264
20  11  0.00022760
21  11  0.00031541
22  11  0.00031819
23  11  0.00007022
24  11  0.00030744
25  11  0.00020794
26  11  0.00015258
27  11  0.00021259
28  11  0.00023759
29  11  0.00020921
30  11  0.00022505
31  11  0.00017569
32  11  0.00013073
33  11  0.00024965
34  11  0.00017476
35  11  0.00010946
36  11  0.00031405
37  11  0.00021751
38  11  0.00015138
39  11  0.00027445
40  11  0.00016744
41  11  0.00019856
42  11  0.00012558
43  11  0.00037415
44  11  0.00035033
45  11  0.00026013
46  11  0.00018699
47  11  0.00010686
48  11  0.00082815
49  11  0.00020262
50  11  0.00017688
51  11  0.00032778
52  11  0.00044308
53  11  0.00025711
54  11  0.00019638
55  11  0.00028059
56  11  0.00019090
57  11  0.00005565
58  11  0.00034495
59  11  0.00011872
60  11  0.00014056
61  11  0.00015109
62  11  0.00003564
63  11  0.00027357
0  12  0.00013467
1  12  0.00034638
2  12  0.00019148
3  12  0.00017844
4  12  0.00018412
5  12  0.00019998
6  12  0.00012175
7  12  0.00025749
8  12  0.00020421
9  12  0.00042546
10  12  0.00012804
11  12  0.00015026
12  12  0.00020209
13  12  0.00035563
14  12  0.00011932
15  12  0.00061108
16  12  0.00016621
17  12  0.00013868
18  12  0.00009314
19  12  0.00017923
20  12  0.00031061
21  12  0.00034128
22  12  0.00039989
23  12  0.00019388
24  12  0.00012902
25  12  0.00040454
26  12  0.00018117
27  12  0.00035722
28  12  0.00031677
29  12  0.00021888
30  12  0.00044221
31  12  0.00020451
32  12  0.00008276
33  12  0.00014777
34  12  0.00019239
35  12  0.00023966
36  12  0.00032193
37  12  0.00026133
38  12  0.00009306
39  12  0.00016028
40  12  0.00020854
41  12  0.00029456
42  12  0.00021423
43  12  0.00041913
44  12  0.00017986
45  12  0.00012324
46  12  0.00030259
47  12  0.00024748
48  12  0.00011179
49  12  0.00012236
50  12  0.00009570
51  12  0.00010458
52  12  0.00010152
53  12  0.00010888
54  12  0.00014941
55  12  0.00021492
56  12  0.00036467
57  12  0.00025691
58  12  0.00031121
59  12  0.00023898
60  12  0.00010763
61  12  0.00028951
62  12  0.00044006
63  12  0.00008284
0  13  0.00016726
1  13  0.00013104
2  13  0.00010466
3  13  0.00013746
4  13  0.00035824
5  13  0.00020970
6  13  0.00011616
7  13  0.00031234
8  13  0.00023501
9  13  0.00053518
10  13  0.00035599
11  13  0.00044838
12  13  0.00013493
13  13  0.00025776
14  13  0.00045814
15  13  0.00021238
16  13  0.00018850
17  13  0.00016068
18  13  0.00031938
19  13  0.00020431
20  13  0.00009551
21  13  0.00038806
22  13  0.00048024
23  13  0.00038784
24  13  0.00010105
25  13  0.00043010
26  13  0.00012327
27  13  0.00012906
28  13  0.00012520
29  13  0.00021415
30  13  0.00022048
31  13  0.00049468
32  13  0.00054236
33  13  0.00024715
34  13  0.00033635
35  13  0.00016023
36  13  0.00017556
37  13  0.00021056
38  13  0.00018048
39  13  0.00025102
40  13  0.00005896
41  13  0.00042609
42  13  0.00019556
43  13  0.00026093
44  13  0.00010890
45  13  0.00025413
46  13  0.00019928
47  13  0.00017054
48  13  0.00014535
49  13  0.00036016
50  13  0.00033782
51  13  0.00014073
52  13  0.00022006
53  13  0.00016858
54  13  0.00046580
55  13  0.00011368
56  13  0.00021567
57  13  0.00010228
58  13  0.00015014
59  13  0.00029552
60  13  0.00036671
61  13  0.00011247
62  13  0.00021646
63  13  0.00027674
0  14  0.00041531
1  14  0.00038332
2  14  0.00032570
3  14  0.00012111
4  14  0.00022754
5  14  0.00020747
6  14  0.00004640
7  14  0.00025964
8  14  0.00033200
9  14  0.00034677
10  14  0.00017457
11  14  0.00027877
12  14  0.00020359
13  14  0.00009018
14  14  0.00038980
15  14  0.00034350
16  14  0.00016542
17  14  0.00039526
18  14  0.00027788
19  14  0.00029466
20  14  0.00017632
21  14  0.00043136
22  14  0.00024316
23  14  0.00019282
24  14  0.00007015
25  14  0.00026005
26  14  0.00016999
27  14  0.00033098
28  14  0.00017813
29  14  0.00026542
30  14  0.00010348
31  14  0.00032184
32  14  0.00013027
33  14  0.00015196
34  14  0.00021525
35  14  0.00019253
36  14  0.00023317
37  14  0.00019769
38  14  0.00016501
39  14  0.00008440
40  14  0.00060564
41  14  0.00052256
42  14  0.00036059
43  14  0.00057570
44  14  0.00036010
45  14  0.00016912
46  14  0.00025680
47  14  0.00016974
48  14  0.00022947
49  14  0.00019865
50  14  0.00060596
51  14  0.00011135
52  14  0.00022368
53  14  0.00008387
54  14  0.00032470
55  14  0.00025096
56  14  0.00017308
57  14  0.00034305
58  14  0.00017459
59  14  0.00016389
60  14  0.00015533
61  14  0.00023020
62  14  0.00049832
63  14  0.00032614
0  15  0.00033409
1  15  0.00050750
2  15  0.00035666
3  15  0.00064596
4  15  0.00031332
5  15  0.00012137
6  15  0.00025527
7  15  0.00018749
8  15  0.00017513
9  15  0.00011886
10  15  0.00017713
11  15  0.00016234
12  15  0.00016565
13  15  0.00018882
14  15  0.00016937
15  15  0.00009503
16  15  0.00019486
17  15  0.00013246
18  15  0.00015810
19  15  0.00022611
20  15  0.00026331
21  15  0.00020123
22  15  0.00032007
23  15  0.00026601
24  15  0.00027497
25  15  0.00007365
26  15  0.00027565
27  15  0.00025528
28  15  0.00019546
29  15  0.00031494
30  15  0.00029322
31  15  0.00032839
32  15  0.00013292
33  15  0.00023909
34  15  0.00017721
35  15  0.00008209
36  15  0.00017298
37  15  0.00013651
38  15  0.00028210
39  15  0.00017365
40  15  0.00037236
41  15  0.00023713
42  15  0.00014091
43  15  0.00029188
44  15  0.00045900
45  15  0.00011628
46  15  0.00006383
47  15  0.00016322
48  15  0.00027505
49  15  0.00014241
50  15  0.00016614
51  15  0.00008296
52  15  0.00011676
53  15  0.00022756
54  15  0.00010874
55  15  0.00021268
56  15  0.00003123
57  15  0.00016929
58  15  0.00025240
59  15  0.00014329
60  15  0.00044332
61  15  0.00013608
62  15  0.00043882
63  15  0.00012930
0  16  0.00027426
1  16  0.00048208
2  16  0.00020519
3  16  0.00017023
4  16  0.00031265
5  16  0.00022451
6  16  0.00012246
7  16  0.00002404
8  16  0.00009738
9  16  0.00029350
10  16  0.00034502
11  16  0.00022096
12  16  0.00013963
13  16  0.00016837
14  16  0.00024986
15  16  0.00009442
16  16  0.00010800
17  16  0.00026544
18  16  0.00007479
19  16  0.00011523
20  16  0.00011635
21  16  0.00011130
22  16  0.00025955
23  16  0.00017800
24  16  0.00009262
25  16  0.00028540
26  16  0.00032743
27  16  0.00036033
28  16  0.00042660
29  16  0.00036607
30  16  0.00022331
31  16  0.00057877
32  16  0.00036953
33  16  0.00018414
34  16  0.00013712
35  16  0.00051513
36  16  0.00013554
37  16  0.00012923
38  16  0.00021659
39  16  0.00041775
40  16  0.00014066
41  16  0.00013124
42  16  0.00062867
43  16  0.00020280
44  16  0.00012838
45  16  0.00028511
46  16  0.00002058
47  16  0.00057843
48  16  0.00021218
49  16  0.00008841
50  16  0.00012036
51  16  0.00015095
52  16  0.00032152
53  16  0.00034185
54  16  0.00040423
55  16  0.00035955
56  16  0.00063715
57  16  0.00027484
58  16  0.00016950
59  16  0.00030166
60  16  0.00031538
61  16  0.00019392
62  16  0.00010323
63  16  0.00016427
0  17  0.00008204
1  17  0.00030199
2  17  0.00018079
3  17  0.00015673
4  17  0.00037880
5  17  0.00031024
6  17  0.00029231
7  17  0.00042265
8  17  0.00007075
9  17  0.00012447
10  17  0.00031141
11  17  0.00025993
12  17  0.00041841
13  17  0.00030184
14  17  0.00041279
15  17  0.00017842
16  17  0.00020010
17  17  0.00014922
18  17  0.00011596
19  17  0.00010804
20  17  0.00022024
21  17  0.00022155
22  17  0.00040623
23  17  0.00027660
24  17  0.00017752
25  17  0.00026645
26  17  0.00045376
27  17  0.00023710
28  17  0.00010523
29  17  0.00023916
30  17  0.00027868
31  17  0.00012062
32  17  0.00028115
33  17  0.00037316
34  17  0.00041554
35  17  0.00010440
36  17  0.00029027
37  17  0.00033622
38  17  0.00026622
39  17  0.00010331
40  17  0.00008550
41  17  0.00004652
42  17  0.00004183
43  17  0.00027999
44  17  0.00012040
45  17  0.00019667
46  17  0.00025384
47  17  0.00013055
48  17  0.00039610
49  17  0.00019703
50  17  0.00011593
51  17  0.00016145
52  17  0.00012460
53  17  0.00051584
54  17  0.00016861
55  17  0.00009644
56  17  0.00017060
57  17  0.00052116
58  17  0.00025292
59  17  0.00037407
60  17  0.00013662
61  17  0.00023325
62  17  0.00005758
63  17  0.00030713
0  18  0.00021216
1  18  0.00022391
2  18  0.00047020
3  18  0.00018226
4  18  0.00018091
5  18  0.00035205
6  18  0.00041030
7  18  0.00029989
8  18  0.00014232
9  18  0.00024216
10  18  0.00036536
11  18  0.00036683
12  18  0.00020733
13  18  0.00021973
14  18  0.00031607
15  18  0.00088093
16  18  0.00035133
17  18  0.00035107
18  18  0.00019960
19  18  0.00028978
20  18  0.00022911
21  18  0.00018699
22  18  0.00031444
23  18  0.00010347
24  18  0.00017011
25  18  0.00027467
26  18  0.00045711
27  18  0.00019223
28  18  0.00018476
29  18  0.00032386
30  18  0.00058674
31  18  0.00027411
32  18  0.00016374
33  18  0.00007916
34  18  0.00008948
35  18  0.00024402
36  18  0.00014661
37  18  0.00040388
38  18  0.00033312
39  18  0.00018526
40  18  0.00017270
41  18  0.00010652
42  18  0.00024727
43  18  0.00048609
44  18  0.00012830
45  18  0.00018979
46  18  0.00018173
47  18  0.00010789
48  18  0.00018034
49  18  0.00025935
50  18  0.00020518
51  18  0.00040429
52  18  0.00028540
53  18  0.00021595
54  18  0.00046590
55  18  0.00031701
56  18  0.00037958
57  18  0.00030760
58  18  0.00032269
59  18  0.00048488
60  18  0.00042366
61  18  0.00044356
62  18  0.00012103
63  18  0.00033087
0  19  0.00063977
1  19  0.00014569
2  19  0.00018835
3  19  0.00033025
4  19  0.00036660
5  19  0.00017789
6  19  0.00022051
7  19  0.00022656
8  19  0.00014839
9  19  0.00007978
10  19  0.00011422
11  19  0.00016887
12  19  0.00021410
13  19  0.00021736
14  19  0.00014544
15  19  0.00033641
16  19  0.00015123
17  19  0.00019709
18  19  0.00009796
19  19  0.00020768
20  19  0.00020868
21  19  0.00021264
22  19  0.00019141
23  19  0.00056194
24  19  0.00024032
25  19  0.00015121
26  19  0.00028893
27  19  0.00035316
28  19  0.00028377
29  19  0.00014438
30  19  0.00044457
31  19  0.00027707
32  19  0.00025021
33  19  0.00017993
34  19  0.00009963
35  19  0.00044301
36  19  0.00017092
37  19  0.00006626
38  19  0.00014062
39  19  0.00076875
40  19  0.00031436
41  19  0.00007480
42  19  0.00039772
43  19  0.00016425
44  19  0.00029834
45  19  0.00019524
46  19  0.00021683
47  19  0.00024218
48  19  0.00040331
49  19  0.00049771
50  19  0.00019159
51  19  0.00013074
52  19  0.00028867
53  19  0.00020973
54  19  0.00031554
55  19  0.00017562
56  19  0.00020054
57  19  0.00018166
58  19  0.00008373
59  19  0.00031623
60  19  0.00010597
61  19  0.00040622
62  19  0.00019656
63  19  0.00038652
0  20  0.00020776
1  20  0.00021844
2  20  0.00014398
3  20  0.00008573
4  20  0.00034451
5  20  0.00015352
6  20  0.00033746
7  20  0.00042154
8  20  0.00011555
9  20  0.00009928
10  20  0.00029356
11  20  0.00028196
12  20  0.00053858
13  20  0.00030721
14  20  0.00017673
15  20  0.00037338
16  20  0.00027982
17  20  0.00005604
18  20  0.00016082
19  20  0.00028823
20  20  0.00021056
21  20  0.00028413
22  20  0.00023489
23  20  0.00018751
24  20  0.00046735
25  20  0.00013088
26  20  0.00024793
27  20  0.00022259
28  20  0.00021386
29  20  0.00015249
30  20  0.00015194
31  20  0.00008821
32  20  0.00024114
33  20  0.00015252
34  20  0.00043299
35  20  0.00032248
36  20  0.00027695
37  20  0.00025241
38  20  0.00015210
39  20  0.00017986
40  20  0.00021605
41  20  0.00017027
42  20  0.00013513
43  20  0.00027991
44  20  0.00013056
45  20  0.00024600
46  20  0.00020383
47  20  0.00026259
48  20  0.00009099
49  20  0.00022564
50  20  0.00019277
51  20  0.00019124
52  20  0.00018464
53  20  0.00021483
54  20  0.00021868
55  20  0.00026250
56  20  0.00022639
57  20  0.00026619
58  20  0.00044640
59  20  0.00038121
60  20  0.00004239
61  20  0.00018845
62  20  0.00016110
63  20  0.00019889
0  21  0.00005908
1  21  0.00014370
2  21  0.00024933
3  21  0.00019119
4  21  0.00026581
5  21  0.00033675
6  21  0.00023534
7  21  0.00051750
8  21  0.00014505
9  21  0.00046563
10  21  0.00029726
11  21  0.00017745
12  21  0.00011548
13  21  0.00011064
14  21  0.00038371
15  21  0.00037420
16  21  0.00009390
17  21  0.00027040
18  21  0.00029630
19  21  0.00035568
20  21  0.00031410
21  21  0.00029653
22  21  0.00015003
23  21  0.00038034
24  21  0.00022198
25  21  0.00034243
26  21  0.00069155
27  21  0.00021930
28  21  0.00023482
29  21  0.00015871
30  21  0.00042127
31  21  0.00029328
32  21  0.00015197
33  21  0.00040070
34  21  0.00036521
35  21  0.00026063
36  21  0.00013559
37  21  0.00025340
38  21  0.00047187
39  21  0.00060622
40  21  0.00033912
41  21  0.00022691
42  21  0.00018462
43  21  0.00054819
44  21  0.00041214
45  21  0.00014956
46  21  0.00008586
47  21  0.00047811
48  21  0.00009988
49  21  0.00041862
50  21  0.00057822
51  21  0.00044852
52  21  0.00027075
53  21  0.00014780
54  21  0.00023312
55  21  0.00021830
56  21  0.00014660
57  21  0.00036429
58  21  0.00021425
59  21  0.00045965
60  21  0.00033288
61  21  0.00023727
62  21  0.00026357
63  21  0.00020721
0  22  0.00015182
1  22  0.00032289
2  22  0.00010505
3  22  0.00020532
4  22  0.00024466
5  22  0.00051495
6  22  0.00030734
7  22  0.00026866
8  22  0.00019390
9  22  0.00040306
10  22  0.00024843
11  22  0.00023757
12  22  0.00013471
13  22  0.00017583
14  22  0.00012454
15  22  0.00023568
16  22  0.00012939
17  22  0.00031299
18  22  0.00016554
19  22  0.00023045
20  22  0.00018366
21  22  0.00018668
22  22  0.00012390
23  22  0.00025888
24  22  0.00042674
25  22  0.00033928
26  22  0.00011899
27  22  0.00020584
28  22  0.00026028
29  22  0.00016062
30  22  0.00019297
31  22  0.00006709
32  22  0.00017076
33  22  0.00015068
34  22  0.00005498
35  22  0.00012037
36  22  0.00024943
37  22  0.00015749
38  22  0.00036992
39  22  0.00046874
40  22  0.00069338
41  22  0.00008480
42  22  0.00026649
43  22  0.00034864
44  22  0.00013099
45  22  0.00022047
46  22  0.00029727
47  22  0.00024408
48  22  0.00026550
49  22  0.00028972
50  22  0.00033679
51  22  0.00027066
52  22  0.00029242
53  22  0.00022371
54  22  0.00023772
55  22  0.00016903
56  22  0.00017963
57  22  0.00020108
58  22  0.00033484
59  22  0.00030887
60  22  0.00011118
61  22  0.00017684
62  22  0.00011028
63  22  0.00022958
0  23  0.00025097
1  23  0.00012655
2  23  0.00024842
3  23  0.00024562
4  23  0.00015498
5  23  0.00034261
6  23  0.00014908
7  23  0.00027581
8  23  0.00018941
9  23  0.00031319
10  23  0.00022089
11  23  0.00009951
12  23  0.00020558
13  23  0.00021798
14  23  0.00013924
15  23  0.00034713
16  23  0.00030586
17  23  0.00035357
18  23  0.00006851
19  23  0.00037369
20  23  0.00033173
21  23  0.00030460
22  23  0.00016618
23  23  0.00018098
24  23  0.00021298
25  23  0.00020295
26  23  0.00046371
27  23  0.00009165
28  23  0.00010061
29  23  0.00014386
30  23  0.00011361
31  23  0.00018091
32  23  0.00041490
33  23  0.00032845
34  23  0.00018697
35  23  0.00032054
36  23  0.00042417
37  23  0.00024792
38  23  0.00018329
39  23  0.00054028
40  23  0.00018315
41  23  0.00046216
42  23  0.00034625
43  23  0.00032313
44  23  0.00009991
45  23  0.00026645
46  23  0.00055238
47  23  0.00033735
48  23  0.00010127
49  23  0.00010928
50  23  0.00044985
51  23  0.00042012
52  23  0.00026031
53  23  0.00017576
54  23  0.00023167
55  23  0.00014715
56  23  0.00063879
57  23  0.00018392
58  23  0.00015820
59  23  0.00047227
60  23  0.00029297
61  23  0.00018683
62  23  0.00008346
63  23  0.00011323
0  24  0.00035230
1  24  0.00023226
2  24  0.00016470
3  24  0.00024766
4  24  0.00012569
5  24  0.00011090
6  24  0.00008380
7  24  0.00014019
8  24  0.00043181
9  24  0.00024050
10  24  0.00033425
11  24  0.00026714
12  24  0.00019836
13  24  0.00026620
14  24  0.00016477
15  24  0.00022015
16  24  0.00022632
17  24  0.00010712
18  24  0.00024047
19  24  0.00022160
20  24  0.00039274
21  24  0.00023466
22  24  0.00020978
23  24  0.00021052
24  24  0.00018812
25  24  0.00006257
26  24  0.00025670
27  24  0.00014479
28  24  0.00012935
29  24  0.00021183
30  24  0.00021346
31  24  0.00018555
32  24  0.00013241
33  24  0.00018797
34  24  0.00011555
35  24  0.00016790
36  24  0.00019658
37  24  0.00008878
38  24  0.00008574
39  24  0.00019955
40  24  0.00015733
41  24  0.00041131
42  24  0.00017494
43  24  0.00027822
44  24  0.00018366
45  24  0.00012833
46  24  0.00015449
47  24  0.00031557
48  24  0.00012312
49  24  0.00024752
50  24  0.00021410
51  24  0.00025786
52  24  0.00022187
53  24  0.00021514
54  24  0.00010173
55  24  0.00024177
56  24  0.00007171
57  24  0.00016817
58  24  0.00041674
59  24  0.00042472
60  24  0.00010172
61  24  0.00015597
62  24  0.00021403
63  24  0.00051443
0  25  0.00033658
1  25  0.00020635
2  25  0.00024555
3  25  0.00014652
4  25  0.00021975
5  25  0.00013711
6  25  0.00033694
7  25  0.00060646
8  25  0.00015630
9  25  0.00017883
10  25  0.00025405
11  25  0.00004579
12  25  0.00036496
13  25  0.00007356
14  25  0.00032801
15  25  0.00026504
16  25  0.00009132
17  25  0.00040097
18  25  0.00011750
19  25  0.00037667
20  25  0.00022793
21  25  0.00037300
22  25  0.00023059
23  25  0.00023884
24  25  0.00018829
25  25  0.00025553
26  25  0.00009149
27  25  0.00015738
28  25  0.00027945
29  25  0.00033496
30  25  0.00016462
31  25  0.00016827
32  25  0.00014485
33  25  0.00017011
34  25  0.00020417
35  25  0.00018576
36  25  0.00053686
37  25  0.00013024
38  25  0.00027345
39  25  0.00022557
40  25  0.00042529
41  25  0.00027870
42  25  0.00028267
43  25  0.00017507
44  25  0.00028495
45  25  0.00029230
46  25  0.00021109
47  25  0.00009178
48  25  0.00018029
49  25  0.00009238
50  25  0.00010917
51  25  0.00018138
52  25  0.00016990
53  25  0.00016936
54  25  0.00038445
55  25  0.00029475
56  25  0.00040564
57  25  0.00028641
58  25  0.00015320
59  25  0.00013755
60  25  0.00031323
61  25  0.00016367
62  25  0.00069118
63  25  0.00049745
0  26  0.00032643
1  26  0.00022951
2  26  0.00012558
3  26  0.00033819
4  26  0.00053908
5  26  0.00007214
6  26  0.00016805
7  26  0.00024830
8  26  0.00005173
9  26  0.00023940
10  26  0.00030555
11  26  0.00016411
12  26  0.00027728
13  26  0.00031384
14  26  0.00010571
15  26  0.00046204
16  26  0.00011716
17  26  0.00027389
18  26  0.00010531
19  26  0.00011263
20  26  0.00020106
21  26  0.00047880
22  26  0.00020472
23  26  0.00018918
24  26  0.00012386
25  26  0.00015712
26  26  0.00014153
27  26  0.00027864
28  26  0.00028081
29  26  0.00014679
30  26  0.00019574
31  26  0.00029814
32  26  0.00044051
33  26  0.00025236
34  26  0.00022752
35  26  0.00027369
36  26  0.00023720
37  26  0.00024040
38  26  0.00006444
39  26  0.00022052
40  26  0.00034804
41  26  0.00019010
42  26  0.00018197
43  26  0.00020856
44  26  0.00022556
45  26  0.00015371
46  26  0.00006187
47  26  0.00029564
48  26  0.00019800
49  26  0.00029563
50  26  0.00036451
51  26  0.00024284
52  26  0.00070301
53  26  0.00022380
54  26  0.00010512
55  26  0.00028744
56  26  0.00030815
57  26  0.00022163
58  26  0.00029794
59  26  0.00008304
60  26  0.00014900
61  26  0.00036899
62  26  0.00015665
63  26  0.00026078
0  27  0.00020600
1  27  0.00007546
2  27  0.00030772
3  27  0.00037968
4  27  0.00021251
5  27  0.00028468
6  27  0.00014594
7  27  0.00027012
8  27  0.00062195
9  27  0.00050997
10  27  0.00012412
11  27  0.00026917
12  27  0.00029751
13  27  0.00014216
14  27  0.00024982
15  27  0.00025800
16  27  0.00028296
17  27  0.00015546
18  27  0.00019600
19  27  0.00018247
20  27  0.00040878
21  27  0.00013329
22  27  0.00022098
23  27  0.00013381
24  27  0.00022436
25  27  0.00040210
26  27  0.00036265
27  27  0.00021199
28  27  0.00059156
29  27  0.00017169
30  27  0.00017883
31  27  0.00016975
32  27  0.00014221
33  27  0.00024093
34  27  0.00038764
35  27  0.00020254
36  27  0.00060799
37  27  0.00012314
38  27  0.00037806
39  27  0.00025808
40  27  0.00023651
41  27  0.00013837
42  27  0.00022935
43  27  0.00026503
44  27  0.00015214
45  27  0.00010061
46  27  0.00026660
47  27  0.00041316
48  27  0.00015898
49  27  0.00029833
50  27  0.00024730
51  27  0.00034311
52  27  0.00033786
53  27  0.00014111
54  27  0.00021286
55  27  0.00026404
56  27  0.00042516
57  27  0.00051687
58  27  0.00022786
59  27  0.00027292
60  27  0.00010881
61  27  0.00011784
62  27  0.00023684
63  27  0.00030844
0  28  0.00022305
1  28  0.00029925
2  28  0.00020683
3  28  0.00026561
4  28  0.00046821
5  28  0.00009254
6  28  0.00035993
7  28  0.00035890
8  28  0.00016379
9  28  0.00033547
10  28  0.00025906
11  28  0.00025572
12  28  0.00025541
13  28  0.00017665
14  28  0.00030712
15  28  0.00030246
16  28  0.00024419
17  28  0.00030257
18  28  0.00029247
19  28  0.00012102
20  28  0.00024069
21  28  0.00040401
22  28  0.00016819
23  28  0.00022250
24  28  0.00019128
25  28  0.00020514
26  28  0.00015811
27  28  0.00014239
28  28  0.00010465
29  28  0.00035087
30  28  0.00017874
31  28  0.00019606
32  28  0.00020112
33  28  0.00015560
34  28  0.00033513
35  28  0.00011004
36  28  0.00025297
37  28  0.00022531
38  28  0.00023242
39  28  0.00013850
40  28  0.00017703
41  28  0.00012220
42  28  0.00034184
43  28  0.00022981
44  28  0.00048724
45  28  0.00006852
46  28  0.00023584
47  28  0.00029757
48  28  0.00022178
49  28  0.00017467
50  28  0.00015396
51  28  0.00030119
52  28  0.00018398
53  28  0.00024446
54  28  0.00021593
55  28  0.00014544
56  28  0.00057156
57  28  0.00011854
58  28  0.00028461
59  28  0.00023305
60  28  0.00020413
61  28  0.00033521
62  28  0.00019788
63  28  0.00016754
0  29  0.00018435
1  29  0.00008615
2  29  0.00031409
3  29  0.00040956
4  29  0.00047970
5  29  0.00016476
6  29  0.00007784
7  29  0.00014320
8  29  0.00016615
9  29  0.00013141
10  29  0.00005942
11  29  0.00019296
12  29  0.00039742
13  29  0.00033463
14  29  0.00024362
15  29  0.00025539
16  29  0.00020106
17  29  0.00034946
18  29  0.00025680
19  29  0.00022047
20  29  0.00031084
21  29  0.00023845
22  29  0.00027957
23  29  0.00016311
24  29  0.00018647
25  29  0.00092811
26  29  0.00015413
27  29  0.00013863
28  29  0.00030338
29  29  0.00014380
30  29  0.00012159
31  29  0.00037745
32  29  0.00024951
33  29  0.00040714
34  29  0.00023711
35  29  0.00013145
36  29  0.00031587
37  29  0.00035648
38  29  0.00020386
39  29  0.00037178
40  29  0.00032812
41  29  0.00006349
42  29  0.00017818
43  29  0.00033975
44  29  0.00012831
45  29  0.00032940
46  29  0.00033833
47  29  0.00037808
48  29  0.00052581
49  29  0.00028428
50  29  0.00014244
51  29  0.00042858
52  29  0.00034615
53  29  0.00026994
54  29  0.00026755
55  29  0.00032105
56  29  0.00036390
57  29  0.00022340
58  29  0.00016874
59  29  0.00019933
60  29  0.00014220
61  29  0.00021401
62  29  0.00021808
63  29  0.00020453
0  30  0.00029498
1  30  0.00022914
2  30  0.00031648
3  30  0.00041109
4  30  0.00067762
5  30  0.00035819
6  30  0.00029155
7  30  0.00011809
8  30  0.00010322
9  30  0.00033993
10  30  0.00017574
11  30  0.00016446
12  30  0.00026750
13  30  0.00026176
14  30  0.00049067
15  30  0.00036100
16  30  0.00034819
17  30  0.00010226
18  30  0.00019290
19  30  0.00013402
20  30  0.00014562
21  30  0.00019736
22  30  0.00019581
23  30  0.00040470
24  30  0.00011245
25  30  0.00022647
26  30  0.00021662
27  30  0.00029343
28  30  0.00011703
29  30  0.00068001
30  30  0.00023182
31  30  0.00053310
32  30  0.00026408
33  30  0.00030923
34  30  0.00044266
35  30  0.00014405
36  30  0.00024232
37  30  0.00020557
38  30  0.00017689
39  30  0.00008557
40  30  0.00018835
41  30  0.00023916
42  30  0.00011579
43  30  0.00022467
44  30  0.00013943
45  30  0.00017058
46  30  0.00016403
47  30  0.00042469
48  30  0.00030045
49  30  0.00013428
50  30  0.00050299
51  30  0.00010513
52  30  0.00017342
53  30  0.00014819
54  30  0.00014788
55  30  0.00018874
56  30  0.00016753
57  30  0.00028542
58  30  0.00028072
59  30  0.00022510
60  30  0.00018218
61  30  0.00021075
62  30  0.00033062
63  30  0.00021945
0  31  0.00028734
1  31  0.00036012
2  31  0.00009123
3  31  0.00028023
4  31  0.00023613
5  31  0.00030630
6  31  0.00018961
7  31  0.00005630
8  31  0.00032564
9  31  0.00008032
10  31  0.00031253
11  31  0.00015636
12  31  0.00031881
13  31  0.00023733
14  31  0.00026637
15  31  0.00030402
16  31  0.00018191
17  31  0.00023527
18  31  0.00010968
19  31  0.00024694
20  31  0.00022216
21  31  0.00016651
22  31  0.00025539
23  31  0.00009502
24  31  0.00025435
25  31  0.00020787
26  31  0.00017534
27  31  0.00018847
28  31  0.00011353
29  31  0.00014071
30  31  0.00040846
31  31  0.00008855
32  31  0.00022138
33  31  0.00041916
34  31  0.00018921
35  31  0.00007167
36  31  0.00013437
37  31  0.00032057
38  31  0.00028091
39  31  0.00043991
40  31  0.00035604
41  31  0.00046869
42  31  0.00011936
43  31  0.00017751
44  31  0.00041369
45  31  0.00025922
46  31  0.00053247
47  31  0.00009662
48  31  0.00015301
49  31  0.00026431
50  31  0.00053841
51  31  0.00029741
52  31  0.00022379
53  31  0.00020857
54  31  0.00028681
55  31  0.00046376
56  31  0.00022613
57  31  0.00034507
58  31  0.00036919
59  31  0.00026678
60  31  0.00006227
61  31  0.00050631
62  31  0.00021110
63  31  0.00016830
0  32  0.00025753
1  32  0.00019706
2  32  0.00049441
3  32  0.00019849
4  32  0.00018766
5  32  0.00016803
6  32  0.00023259
7  32  0.00020531
8  32  0.00011641
9  32  0.00034687
10  32  0.00031812
11  32  0.00022851
12  32  0.00044578
13  32  0.00038466
14  32  0.00011238
15  32  0.00009679
16  32  0.00025540
17  32  0.00033606
18  32  0.00021710
19  32  0.00025335
20  32  0.00015711
21  32  0.00023107
22  32  0.00027379
23  32  0.00037556
24  32  0.00034569
25  32  0.00017707
26  32  0.00030514
27  32  0.00019051
28  32  0.00032110
29  32  0.00014255
30  32  0.00033745
31  32  0.00027916
32  32  0.00016632
33  32  0.00029823
34  32  0.00016021
35  32  0.00013951
36  32  0.00012672
37  32  0.00009848
38  32  0.00006639
39  32  0.00028028
40  32  0.00038541
41  32  0.00005103
42  32  0.00028790
43  32  0.00012384
44  32  0.00019810
45  32  0.00023388
46  32  0.00028110
47  32  0.00015889
48  32  0.00018070
49  32  0.00014908
50  32  0.00019816
51  32  0.00023828
52  32  0.00010101
53  32  0.00028139
54  32  0.00040420
55  32  0.00023231
56  32  0.00008874
57  32  0.00034511
58  32  0.00012145
59  32  0.00026080
60  32  0.00021231
61  32  0.00018491
62  32  0.00061143
63  32  0.00020449
0  33  0.00005563
1  33  0.00035676
2  33  0.00021522
3  33  0.00013768
4  33  0.00034797
5  33  0.00025000
6  33  0.00034487
7  33  0.00023249
8  33  0.00019246
9  33  0.00022842
10  33  0.00011322
11  33  0.00030163
12  33  0.00029822
13  33  0.00009773
14  33  0.00026442
15  33  0.00017089
16  33  0.00025091
17  33  0.00009868
18  33  0.00020576
19  33  0.00020196
20  33  0.00020109
21  33  0.00025216
22  33  0.00024860
23  33  0.00011847
24  33  0.00011415
25  33  0.00013735
26  33  0.00042132
27  33  0.00024135
28  33  0.00024155
29  33  0.00037428
30  33  0.00058107
31  33  0.00012981
32  33  0.00007725
33  33  0.00013157
34  33  0.00019000
35  33  0.00035378
36  33  0.00028035
37  33  0.00028914
38  33  0.00022804
39  33  0.00039074
40  33  0.00017692
41  33  0.00030103
42  33  0.00011468
43  33  0.00015531
44  33  0.00012457
45  33  0.00016359
46  33  0.00035817
47  33  0.00023722
48  33  0.00013638
49  33  0.00016049
50  33  0.00019656
51  33  0.00034416
52  33  0.00013265
53  33  0.00008816
54  33  0.00018717
55  33  0.00015711
56  33  0.00015222
57  33  0.00020193
58  33  0.00019139
59  33  0.00019776
60  33  0.00012097
61  33  0.00007210
62  33  0.00046251
63  33  0.00037919
0  34  0.00030690
1  34  0.00021459
2  34  0.00015640
3  34  0.00012148
4  34  0.00014415
5  34  0.00053116
6  34  0.00025265
7  34  0.00011896
8  34  0.00017244
9  34  0.00001784
10  34  0.00013946
11  34  0.00023921
12  34  0.00022451
13  34  0.00014863
14  34  0.00025804
15  34  0.00019815
16  34  0.00009657
17  34  0.00026518
18  34  0.00003495
19  34  0.00022272
20  34  0.00015719
21  34  0.00026007
22  34  0.00007354
23  34  0.00036475
24  34  0.00012550
25  34  0.00020218
26  34  0.00051191
27  34  0.00042915
28  34  0.00011106
29  34  0.00033082
30  34  0.00037486
31  34  0.00012140
32  34  0.00020686
33  34  0.00017490
34  34  0.00010682
35  34  0.00028483
36  34  0.00027979
37  34  0.00007808
38  34  0.00011204
39  34  0.00025050
40  34  0.00011001
41  34  0.00018916
42  34  0.00025876
43  34  0.00020545
44  34  0.00022201
45  34  0.00041081
46  34  0.00037930
47  34  0.00023986
48  34  0.00022551
49  34  0.00047458
50  34  0.00047757
51  34  0.00006459
52  34  0.00023887
53  34  0.00014093
54  34  0.00031041
55  34  0.00030002
56  34  0.00009546
57  34  0.00019445
58  34  0.00037651
59  34  0.00019006
60  34  0.00013387
61  34  0.00020970
62  34  0.00032293
63  34  0.00027711
0  35  0.00018141
1  35  0.00021625
2  35  0.00057842
3  35  0.00022171
4  35  0.00022413
5  35  0.00010729
6  35  0.00010925
7  35  0.00009218
8  35  0.00017650
9  35  0.00023850
10  35  0.00012551
11  35  0.00007647
12  35  0.00011257
13  35  0.00028986
14  35  0.00028104
15  35  0.00032551
16  35  0.00031206
17  35  0.00015042
18  35  0.00015766
19  35  0.00021607
20  35  0.00035908
21  35  0.00025110
22  35  0.00007894
23  35  0.00049305
24  35  0.00030509
25  35  0.00013484
26  35  0.00017787
27  35  0.00018936
28  35  0.00017052
29  35  0.00023946
30  35  0.00022765
31  35  0.00018014
32  35  0.00021937
33  35  0.00005760
34  35  0.00013297
35  35  0.00030122
36  35  0.00013255
37  35  0.00021279
38  35  0.00022227
39  35  0.00038568
40  35  0.00030270
41  35  0.00026874
42  35  0.00013029
43  35  0.00031551
44  35  0.00042495
45  35  0.00024259
46  35  0.00017709
47  35  0.00028370
48  35  0.00019074
49  35  0.00001940
50  35  0.00031641
51  35  0.00020442
52  35  0.00047512
53  35  0.00035276
54  35  0.00013866
55  35  0.00029575
56  35  0.00057467
57  35  0.00013938
58  35  0.00010966
59  35  0.00031642
60  35  0.00023327
61  35  0.00017140
62  35  0.00019963
63  35  0.00030886
0  36  0.00017912
1  36  0.00024603
2  36  0.00016507
3  36  0.00031353
4  36  0.00028873
5  36  0.00022565
6  36  0.00006955
7  36  0.00017064
8  36  0.00029264
9  36  0.00026636
10  36  0.00038447
11  36  0.00021304
12  36  0.00015892
13  36  0.00017618
14  36  0.00017645
15  36  0.00034788
16  36  0.00016788
17  36  0.00021557
18  36  0.00008676
19  36  0.00004539
20  36  0.00044700
21  36  0.00016429
22  36  0.00009033
23  36  0.00026906
24  36  0.00024945
25  36  0.00043240
26  36  0.00033444
27  36  0.00057340
28  36  0.00020329
29  36  0.00030059
30  36  0.00038304
31  36  0.00024428
32  36  0.00016151
33  36  0.00020650
34  36  0.00008912
35  36  0.00016303
36  36  0.00029277
37  36  0.00036722
38  36  0.00024004
39  36  0.00030524
40  36  0.00021801
41  36  0.00036998
42  36  0.00035925
43  36  0.00018116
44  36  0.00034187
45  36  0.00011834
46  36  0.00041827
47  36  0.00039809
48  36  0.00019161
49  36  0.00047557
50  36  0.00013554
51  36  0.00016274
52  36  0.00024920
53  36  0.00007923
54  36  0.00024401
55  36  0.00030360
56  36  0.00037703
57  36  0.00028586
58  36  0.00015193
59  36  0.00018666
60  36  0.00025058
61  36  0.00042593
62  36  0.00044969
63  36  0.00037083
0  37  0.00015411
1  37  0.00016666
2  37  0.00034793
3  37  0.00020937
4  37  0.00037333
5  37  0.00010180
6  37  0.00040621
7  37  0.00017730
8  37  0.00014989
9  37  0.00012428
10  37  0.00047889
11  37  0.00045563
12  37  0.00033591
13  37  0.00018842
14  37  0.00011575
15  37  0.00010934
16  37  0.00036896
17  37  0.00019965
18  37  0.00008896
19  37  0.00012916
20  37  0.00067069
21  37  0.00015332
22  37  0.00015043
23  37  0.00016103
24  37  0.00020001
25  37  0.00031853
26  37  0.00029339
27  37  0.00015065
28  37  0.00002658
29  37  0.00031655
30  37  0.00012414
31  37  0.00024831
32  37  0.00019562
33  37  0.00017331
34  37  0.00011133
35  37  0.00026589
36  37  0.00004165
37  37  0.00032370
38  37  0.00025069
39  37  0.00018321
40  37  0.00021583
41  37  0.00013297
42  37  0.00011943
43  37  0.00025327
44  37  0.00013994
45  37  0.00037880
46  37  0.00041533
47  37  0.00051277
48  37  0.00014330
49  37  0.00050391
50  37  0.00013246
51  37  0.00017516
52  37  0.00040297
53  37  0.00008164
54  37  0.00011466
55  37  0.00011411
56  37  0.00033022
57  37  0.00021159
58  37  0.00029269
59  37  0.00016169
60  37  0.00037175
61  37  0.00037865
62  37  0.00026384
63  37  0.00008580
0  38  0.00042920
1  38  0.00042026
2  38  0.00018569
3  38  0.00012369
4  38  0.00015284
5  38  0.00025685
6  38  0.00014975
7  38  0.00010289
8  38  0.00032695
9  38  0.00020294
10  38  0.00027276
11  38  0.00027837
12  38  0.00015581
13  38  0.00008616
14  38  0.00033934
15  38  0.00056385
16  38  0.00016255
17  38  0.00008339
18  38  0.00017286
19  38  0.00016109
20  38  0.00052249
21  38  0.00040820
22  38  0.00017894
23  38  0.00015923
24  38  0.00021435
25  38  0.00011479
26  38  0.00028482
27  38  0.00024275
28  38  0.00025472
29  38  0.00023309
30  38  0.00007669
31  38  0.00044169
32  38  0.00025854
33  38  0.00023940
34  38  0.00009839
35  38  0.00016188
36  38  0.00026902
37  38  0.00018450
38  38  0.00016545
39  38  0.00014465
40  38  0.00008963
41  38  0.00048131
42  38  0.00020007
43  38  0.00031537
44  38  0.00040929
45  38  0.00060938
46  38  0.00039442
47  38  0.00034685
48  38  0.00015877
49  38  0.00016358
50  38  0.00032483
51  38  0.00026025
52  38  0.00042827
53  38  0.00027761
54  38  0.00047203
55  38  0.00018871
56  38  0.00044855
57  38  0.00031525
58  38  0.00032315
59  38  0.00020860
60  38  0.00014904
61  38  0.00009304
62  38  0.00032617
63  38  0.00028690
0  39  0.00027597
1  39  0.00032293
2  39  0.00029392
3  39  0.00014843
4  39  0.00017625
5  39  0.00009417
6  39  0.00020092
7  39  0.00059560
8  39  0.00022633
9  39  0.00010080
10  39  0.00030869
11  39  0.00015570
12  39  0.00033833
13  39  0.00015639
14  39  0.00008122
15  39  0.00068194
16  39  0.00035616
17  39  0.00035198
18  39  0.00006825
19  39  0.00013070
20  39  0.00010824
21  39  0.00023722
22  39  0.00025325
23  39  0.00030448
24  39  0.00044210
25  39  0.00046410
26  39  0.00026222
27  39  0.00012726
28  39  0.00014810
29  39  0.00011096
30  39  0.00019364
31  39  0.00019349
32  39  0.00030188
33  39  0.00013778
34  39  0.00072531
35  39  0.00030258
36  39  0.00028187
37  39  0.00015731
38  39  0.00014188
39  39  0.00016578
40  39  0.00043612
41  39  0.00018227
42  39  0.00037542
43  39  0.00027718
44  39  0.00021656
45  39  0.00024733
46  39  0.00043057
47  39  0.00016796
48  39  0.00008256
49  39  0.00018285
50  39  0.00022990
51  39  0.00024523
52  39  0.00016284
53  39  0.00021495
54  39  0.00039763
55  39  0.00015221
56  39  0.00022766
57  39  0.00026920
58  39  0.00016292
59  39  0.00030739
60  39  0.00012904
61  39  0.00019217
62  39  0.00031772
63  39  0.00014417
0  40  0.00014751
1  40  0.00021645
2  40  0.00012514
3  40  0.00034307
4  40  0.00013860
5  40  0.00038267
6  40  0.00018431
7  40  0.00021501
8  40  0.00022106
9  40  0.00017105
10  40  0.00031684
11  40  0.00049455
12  40  0.00013191
13  40  0.00027128
14  40  0.00011307
15  40  0.00019892
16  40  0.00010667
17  40  0.00036327
18  40  0.00024963
19  40  0.00021526
20  40  0.00022957
21  40  0.00036716
22  40  0.00053740
23  40  0.00017388
24  40  0.00036592
25  40  0.00045242
26  40  0.00024037
27  40  0.00022170
28  40  0.00035865
29  40  0.00023693
30  40  0.00016204
31  40  0.00014684
32  40  0.00015667
33  40  0.00017930
34  40  0.00019666
35  40  0.00010836
36  40  0.00046467
37  40  0.00024633
38  40  0.00028617
39  40  0.00015732
40  40  0.00023423
41  40  0.00004918
42  40  0.00051660
43  40  0.00007572
44  40  0.00029578
45  40  0.00031351
46  40  0.00040514
47  40  0.00019434
48  40  0.00025302
49  40  0.00041357
50  40  0.00047477
51  40  0.00040663
52  40  0.00030013
53  40  0.00014617
54  40  0.00018532
55  40  0.00023069
56  40  0.00037135
57  40  0.00032511
58  40  0.00028799
59  40  0.00024007
60  40  0.00050018
61  40  0.00003350
62  40  0.00048249
63  40  0.00022506
0  41  0.00037540
1  41  0.00014103
2  41  0.00014832
3  41  0.00021987
4  41  0.00033762
5  41  0.00025768
6  41  0.00014328
7  41  0.00033962
8  41  0.00038168
9  41  0.00020566
10  41  0.00023829
11  41  0.00014935
12  41  0.00019455
13  41  0.00032563
14  41  0.00054283
15  41  0.00020683
16  41  0.00016356
17  41  0.00020714
18  41  0.00024070
19  41  0.00004352
20  41  0.00006431
21  41  0.00010424
22  41  0.00040758
23  41  0.00053718
24  41  0.00024034
25  41  0.00011994
26  41  0.00012384
27  41  0.00013912
28  41  0.00017586
29  41  0.00006371
30  41  0.00027263
31  41  0.00025007
32  41  0.00016732
33  41  0.00040383
34  41  0.00017954
35  41  0.00023385
36  41  0.00012503
37  41  0.00015720
38  41  0.00040208
39  41  0.00022683
40  41  0.00016190
41  41  0.00052196
42  41  0.00016664
43  41  0.00024549
44  41  0.00030820
45  41  0.00020906
46  41  0.00026267
47  41  0.00028535
48  41  0.00024539
49  41  0.00012287
50  41  0.00024736
51  41  0.00013315
52  41  0.00027492
53  41  0.00009881
54  41  0.00028764
55  41  0.00031107
56  41  0.00009911
57  41  0.00018080
58  41  0.00034114
59  41  0.00012539
60  41  0.00042778
61  41  0.00013243
62  41  0.00029782
63  41  0.00012814
0  42  0.00018553
1  42  0.00031087
2  42  0.00043189
3  42  0.00038424
4  42  0.00016606
5  42  0.00028049
6  42  0.00023119
7  42  0.00024269
8  42  0.00015228
9  42  0.00019723
10  42  0.00027988
11  42  0.00036877
12  42  0.00008272
13  42  0.00021677
14  42  0.00015508
15  42  0.00011571
16  42  0.00026168
17  42  0.00040212
18  42  0.00032574
19  42  0.00026545
20  42  0.00019542
21  42  0.00008983
22  42  0.00017896
23  42  0.00018873
24  42  0.00036174
25  42  0.00042404
26  42  0.00034188
27  42  0.00047577
28  42  0.00031290
29  42  0.00035293
30  42  0.00024363
31  42  0.00011376
32  42  0.00033421
33  42  0.00016350
34  42  0.00013126
35  42  0.00027016
36  42  0.00050950
37  42  0.00050463
38  42  0.00023843
39  42  0.00013261
40  42  0.00030690
41  42  0.00022582
42  42  0.00024633
43  42  0.00054858
44  42  0.00023718
45  42  0.00017649
46  42  0.00007658
47  42  0.00057545
48  42  0.00010433
49  42  0.00045804
50  42  0.00006694
51  42  0.00016979
52  42  0.00011734
53  42  0.00028423
54  42  0.00008636
55  42  0.00013986
56  42  0.00019111
57  42  0.00044856
58  42  0.00007249
59  42  0.00013243
60  42  0.00038522
61  42  0.00010647
62  42  0.00013967
63  42  0.00032754
0  43  0.00014417
1  43  0.00032733
2  43  0.00033684
3  43  0.00021319
4  43  0.00037932
5  43  0.00023239
6  43  0.00019352
7  43  0.00010913
8  43  0.00011415
9  43  0.00035264
10  43  0.00050269
11  43  0.00017757
12  43  0.00018159
13  43  0.00022252
14  43  0.00042775
15  43  0.00024315
16  43  0.00020051
17  43  0.00040164
18  43  0.00023805
19  43  0.00012712
20  43  0.00024119
21  43  0.00007180
22  43  0.00025611
23  43  0.00019924
24  43  0.00012658
25  43  0.00014674
26  43  0.00026409
27  43  0.00013155
28  43  0.00034051
29  43  0.00028337
30  43  0.00023484
31  43  0.00027379
32  43  0.00018674
33  43  0.00030011
34  43  0.00021767
35  43  0.00039874
36  43  0.00013052
37  43  0.00021215
38  43  0.00011467
39  43  0.00019367
40  43  0.00012169
41  43  0.00018945
42  43  0.00028365
43  43  0.00017945
44  43  0.00008725
45  43  0.00027841
46  43  0.00039553
47  43  0.00009281
48  43  0.00026877
49  43  0.00026771
50  43  0.00019564
51  43  0.00026268
52  43  0.00014435
53  43  0.00009045
54  43  0.00026642
55  43  0.00015981
56  43  0.00016635
57  43  0.00055439
58  43  0.00013536
59  43  0.00047376
60  43  0.00011529
61  43  0.00013698
62  43  0.00027581
63  43  0.00016120
0  44  0.00023118
1  44  0.00020147
2  44  0.00036329
3  44  0.00017109
4  44  0.00026626
5  44  0.00018556
6  44  0.00032230
7  44  0.00020066
8  44  0.00021612
9  44  0.00010572
10  44  0.00016924
11  44  0.00024079
12  44  0.00011519
13  44  0.00016695
14  44  0.00018191
15  44  0.00018579
16  44  0.00041332
17  44  0.00029237
18  44  0.00046791
19  44  0.00016873
20  44  0.00019838
21  44  0.00020420
22  44  0.00015404
23  44  0.00039453
24  44  0.00017283
25  44  0.00033545
26  44  0.00029233
27  44  0.00032301
28  44  0.00017888
29  44  0.00025223
30  44  0.00011701
31  44  0.00028339
32  44  0.00010672
33  44  0.00011528
34  44  0.00021230
35  44  0.00023489
36  44  0.00029584
37  44  0.00006604
38  44  0.00018284
39  44  0.00009251
40  44  0.00026604
41  44  0.00044529
42  44  0.00015507
43  44  0.00046066
44  44  0.00025005
45  44  0.00010836
46  44  0.00018543
47  44  0.00011236
48  44  0.00016622
49  44  0.00032645
50  44  0.00018875
51  44  0.00036388
52  44  0.00027494
53  44  0.00010099
54  44  0.00044523
55  44  0.00053642
56  44  0.00025159
57  44  0.00011358
58  44  0.00026621
59  44  0.00028739
60  44  0.00030370
61  44  0.00018542
62  44  0.00021278
63  44  0.00040830
0  45  0.00013769
1  45  0.00033086
2  45  0.00051782
3  45  0.00037782
4  45  0.00015363
5  45  0.00013309
6  45  0.00046038
7  45  0.00029662
8  45  0.00046877
9  45  0.00023730
10  45  0.00016295
11  45  0.00022477
12  45  0.00052283
13  45  0.00003574
14  45  0.00016350
15  45  0.00025587
16  45  0.00021125
17  45  0.00051573
18  45  0.00032750
19  45  0.00027666
20  45  0.00021552
21  45  0.00038720
22  45  0.00019902
23  45  0.00009544
24  45  0.00012834
25  45  0.00025149
26  45  0.00035235
27  45  0.00015197
28  45  0.00014309
29  45  0.00031807
30  45  0.00033047
31  45  0.00016828
32  45  0.00010584
33  45  0.00013662
34  45  0.00026574
35  45  0.00019720
36  45  0.00045765
37  45  0.00024539
38  45  0.00005095
39  45  0.00039726
40  45  0.00021448
41  45  0.00029957
42  45  0.00025706
43  45  0.00021191
44  45  0.00040974
45  45  0.00016822
46  45  0.00008042
47  45  0.00040961
48  45  0.00058641
49  45  0.00013728
50  45  0.00014377
51  45  0.00027254
52  45  0.00049816
53  45  0.00015303
54  45  0.00011140
55  45  0.00020521
56  45  0.00009887
57  45  0.00023990
58  45  0.00035177
59  45  0.00043945
60  45  0.00059755
61  45  0.00025492
62  45  0.00022140
63  45  0.00026214
0  46  0.00013373
1  46  0.00018014
2  46  0.00017931
3  46  0.00024201
4  46  0.00053457
5  46  0.00031710
6  46  0.00023935
7  46  0.00025829
8  46  0.00016919
9  46  0.00039892
10  46  0.00019860
11  46  0.00021096
12  46  0.00045151
13  46  0.00029817
14  46  0.00018297
15  46  0.00010628
16  46  0.00006261
17  46  0.00027741
18  46  0.00035512
19  46  0.00019071
20  46  0.00005359
21  46  0.00064547
22  46  0.00010597
23  46  0.00008932
24  46  0.00007231
25  46  0.00020574
26  46  0.00035488
27  46  0.00046506
28  46  0.00011208
29  46  0.00021685
30  46  0.00031087
31  46  0.00016272
32  46  0.00023888
33  46  0.00010598
34  46  0.00029449
35  46  0.00029336
36  46  0.00048508
37  46  0.00029121
38  46  0.00023762
39  46  0.00023466
40  46  0.00018873
41  46  0.00045028
42  46  0.00025305
43  46  0.00036165
44  46  0.00033471
45  46  0.00022344
46  46  0.00032339
47  46  0.00018092
48  46  0.00012555
49  46  0.00022085
50  46  0.00019158
51  46  0.00031653
52  46  0.00014533
53  46  0.00055712
54  46  0.00014775
55  46  0.00014087
56  46  0.00021775
57  46  0.00023375
58  46  0.00012153
59  46  0.00021101
60  46  0.00018434
61  46  0.00011395
62  46  0.00029733
63  46  0.00026944
0  47  0.00020953
1  47  0.00016428
2  47  0.00004946
3  47  0.00021609
4  47  0.00020336
5  47  0.00029959
6  47  0.00012005
7  47  0.00029686
8  47  0.00013180
9  47  0.00019580
10  47  0.00028530
11  47  0.00025737
12  47  0.00007253
13  47  0.00030648
14  47  0.00022025
15  47  0.00021036
16  47  0.00020798
17  47  0.00031578
18  47  0.00013417
19  47  0.00028499
20  47  0.00008700
21  47  0.00017880
22  47  0.00030000
23  47  0.00029401
24  47  0.00024762
25  47  0.00018074
26  47  0.00037602
27  47  0.00019710
28  47  0.00028090
29  47  0.00047355
30  47  0.00021187
31  47  0.00038715
32  47  0.00026626
33  47  0.00038868
34  47  0.00037268
35  47  0.00054895
36  47  0.00025979
37  47  0.00012209
38  47  0.00031553
39  47  0.00045115
40  47  0.00023715
41  47  0.00043413
42  47  0.00024877
43  47  0.00011790
44  47  0.00020894
45  47  0.00031200
46  47  0.00040030
47  47  0.00022402
48  47  0.00030251
49  47  0.00038754
50  47  0.00033555
51  47  0.00044627
52  47  0.00033650
53  47  0.00028052
54  47  0.00025310
55  47  0.00035364
56  47  0.00024810
57  47  0.00024157
58  47  0.00030642
59  47  0.00039965
60  47  0.00037121
61  47  0.00041352
62  47  0.00021601
63  47  0.00015684
0  48  0.00005652
1  48  0.00040186
2  48  0.00052071
3  48  0.00041708
4  48  0.00015131
5  48  0.00022138
6  48  0.00033503
7  48  0.00014497
8  48  0.00015462
9  48  0.00011718
10  48  0.00015388
11  48  0.00012062
12  48  0.00013034
13  48  0.00003223
14  48  0.00020011
15  48  0.00025234
16  48  0.00022126
17  48  0.00025281
18  48  0.00036431
19  48  0.00024704
20  48  0.00017644
21  48  0.00021306
22  48  0.00025569
23  48  0.00016299
24  48  0.00023911
25  48  0.00020497
26  48  0.00031173
27  48  0.00028126
28  48  0.00019627
29  48  0.00019819
30  48  0.00020688
31  48  0.00013277
32  48  0.00043787
33  48  0.00031012
34  48  0.00026592
35  48  0.00032837
36  48  0.00048071
37  48  0.00030905
38  48  0.00053639
39  48  0.00018803
40  48  0.00023304
41  48  0.00006819
42  48  0.00003486
43  48  0.00018112
44  48  0.00008742
45  48  0.00052616
46  48  0.00023290
47  48  0.00015954
48  48  0.00031212
49  48  0.00027347
50  48  0.00022873
51  48  0.00018013
52  48  0.00009539
53  48  0.00038353
54  48  0.00030485
55  48  0.00030710
56  48  0.00031165
57  48  0.00011496
58  48  0.00023296
59  48  0.00031144
60  48  0.00017848
61  48  0.00022932
62  48  0.00025516
63  48  0.00047358
0  49  0.00015786
1  49  0.00013733
2  49  0.00035319
3  49  0.00046538
4  49  0.00022639
5  49  0.00044486
6  49  0.00014531
7  49  0.00011425
8  49  0.00012942
9  49  0.00021848
10  49  0.00012561
11  49  0.00047632
12  49  0.00028035
13  49  0.00016612
14  49  0.00020135
15  49  0.00046262
16  49  0.00022385
17  49  0.00017408
18  49  0.00010946
19  49  0.00009915
20  49  0.00028404
21  49  0.00032490
22  49  0.00031611
23  49  0.00013527
24  49  0.00008069
25  49  0.00037505
26  49  0.00031650
27  49  0.00050222
28  49  0.00013002
29  49  0.00023686
30  49  0.00025387
31  49  0.00030616
32  49  0.00030606
33  49  0.00037599
34  49  0.00031224
35  49  0.00040713
36  49  0.00024692
37  49  0.00014750
38  49  0.00024578
39  49  0.00015175
40  49  0.00032505
41  49  0.00019367
42  49  0.00028724
43  49  0.00029652
44  49  0.00029019
45  49  0.00018493
46  49  0.00046911
47  49  0.00044569
48  49  0.00025136
49  49  0.00009615
50  49  0.00018377
51  49  0.00023316
52  49  0.00018717
53  49  0.00008368
54  49  0.00025717
55  49  0.00017335
56  49  0.00031797
57  49  0.00033346
58  49  0.00019594
59  49  0.00034204
60  49  0.00028463
61  49  0.00006599
62  49  0.00025970
63  49  0.00022096
0  50  0.00042169
1  50  0.00041093
2  50  0.00043587
3  50  0.00021167
4  50  0.00038982
5  50  0.00032890
6  50  0.00019417
7  50  0.00031175
8  50  0.00041578
9  50  0.00044089
10  50  0.00041128
11  50  0.00043217
12  50  0.00013122
13  50  0.00029867
14  50  0.00021266
15  50  0.00048636
16  50  0.00041177
17  50  0.00024483
18  50  0.00031489
19  50  0.00023799
20  50  0.00008923
21  50  0.00029011
22  50  0.00021049
23  50  0.00045494
24  50  0.00040586
25  50  0.00021152
26  50  0.00026466
27  50  0.00037618
28  50  0.00021827
29  50  0.00018395
30  50  0.00024141
31  50  0.00022234
32  50  0.00036302
33  50  0.00033476
34  50  0.00015592
35  50  0.00014455
36  50  0.00011530
37  50  0.00024028
38  50  0.00023897
39  50  0.00020977
40  50  0.00033937
41  50  0.00012924
42  50  0.00024623
43  50  0.00033200
44  50  0.00028499
45  50  0.00042011
46  50  0.00020193
47  50  0.00034515
48  50  0.00017437
49  50  0.00016655
50  50  0.00035275
51  50  0.00042458
52  50  0.00014621
53  50  0.00020847
54  50  0.00020432
55  50  0.00017615
56  50  0.00017882
57  50  0.00016914
58  50  0.00034880
59  50  0.00025898
60  50  0.00026694
61  50  0.00020299
62  50  0.00034262
63  50  0.00015252
0  51  0.00021786
1  51  0.00013698
2  51  0.00012764
3  51  0.00021450
4  51  0.00049474
5  51  0.00018743
6  51  0.00013097
7  51  0.00018532
8  51  0.00016318
9  51  0.00027941
10  51  0.00007521
11  51  0.00041180
12  51  0.00016145
13  51  0.00032642
14  51  0.00037772
15  51  0.00038943
16  51  0.00048989
17  51  0.00030683
18  51  0.00019574
19  51  0.00014747
20  51  0.00018590
21  51  0.00025263
22  51  0.00019531
23  51  0.00011708
24  51  0.00021166
25  51  0.00011671
26  51  0.00024887
27  51  0.00017912
28  51  0.00011939
29  51  0.00035001
30  51  0.00016587
31  51  0.00027089
32  51  0.00040701
33  51  0.00037513
34  51  0.00017588
35  51  0.00026153
36  51  0.00010971
37  51  0.00023509
38  51  0.00020389
39  51  0.00038640
40  51  0.00031159
41  51  0.00012996
42  51  0.00008832
43  51  0.00024730
44  51  0.00023514
45  51  0.00017438
46  51  0.00016373
47  51  0.00047934
48  51  0.00042242
49  51  0.00039317
50  51  0.00025404
51  51  0.00060943
52  51  0.00021276
53  51  0.00058189
54  51  0.00013624
55  51  0.00016548
56  51  0.00037109
57  51  0.00019317
58  51  0.00044888
59  51  0.00017432
60  51  0.00017206
61  51  0.00009083
62  51  0.00009601
63  51  0.00022121
0  52  0.00023077
1  52  0.00001660
2  52  0.00016067
3  52  0.00018420
4  52  0.00038838
5  52  0.00018713
6  52  0.00008976
7  52  0.00014303
8  52  0.00030544
9  52  0.00019418
10  52  0.00045224
11  52  0.00009048
12  52  0.00027901
13  52  0.00012085
14  52  0.00018135
15  52  0.00019299
16  52  0.00011555
17  52  0.00014535
18  52  0.00008420
19  52  0.00042421
20  52  0.00027997
21  52  0.00040611
22  52  0.00010910
23  52  0.00026319
24  52  0.00026636
25  52  0.00012050
26  52  0.00049444
27  52  0.00039033
28  52  0.00010372
29  52  0.00015926
30  52  0.00019167
31  52  0.00013573
32  52  0.00036489
33  52  0.00016248
34  52  0.00031758
35  52  0.00013073
36  52  0.00041123
37  52  0.00018429
38  52  0.00019642
39  52  0.00017748
40  52  0.00032723
41  52  0.00004562
42  52  0.00021413
43  52  0.00040070
44  52  0.00027484
45  52  0.00024118
46  52  0.00027415
47  52  0.00011695
48  52  0.00022732
49  52  0.00022577
50  52  0.00011144
51  52  0.00009419
52  52  0.00011219
53  52  0.00036179
54  52  0.00015043
55  52  0.00022639
56  52  0.00011656
57  52  0.00011154
58  52  0.00043574
59  52  0.00030809
60  52  0.00035006
61  52  0.00065682
62  52  0.00016882
63  52  0.00024889
0  53  0.00023250
1  53  0.00011964
2  53  0.00014211
3  53  0.00026667
4  53  0.00019559
5  53  0.00011294
6  53  0.00027328
7  53  0.00030624
8  53  0.00002390
9  53  0.00014063
10  53  0.00018667
11  53  0.00025238
12  53  0.00030658
13  53  0.00020953
14  53  0.00022720
15  53  0.00033316
16  53  0.00021195
17  53  0.00019064
18  53  0.00011936
19  53  0.00019353
20  53  0.00012741
21  53  0.00023807
22  53  0.00025220
23  53  0.00043623
24  53  0.00027781
25  53  0.00019132
26  53  0.00038780
27  53  0.00035789
28  53  0.00013708
29  53  0.00010209
30  53  0.00008720
31  53  0.00069576
32  53  0.00029798
33  53  0.00018081
34  53  0.00009970
35  53  0.00028496
36  53  0.00052216
37  53  0.00014125
38  53  0.00029083
39  53  0.00037324
40  53  0.00025532
41  53  0.00026423
42  53  0.00012191
43  53  0.00012771
44  53  0.00019725
45  53  0.00033749
46  53  0.00061764
47  53  0.00012733
48  53  0.00027960
49  53  0.00011285
50  53  0.00004130
51  53  0.00015271
52  53  0.00014726
53  53  0.00036480
54  53  0.00005640
55  53  0.00016715
56  53  0.00023559
57  53  0.00021474
58  53  0.00007417
59  53  0.00044571
60  53  0.00032208
61  53  0.00035379
62  53  0.00025069
63  53  0.00015391
0  54  0.00017296
1  54  0.00029858
2  54  0.00025075
3  54  0.00025419
4  54  0.00021872
5  54  0.00012980
6  54  0.00027991
7  54  0.00021794
8  54  0.00008137
9  54  0.00028014
10  54  0.00023207
11  54  0.00023644
12  54  0.00023920
13  54  0.00010524
14  54  0.00017714
15  54  0.00020865
16  54  0.00039220
17  54  0.00029081
18  54  0.00027890
19  54  0.00021851
20  54  0.00017410
21  54  0.00022303
22  54  0.00060597
23  54  0.00031193
24  54  0.00012956
25  54  0.00032096
26  54  0.00027060
27  54  0.00013327
28  54  0.00010433
29  54  0.00031793
30  54  0.00019079
31  54  0.00015063
32  54  0.00022569
33  54  0.00037275
34  54  0.00035246
35  54  0.00039220
36  54  0.00020817
37  54  0.00017600
38  54  0.00023373
39  54  0.00046052
40  54  0.00049399
41  54  0.00023287
42  54  0.00010191
43  54  0.00005473
44  54  0.00030767
45  54  0.00028771
46  54  0.00038821
47  54  0.00012291
48  54  0.00016882
49  54  0.00019799
50  54  0.00012825
51  54  0.00025784
52  54  0.00025826
53  54  0.00010607
54  54  0.00006872
55  54  0.00021165
56  54  0.00044520
57  54  0.00041145
58  54  0.00029994
59  54  0.00025432
60  54  0.00021543
61  54  0.00040674
62  54  0.00020238
63  54  0.00026038
0  55  0.00024979
1  55  0.00013297
2  55  0.00019857
3  55  0.00021517
4  55  0.00040852
5  55  0.00029169
6  55  0.00028086
7  55  0.00043943
8  55  0.00031044
9  55  0.00023359
10  55  0.00028031
11  55  0.00026632
12  55  0.00036376
13  55  0.00049081
14  55  0.00021995
15  55  0.00053428
16  55  0.00008795
17  55  0.00025952
18  55  0.00024337
19  55  0.00017030
20  55  0.00014979
21  55  0.00043004
22  55  0.00006917
23  55  0.00046140
24  55  0.00011840
25  55  0.00027446
26  55  0.00023642
27  55  0.00038069
28  55  0.00030833
29  55  0.00039355
30  55  0.00020237
31  55  0.00010996
32  55  0.00036804
33  55  0.00036063
34  55  0.00023036
35  55  0.00031979
36  55  0.00018433
37  55  0.00007671
38  55  0.00014446
39  55  0.00015267
40  55  0.00012566
41  55  0.00025156
42  55  0.00026332
43  55  0.00022303
44  55  0.00039569
45  55  0.00027176
46  55  0.00030128
47  55  0.00022763
48  55  0.00020586
49  55  0.00027410
50  55  0.00029423
51  55  0.00055484
52  55  0.00051230
53  55  0.00016606
54  55  0.00036885
55  55  0.00016673
56  55  0.00006713
57  55  0.00011129
58  55  0.00022759
59  55  0.00011202
60  55  0.00027671
61  55  0.00055016
62  55  0.00038532
63  55  0.00017002
0  56  0.00015451
1  56  0.00022191
2  56  0.00017776
3  56  0.00028775
4  56  0.00032633
5  56  0.00025697
6  56  0.00026227
7  56  0.00010826
8  56  0.00041795
9  56  0.00015500
10  56  0.00031305
11  56  0.00031739
12  56  0.00039936
13  56  0.00021199
14  56  0.00036064
15  56  0.00011332
16  56  0.00009384
17  56  0.00020140
18  56  0.00018883
19  56  0.00052662
20  56  0.00031877
21  56  0.00039623
22  56  0.00026646
23  56  0.00049287
24  56  0.00017658
25  56  0.00002519
26  56  0.00011072
27  56  0.00051548
28  56  0.00017821
29  56  0.00006542
30  56  0.00013521
31  56  0.00030841
32  56  0.00016830
33  56  0.00038162
34  56  0.00017442
35  56  0.00011908
36  56  0.00006025
37  56  0.00019786
38  56  0.00032272
39  56  0.00024059
40  56  0.00012532
41  56  0.00033536
42  56  0.00017468
43  56  0.00030762
44  56  0.00027552
45  56  0.00023319
46  56  0.00012750
47  56  0.00028010
48  56  0.00021173
49  56  0.00027631
50  56  0.00013528
51  56  0.00013388
52  56  0.00034200
53  56  0.00024843
54  56  0.00012880
55  56  0.00019632
56  56  0.00053555
57  56  0.00018633
58  56  0.00031599
59  56  0.00034368
60  56  0.00034003
61  56  0.00014839
62  56  0.00017608
63  56  0.00015342
0  57  0.00044898
1  57  0.00010296
2  57  0.00014059
3  57  0.00012626
4  57  0.00015072
5  57  0.00018939
6  57  0.00012652
7  57  0.00012840
8  57  0.00007406
9  57  0.00023817
10  57  0.00045874
11  57  0.00049969
12  57  0.00035386
13  57  0.00013980
14  57  0.00020077
15  57  0.00019836
16  57  0.00019830
17  57  0.00011494
18  57  0.00011171
19  57  0.00018343
20  57  0.00049452
21  57  0.00040495
22  57  0.00024663
23  57  0.00013221
24  57  0.00051924
25  57  0.00031654
26  57  0.00020984
27  57  0.00009673
28  57  0.00028778
29  57  0.00043004
30  57  0.00033914
31  57  0.00013412
32  57  0.00011861
33  57  0.00013838
34  57  0.00039198
35  57  0.00042193
36  57  0.00043431
37  57  0.00024867
38  57  0.00025846
39  57  0.00017782
40  57  0.00024286
41  57  0.00053852
42  57  0.00024687
43  57  0.00031886
44  57  0.00022710
45  57  0.00043330
46  57  0.00008427
47  57  0.00016349
48  57  0.00014317
49  57  0.00014211
50  57  0.00028662
51  57  0.00020111
52  57  0.00050965
53  57  0.00034631
54  57  0.00027110
55  57  0.00029270
56  57  0.00049424
57  57  0.00005080
58  57  0.00003751
59  57  0.00023166
60  57  0.00017961
61  57  0.00045698
62  57  0.00028436
63  57  0.00025956
0  58  0.00025315
1  58  0.00051156
2  58  0.00010968
3  58  0.00021751
4  58  0.00028008
5  58  0.00037057
6  58  0.00025821
7  58  0.00011820
8  58  0.00008668
9  58  0.00021747
10  58  0.00032175
11  58  0.00022025
12  58  0.00011673
13  58  0.00028382
14  58  0.00006182
15  58  0.00029346
16  58  0.00015294
17  58  0.00010947
18  58  0.00033427
19  58  0.00025772
20  58  0.00018627
21  58  0.00015197
22  58  0.00019040
23  58  0.00023559
24  58  0.00067078
25  58  0.00010545
26  58  0.00015209
27  58  0.00023107
28  58  0.00035142
29  58  0.00029283
30  58  0.00019267
31  58  0.00011582
32  58  0.00017520
33  58  0.00057177
34  58  0.00011577
35  58  0.00007426
36  58  0.00023975
37  58  0.00021138
38  58  0.00006581
39  58  0.00047619
40  58  0.00025650
41  58  0.00017011
42  58  0.00018965
43  58  0.00017985
44  58  0.00011832
45  58  0.00014210
46  58  0.00040494
47  58  0.00020095
48  58  0.00010976
49  58  0.00060138
50  58  0.00028287
51  58  0.00023962
52  58  0.00009614
53  58  0.00017802
54  58  0.00011280
55  58  0.00026944
56  58  0.00031938
57  58  0.00013939
58  58  0.00027165
59  58  0.00016511
60  58  0.00027001
61  58  0.00007238
62  58  0.00005480
63  58  0.00036900
0  59  0.00026584
1  59  0.00021825
2  59  0.00058324
3  59  0.00033122
4  59  0.00007761
5  59  0.00014114
6  59  0.00028133
7  59  0.00011940
8  59  0.00022316
9  59  0.00025775
10  59  0.00036643
11  59  0.00045525
12  59  0.00028618
13  59  0.00009421
14  59  0.00015784
15  59  0.00024047
16  59  0.00028588
17  59  0.00027685
18  59  0.00027399
19  59  0.00016769
20  59  0.00029820
21  59  0.00009812
22  59  0.00022435
23  59  0.00029051
24  59  0.00043486
25  59  0.00035643
26  59  0.00026458
27  59  0.00004317
28  59  0.00013034
29  59  0.00014088
30  59  0.00008898
31  59  0.00015631
32  59  0.00025291
33  59  0.00018350
34  59  0.00040195
35  59  0.00034572
36  59  0.00015491
37  59  0.00028487
38  59  0.00017651
39  59  0.00032896
40  59  0.00024892
41  59  0.00019457
42  59  0.00013826
43  59  0.00014676
44  59  0.00017660
45  59  0.00052901
46  59  0.00043162
47  59  0.00014016
48  59  0.00018931
49  59  0.00011600
50  59  0.00025198
51  59  0.00029999
52  59  0.00035849
53  59  0.00019372
54  59  0.00028477
55  59  0.00008319
56  59  0.00017664
57  59  0.00029316
58  59  0.00022340
59  59  0.00048914
60  59  0.00028660
61  59  0.00043011
62  59  0.00009975
63  59  0.00029155
0  60  0.00008062
1  60  0.00033416
2  60  0.00013749
3  60  0.00033951
4  60  0.00025265
5  60  0.00022073
6  60  0.00004280
7  60  0.00015870
8  60  0.00036705
9  60  0.00016243
10  60  0.00023197
11  60  0.00011526
12  60  0.00033691
13  60  0.00016459
14  60  0.00007629
15  60  0.00006748
16  60  0.00061782
17  60  0.00022586
18  60  0.00016876
19  60  0.00033974
20  60  0.00056855
21  60  0.00018851
22  60  0.00018024
23  60  0.00034612
24  60  0.00005764
25  60  0.00014223
26  60  0.00023271
27  60  0.00054757
28  60  0.00013721
29  60  0.00014435
30  60  0.00018078
31  60  0.00039742
32  60  0.00012561
33  60  0.00024673
34  60  0.00023166
35  60  0.00016722
36  60  0.00037222
37  60  0.00011384
38  60  0.00027663
39  60  0.00028301
40  60  0.00024268
41  60  0.00033610
42  60  0.00015699
43  60  0.00035740
44  60  0.00024038
45  60  0.00006155
46  60  0.00014257
47  60  0.00008289
48  60  0.00041308
49  60  0.00021424
50  60  0.00016022
51  60  0.00026481
52  60  0.00045971
53  60  0.00010152
54  60  0.00012425
55  60  0.00037899
56  60  0.00003082
57  60  0.00020145
58  60  0.00028201
59  60  0.00026166
60  60  0.00010981
61  60  0.00049078
62  60  0.00024425
63  60  0.00021280
0  61  0.00019412
1  61  0.00018607
2  61  0.00024697
3  61  0.00017082
4  61  0.00021396
5  61  0.00028337
6  61  0.00031307
7  61  0.00021798
8  61  0.00023833
9  61  0.00018384
10  61  0.00038610
11  61  0.00021245
12  61  0.00022080
13  61  0.00025344
14  61  0.00032022
15  61  0.00039480
16  61  0.00022799
17  61  0.00024137
18  61  0.00013829
19  61  0.00030042
20  61  0.00018731
21  61  0.00025258
22  61  0.00009327
23  61  0.00036564
24  61  0.00017051
25  61  0.00014846
26  61  0.00020521
27  61  0.00025332
28  61  0.00028099
29  61  0.00029075
30  61  0.00033603
31  61  0.00037687
32  61  0.00049560
33  61  0.00025044
34  61  0.00015607
35  61  0.00024457
36  61  0.00036065
37  61  0.00011029
38  61  0.00030694
39  61  0.00027024
40  61  0.00035089
41  61  0.00023462
42  61  0.00031152
43  61  0.00017088
44  61  0.00025054
45  61  0.00023339
46  61  0.00009842
47  61  0.00011411
48  61  0.00013125
49  61  0.00023517
50  61  0.00029803
51  61  0.00028862
52  61  0.00037010
53  61  0.00046280
54  61  0.00012869
55  61  0.00010668
56  61  0.00003229
57  61  0.00050148
58  61  0.00009162
59  61  0.00053871
60  61  0.00015572
61  61  0.00009804
62  61  0.00010980
63  61  0.00026070
0  62  0.00013888
1  62  0.00032332
2  62  0.00020427
3  62  0.00013285
4  62  0.00012575
5  62  0.00029874
6  62  0.00024803
7  62  0.00006405
8  62  0.00006501
9  62  0.00023006
10  62  0.00034807
11  62  0.00029896
12  62  0.00009779
13  62  0.00012598
14  62  0.00010478
15  62  0.00038444
16  62  0.00026800
17  62  0.00020173
18  62  0.00024194
19  62  0.00009107
20  62  0.00013832
21  62  0.00028995
22  62  0.00020678
23  62  0.00025473
24  62  0.00022310
25  62  0.00018023
26  62  0.00052144
27  62  0.00030614
28  62  0.00031662
29  62  0.00019128
30  62  0.00021638
31  62  0.00037774
32  62  0.00036294
33  62  0.00024465
34  62  0.00018736
35  62  0.00039647
36  62  0.00012308
37  62  0.00033710
38  62  0.00011027
39  62  0.00029131
40  62  0.00057446
41  62  0.00020429
42  62  0.00020518
43  62  0.00045374
44  62  0.00014848
45  62  0.00035317
46  62  0.00012642
47  62  0.00020883
48  62  0.00051685
49  62  0.00036220
50  62  0.00020836
51  62  0.00011379
52  62  0.00025306
53  62  0.00008218
54  62  0.00018095
55  62  0.00022890
56  62  0.00025858
57  62  0.00026572
58  62  0.00018447
59  62  0.00009381
60  62  0.00017206
61  62  0.00020944
62  62  0.00018252
63  62  0.00051124
0  63  0.00028852
1  63  0.00047806
2  63  0.00028996
3  63  0.00010852
4  63  0.00052103
5  63  0.00006164
6  63  0.00010100
7  63  0.00020382
8  63  0.00005932
9  63  0.00029848
10  63  0.00018112
11  63  0.00023670
12  63  0.00022517
13  63  0.00025636
14  63  0.00039234
15  63  0.00042062
16  63  0.00036791
17  63  0.00053505
18  63  0.00024256
19  63  0.00011745
20  63  0.00018451
21  63  0.00017334
22  63  0.00015130
23  63  0.00009957
24  63  0.00020000
25  63  0.00036133
26  63  0.00037592
27  63  0.00046266
28  63  0.00015570
29  63  0.00028564
30  63  0.00015656
31  63  0.00020359
32  63  0.00010016
33  63  0.00036374
34  63  0.00030261
35  63  0.00012415
36  63  0.00011853
37  63  0.00042014
38  63  0.00029422
39  63  0.00033561
40  63  0.00024410
41  63  0.00049388
42  63  0.00025394
43  63  0.00011279
44  63  0.00013138
45  63  0.00012727
46  63  0.00013864
47  63  0.00005463
48  63  0.00012975
49  63  0.00011442
50  63  0.00005702
51  63  0.00014206
52  63  0.00016699
53  63  0.00019853
54  63  0.00012806
55  63  0.00020535
56  63  0.00009395
57  63  0.00014339
58  63  0.00013169
59  63  0.00041002
60  63  0.00021781
61  63  0.00023336
62  63  0.00016635
63  63  0.00014846
