# Spinor density |Psi|^2 at t = 60 seconds
# Grid: 64 x 64
# Columns: x  y  density
0  0  0.00018545
1  0  0.00017557
2  0  0.00040927
3  0  0.00017670
4  0  0.00007591
5  0  0.00034653
6  0  0.00007461
7  0  0.00026163
8  0  0.00030796
9  0  0.00031303
10  0  0.00019682
11  0  0.00028635
12  0  0.00028961
13  0  0.00040235
14  0  0.00023502
15  0  0.00032426
16  0  0.00021167
17  0  0.00042426
18  0  0.00016886
19  0  0.00008760
20  0  0.00038284
21  0  0.00013260
22  0  0.00024078
23  0  0.00024403
24  0  0.00011809
25  0  0.00023211
26  0  0.00028851
27  0  0.00046062
28  0  0.00040788
29  0  0.00022987
30  0  0.00048729
31  0  0.00045779
32  0  0.00014840
33  0  0.00023931
34  0  0.00020103
35  0  0.00046536
36  0  0.00033012
37  0  0.00015560
38  0  0.00008804
39  0  0.00058587
40  0  0.00052463
41  0  0.00027725
42  0  0.00024944
43  0  0.00060773
44  0  0.00037005
45  0  0.00014976
46  0  0.00025337
47  0  0.00024282
48  0  0.00055583
49  0  0.00013864
50  0  0.00048468
51  0  0.00006153
52  0  0.00013568
53  0  0.00019680
54  0  0.00018344
55  0  0.00012000
56  0  0.00012381
57  0  0.00018611
58  0  0.00016041
59  0  0.00042871
60  0  0.00027211
61  0  0.00036424
62  0  0.00035613
63  0  0.00049875
0  1  0.00003326
1  1  0.00024090
2  1  0.00078256
3  1  0.00037846
4  1  0.00028339
5  1  0.00021956
6  1  0.00030898
7  1  0.00015085
8  1  0.00004189
9  1  0.00026538
10  1  0.00018487
11  1  0.00029246
12  1  0.00013093
13  1  0.00020269
14  1  0.00012267
15  1  0.00031875
16  1  0.00023587
17  1  0.00035615
18  1  0.00026881
19  1  0.00032018
20  1  0.00017029
21  1  0.00023459
22  1  0.00018251
23  1  0.00022599
24  1  0.00026872
25  1  0.00025211
26  1  0.00023847
27  1  0.00018889
28  1  0.00029466
29  1  0.00013419
30  1  0.00009484
31  1  0.00041771
32  1  0.00026615
33  1  0.00027995
34  1  0.00021452
35  1  0.00013357
36  1  0.00021764
37  1  0.00024657
38  1  0.00027825
39  1  0.00032135
40  1  0.00010166
41  1  0.00039048
42  1  0.00018551
43  1  0.00047047
44  1  0.00010042
45  1  0.00028684
46  1  0.00027552
47  1  0.00029550
48  1  0.00014336
49  1  0.00025930
50  1  0.00015027
51  1  0.00021333
52  1  0.00016479
53  1  0.00009756
54  1  0.00029994
55  1  0.00008456
56  1  0.00017598
57  1  0.00016715
58  1  0.00030909
59  1  0.00043164
60  1  0.00003234
61  1  0.00030515
62  1  0.00014488
63  1  0.00029312
0  2  0.00025857
1  2  0.00038834
2  2  0.00028310
3  2  0.00019104
4  2  0.00022526
5  2  0.00029882
6  2  0.00028016
7  2  0.00012519
8  2  0.00029408
9  2  0.00021661
10  2  0.00042598
11  2  0.00038543
12  2  0.00032937
13  2  0.00013910
14  2  0.00025948
15  2  0.00024877
16  2  0.00033112
17  2  0.00031572
18  2  0.00046631
19  2  0.00025990
20  2  0.00022885
21  2  0.00012728
22  2  0.00015038
23  2  0.00025104
24  2  0.00020789
25  2  0.00018295
26  2  0.00022491
27  2  0.00027285
28  2  0.00017941
29  2  0.00053947
30  2  0.00019735
31  2  0.00034681
32  2  0.00020243
33  2  0.00016137
34  2  0.00019269
35  2  0.00021794
36  2  0.00015249
37  2  0.00007848
38  2  0.00034364
39  2  0.00023276
40  2  0.00028291
41  2  0.00033152
42  2  0.00013209
43  2  0.00016948
44  2  0.00026406
45  2  0.00042097
46  2  0.00033660
47  2  0.00025078
48  2  0.00011891
49  2  0.00016489
50  2  0.00024050
51  2  0.00018122
52  2  0.00010319
53  2  0.00006750
54  2  0.00010822
55  2  0.00012913
56  2  0.00012591
57  2  0.00028588
58  2  0.00015980
59  2  0.00021522
60  2  0.00015044
61  2  0.00062634
62  2  0.00040474
63  2  0.00026019
0  3  0.00004466
1  3  0.00022548
2  3  0.00031271
3  3  0.00018485
4  3  0.00027181
5  3  0.00045654
6  3  0.00019012
7  3  0.00023861
8  3  0.00024304
9  3  0.00021343
10  3  0.00046987
11  3  0.00038168
12  3  0.00023093
13  3  0.00020799
14  3  0.00036500
15  3  0.00028799
16  3  0.00017746
17  3  0.00030965
18  3  0.00016276
19  3  0.00020547
20  3  0.00015194
21  3  0.00030130
22  3  0.00018711
23  3  0.00015015
24  3  0.00031033
25  3  0.00037176
26  3  0.00020449
27  3  0.00035192
28  3  0.00006215
29  3  0.00025565
30  3  0.00020000
31  3  0.00023342
32  3  0.00025231
33  3  0.00010722
34  3  0.00029222
35  3  0.00047160
36  3  0.00040530
37  3  0.00024582
38  3  0.00010365
39  3  0.00031151
40  3  0.00038056
41  3  0.00021909
42  3  0.00022784
43  3  0.00042523
44  3  0.00026395
45  3  0.00012839
46  3  0.00015019
47  3  0.00031693
48  3  0.00017760
49  3  0.00019343
50  3  0.00016383
51  3  0.00026101
52  3  0.00023023
53  3  0.00024714
54  3  0.00016162
55  3  0.00022988
56  3  0.00014531
57  3  0.00043813
58  3  0.00029081
59  3  0.00011493
60  3  0.00014538
61  3  0.00017331
62  3  0.00015067
63  3  0.00033866
0  4  0.00008932
1  4  0.00038526
2  4  0.00028246
3  4  0.00028161
4  4  0.00015768
5  4  0.00058588
6  4  0.00022874
7  4  0.00019030
8  4  0.00038735
9  4  0.00023550
10  4  0.00020332
11  4  0.00022690
12  4  0.00026767
13  4  0.00014556
14  4  0.00023148
15  4  0.00013368
16  4  0.00032048
17  4  0.00020213
18  4  0.00034343
19  4  0.00035192
20  4  0.00017752
21  4  0.00042634
22  4  0.00028890
23  4  0.00042411
24  4  0.00032361
25  4  0.00019384
26  4  0.00028753
27  4  0.00006888
28  4  0.00021726
29  4  0.00022686
30  4  0.00022232
31  4  0.00023289
32  4  0.00060745
33  4  0.00022617
34  4  0.00030802
35  4  0.00015312
36  4  0.00028057
37  4  0.00020845
38  4  0.00009375
39  4  0.00016565
40  4  0.00017108
41  4  0.00028644
42  4  0.00015443
43  4  0.00009637
44  4  0.00044230
45  4  0.00036229
46  4  0.00007875
47  4  0.00036779
48  4  0.00016845
49  4  0.00034755
50  4  0.00027996
51  4  0.00012983
52  4  0.00018252
53  4  0.00024235
54  4  0.00019562
55  4  0.00033455
56  4  0.00021448
57  4  0.00013195
58  4  0.00022258
59  4  0.00010573
60  4  0.00016275
61  4  0.00011429
62  4  0.00048084
63  4  0.00032465
0  5  0.00026498
1  5  0.00028783
2  5  0.00022218
3  5  0.00009777
4  5  0.00016634
5  5  0.00011714
6  5  0.00011686
7  5  0.00019990
8  5  0.00012395
9  5  0.00037801
10  5  0.00030303
11  5  0.00026100
12  5  0.00023301
13  5  0.00008662
14  5  0.00043866
15  5  0.00035341
16  5  0.00014955
17  5  0.00016316
18  5  0.00041973
19  5  0.00025769
20  5  0.00036463
21  5  0.00014363
22  5  0.00016919
23  5  0.00052241
24  5  0.00019103
25  5  0.00016708
26  5  0.00011291
27  5  0.00021489
28  5  0.00016865
29  5  0.00005475
30  5  0.00010313
31  5  0.00039764
32  5  0.00018041
33  5  0.00025115
34  5  0.00041190
35  5  0.00013488
36  5  0.00064947
37  5  0.00034412
38  5  0.00015820
39  5  0.00013367
40  5  0.00024105
41  5  0.00024631
42  5  0.00029261
43  5  0.00032128
44  5  0.00011641
45  5  0.00018247
46  5  0.00012720
47  5  0.00038309
48  5  0.00031646
49  5  0.00040260
50  5  0.00020772
51  5  0.00020926
52  5  0.00020393
53  5  0.00031137
54  5  0.00037695
55  5  0.00032949
56  5  0.00010670
57  5  0.00008200
58  5  0.00010948
59  5  0.00022184
60  5  0.00029625
61  5  0.00022880
62  5  0.00029362
63  5  0.00025439
0  6  0.00018963
1  6  0.00008301
2  6  0.00015142
3  6  0.00010514
4  6  0.00021852
5  6  0.00028377
6  6  0.00015692
7  6  0.00020291
8  6  0.00013058
9  6  0.00027342
10  6  0.00015227
11  6  0.00028280
12  6  0.00015410
13  6  0.00018651
14  6  0.00017551
15  6  0.00012423
16  6  0.00034307
17  6  0.00034080
18  6  0.00026988
19  6  0.00015065
20  6  0.00038445
21  6  0.00021587
22  6  0.00020575
23  6  0.00037337
24  6  0.00009130
25  6  0.00057085
26  6  0.00016364
27  6  0.00052511
28  6  0.00020641
29  6  0.00018842
30  6  0.00021768
31  6  0.00034562
32  6  0.00032566
33  6  0.00011235
34  6  0.00035798
35  6  0.00025709
36  6  0.00041259
37  6  0.00015334
38  6  0.00017747
39  6  0.00038919
40  6  0.00040482
41  6  0.00011487
42  6  0.00027717
43  6  0.00016953
44  6  0.00005037
45  6  0.00030299
46  6  0.00022356
47  6  0.00022088
48  6  0.00019273
49  6  0.00031895
50  6  0.00022752
51  6  0.00038547
52  6  0.00016114
53  6  0.00018158
54  6  0.00034390
55  6  0.00012219
56  6  0.00022691
57  6  0.00026002
58  6  0.00017980
59  6  0.00024390
60  6  0.00022310
61  6  0.00009213
62  6  0.00018502
63  6  0.00027313
0  7  0.00025853
1  7  0.00058913
2  7  0.00004382
3  7  0.00020304
4  7  0.00037035
5  7  0.00040510
6  7  0.00026710
7  7  0.00020599
8  7  0.00026768
9  7  0.00023173
10  7  0.00017458
11  7  0.00016415
12  7  0.00017574
13  7  0.00020613
14  7  0.00005952
15  7  0.00021123
16  7  0.00040798
17  7  0.00023512
18  7  0.00008636
19  7  0.00017240
20  7  0.00018681
21  7  0.00025899
22  7  0.00012770
23  7  0.00017618
24  7  0.00042409
25  7  0.00025119
26  7  0.00022404
27  7  0.00033800
28  7  0.00016759
29  7  0.00005190
30  7  0.00028267
31  7  0.00026592
32  7  0.00015589
33  7  0.00028070
34  7  0.00028951
35  7  0.00044775
36  7  0.00026053
37  7  0.00019836
38  7  0.00018502
39  7  0.00039071
40  7  0.00006530
41  7  0.00021003
42  7  0.00031714
43  7  0.00027432
44  7  0.00013323
45  7  0.00024715
46  7  0.00017583
47  7  0.00028719
48  7  0.00022515
49  7  0.00029842
50  7  0.00021803
51  7  0.00012472
52  7  0.00012875
53  7  0.00026200
54  7  0.00041270
55  7  0.00026115
56  7  0.00009164
57  7  0.00021781
58  7  0.00020405
59  7  0.00021989
60  7  0.00003041
61  7  0.00012228
62  7  0.00018877
63  7  0.00024360
0  8  0.00032128
1  8  0.00039704
2  8  0.00019229
3  8  0.00017239
4  8  0.00010355
5  8  0.00017845
6  8  0.00017097
7  8  0.00011148
8  8  0.00026095
9  8  0.00033951
10  8  0.00020060
11  8  0.00016740
12  8  0.00053186
13  8  0.00042220
14  8  0.00010024
15  8  0.00056784
16  8  0.00011672
17  8  0.00008720
18  8  0.00022693
19  8  0.00019506
20  8  0.00019247
21  8  0.00010095
22  8  0.00032533
23  8  0.00015338
24  8  0.00019144
25  8  0.00021914
26  8  0.00024608
27  8  0.00030889
28  8  0.00011721
29  8  0.00025898
30  8  0.00006266
31  8  0.00023598
32  8  0.00010007
33  8  0.00017335
34  8  0.00021943
35  8  0.00028451
36  8  0.00034538
37  8  0.00020201
38  8  0.00025700
39  8  0.00016190
40  8  0.00016583
41  8  0.00040658
42  8  0.00018294
43  8  0.00009044
44  8  0.00026431
45  8  0.00035620
46  8  0.00023196
47  8  0.00031003
48  8  0.00029196
49  8  0.00009321
50  8  0.00031321
51  8  0.00014209
52  8  0.00013457
53  8  0.00051498
54  8  0.00045165
55  8  0.00028347
56  8  0.00023227
57  8  0.00014432
58  8  0.00046985
59  8  0.00056274
60  8  0.00008861
61  8  0.00046258
62  8  0.00020293
63  8  0.00020732
0  9  0.00041895
1  9  0.00043510
2  9  0.00017786
3  9  0.00012441
4  9  0.00006371
5  9  0.00015010
6  9  0.00026191
7  9  0.00020673
8  9  0.00034888
9  9  0.00015388
10  9  0.00015245
11  9  0.00017029
12  9  0.00036438
13  9  0.00020707
14  9  0.00014163
15  9  0.00025965
16  9  0.00019825
17  9  0.00017570
18  9  0.00033349
19  9  0.00023187
20  9  0.00018850
21  9  0.00018879
22  9  0.00015518
23  9  0.00015839
24  9  0.00012375
25  9  0.00023585
26  9  0.00021960
27  9  0.00021265
28  9  0.00022550
29  9  0.00021317
30  9  0.00027183
31  9  0.00013205
32  9  0.00031911
33  9  0.00017972
34  9  0.00023593
35  9  0.00037013
36  9  0.00014823
37  9  0.00019209
38  9  0.00067443
39  9  0.00018346
40  9  0.00015067
41  9  0.00013607
42  9  0.00036124
43  9  0.00010469
44  9  0.00026194
45  9  0.00033436
46  9  0.00019853
47  9  0.00020834
48  9  0.00025568
49  9  0.00014678
50  9  0.00008178
51  9  0.00025933
52  9  0.00030458
53  9  0.00012131
54  9  0.00020795
55  9  0.00012109
56  9  0.00035355
57  9  0.00020276
58  9  0.00039962
59  9  0.00025222
60  9  0.00014689
61  9  0.00011234
62  9  0.00022390
63  9  0.00008987
0  10  0.00035219
1  10  0.00013673
2  10  0.00047593
3  10  0.00013974
4  10  0.00026230
5  10  0.00022519
6  10  0.00041031
7  10  0.00011986
8  10  0.00018145
9  10  0.00012029
10  10  0.00020144
11  10  0.00022820
12  10  0.00025965
13  10  0.00027468
14  10  0.00027085
15  10  0.00054016
16  10  0.00028852
17  10  0.00051237
18  10  0.00021757
19  10  0.00016500
20  10  0.00057343
21  10  0.00022689
22  10  0.00035322
23  10  0.00028379
24  10  0.00010652
25  10  0.00011695
26  10  0.00031973
27  10  0.00003955
28  10  0.00026846
29  10  0.00054445
30  10  0.00023546
31  10  0.00028432
32  10  0.00023816
33  10  0.00025961
34  10  0.00016502
35  10  0.00045904
36  10  0.00013024
37  10  0.00016751
38  10  0.00031934
39  10  0.00020149
40  10  0.00022826
41  10  0.00016148
42  10  0.00018451
43  10  0.00015029
44  10  0.00038189
45  10  0.00022003
46  10  0.00019583
47  10  0.00040391
48  10  0.00029211
49  10  0.00023243
50  10  0.00054482
51  10  0.00020331
52  10  0.00036177
53  10  0.00024858
54  10  0.00027323
55  10  0.00019773
56  10  0.00027331
57  10  0.00045984
58  10  0.00036245
59  10  0.00028747
60  10  0.00026163
61  10  0.00028190
62  10  0.00016409
63  10  0.00030014
0  11  0.00012216
1  11  0.00018737
2  11  0.00034604
3  11  0.00028391
4  11  0.00006268
5  11  0.00035728
6  11  0.00056282
7  11  0.00016827
8  11  0.00028198
9  11  0.00019756
10  11  0.00019846
11  11  0.00010838
12  11  0.00017276
13  11  0.00031946
14  11  0.00062130
15  11  0.00049400
16  11  0.00028444
17  11  0.00020248
18  11  0.00031345
19  11  0.00027166
20  11  0.00015647
21  11  0.00015131
22  11  0.00043512
23  11  0.00022737
24  11  0.00054353
25  11  0.00004464
26  11  0.00023661
27  11  0.00020498
28  11  0.00008147
29  11  0.00033149
30  11  0.00025886
31  11  0.00012925
32  11  0.00048011
33  11  0.00020725
34  11  0.00034822
35  11  0.00024817
36  11  0.00020408
37  11  0.00020174
38  11  0.00014077
39  11  0.00036731
40  11  0.00030543
41  11  0.00021450
42  11  0.00026777
43  11  0.00030654
44  11  0.00011350
45  11  0.00049632
46  11  0.00003777
47  11  0.00026924
48  11  0.00038816
49  11  0.00025168
50  11  0.00048007
51  11  0.00020081
52  11  0.00018161
53  11  0.00018908
54  11  0.00038531
55  11  0.00047212
56  11  0.00022879
57  11  0.00034295
58  11  0.00030383
59  11  0.00024399
60  11  0.00034438
61  11  0.00017502
62  11  0.00017924
63  11  0.00028229
0  12  0.00042864
1  12  0.00015270
2  12  0.00031053
3  12  0.00008538
4  12  0.00004328
5  12  0.00029335
6  12  0.00017181
7  12  0.00019726
8  12  0.00030085
9  12  0.00016302
10  12  0.00005278
11  12  0.00032729
12  12  0.00020596
13  12  0.00018027
14  12  0.00017506
15  12  0.00036474
16  12  0.00033248
17  12  0.00013503
18  12  0.00018228
19  12  0.00011053
20  12  0.00031629
21  12  0.00024677
22  12  0.00007667
23  12  0.00032524
24  12  0.00010729
25  12  0.00014012
26  12  0.00028516
27  12  0.00040208
28  12  0.00031041
29  12  0.00029762
30  12  0.00024273
31  12  0.00009327
32  12  0.00014154
33  12  0.00026539
34  12  0.00022897
35  12  0.00013734
36  12  0.00007806
37  12  0.00024800
38  12  0.00030869
39  12  0.00027856
40  12  0.00031006
41  12  0.00027704
42  12  0.00020620
43  12  0.00023647
44  12  0.00040458
45  12  0.00012168
46  12  0.00012819
47  12  0.00021795
48  12  0.00026678
49  12  0.00017253
50  12  0.00015782
51  12  0.00009639
52  12  0.00009401
53  12  0.00015357
54  12  0.00022641
55  12  0.00022570
56  12  0.00022003
57  12  0.00042398
58  12  0.00017388
59  12  0.00030029
60  12  0.00045598
61  12  0.00044142
62  12  0.00032718
63  12  0.00012615
0  13  0.00015177
1  13  0.00015911
2  13  0.00035455
3  13  0.00033411
4  13  0.00027229
5  13  0.00014755
6  13  0.00019467
7  13  0.00022296
8  13  0.00021856
9  13  0.00013052
10  13  0.00018307
11  13  0.00032066
12  13  0.00029830
13  13  0.00013687
14  13  0.00010924
15  13  0.00017827
16  13  0.00027399
17  13  0.00054291
18  13  0.00012825
19  13  0.00032625
20  13  0.00037499
21  13  0.00017149
22  13  0.00034797
23  13  0.00032406
24  13  0.00023065
25  13  0.00029721
26  13  0.00020442
27  13  0.00013661
28  13  0.00015791
29  13  0.00062934
30  13  0.00023221
31  13  0.00039793
32  13  0.00031385
33  13  0.00029064
34  13  0.00021723
35  13  0.00013759
36  13  0.00014136
37  13  0.00014908
38  13  0.00014904
39  13  0.00048900
40  13  0.00017694
41  13  0.00044388
42  13  0.00032722
43  13  0.00017523
44  13  0.00014611
45  13  0.00033471
46  13  0.00006708
47  13  0.00020724
48  13  0.00046999
49  13  0.00038769
50  13  0.00030933
51  13  0.00023956
52  13  0.00026155
53  13  0.00047315
54  13  0.00025400
55  13  0.00020211
56  13  0.00021453
57  13  0.00011837
58  13  0.00019455
59  13  0.00028482
60  13  0.00010302
61  13  0.00006708
62  13  0.00035187
63  13  0.00036248
0  14  0.00006344
1  14  0.00018119
2  14  0.00036508
3  14  0.00019413
4  14  0.00028643
5  14  0.00020793
6  14  0.00011611
7  14  0.00025290
8  14  0.00020828
9  14  0.00033416
10  14  0.00026601
11  14  0.00036191
12  14  0.00029431
13  14  0.00029057
14  14  0.00019850
15  14  0.00045031
16  14  0.00023214
17  14  0.00028908
18  14  0.00024346
19  14  0.00007796
20  14  0.00016067
21  14  0.00024680
22  14  0.00013603
23  14  0.00034235
24  14  0.00017576
25  14  0.00013210
26  14  0.00020645
27  14  0.00040719
28  14  0.00026652
29  14  0.00016854
30  14  0.00015294
31  14  0.00015656
32  14  0.00045592
33  14  0.00033523
34  14  0.00023482
35  14  0.00023597
36  14  0.00009739
37  14  0.00008089
38  14  0.00015550
39  14  0.00026270
40  14  0.00014176
41  14  0.00018416
42  14  0.00020058
43  14  0.00040242
44  14  0.00012928
45  14  0.00019591
46  14  0.00021053
47  14  0.00028269
48  14  0.00010533
49  14  0.00008613
50  14  0.00020990
51  14  0.00007260
52  14  0.00006237
53  14  0.00054027
54  14  0.00014512
55  14  0.00018557
56  14  0.00009343
57  14  0.00042193
58  14  0.00040096
59  14  0.00038260
60  14  0.00014768
61  14  0.00026489
62  14  0.00028622
63  14  0.00018295
0  15  0.00025528
1  15  0.00027055
2  15  0.00008109
3  15  0.00032265
4  15  0.00019370
5  15  0.00030189
6  15  0.00012658
7  15  0.00035793
8  15  0.00040258
9  15  0.00011366
10  15  0.00009713
11  15  0.00023117
12  15  0.00021131
13  15  0.00008611
14  15  0.00022259
15  15  0.00030124
16  15  0.00010297
17  15  0.00020068
18  15  0.00026038
19  15  0.00041034
20  15  0.00018882
21  15  0.00019682
22  15  0.00011668
23  15  0.00032170
24  15  0.00018231
25  15  0.00014532
26  15  0.00030669
27  15  0.00027634
28  15  0.00002460
29  15  0.00031623
30  15  0.00015822
31  15  0.00019416
32  15  0.00033159
33  15  0.00014733
34  15  0.00043939
35  15  0.00032327
36  15  0.00012393
37  15  0.00026719
38  15  0.00021099
39  15  0.00025038
40  15  0.00013436
41  15  0.00025051
42  15  0.00027733
43  15  0.00017824
44  15  0.00011548
45  15  0.00027337
46  15  0.00016967
47  15  0.00036051
48  15  0.00014232
49  15  0.00009439
50  15  0.00032504
51  15  0.00008596
52  15  0.00006812
53  15  0.00072243
54  15  0.00007836
55  15  0.00038437
56  15  0.00026917
57  15  0.00017029
58  15  0.00014166
59  15  0.00013615
60  15  0.00040045
61  15  0.00007134
62  15  0.00036393
63  15  0.00022869
0  16  0.00027162
1  16  0.00011976
2  16  0.00027279
3  16  0.00020199
4  16  0.00020313
5  16  0.00032730
6  16  0.00025853
7  16  0.00035544
8  16  0.00035550
9  16  0.00036975
10  16  0.00015282
11  16  0.00021234
12  16  0.00006562
13  16  0.00008365
14  16  0.00014782
15  16  0.00020161
16  16  0.00033528
17  16  0.00031084
18  16  0.00021443
19  16  0.00045476
20  16  0.00033807
21  16  0.00036494
22  16  0.00010271
23  16  0.00026412
24  16  0.00008331
25  16  0.00025052
26  16  0.00013256
27  16  0.00034223
28  16  0.00032044
29  16  0.00031108
30  16  0.00015429
31  16  0.00014355
32  16  0.00045685
33  16  0.00027090
34  16  0.00012348
35  16  0.00026119
36  16  0.00026918
37  16  0.00034252
38  16  0.00016262
39  16  0.00018391
40  16  0.00008614
41  16  0.00006303
42  16  0.00029751
43  16  0.00040722
44  16  0.00021660
45  16  0.00051947
46  16  0.00046391
47  16  0.00023969
48  16  0.00021019
49  16  0.00018464
50  16  0.00017069
51  16  0.00033628
52  16  0.00013138
53  16  0.00023988
54  16  0.00018099
55  16  0.00034973
56  16  0.00028329
57  16  0.00016615
58  16  0.00025393
59  16  0.00023205
60  16  0.00014422
61  16  0.00016732
62  16  0.00007851
63  16  0.00011565
0  17  0.00051740
1  17  0.00021898
2  17  0.00014857
3  17  0.00021629
4  17  0.00018455
5  17  0.00017163
6  17  0.00004122
7  17  0.00018237
8  17  0.00014926
9  17  0.00037909
10  17  0.00040248
11  17  0.00021770
12  17  0.00031711
13  17  0.00010543
14  17  0.00008862
15  17  0.00007144
16  17  0.00011956
17  17  0.00024357
18  17  0.00020254
19  17  0.00030317
20  17  0.00042406
21  17  0.00011072
22  17  0.00018414
23  17  0.00018608
24  17  0.00019377
25  17  0.00020460
26  17  0.00013279
27  17  0.00016216
28  17  0.00005132
29  17  0.00018016
30  17  0.00012821
31  17  0.00019961
32  17  0.00016919
33  17  0.00017583
34  17  0.00031696
35  17  0.00026719
36  17  0.00009011
37  17  0.00024597
38  17  0.00021977
39  17  0.00017503
40  17  0.00012843
41  17  0.00011211
42  17  0.00015335
43  17  0.00037359
44  17  0.00027582
45  17  0.00006360
46  17  0.00023363
47  17  0.00031168
48  17  0.00025284
49  17  0.00021928
50  17  0.00020355
51  17  0.00029513
52  17  0.00018659
53  17  0.00012526
54  17  0.00016128
55  17  0.00022457
56  17  0.00030840
57  17  0.00024472
58  17  0.00035697
59  17  0.00039846
60  17  0.00040372
61  17  0.00017163
62  17  0.00024401
63  17  0.00018058
0  18  0.00016483
1  18  0.00006439
2  18  0.00016291
3  18  0.00036678
4  18  0.00028972
5  18  0.00033005
6  18  0.00024634
7  18  0.00039616
8  18  0.00027629
9  18  0.00013821
10  18  0.00027076
11  18  0.00012750
12  18  0.00013848
13  18  0.00026044
14  18  0.00019255
15  18  0.00015304
16  18  0.00026092
17  18  0.00014220
18  18  0.00028857
19  18  0.00017840
20  18  0.00017835
21  18  0.00039480
22  18  0.00023073
23  18  0.00010185
24  18  0.00013692
25  18  0.00016195
26  18  0.00017892
27  18  0.00017950
28  18  0.00023925
29  18  0.00027930
30  18  0.00018150
31  18  0.00025856
32  18  0.00024591
33  18  0.00025903
34  18  0.00034715
35  18  0.00035653
36  18  0.00010335
37  18  0.00023726
38  18  0.00022646
39  18  0.00040008
40  18  0.00037178
41  18  0.00031454
42  18  0.00030077
43  18  0.00025039
44  18  0.00018006
45  18  0.00055767
46  18  0.00024562
47  18  0.00030987
48  18  0.00020802
49  18  0.00019696
50  18  0.00027318
51  18  0.00013033
52  18  0.00033289
53  18  0.00029649
54  18  0.00024974
55  18  0.00017759
56  18  0.00047850
57  18  0.00011342
58  18  0.00012331
59  18  0.00015256
60  18  0.00013564
61  18  0.00005124
62  18  0.00013679
63  18  0.00024353
0  19  0.00018585
1  19  0.00027343
2  19  0.00015681
3  19  0.00016985
4  19  0.00030229
5  19  0.00035903
6  19  0.00020878
7  19  0.00011364
8  19  0.00018710
9  19  0.00061129
10  19  0.00013535
11  19  0.00016053
12  19  0.00025711
13  19  0.00005972
14  19  0.00020687
15  19  0.00013457
16  19  0.00036832
17  19  0.00049720
18  19  0.00019925
19  19  0.00001836
20  19  0.00011291
21  19  0.00059110
22  19  0.00022201
23  19  0.00033997
24  19  0.00051302
25  19  0.00025108
26  19  0.00010290
27  19  0.00006262
28  19  0.00030244
29  19  0.00008289
30  19  0.00019702
31  19  0.00046588
32  19  0.00039646
33  19  0.00018447
34  19  0.00033767
35  19  0.00035833
36  19  0.00034566
37  19  0.00023488
38  19  0.00013816
39  19  0.00017928
40  19  0.00018163
41  19  0.00008903
42  19  0.00032399
43  19  0.00029043
44  19  0.00066953
45  19  0.00041272
46  19  0.00020872
47  19  0.00023169
48  19  0.00021667
49  19  0.00020912
50  19  0.00042055
51  19  0.00020833
52  19  0.00013353
53  19  0.00010668
54  19  0.00001791
55  19  0.00031635
56  19  0.00019552
57  19  0.00024824
58  19  0.00019977
59  19  0.00024837
60  19  0.00011751
61  19  0.00009749
62  19  0.00024301
63  19  0.00011824
0  20  0.00023212
1  20  0.00019105
2  20  0.00042036
3  20  0.00009513
4  20  0.00013751
5  20  0.00044773
6  20  0.00023564
7  20  0.00028215
8  20  0.00061870
9  20  0.00024062
10  20  0.00011889
11  20  0.00017069
12  20  0.00010522
13  20  0.00013725
14  20  0.00037846
15  20  0.00028028
16  20  0.00017824
17  20  0.00021182
18  20  0.00012406
19  20  0.00035037
20  20  0.00016930
21  20  0.00021962
22  20  0.00025451
23  20  0.00016386
24  20  0.00026523
25  20  0.00022992
26  20  0.00014349
27  20  0.00020172
28  20  0.00026700
29  20  0.00006420
30  20  0.00015058
31  20  0.00009284
32  20  0.00026432
33  20  0.00023321
34  20  0.00030939
35  20  0.00012281
36  20  0.00007684
37  20  0.00028188
38  20  0.00003288
39  20  0.00014023
40  20  0.00022566
41  20  0.00035538
42  20  0.00019226
43  20  0.00033166
44  20  0.00008860
45  20  0.00021055
46  20  0.00006808
47  20  0.00014761
48  20  0.00020060
49  20  0.00030229
50  20  0.00015608
51  20  0.00011869
52  20  0.00019659
53  20  0.00053376
54  20  0.00015379
55  20  0.00030428
56  20  0.00012349
57  20  0.00020484
58  20  0.00020253
59  20  0.00006613
60  20  0.00024633
61  20  0.00031750
62  20  0.00036031
63  20  0.00047273
0  21  0.00026222
1  21  0.00029826
2  21  0.00019478
3  21  0.00039917
4  21  0.00019478
5  21  0.00024857
6  21  0.00026968
7  21  0.00029440
8  21  0.00023442
9  21  0.00009239
10  21  0.00009816
11  21  0.00017464
12  21  0.00018993
13  21  0.00005709
14  21  0.00040571
15  21  0.00023364
16  21  0.00009066
17  21  0.00012384
18  21  0.00013239
19  21  0.00038353
20  21  0.00024588
21  21  0.00017612
22  21  0.00021024
23  21  0.00010647
24  21  0.00024178
25  21  0.00025677
26  21  0.00035802
27  21  0.00026822
28  21  0.00040214
29  21  0.00021990
30  21  0.00015384
31  21  0.00010858
32  21  0.00019595
33  21  0.00024280
34  21  0.00020340
35  21  0.00008651
36  21  0.00016814
37  21  0.00034717
38  21  0.00025527
39  21  0.00031047
40  21  0.00040152
41  21  0.00040900
42  21  0.00017856
43  21  0.00035899
44  21  0.00042830
45  21  0.00026328
46  21  0.00021756
47  21  0.00040432
48  21  0.00014899
49  21  0.00029832
50  21  0.00019791
51  21  0.00010096
52  21  0.00016000
53  21  0.00015468
54  21  0.00014866
55  21  0.00012734
56  21  0.00011530
57  21  0.00028641
58  21  0.00003546
59  21  0.00017387
60  21  0.00017650
61  21  0.00018334
62  21  0.00022524
63  21  0.00015362
0  22  0.00028285
1  22  0.00048891
2  22  0.00035230
3  22  0.00018971
4  22  0.00021487
5  22  0.00022387
6  22  0.00020836
7  22  0.00021421
8  22  0.00018452
9  22  0.00015674
10  22  0.00009413
11  22  0.00014705
12  22  0.00034269
13  22  0.00047822
14  22  0.00034195
15  22  0.00016292
16  22  0.00013721
17  22  0.00042229
18  22  0.00019719
19  22  0.00014915
20  22  0.00051988
21  22  0.00025615
22  22  0.00016688
23  22  0.00022617
24  22  0.00009088
25  22  0.00018120
26  22  0.00059924
27  22  0.00034409
28  22  0.00012706
29  22  0.00035471
30  22  0.00013981
31  22  0.00011874
32  22  0.00025478
33  22  0.00012986
34  22  0.00018311
35  22  0.00035888
36  22  0.00019751
37  22  0.00038510
38  22  0.00014544
39  22  0.00030980
40  22  0.00011520
41  22  0.00019560
42  22  0.00031609
43  22  0.00019936
44  22  0.00025761
45  22  0.00011387
46  22  0.00015624
47  22  0.00013697
48  22  0.00022834
49  22  0.00031637
50  22  0.00012966
51  22  0.00015483
52  22  0.00021270
53  22  0.00052834
54  22  0.00012414
55  22  0.00013891
56  22  0.00034403
57  22  0.00029307
58  22  0.00046949
59  22  0.00043499
60  22  0.00018024
61  22  0.00027412
62  22  0.00018049
63  22  0.00013777
0  23  0.00029804
1  23  0.00029892
2  23  0.00038153
3  23  0.00027736
4  23  0.00009812
5  23  0.00013553
6  23  0.00029320
7  23  0.00025555
8  23  0.00022974
9  23  0.00032104
10  23  0.00037584
11  23  0.00014174
12  23  0.00023155
13  23  0.00016702
14  23  0.00018526
15  23  0.00039783
16  23  0.00007693
17  23  0.00008931
18  23  0.00025583
19  23  0.00021093
20  23  0.00033638
21  23  0.00027626
22  23  0.00010453
23  23  0.00016658
24  23  0.00020319
25  23  0.00036288
26  23  0.00031141
27  23  0.00047609
28  23  0.00013344
29  23  0.00011033
30  23  0.00016100
31  23  0.00018037
32  23  0.00019979
33  23  0.00037582
34  23  0.00021630
35  23  0.00026536
36  23  0.00018852
37  23  0.00011829
38  23  0.00022816
39  23  0.00003486
40  23  0.00027505
41  23  0.00022731
42  23  0.00014625
43  23  0.00036178
44  23  0.00019296
45  23  0.00018828
46  23  0.00021904
47  23  0.00010317
48  23  0.00018419
49  23  0.00005221
50  23  0.00019512
51  23  0.00005785
52  23  0.00033014
53  23  0.00009424
54  23  0.00005509
55  23  0.00037586
56  23  0.00045225
57  23  0.00038182
58  23  0.00015797
59  23  0.00031162
60  23  0.00010515
61  23  0.00023776
62  23  0.00010774
63  23  0.00048220
0  24  0.00027107
1  24  0.00006202
2  24  0.00014156
3  24  0.00026383
4  24  0.00024101
5  24  0.00029045
6  24  0.00016106
7  24  0.00037772
8  24  0.00016220
9  24  0.00013072
10  24  0.00014129
11  24  0.00016896
12  24  0.00006369
13  24  0.00035787
14  24  0.00031935
15  24  0.00013916
16  24  0.00014247
17  24  0.00028806
18  24  0.00024624
19  24  0.00003927
20  24  0.00016070
21  24  0.00024514
22  24  0.00024164
23  24  0.00011413
24  24  0.00010177
25  24  0.00016662
26  24  0.00024377
27  24  0.00026863
28  24  0.00025368
29  24  0.00034218
30  24  0.00019752
31  24  0.00005824
32  24  0.00013303
33  24  0.00025931
34  24  0.00033073
35  24  0.00012504
36  24  0.00013473
37  24  0.00019702
38  24  0.00048060
39  24  0.00019786
40  24  0.00053778
41  24  0.00046254
42  24  0.00030692
43  24  0.00033292
44  24  0.00038938
45  24  0.00035443
46  24  0.00018653
47  24  0.00012090
48  24  0.00032050
49  24  0.00018427
50  24  0.00015778
51  24  0.00017804
52  24  0.00013622
53  24  0.00039710
54  24  0.00034766
55  24  0.00017731
56  24  0.00016849
57  24  0.00042391
58  24  0.00020805
59  24  0.00024144
60  24  0.00009193
61  24  0.00023735
62  24  0.00008353
63  24  0.00019888
0  25  0.00034687
1  25  0.00018281
2  25  0.00025379
3  25  0.00019276
4  25  0.00020826
5  25  0.00017102
6  25  0.00029439
7  25  0.00012651
8  25  0.00043548
9  25  0.00035963
10  25  0.00029383
11  25  0.00022325
12  25  0.00034109
13  25  0.00054537
14  25  0.00032252
15  25  0.00012648
16  25  0.00019977
17  25  0.00008636
18  25  0.00010787
19  25  0.00024092
20  25  0.00008148
21  25  0.00024119
22  25  0.00020476
23  25  0.00031326
24  25  0.00020968
25  25  0.00025694
26  25  0.00046025
27  25  0.00021815
28  25  0.00010115
29  25  0.00030817
30  25  0.00009216
31  25  0.00036982
32  25  0.00022394
33  25  0.00020452
34  25  0.00014108
35  25  0.00047138
36  25  0.00010122
37  25  0.00018263
38  25  0.00016125
39  25  0.00069166
40  25  0.00025193
41  25  0.00024660
42  25  0.00012775
43  25  0.00006375
44  25  0.00043883
45  25  0.00007387
46  25  0.00024988
47  25  0.00035402
48  25  0.00053627
49  25  0.00044564
50  25  0.00066020
51  25  0.00062685
52  25  0.00030521
53  25  0.00019398
54  25  0.00020442
55  25  0.00030049
56  25  0.00013168
57  25  0.00037587
58  25  0.00011452
59  25  0.00026693
60  25  0.00029944
61  25  0.00010480
62  25  0.00030721
63  25  0.00065420
0  26  0.00010168
1  26  0.00048008
2  26  0.00042404
3  26  0.00046324
4  26  0.00016627
5  26  0.00020242
6  26  0.00015926
7  26  0.00018206
8  26  0.00027100
9  26  0.00011879
10  26  0.00016764
11  26  0.00016373
12  26  0.00019928
13  26  0.00024702
14  26  0.00009640
15  26  0.00027157
16  26  0.00035220
17  26  0.00036622
18  26  0.00020286
19  26  0.00036848
20  26  0.00022778
21  26  0.00015917
22  26  0.00032042
23  26  0.00011177
24  26  0.00042831
25  26  0.00012825
26  26  0.00013646
27  26  0.00016398
28  26  0.00033496
29  26  0.00019548
30  26  0.00013723
31  26  0.00010019
32  26  0.00011832
33  26  0.00023085
34  26  0.00019075
35  26  0.00075199
36  26  0.00030261
37  26  0.00027394
38  26  0.00037251
39  26  0.00009572
40  26  0.00018013
41  26  0.00011605
42  26  0.00018086
43  26  0.00016979
44  26  0.00014062
45  26  0.00043908
46  26  0.00028943
47  26  0.00032444
48  26  0.00020842
49  26  0.00004300
50  26  0.00039098
51  26  0.00016213
52  26  0.00015326
53  26  0.00027468
54  26  0.00068599
55  26  0.00012662
56  26  0.00055050
57  26  0.00025179
58  26  0.00037958
59  26  0.00021022
60  26  0.00018699
61  26  0.00034943
62  26  0.00027918
63  26  0.00029773
0  27  0.00020662
1  27  0.00011951
2  27  0.00018590
3  27  0.00051358
4  27  0.00022602
5  27  0.00031847
6  27  0.00027683
7  27  0.00029995
8  27  0.00039618
9  27  0.00018788
10  27  0.00010665
11  27  0.00032904
12  27  0.00023230
13  27  0.00010432
14  27  0.00038153
15  27  0.00034237
16  27  0.00017381
17  27  0.00015897
18  27  0.00010308
19  27  0.00038131
20  27  0.00047995
21  27  0.00009275
22  27  0.00031099
23  27  0.00018859
24  27  0.00032435
25  27  0.00022165
26  27  0.00013354
27  27  0.00026509
28  27  0.00021787
29  27  0.00011738
30  27  0.00043314
31  27  0.00022675
32  27  0.00014989
33  27  0.00023869
34  27  0.00034830
35  27  0.00016667
36  27  0.00029344
37  27  0.00013727
38  27  0.00017709
39  27  0.00056147
40  27  0.00019463
41  27  0.00010728
42  27  0.00026596
43  27  0.00039125
44  27  0.00038117
45  27  0.00059761
46  27  0.00035669
47  27  0.00026517
48  27  0.00044409
49  27  0.00033764
50  27  0.00017336
51  27  0.00017504
52  27  0.00015768
53  27  0.00013818
54  27  0.00032750
55  27  0.00031832
56  27  0.00018290
57  27  0.00021789
58  27  0.00015224
59  27  0.00014602
60  27  0.00014963
61  27  0.00011587
62  27  0.00018147
63  27  0.00025195
0  28  0.00027174
1  28  0.00005246
2  28  0.00021648
3  28  0.00013770
4  28  0.00019939
5  28  0.00012758
6  28  0.00034013
7  28  0.00019652
8  28  0.00017684
9  28  0.00035935
10  28  0.00012403
11  28  0.00039180
12  28  0.00024260
13  28  0.00015217
14  28  0.00016845
15  28  0.00033775
16  28  0.00014255
17  28  0.00017573
18  28  0.00031894
19  28  0.00019770
20  28  0.00009740
21  28  0.00028291
22  28  0.00022574
23  28  0.00047382
24  28  0.00008886
25  28  0.00025532
26  28  0.00014563
27  28  0.00011499
28  28  0.00022621
29  28  0.00048450
30  28  0.00026246
31  28  0.00023217
32  28  0.00016799
33  28  0.00008506
34  28  0.00028892
35  28  0.00018206
36  28  0.00045533
37  28  0.00019162
38  28  0.00047019
39  28  0.00012694
40  28  0.00026089
41  28  0.00019009
42  28  0.00009801
43  28  0.00047282
44  28  0.00026991
45  28  0.00033181
46  28  0.00014001
47  28  0.00020446
48  28  0.00030736
49  28  0.00020748
50  28  0.00013953
51  28  0.00015579
52  28  0.00022688
53  28  0.00023988
54  28  0.00019278
55  28  0.00040707
56  28  0.00026249
57  28  0.00014749
58  28  0.00029570
59  28  0.00008154
60  28  0.00022045
61  28  0.00007310
62  28  0.00034075
63  28  0.00011228
0  29  0.00019341
1  29  0.00035648
2  29  0.00010204
3  29  0.00018958
4  29  0.00021655
5  29  0.00033872
6  29  0.00011796
7  29  0.00027689
8  29  0.00032365
9  29  0.00039515
10  29  0.00030496
11  29  0.00025621
12  29  0.00014412
13  29  0.00011874
14  29  0.00033596
15  29  0.00042983
16  29  0.00043816
17  29  0.00015441
18  29  0.00023440
19  29  0.00045635
20  29  0.00042787
21  29  0.00066895
22  29  0.00026654
23  29  0.00022570
24  29  0.00030028
25  29  0.00023980
26  29  0.00013635
27  29  0.00021765
28  29  0.00037726
29  29  0.00026228
30  29  0.00039474
31  29  0.00015622
32  29  0.00031629
33  29  0.00013198
34  29  0.00041356
35  29  0.00042603
36  29  0.00030918
37  29  0.00014405
38  29  0.00041928
39  29  0.00037088
40  29  0.00028303
41  29  0.00029825
42  29  0.00027951
43  29  0.00021657
44  29  0.00031720
45  29  0.00008842
46  29  0.00028939
47  29  0.00032379
48  29  0.00008573
49  29  0.00020503
50  29  0.00027904
51  29  0.00007214
52  29  0.00036996
53  29  0.00023050
54  29  0.00019597
55  29  0.00013394
56  29  0.00021921
57  29  0.00022795
58  29  0.00013600
59  29  0.00038513
60  29  0.00008213
61  29  0.00022838
62  29  0.00040053
63  29  0.00027286
0  30  0.00015061
1  30  0.00014652
2  30  0.00030176
3  30  0.00015791
4  30  0.00020624
5  30  0.00018070
6  30  0.00025624
7  30  0.00012919
8  30  0.00020766
9  30  0.00012058
10  30  0.00017557
11  30  0.00011659
12  30  0.00013429
13  30  0.00032353
14  30  0.00020253
15  30  0.00024906
16  30  0.00026302
17  30  0.00020255
18  30  0.00025335
19  30  0.00014375
20  30  0.00050318
21  30  0.00025030
22  30  0.00038237
23  30  0.00009492
24  30  0.00021564
25  30  0.00006918
26  30  0.00014856
27  30  0.00007550
28  30  0.00008302
29  30  0.00017883
30  30  0.00019928
31  30  0.00009436
32  30  0.00033223
33  30  0.00020437
34  30  0.00036153
35  30  0.00013833
36  30  0.00064360
37  30  0.00016137
38  30  0.00013293
39  30  0.00012791
40  30  0.00013303
41  30  0.00036692
42  30  0.00028223
43  30  0.00032578
44  30  0.00030166
45  30  0.00025289
46  30  0.00045857
47  30  0.00014615
48  30  0.00011723
49  30  0.00029564
50  30  0.00051269
51  30  0.00011953
52  30  0.00011314
53  30  0.00026613
54  30  0.00030697
55  30  0.00029942
56  30  0.00016265
57  30  0.00030049
58  30  0.00024259
59  30  0.00012709
60  30  0.00031304
61  30  0.00025252
62  30  0.00033212
63  30  0.00011689
0  31  0.00034179
1  31  0.00012397
2  31  0.00028684
3  31  0.00013289
4  31  0.00012957
5  31  0.00075766
6  31  0.00023849
7  31  0.00015345
8  31  0.00041469
9  31  0.00042646
10  31  0.00031609
11  31  0.00015943
12  31  0.00036165
13  31  0.00010544
14  31  0.00054206
15  31  0.00007909
16  31  0.00022714
17  31  0.00021638
18  31  0.00046899
19  31  0.00014663
20  31  0.00011936
21  31  0.00021633
22  31  0.00017029
23  31  0.00020434
24  31  0.00034701
25  31  0.00041686
26  31  0.00022220
27  31  0.00018268
28  31  0.00020864
29  31  0.00013891
30  31  0.00011700
31  31  0.00026190
32  31  0.00027831
33  31  0.00039004
34  31  0.00012123
35  31  0.00024593
36  31  0.00019608
37  31  0.00021865
38  31  0.00017070
39  31  0.00026043
40  31  0.00007918
41  31  0.00024638
42  31  0.00029802
43  31  0.00016756
44  31  0.00018407
45  31  0.00044275
46  31  0.00037498
47  31  0.00036004
48  31  0.00032095
49  31  0.00016437
50  31  0.00028333
51  31  0.00024293
52  31  0.00030384
53  31  0.00040505
54  31  0.00041416
55  31  0.00018292
56  31  0.00021752
57  31  0.00022939
58  31  0.00052558
59  31  0.00023091
60  31  0.00006324
61  31  0.00020194
62  31  0.00030617
63  31  0.00011016
0  32  0.00015171
1  32  0.00028760
2  32  0.00070778
3  32  0.00015976
4  32  0.00018263
5  32  0.00034998
6  32  0.00012879
7  32  0.00012148
8  32  0.00028224
9  32  0.00012389
10  32  0.00024911
11  32  0.00028183
12  32  0.00027926
13  32  0.00037303
14  32  0.00024253
15  32  0.00032961
16  32  0.00020895
17  32  0.00017343
18  32  0.00013388
19  32  0.00034472
20  32  0.00011745
21  32  0.00033311
22  32  0.00016568
23  32  0.00029251
24  32  0.00019315
25  32  0.00017470
26  32  0.00050031
27  32  0.00023949
28  32  0.00022387
29  32  0.00034350
30  32  0.00029923
31  32  0.00021375
32  32  0.00009930
33  32  0.00022874
34  32  0.00043919
35  32  0.00013699
36  32  0.00024689
37  32  0.00021637
38  32  0.00017373
39  32  0.00018161
40  32  0.00028621
41  32  0.00013812
42  32  0.00008084
43  32  0.00014217
44  32  0.00028472
45  32  0.00024607
46  32  0.00022119
47  32  0.00033965
48  32  0.00027178
49  32  0.00036672
50  32  0.00033451
51  32  0.00026872
52  32  0.00019308
53  32  0.00015249
54  32  0.00014901
55  32  0.00020324
56  32  0.00021874
57  32  0.00023609
58  32  0.00053832
59  32  0.00005443
60  32  0.00023882
61  32  0.00015344
62  32  0.00019176
63  32  0.00016412
0  33  0.00014722
1  33  0.00015056
2  33  0.00006961
3  33  0.00017048
4  33  0.00015916
5  33  0.00018924
6  33  0.00044634
7  33  0.00006204
8  33  0.00026163
9  33  0.00014858
10  33  0.00029595
11  33  0.00023839
12  33  0.00016983
13  33  0.00012339
14  33  0.00016317
15  33  0.00015988
16  33  0.00011209
17  33  0.00027992
18  33  0.00023481
19  33  0.00020146
20  33  0.00021297
21  33  0.00063954
22  33  0.00037926
23  33  0.00017067
24  33  0.00017748
25  33  0.00050122
26  33  0.00026382
27  33  0.00027737
28  33  0.00024562
29  33  0.00012297
30  33  0.00022383
31  33  0.00027624
32  33  0.00032547
33  33  0.00013246
34  33  0.00041985
35  33  0.00043564
36  33  0.00037809
37  33  0.00024957
38  33  0.00007867
39  33  0.00027719
40  33  0.00042886
41  33  0.00021932
42  33  0.00011408
43  33  0.00012934
44  33  0.00026345
45  33  0.00015612
46  33  0.00011644
47  33  0.00023336
48  33  0.00020426
49  33  0.00032346
50  33  0.00016147
51  33  0.00012714
52  33  0.00012585
53  33  0.00030677
54  33  0.00030364
55  33  0.00050001
56  33  0.00030246
57  33  0.00046234
58  33  0.00014936
59  33  0.00028912
60  33  0.00033484
61  33  0.00012227
62  33  0.00021072
63  33  0.00019215
0  34  0.00030212
1  34  0.00027739
2  34  0.00006033
3  34  0.00037321
4  34  0.00018744
5  34  0.00022624
6  34  0.00010002
7  34  0.00015534
8  34  0.00017238
9  34  0.00021428
10  34  0.00019551
11  34  0.00009138
12  34  0.00040066
13  34  0.00023299
14  34  0.00038609
15  34  0.00039075
16  34  0.00048864
17  34  0.00018184
18  34  0.00023119
19  34  0.00015828
20  34  0.00028978
21  34  0.00030481
22  34  0.00039287
23  34  0.00009554
24  34  0.00015444
25  34  0.00020425
26  34  0.00054222
27  34  0.00027174
28  34  0.00039316
29  34  0.00028065
30  34  0.00013551
31  34  0.00025650
32  34  0.00052112
33  34  0.00037189
34  34  0.00045314
35  34  0.00017901
36  34  0.00005912
37  34  0.00006029
38  34  0.00038726
39  34  0.00040866
40  34  0.00024838
41  34  0.00014687
42  34  0.00035389
43  34  0.00018393
44  34  0.00030755
45  34  0.00028601
46  34  0.00027118
47  34  0.00018169
48  34  0.00021273
49  34  0.00023880
50  34  0.00010990
51  34  0.00039779
52  34  0.00066954
53  34  0.00018156
54  34  0.00081963
55  34  0.00013041
56  34  0.00018803
57  34  0.00049508
58  34  0.00006894
59  34  0.00039779
60  34  0.00032949
61  34  0.00012467
62  34  0.00021194
63  34  0.00024529
0  35  0.00037331
1  35  0.00029267
2  35  0.00043101
3  35  0.00025923
4  35  0.00010596
5  35  0.00013212
6  35  0.00020590
7  35  0.00073393
8  35  0.00018668
9  35  0.00011561
10  35  0.00007391
11  35  0.00024448
12  35  0.00013771
13  35  0.00008394
14  35  0.00008811
15  35  0.00024793
16  35  0.00032864
17  35  0.00028488
18  35  0.00031089
19  35  0.00017907
20  35  0.00035411
21  35  0.00027516
22  35  0.00016738
23  35  0.00014713
24  35  0.00042240
25  35  0.00038837
26  35  0.00022676
27  35  0.00025417
28  35  0.00021478
29  35  0.00017368
30  35  0.00036696
31  35  0.00046113
32  35  0.00004099
33  35  0.00033592
34  35  0.00020326
35  35  0.00020259
36  35  0.00038501
37  35  0.00019580
38  35  0.00025129
39  35  0.00010782
40  35  0.00035297
41  35  0.00005334
42  35  0.00044038
43  35  0.00042899
44  35  0.00031193
45  35  0.00041938
46  35  0.00052693
47  35  0.00024920
48  35  0.00028249
49  35  0.00016989
50  35  0.00017681
51  35  0.00042120
52  35  0.00038157
53  35  0.00029168
54  35  0.00014395
55  35  0.00033989
56  35  0.00013945
57  35  0.00050007
58  35  0.00025175
59  35  0.00022900
60  35  0.00022079
61  35  0.00042383
62  35  0.00017012
63  35  0.00009302
0  36  0.00005101
1  36  0.00032695
2  36  0.00016790
3  36  0.00033764
4  36  0.00025979
5  36  0.00040473
6  36  0.00036883
7  36  0.00017381
8  36  0.00018630
9  36  0.00042697
10  36  0.00035713
11  36  0.00026363
12  36  0.00020204
13  36  0.00025135
14  36  0.00016874
15  36  0.00018643
16  36  0.00016292
17  36  0.00030466
18  36  0.00031560
19  36  0.00025473
20  36  0.00015225
21  36  0.00024250
22  36  0.00031761
23  36  0.00014981
24  36  0.00006234
25  36  0.00025704
26  36  0.00022350
27  36  0.00027621
28  36  0.00030994
29  36  0.00067419
30  36  0.00024109
31  36  0.00006399
32  36  0.00032756
33  36  0.00013639
34  36  0.00022202
35  36  0.00015068
36  36  0.00010904
37  36  0.00029854
38  36  0.00035276
39  36  0.00040900
40  36  0.00025009
41  36  0.00006816
42  36  0.00016367
43  36  0.00011392
44  36  0.00035531
45  36  0.00054122
46  36  0.00039315
47  36  0.00050866
48  36  0.00006641
49  36  0.00014986
50  36  0.00017679
51  36  0.00023278
52  36  0.00019105
53  36  0.00042488
54  36  0.00018672
55  36  0.00026747
56  36  0.00017945
57  36  0.00070075
58  36  0.00030903
59  36  0.00010822
60  36  0.00012845
61  36  0.00018676
62  36  0.00046606
63  36  0.00038186
0  37  0.00009847
1  37  0.00039349
2  37  0.00020328
3  37  0.00026886
4  37  0.00048753
5  37  0.00016025
6  37  0.00025895
7  37  0.00026997
8  37  0.00016366
9  37  0.00023380
10  37  0.00019796
11  37  0.00018044
12  37  0.00028177
13  37  0.00026619
14  37  0.00043383
15  37  0.00024159
16  37  0.00022253
17  37  0.00014213
18  37  0.00023789
19  37  0.00024280
20  37  0.00023234
21  37  0.00046050
22  37  0.00014750
23  37  0.00018003
24  37  0.00018183
25  37  0.00012719
26  37  0.00026871
27  37  0.00023483
28  37  0.00017800
29  37  0.00030052
30  37  0.00018859
31  37  0.00031245
32  37  0.00018651
33  37  0.00026695
34  37  0.00013518
35  37  0.00028546
36  37  0.00043392
37  37  0.00041100
38  37  0.00025831
39  37  0.00036393
40  37  0.00014097
41  37  0.00020326
42  37  0.00014104
43  37  0.00049778
44  37  0.00036801
45  37  0.00024552
46  37  0.00012469
47  37  0.00056881
48  37  0.00017929
49  37  0.00015007
50  37  0.00035772
51  37  0.00038427
52  37  0.00014146
53  37  0.00027688
54  37  0.00041878
55  37  0.00028120
56  37  0.00017589
57  37  0.00012966
58  37  0.00021788
59  37  0.00021582
60  37  0.00005738
61  37  0.00020935
62  37  0.00023414
63  37  0.00036224
0  38  0.00021043
1  38  0.00012465
2  38  0.00033092
3  38  0.00018251
4  38  0.00026238
5  38  0.00016541
6  38  0.00011534
7  38  0.00019384
8  38  0.00022549
9  38  0.00010520
10  38  0.00010974
11  38  0.00017895
12  38  0.00026960
13  38  0.00030482
14  38  0.00013308
15  38  0.00016967
16  38  0.00013852
17  38  0.00009104
18  38  0.00031142
19  38  0.00021969
20  38  0.00053027
21  38  0.00020004
22  38  0.00030633
23  38  0.00024447
24  38  0.00011476
25  38  0.00047634
26  38  0.00020623
27  38  0.00044542
28  38  0.00039021
29  38  0.00006301
30  38  0.00032418
31  38  0.00006995
32  38  0.00012256
33  38  0.00023990
34  38  0.00015030
35  38  0.00025252
36  38  0.00006616
37  38  0.00011909
38  38  0.00024660
39  38  0.00026594
40  38  0.00006156
41  38  0.00023999
42  38  0.00020021
43  38  0.00031682
44  38  0.00054950
45  38  0.00018437
46  38  0.00034403
47  38  0.00012815
48  38  0.00030760
49  38  0.00013106
50  38  0.00018694
51  38  0.00038198
52  38  0.00013864
53  38  0.00036870
54  38  0.00018120
55  38  0.00014011
56  38  0.00033627
57  38  0.00010374
58  38  0.00032554
59  38  0.00047228
60  38  0.00021251
61  38  0.00014134
62  38  0.00020457
63  38  0.00008102
0  39  0.00011093
1  39  0.00016937
2  39  0.00008752
3  39  0.00016370
4  39  0.00013981
5  39  0.00014379
6  39  0.00019914
7  39  0.00013100
8  39  0.00028051
9  39  0.00012772
10  39  0.00020307
11  39  0.00009843
12  39  0.00049840
13  39  0.00043704
14  39  0.00036064
15  39  0.00020945
16  39  0.00016719
17  39  0.00014702
18  39  0.00008043
19  39  0.00015633
20  39  0.00023787
21  39  0.00032746
22  39  0.00018334
23  39  0.00031081
24  39  0.00013890
25  39  0.00027735
26  39  0.00024272
27  39  0.00032764
28  39  0.00012655
29  39  0.00034203
30  39  0.00021088
31  39  0.00031885
32  39  0.00037302
33  39  0.00046296
34  39  0.00017861
35  39  0.00039837
36  39  0.00025637
37  39  0.00029912
38  39  0.00023852
39  39  0.00016741
40  39  0.00021675
41  39  0.00021688
42  39  0.00022129
43  39  0.00020552
44  39  0.00065557
45  39  0.00029552
46  39  0.00009333
47  39  0.00015029
48  39  0.00008830
49  39  0.00006743
50  39  0.00012818
51  39  0.00039069
52  39  0.00019122
53  39  0.00023619
54  39  0.00044136
55  39  0.00032678
56  39  0.00032322
57  39  0.00020071
58  39  0.00023792
59  39  0.00035997
60  39  0.00012741
61  39  0.00017955
62  39  0.00014546
63  39  0.00022270
0  40  0.00021389
1  40  0.00017984
2  40  0.00026469
3  40  0.00025412
4  40  0.00041903
5  40  0.00014796
6  40  0.00013246
7  40  0.00044743
8  40  0.00044920
9  40  0.00004829
10  40  0.00023015
11  40  0.00020464
12  40  0.00016863
13  40  0.00003213
14  40  0.00028721
15  40  0.00006432
16  40  0.00021538
17  40  0.00036510
18  40  0.00029115
19  40  0.00034607
20  40  0.00035782
21  40  0.00023131
22  40  0.00014977
23  40  0.00020630
24  40  0.00019024
25  40  0.00019298
26  40  0.00015096
27  40  0.00031399
28  40  0.00043547
29  40  0.00028233
30  40  0.00017344
31  40  0.00021405
32  40  0.00042353
33  40  0.00021483
34  40  0.00023135
35  40  0.00029038
36  40  0.00015045
37  40  0.00014442
38  40  0.00011505
39  40  0.00028581
40  40  0.00035122
41  40  0.00020999
42  40  0.00018013
43  40  0.00015068
44  40  0.00024103
45  40  0.00016955
46  40  0.00027281
47  40  0.00012185
48  40  0.00016362
49  40  0.00009944
50  40  0.00036943
51  40  0.00048943
52  40  0.00028750
53  40  0.00040082
54  40  0.00038312
55  40  0.00027857
56  40  0.00037381
57  40  0.00002220
58  40  0.00040750
59  40  0.00021627
60  40  0.00017543
61  40  0.00008995
62  40  0.00021239
63  40  0.00025634
0  41  0.00008734
1  41  0.00053146
2  41  0.00030896
3  41  0.00008125
4  41  0.00022503
5  41  0.00015312
6  41  0.00025734
7  41  0.00019910
8  41  0.00022181
9  41  0.00027553
10  41  0.00029641
11  41  0.00036095
12  41  0.00013392
13  41  0.00014529
14  41  0.00051430
15  41  0.00028442
16  41  0.00041320
17  41  0.00016453
18  41  0.00012735
19  41  0.00017636
20  41  0.00059440
21  41  0.00036067
22  41  0.00028706
23  41  0.00022982
24  41  0.00018836
25  41  0.00014260
26  41  0.00033145
27  41  0.00036187
28  41  0.00022797
29  41  0.00022141
30  41  0.00025411
31  41  0.00010941
32  41  0.00014144
33  41  0.00024678
34  41  0.00015394
35  41  0.00032567
36  41  0.00016964
37  41  0.00009162
38  41  0.00017507
39  41  0.00023285
40  41  0.00030208
41  41  0.00026617
42  41  0.00022384
43  41  0.00022514
44  41  0.00015443
45  41  0.00019599
46  41  0.00047915
47  41  0.00006258
48  41  0.00032039
49  41  0.00062751
50  41  0.00019816
51  41  0.00026475
52  41  0.00025546
53  41  0.00029709
54  41  0.00010197
55  41  0.00034340
56  41  0.00020554
57  41  0.00019750
58  41  0.00014648
59  41  0.00011628
60  41  0.00030565
61  41  0.00035671
62  41  0.00035972
63  41  0.00025177
0  42  0.00017621
1  42  0.00008570
2  42  0.00029898
3  42  0.00023547
4  42  0.00024893
5  42  0.00012608
6  42  0.00017406
7  42  0.00023180
8  42  0.00018329
9  42  0.00008746
10  42  0.00023898
11  42  0.00019788
12  42  0.00017032
13  42  0.00028611
14  42  0.00017137
15  42  0.00015698
16  42  0.00027310
17  42  0.00023629
18  42  0.00030107
19  42  0.00036406
20  42  0.00024347
21  42  0.00038929
22  42  0.00049106
23  42  0.00031494
24  42  0.00020942
25  42  0.00029650
26  42  0.00021521
27  42  0.00017277
28  42  0.00011384
29  42  0.00016848
30  42  0.00016344
31  42  0.00025527
32  42  0.00031390
33  42  0.00009006
34  42  0.00009736
35  42  0.00006839
36  42  0.00028318
37  42  0.00010466
38  42  0.00039581
39  42  0.00030502
40  42  0.00026726
41  42  0.00020310
42  42  0.00023184
43  42  0.00033424
44  42  0.00060101
45  42  0.00016462
46  42  0.00020097
47  42  0.00034303
48  42  0.00045312
49  42  0.00033579
50  42  0.00030267
51  42  0.00022965
52  42  0.00017433
53  42  0.00035336
54  42  0.00023055
55  42  0.00021952
56  42  0.00018102
57  42  0.00039240
58  42  0.00013711
59  42  0.00045744
60  42  0.00025551
61  42  0.00015760
62  42  0.00024226
63  42  0.00053225
0  43  0.00041490
1  43  0.00013957
2  43  0.00022736
3  43  0.00030980
4  43  0.00033751
5  43  0.00031001
6  43  0.00021293
7  43  0.00008957
8  43  0.00027775
9  43  0.00012276
10  43  0.00028714
11  43  0.00038182
12  43  0.00035871
13  43  0.00022613
14  43  0.00033333
15  43  0.00027400
16  43  0.00027839
17  43  0.00022386
18  43  0.00014988
19  43  0.00029789
20  43  0.00038771
21  43  0.00024180
22  43  0.00030404
23  43  0.00033664
24  43  0.00021753
25  43  0.00015814
26  43  0.00016425
27  43  0.00023767
28  43  0.00033010
29  43  0.00031689
30  43  0.00029715
31  43  0.00014783
32  43  0.00044616
33  43  0.00035307
34  43  0.00034860
35  43  0.00029530
36  43  0.00008450
37  43  0.00017076
38  43  0.00015872
39  43  0.00037098
40  43  0.00024089
41  43  0.00012236
42  43  0.00035604
43  43  0.00011133
44  43  0.00030565
45  43  0.00026438
46  43  0.00019648
47  43  0.00013155
48  43  0.00053827
49  43  0.00015794
50  43  0.00033826
51  43  0.00015579
52  43  0.00020784
53  43  0.00020838
54  43  0.00029184
55  43  0.00011513
56  43  0.00022692
57  43  0.00041815
58  43  0.00012044
59  43  0.00046222
60  43  0.00012595
61  43  0.00032231
62  43  0.00024752
63  43  0.00021565
0  44  0.00012342
1  44  0.00048057
2  44  0.00008617
3  44  0.00007661
4  44  0.00020924
5  44  0.00008463
6  44  0.00025915
7  44  0.00017540
8  44  0.00026976
9  44  0.00021124
10  44  0.00020031
11  44  0.00032866
12  44  0.00016236
13  44  0.00031844
14  44  0.00009937
15  44  0.00028792
16  44  0.00046308
17  44  0.00034685
18  44  0.00026085
19  44  0.00052193
20  44  0.00005253
21  44  0.00011912
22  44  0.00025444
23  44  0.00006335
24  44  0.00016517
25  44  0.00015030
26  44  0.00013783
27  44  0.00018606
28  44  0.00009807
29  44  0.00029739
30  44  0.00055038
31  44  0.00005354
32  44  0.00018138
33  44  0.00009502
34  44  0.00011325
35  44  0.00036697
36  44  0.00026224
37  44  0.00024323
38  44  0.00010707
39  44  0.00008387
40  44  0.00032103
41  44  0.00024754
42  44  0.00013893
43  44  0.00014799
44  44  0.00018432
45  44  0.00037735
46  44  0.00021199
47  44  0.00035214
48  44  0.00011528
49  44  0.00008072
50  44  0.00052735
51  44  0.00018162
52  44  0.00011782
53  44  0.00044929
54  44  0.00018752
55  44  0.00014407
56  44  0.00017579
57  44  0.00024732
58  44  0.00036680
59  44  0.00011362
60  44  0.00040511
61  44  0.00028773
62  44  0.00026682
63  44  0.00013168
0  45  0.00015342
1  45  0.00016836
2  45  0.00058656
3  45  0.00022339
4  45  0.00041448
5  45  0.00021068
6  45  0.00029465
7  45  0.00017231
8  45  0.00051298
9  45  0.00035064
10  45  0.00017066
11  45  0.00027882
12  45  0.00029240
13  45  0.00014129
14  45  0.00040951
15  45  0.00028668
16  45  0.00026099
17  45  0.00012208
18  45  0.00063862
19  45  0.00022581
20  45  0.00018910
21  45  0.00017288
22  45  0.00041530
23  45  0.00027523
24  45  0.00013286
25  45  0.00011402
26  45  0.00011621
27  45  0.00013009
28  45  0.00031733
29  45  0.00020184
30  45  0.00013487
31  45  0.00034142
32  45  0.00020257
33  45  0.00031811
34  45  0.00014078
35  45  0.00013869
36  45  0.00006776
37  45  0.00030917
38  45  0.00019062
39  45  0.00016747
40  45  0.00029778
41  45  0.00069865
42  45  0.00007111
43  45  0.00013736
44  45  0.00017065
45  45  0.00015366
46  45  0.00031698
47  45  0.00019822
48  45  0.00015941
49  45  0.00046553
50  45  0.00028453
51  45  0.00014395
52  45  0.00015846
53  45  0.00039331
54  45  0.00048706
55  45  0.00017731
56  45  0.00066217
57  45  0.00029130
58  45  0.00014739
59  45  0.00019083
60  45  0.00032122
61  45  0.00032870
62  45  0.00085009
63  45  0.00039726
0  46  0.00025263
1  46  0.00020052
2  46  0.00030436
3  46  0.00010695
4  46  0.00045241
5  46  0.00016915
6  46  0.00034650
7  46  0.00030511
8  46  0.00010703
9  46  0.00036534
10  46  0.00008230
11  46  0.00022318
12  46  0.00014008
13  46  0.00009557
14  46  0.00017329
15  46  0.00018571
16  46  0.00009253
17  46  0.00017983
18  46  0.00032594
19  46  0.00047747
20  46  0.00015167
21  46  0.00020006
22  46  0.00017045
23  46  0.00014017
24  46  0.00017795
25  46  0.00007506
26  46  0.00028380
27  46  0.00024248
28  46  0.00015926
29  46  0.00032450
30  46  0.00016135
31  46  0.00009198
32  46  0.00023585
33  46  0.00030121
34  46  0.00017204
35  46  0.00014024
36  46  0.00020942
37  46  0.00020690
38  46  0.00015587
39  46  0.00023598
40  46  0.00026733
41  46  0.00039484
42  46  0.00019400
43  46  0.00041631
44  46  0.00020714
45  46  0.00015863
46  46  0.00009531
47  46  0.00022608
48  46  0.00030071
49  46  0.00023693
50  46  0.00023958
51  46  0.00010000
52  46  0.00009210
53  46  0.00022332
54  46  0.00023095
55  46  0.00010736
56  46  0.00025554
57  46  0.00016061
58  46  0.00015693
59  46  0.00023360
60  46  0.00008513
61  46  0.00013875
62  46  0.00041259
63  46  0.00009533
0  47  0.00003027
1  47  0.00002495
2  47  0.00040991
3  47  0.00032799
4  47  0.00040479
5  47  0.00021876
6  47  0.00032620
7  47  0.00027829
8  47  0.00023768
9  47  0.00058549
10  47  0.00005746
11  47  0.00048349
12  47  0.00026103
13  47  0.00014480
14  47  0.00024214
15  47  0.00028928
16  47  0.00036926
17  47  0.00026454
18  47  0.00017325
19  47  0.00025434
20  47  0.00008794
21  47  0.00022097
22  47  0.00021559
23  47  0.00038265
24  47  0.00026293
25  47  0.00045205
26  47  0.00026820
27  47  0.00019281
28  47  0.00023787
29  47  0.00018697
30  47  0.00023095
31  47  0.00026054
32  47  0.00045752
33  47  0.00027058
34  47  0.00033489
35  47  0.00019235
36  47  0.00021793
37  47  0.00039071
38  47  0.00017320
39  47  0.00014340
40  47  0.00015866
41  47  0.00031321
42  47  0.00020009
43  47  0.00014524
44  47  0.00014973
45  47  0.00018037
46  47  0.00035966
47  47  0.00010769
48  47  0.00016447
49  47  0.00028715
50  47  0.00040908
51  47  0.00012177
52  47  0.00023641
53  47  0.00033058
54  47  0.00020248
55  47  0.00014338
56  47  0.00025254
57  47  0.00011070
58  47  0.00016927
59  47  0.00018719
60  47  0.00022581
61  47  0.00011159
62  47  0.00014108
63  47  0.00018999
0  48  0.00023396
1  48  0.00010451
2  48  0.00005178
3  48  0.00012372
4  48  0.00034605
5  48  0.00016065
6  48  0.00027714
7  48  0.00016458
8  48  0.00024938
9  48  0.00009706
10  48  0.00019986
11  48  0.00039913
12  48  0.00014681
13  48  0.00022202
14  48  0.00018057
15  48  0.00021082
16  48  0.00029130
17  48  0.00025418
18  48  0.00017637
19  48  0.00044463
20  48  0.00018584
21  48  0.00038728
22  48  0.00062586
23  48  0.00024222
24  48  0.00021507
25  48  0.00018704
26  48  0.00027641
27  48  0.00034321
28  48  0.00007878
29  48  0.00019875
30  48  0.00027927
31  48  0.00018881
32  48  0.00034145
33  48  0.00019646
34  48  0.00021804
35  48  0.00024095
36  48  0.00034147
37  48  0.00022870
38  48  0.00012872
39  48  0.00017408
40  48  0.00023531
41  48  0.00011895
42  48  0.00018383
43  48  0.00033710
44  48  0.00032002
45  48  0.00034905
46  48  0.00014895
47  48  0.00046823
48  48  0.00027706
49  48  0.00007684
50  48  0.00019209
51  48  0.00018113
52  48  0.00020781
53  48  0.00034425
54  48  0.00022298
55  48  0.00017565
56  48  0.00025402
57  48  0.00038860
58  48  0.00025139
59  48  0.00029672
60  48  0.00042210
61  48  0.00016843
62  48  0.00008541
63  48  0.00020241
0  49  0.00017487
1  49  0.00024998
2  49  0.00023840
3  49  0.00019754
4  49  0.00024152
5  49  0.00019379
6  49  0.00020703
7  49  0.00015906
8  49  0.00024943
9  49  0.00042577
10  49  0.00012081
11  49  0.00024773
12  49  0.00017598
13  49  0.00049439
14  49  0.00012131
15  49  0.00049693
16  49  0.00029147
17  49  0.00032078
18  49  0.00016704
19  49  0.00026565
20  49  0.00018663
21  49  0.00037563
22  49  0.00022574
23  49  0.00027411
24  49  0.00017115
25  49  0.00050089
26  49  0.00024958
27  49  0.00061838
28  49  0.00024654
29  49  0.00024371
30  49  0.00038250
31  49  0.00015428
32  49  0.00025147
33  49  0.00033197
34  49  0.00017047
35  49  0.00028030
36  49  0.00025819
37  49  0.00014605
38  49  0.00009962
39  49  0.00031472
40  49  0.00029621
41  49  0.00036302
42  49  0.00025115
43  49  0.00010198
44  49  0.00035005
45  49  0.00019896
46  49  0.00017146
47  49  0.00013091
48  49  0.00049376
49  49  0.00036294
50  49  0.00019763
51  49  0.00034738
52  49  0.00023033
53  49  0.00012158
54  49  0.00010748
55  49  0.00024923
56  49  0.00023083
57  49  0.00047254
58  49  0.00018045
59  49  0.00017750
60  49  0.00015251
61  49  0.00011530
62  49  0.00011741
63  49  0.00015501
0  50  0.00017610
1  50  0.00014497
2  50  0.00040783
3  50  0.00012053
4  50  0.00045036
5  50  0.00008244
6  50  0.00025964
7  50  0.00010337
8  50  0.00014305
9  50  0.00034982
10  50  0.00009327
11  50  0.00019020
12  50  0.00064203
13  50  0.00017191
14  50  0.00012239
15  50  0.00025630
16  50  0.00030099
17  50  0.00023080
18  50  0.00030779
19  50  0.00063869
20  50  0.00023611
21  50  0.00016560
22  50  0.00014740
23  50  0.00022245
24  50  0.00032991
25  50  0.00029750
26  50  0.00019202
27  50  0.00036083
28  50  0.00024689
29  50  0.00008885
30  50  0.00018297
31  50  0.00030343
32  50  0.00043746
33  50  0.00016469
34  50  0.00019261
35  50  0.00013932
36  50  0.00015594
37  50  0.00025042
38  50  0.00017809
39  50  0.00010368
40  50  0.00026642
41  50  0.00028263
42  50  0.00030169
43  50  0.00011177
44  50  0.00014631
45  50  0.00018497
46  50  0.00016112
47  50  0.00031773
48  50  0.00007832
49  50  0.00015601
50  50  0.00018195
51  50  0.00042108
52  50  0.00025269
53  50  0.00025593
54  50  0.00021346
55  50  0.00014708
56  50  0.00010867
57  50  0.00037068
58  50  0.00024464
59  50  0.00012068
60  50  0.00042076
61  50  0.00014790
62  50  0.00016061
63  50  0.00025410
0  51  0.00023537
1  51  0.00015083
2  51  0.00009217
3  51  0.00011689
4  51  0.00019710
5  51  0.00020853
6  51  0.00034712
7  51  0.00034634
8  51  0.00024491
9  51  0.00015604
10  51  0.00029538
11  51  0.00015736
12  51  0.00009224
13  51  0.00019087
14  51  0.00025492
15  51  0.00031417
16  51  0.00020056
17  51  0.00027745
18  51  0.00007033
19  51  0.00025865
20  51  0.00020280
21  51  0.00029710
22  51  0.00044731
23  51  0.00025881
24  51  0.00033750
25  51  0.00018711
26  51  0.00005734
27  51  0.00021731
28  51  0.00005598
29  51  0.00068562
30  51  0.00023707
31  51  0.00029248
32  51  0.00034863
33  51  0.00010739
34  51  0.00010784
35  51  0.00032018
36  51  0.00012536
37  51  0.00015655
38  51  0.00020359
39  51  0.00013589
40  51  0.00020850
41  51  0.00016309
42  51  0.00018669
43  51  0.00024432
44  51  0.00012744
45  51  0.00013836
46  51  0.00016755
47  51  0.00034685
48  51  0.00018791
49  51  0.00008631
50  51  0.00011726
51  51  0.00046543
52  51  0.00043530
53  51  0.00002558
54  51  0.00050029
55  51  0.00038928
56  51  0.00027313
57  51  0.00011628
58  51  0.00007915
59  51  0.00027695
60  51  0.00009836
61  51  0.00036390
62  51  0.00018004
63  51  0.00026030
0  52  0.00012787
1  52  0.00034339
2  52  0.00035346
3  52  0.00013829
4  52  0.00009543
5  52  0.00026513
6  52  0.00023531
7  52  0.00051219
8  52  0.00009148
9  52  0.00028383
10  52  0.00025900
11  52  0.00018760
12  52  0.00032568
13  52  0.00009845
14  52  0.00015446
15  52  0.00039032
16  52  0.00014652
17  52  0.00031882
18  52  0.00027571
19  52  0.00027565
20  52  0.00039902
21  52  0.00015338
22  52  0.00008881
23  52  0.00018075
24  52  0.00034057
25  52  0.00011098
26  52  0.00007584
27  52  0.00017636
28  52  0.00011284
29  52  0.00023444
30  52  0.00028632
31  52  0.00019507
32  52  0.00031322
33  52  0.00058460
34  52  0.00026469
35  52  0.00026007
36  52  0.00030181
37  52  0.00012941
38  52  0.00012459
39  52  0.00035839
40  52  0.00013284
41  52  0.00013613
42  52  0.00033559
43  52  0.00020598
44  52  0.00031510
45  52  0.00044230
46  52  0.00025927
47  52  0.00031841
48  52  0.00042234
49  52  0.00026379
50  52  0.00021380
51  52  0.00031900
52  52  0.00034573
53  52  0.00033315
54  52  0.00014210
55  52  0.00034971
56  52  0.00008077
57  52  0.00043193
58  52  0.00026394
59  52  0.00018850
60  52  0.00010431
61  52  0.00073830
62  52  0.00018275
63  52  0.00014750
0  53  0.00024179
1  53  0.00018991
2  53  0.00027509
3  53  0.00029673
4  53  0.00049795
5  53  0.00022410
6  53  0.00016606
7  53  0.00025593
8  53  0.00029152
9  53  0.00016201
10  53  0.00024504
11  53  0.00009901
12  53  0.00035359
13  53  0.00028674
14  53  0.00014425
15  53  0.00050954
16  53  0.00029873
17  53  0.00021712
18  53  0.00011194
19  53  0.00023908
20  53  0.00030612
21  53  0.00033041
22  53  0.00015301
23  53  0.00063470
24  53  0.00007558
25  53  0.00015759
26  53  0.00011075
27  53  0.00024622
28  53  0.00026286
29  53  0.00025378
30  53  0.00065867
31  53  0.00022271
32  53  0.00024627
33  53  0.00012205
34  53  0.00014131
35  53  0.00010822
36  53  0.00009265
37  53  0.00032299
38  53  0.00018909
39  53  0.00036974
40  53  0.00014773
41  53  0.00011231
42  53  0.00023143
43  53  0.00009133
44  53  0.00042430
45  53  0.00018777
46  53  0.00024881
47  53  0.00022687
48  53  0.00037736
49  53  0.00015995
50  53  0.00034566
51  53  0.00018110
52  53  0.00026127
53  53  0.00018913
54  53  0.00012351
55  53  0.00007255
56  53  0.00028960
57  53  0.00013851
58  53  0.00014410
59  53  0.00027776
60  53  0.00015230
61  53  0.00010148
62  53  0.00039448
63  53  0.00013444
0  54  0.00015267
1  54  0.00008830
2  54  0.00029248
3  54  0.00013903
4  54  0.00010617
5  54  0.00013371
6  54  0.00040193
7  54  0.00014089
8  54  0.00020063
9  54  0.00014005
10  54  0.00027273
11  54  0.00016106
12  54  0.00017561
13  54  0.00020116
14  54  0.00026839
15  54  0.00028568
16  54  0.00029844
17  54  0.00015848
18  54  0.00036098
19  54  0.00021593
20  54  0.00005292
21  54  0.00027121
22  54  0.00015431
23  54  0.00030884
24  54  0.00017503
25  54  0.00013604
26  54  0.00029004
27  54  0.00018727
28  54  0.00016075
29  54  0.00015500
30  54  0.00025643
31  54  0.00027339
32  54  0.00053600
33  54  0.00029910
34  54  0.00037630
35  54  0.00025460
36  54  0.00040093
37  54  0.00009746
38  54  0.00019505
39  54  0.00020625
40  54  0.00008747
41  54  0.00026095
42  54  0.00039979
43  54  0.00020899
44  54  0.00022593
45  54  0.00023944
46  54  0.00018536
47  54  0.00018578
48  54  0.00024013
49  54  0.00035576
50  54  0.00009228
51  54  0.00011389
52  54  0.00051786
53  54  0.00010972
54  54  0.00033345
55  54  0.00041085
56  54  0.00012994
57  54  0.00039372
58  54  0.00015992
59  54  0.00015754
60  54  0.00044983
61  54  0.00055590
62  54  0.00019085
63  54  0.00014161
0  55  0.00044144
1  55  0.00016799
2  55  0.00023323
3  55  0.00029729
4  55  0.00040301
5  55  0.00013444
6  55  0.00015725
7  55  0.00017120
8  55  0.00053278
9  55  0.00033275
10  55  0.00017234
11  55  0.00018020
12  55  0.00039590
13  55  0.00010972
14  55  0.00041734
15  55  0.00037395
16  55  0.00016138
17  55  0.00015694
18  55  0.00020088
19  55  0.00053372
20  55  0.00013737
21  55  0.00015007
22  55  0.00025899
23  55  0.00020142
24  55  0.00010139
25  55  0.00028794
26  55  0.00015576
27  55  0.00020410
28  55  0.00028911
29  55  0.00018184
30  55  0.00020327
31  55  0.00011767
32  55  0.00030605
33  55  0.00014824
34  55  0.00032832
35  55  0.00067504
36  55  0.00017143
37  55  0.00031335
38  55  0.00045213
39  55  0.00005811
40  55  0.00039130
41  55  0.00029564
42  55  0.00017827
43  55  0.00036940
44  55  0.00020924
45  55  0.00029923
46  55  0.00051810
47  55  0.00026788
48  55  0.00015045
49  55  0.00010200
50  55  0.00006442
51  55  0.00020861
52  55  0.00020514
53  55  0.00054600
54  55  0.00018914
55  55  0.00009143
56  55  0.00013502
57  55  0.00015309
58  55  0.00053993
59  55  0.00006651
60  55  0.00019679
61  55  0.00040732
62  55  0.00031196
63  55  0.00010873
0  56  0.00004570
1  56  0.00018518
2  56  0.00003876
3  56  0.00029296
4  56  0.00025721
5  56  0.00020259
6  56  0.00044115
7  56  0.00020804
8  56  0.00012208
9  56  0.00015940
10  56  0.00029532
11  56  0.00028453
12  56  0.00019836
13  56  0.00017967
14  56  0.00028497
15  56  0.00027315
16  56  0.00030394
17  56  0.00025177
18  56  0.00021780
19  56  0.00015250
20  56  0.00060789
21  56  0.00023331
22  56  0.00014345
23  56  0.00023235
24  56  0.00017716
25  56  0.00031457
26  56  0.00023118
27  56  0.00011831
28  56  0.00042069
29  56  0.00026832
30  56  0.00023977
31  56  0.00016992
32  56  0.00043789
33  56  0.00025423
34  56  0.00033037
35  56  0.00022480
36  56  0.00015630
37  56  0.00027361
38  56  0.00006172
39  56  0.00019168
40  56  0.00027267
41  56  0.00011958
42  56  0.00019737
43  56  0.00030106
44  56  0.00017407
45  56  0.00020081
46  56  0.00048838
47  56  0.00014797
48  56  0.00018847
49  56  0.00012174
50  56  0.00032463
51  56  0.00017096
52  56  0.00015728
53  56  0.00030210
54  56  0.00025133
55  56  0.00027520
56  56  0.00009883
57  56  0.00029733
58  56  0.00014069
59  56  0.00016169
60  56  0.00057056
61  56  0.00033561
62  56  0.00020061
63  56  0.00038948
0  57  0.00012136
1  57  0.00027176
2  57  0.00049954
3  57  0.00015629
4  57  0.00024528
5  57  0.00012873
6  57  0.00013156
7  57  0.00031937
8  57  0.00016626
9  57  0.00019240
10  57  0.00008067
11  57  0.00051849
12  57  0.00058294
13  57  0.00017481
14  57  0.00038446
15  57  0.00013845
16  57  0.00013500
17  57  0.00047990
18  57  0.00014471
19  57  0.00009966
20  57  0.00040730
21  57  0.00029017
22  57  0.00037939
23  57  0.00025060
24  57  0.00007753
25  57  0.00017917
26  57  0.00038775
27  57  0.00021066
28  57  0.00038303
29  57  0.00008683
30  57  0.00012060
31  57  0.00014667
32  57  0.00019239
33  57  0.00024305
34  57  0.00027540
35  57  0.00021267
36  57  0.00019375
37  57  0.00049991
38  57  0.00018028
39  57  0.00037153
40  57  0.00040859
41  57  0.00012545
42  57  0.00021258
43  57  0.00034656
44  57  0.00018341
45  57  0.00033082
46  57  0.00013305
47  57  0.00024726
48  57  0.00011438
49  57  0.00029834
50  57  0.00029299
51  57  0.00023852
52  57  0.00034158
53  57  0.00040185
54  57  0.00036619
55  57  0.00031550
56  57  0.00029504
57  57  0.00024857
58  57  0.00017655
59  57  0.00040995
60  57  0.00030778
61  57  0.00021498
62  57  0.00004586
63  57  0.00010794
0  58  0.00025269
1  58  0.00039459
2  58  0.00018225
3  58  0.00012540
4  58  0.00018755
5  58  0.00024389
6  58  0.00021849
7  58  0.00030033
8  58  0.00024251
9  58  0.00032442
10  58  0.00077208
11  58  0.00025737
12  58  0.00013196
13  58  0.00041848
14  58  0.00016257
15  58  0.00027381
16  58  0.00006960
17  58  0.00013857
18  58  0.00014255
19  58  0.00025351
20  58  0.00038979
21  58  0.00014364
22  58  0.00019975
23  58  0.00043504
24  58  0.00027274
25  58  0.00037791
26  58  0.00049450
27  58  0.00019852
28  58  0.00044785
29  58  0.00021133
30  58  0.00019997
31  58  0.00013600
32  58  0.00049537
33  58  0.00010392
34  58  0.00034945
35  58  0.00032280
36  58  0.00064285
37  58  0.00014995
38  58  0.00039446
39  58  0.00021654
40  58  0.00004219
41  58  0.00029648
42  58  0.00032978
43  58  0.00002998
44  58  0.00012405
45  58  0.00036935
46  58  0.00051799
47  58  0.00037787
48  58  0.00020320
49  58  0.00019965
50  58  0.00049841
51  58  0.00010687
52  58  0.00021304
53  58  0.00008936
54  58  0.00023238
55  58  0.00034250
56  58  0.00022290
57  58  0.00012443
58  58  0.00015293
59  58  0.00012565
60  58  0.00043606
61  58  0.00023093
62  58  0.00023302
63  58  0.00031701
0  59  0.00032999
1  59  0.00029199
2  59  0.00019038
3  59  0.00029175
4  59  0.00045045
5  59  0.00022718
6  59  0.00015496
7  59  0.00020999
8  59  0.00016677
9  59  0.00033686
10  59  0.00010783
11  59  0.00039803
12  59  0.00025182
13  59  0.00026453
14  59  0.00016529
15  59  0.00028296
16  59  0.00010246
17  59  0.00035608
18  59  0.00018939
19  59  0.00021554
20  59  0.00031454
21  59  0.00006258
22  59  0.00017800
23  59  0.00025701
24  59  0.00045682
25  59  0.00017084
26  59  0.00026859
27  59  0.00032829
28  59  0.00019988
29  59  0.00016671
30  59  0.00026398
31  59  0.00039572
32  59  0.00020907
33  59  0.00007326
34  59  0.00028334
35  59  0.00032668
36  59  0.00040873
37  59  0.00049856
38  59  0.00026069
39  59  0.00014618
40  59  0.00025874
41  59  0.00051619
42  59  0.00014064
43  59  0.00020087
44  59  0.00012414
45  59  0.00030077
46  59  0.00045619
47  59  0.00039901
48  59  0.00027185
49  59  0.00025756
50  59  0.00019645
51  59  0.00018047
52  59  0.00023744
53  59  0.00011947
54  59  0.00017002
55  59  0.00017726
56  59  0.00046388
57  59  0.00020449
58  59  0.00009260
59  59  0.00049599
60  59  0.00024101
61  59  0.00033491
62  59  0.00020793
63  59  0.00025858
0  60  0.00029011
1  60  0.00046651
2  60  0.00030945
3  60  0.00024881
4  60  0.00023217
5  60  0.00026031
6  60  0.00024102
7  60  0.00019754
8  60  0.00026545
9  60  0.00013005
10  60  0.00029499
11  60  0.00015484
12  60  0.00027713
13  60  0.00026901
14  60  0.00031360
15  60  0.00024061
16  60  0.00023908
17  60  0.00020571
18  60  0.00042712
19  60  0.00034949
20  60  0.00027011
21  60  0.00031239
22  60  0.00019549
23  60  0.00008280
24  60  0.00015456
25  60  0.00027753
26  60  0.00026893
27  60  0.00029959
28  60  0.00019353
29  60  0.00013439
30  60  0.00019584
31  60  0.00056239
32  60  0.00013683
33  60  0.00011070
34  60  0.00033335
35  60  0.00013283
36  60  0.00019175
37  60  0.00008668
38  60  0.00028356
39  60  0.00008145
40  60  0.00027672
41  60  0.00016528
42  60  0.00019385
43  60  0.00022015
44  60  0.00030194
45  60  0.00016641
46  60  0.00049903
47  60  0.00042497
48  60  0.00020069
49  60  0.00033844
50  60  0.00048774
51  60  0.00007649
52  60  0.00031742
53  60  0.00015038
54  60  0.00010648
55  60  0.00031172
56  60  0.00015043
57  60  0.00041590
58  60  0.00023396
59  60  0.00011140
60  60  0.00015705
61  60  0.00026475
62  60  0.00012586
63  60  0.00029118
0  61  0.00012661
1  61  0.00030583
2  61  0.00061530
3  61  0.00025065
4  61  0.00008852
5  61  0.00013745
6  61  0.00019673
7  61  0.00017289
8  61  0.00013877
9  61  0.00013976
10  61  0.00023508
11  61  0.00008785
12  61  0.00027709
13  61  0.00043627
14  61  0.00019876
15  61  0.00028109
16  61  0.00025299
17  61  0.00012821
18  61  0.00045292
19  61  0.00033374
20  61  0.00029137
21  61  0.00016586
22  61  0.00029621
23  61  0.00021542
24  61  0.00013768
25  61  0.00013102
26  61  0.00008607
27  61  0.00027559
28  61  0.00029104
29  61  0.00021007
30  61  0.00024300
31  61  0.00039601
32  61  0.00016665
33  61  0.00010354
34  61  0.00029627
35  61  0.00043812
36  61  0.00008856
37  61  0.00029347
38  61  0.00029827
39  61  0.00007217
40  61  0.00015930
41  61  0.00032305
42  61  0.00023711
43  61  0.00021576
44  61  0.00015916
45  61  0.00012720
46  61  0.00009380
47  61  0.00042598
48  61  0.00013901
49  61  0.00036285
50  61  0.00024411
51  61  0.00006063
52  61  0.00028169
53  61  0.00027863
54  61  0.00027265
55  61  0.00023455
56  61  0.00041849
57  61  0.00026401
58  61  0.00018478
59  61  0.00048713
60  61  0.00018491
61  61  0.00025951
62  61  0.00042673
63  61  0.00038921
0  62  0.00040458
1  62  0.00023624
2  62  0.00018122
3  62  0.00037964
4  62  0.00025520
5  62  0.00024098
6  62  0.00012204
7  62  0.00020658
8  62  0.00056026
9  62  0.00030616
10  62  0.00020253
11  62  0.00038786
12  62  0.00014458
13  62  0.00026365
14  62  0.00044084
15  62  0.00003936
16  62  0.00024373
17  62  0.00058255
18  62  0.00034157
19  62  0.00029135
20  62  0.00016006
21  62  0.00020385
22  62  0.00014743
23  62  0.00028400
24  62  0.00008550
25  62  0.00012355
26  62  0.00009569
27  62  0.00031167
28  62  0.00011757
29  62  0.00015211
30  62  0.00021521
31  62  0.00028306
32  62  0.00034511
33  62  0.00019840
34  62  0.00062580
35  62  0.00011291
36  62  0.00031844
37  62  0.00013003
38  62  0.00019608
39  62  0.00013900
40  62  0.00025523
41  62  0.00029060
42  62  0.00041014
43  62  0.00024629
44  62  0.00011624
45  62  0.00028904
46  62  0.00022428
47  62  0.00029239
48  62  0.00021610
49  62  0.00019509
50  62  0.00021409
51  62  0.00043845
52  62  0.00042491
53  62  0.00031370
54  62  0.00016860
55  62  0.00019665
56  62  0.00025236
57  62  0.00022907
58  62  0.00019447
59  62  0.00037178
60  62  0.00013253
61  62  0.00012784
62  62  0.00018389
63  62  0.00021672
0  63  0.00028486
1  63  0.00013677
2  63  0.00013691
3  63  0.00017818
4  63  0.00033628
5  63  0.00014038
6  63  0.00008506
7  63  0.00027420
8  63  0.00008970
9  63  0.00011377
10  63  0.00031510
11  63  0.00021651
12  63  0.00029210
13  63  0.00032760
14  63  0.00021637
15  63  0.00039951
16  63  0.00040760
17  63  0.00027219
18  63  0.00009741
19  63  0.00009001
20  63  0.00032662
21  63  0.00019376
22  63  0.00054471
23  63  0.00040696
24  63  0.00027620
25  63  0.00017612
26  63  0.00020027
27  63  0.00006241
28  63  0.00053136
29  63  0.00037383
30  63  0.00024393
31  63  0.00028770
32  63  0.00010685
33  63  0.00023671
34  63  0.00029452
35  63  0.00052848
36  63  0.00028308
37  63  0.00009532
38  63  0.00043272
39  63  0.00027032
40  63  0.00031285
41  63  0.00011912
42  63  0.00022556
43  63  0.00024133
44  63  0.00014479
45  63  0.00025063
46  63  0.00024322
47  63  0.00016300
48  63  0.00025610
49  63  0.00033900
50  63  0.00018795
51  63  0.00022683
52  63  0.00046449
53  63  0.00037423
54  63  0.00036135
55  63  0.00015344
56  63  0.00025290
57  63  0.00019823
58  63  0.00025363
59  63  0.00036869
60  63  0.00028062
61  63  0.00011002
62  63  0.00022854
63  63  0.00036379
