# Mass field m(x,y) = Delta * R(x,y) at t = 60 seconds
# Grid: 64 x 64
# Columns: x  y  mass
0  0  2.497061
1  0  2.497077
2  0  2.497001
3  0  2.499296
4  0  2.499488
5  0  2.499737
6  0  2.498738
7  0  2.498715
8  0  2.497581
9  0  2.497733
10  0  2.497757
11  0  2.497349
12  0  2.497547
13  0  2.498784
14  0  2.499002
15  0  2.499380
16  0  2.499210
17  0  2.498109
18  0  2.497319
19  0  2.497191
20  0  2.498418
21  0  2.497962
22  0  2.497985
23  0  2.496515
24  0  2.498284
25  0  2.498398
26  0  2.499714
27  0  2.498975
28  0  2.498504
29  0  2.498671
30  0  2.498486
31  0  2.499044
32  0  2.498655
33  0  2.499070
34  0  2.499523
35  0  2.499603
36  0  2.499160
37  0  2.498982
38  0  2.498322
39  0  2.499083
40  0  2.499043
41  0  2.499134
42  0  2.498910
43  0  2.498364
44  0  2.497608
45  0  2.497121
46  0  2.498397
47  0  2.498136
48  0  2.498896
49  0  2.498209
50  0  2.497401
51  0  2.498370
52  0  2.498607
53  0  2.498740
54  0  2.499284
55  0  2.498898
56  0  2.498854
57  0  2.497796
58  0  2.498615
59  0  2.498471
60  0  2.498876
61  0  2.498703
62  0  2.498564
63  0  2.498393
0  1  2.496745
1  1  2.496687
2  1  2.497469
3  1  2.499243
4  1  2.499494
5  1  2.499141
6  1  2.498644
7  1  2.499299
8  1  2.498760
9  1  2.498094
10  1  2.498138
11  1  2.497552
12  1  2.497966
13  1  2.499618
14  1  2.499599
15  1  2.499375
16  1  2.498770
17  1  2.497953
18  1  2.497813
19  1  2.497194
20  1  2.498016
21  1  2.497786
22  1  2.497423
23  1  2.496183
24  1  2.497665
25  1  2.497808
26  1  2.499271
27  1  2.498521
28  1  2.498083
29  1  2.497947
30  1  2.498435
31  1  2.498771
32  1  2.498324
33  1  2.498914
34  1  2.499494
35  1  2.499706
36  1  2.498979
37  1  2.498816
38  1  2.498917
39  1  2.498678
40  1  2.498888
41  1  2.498219
42  1  2.498174
43  1  2.497945
44  1  2.498309
45  1  2.497527
46  1  2.498184
47  1  2.498166
48  1  2.499121
49  1  2.497990
50  1  2.497925
51  1  2.498369
52  1  2.498443
53  1  2.497756
54  1  2.498678
55  1  2.498545
56  1  2.498577
57  1  2.498345
58  1  2.498405
59  1  2.498399
60  1  2.498518
61  1  2.498586
62  1  2.498221
63  1  2.498051
0  2  2.498295
1  2  2.498099
2  2  2.497955
3  2  2.498990
4  2  2.498603
5  2  2.498602
6  2  2.499012
7  2  2.499135
8  2  2.498383
9  2  2.497676
10  2  2.498178
11  2  2.497594
12  2  2.498407
13  2  2.499377
14  2  2.499265
15  2  2.499020
16  2  2.498927
17  2  2.498415
18  2  2.498921
19  2  2.498663
20  2  2.498610
21  2  2.497893
22  2  2.497336
23  2  2.496024
24  2  2.497540
25  2  2.497546
26  2  2.499120
27  2  2.499298
28  2  2.499467
29  2  2.499515
30  2  2.499504
31  2  2.498794
32  2  2.498336
33  2  2.499195
34  2  2.499364
35  2  2.499423
36  2  2.498283
37  2  2.498641
38  2  2.498880
39  2  2.498618
40  2  2.498445
41  2  2.497377
42  2  2.497936
43  2  2.498355
44  2  2.499059
45  2  2.496863
46  2  2.498108
47  2  2.498212
48  2  2.499329
49  2  2.497422
50  2  2.496379
51  2  2.495708
52  2  2.495157
53  2  2.496213
54  2  2.498067
55  2  2.498778
56  2  2.498636
57  2  2.498424
58  2  2.497969
59  2  2.498426
60  2  2.499251
61  2  2.499184
62  2  2.499039
63  2  2.498442
0  3  2.499118
1  3  2.498783
2  3  2.497891
3  3  2.499373
4  3  2.498956
5  3  2.498312
6  3  2.499145
7  3  2.499401
8  3  2.499466
9  3  2.498392
10  3  2.497868
11  3  2.497082
12  3  2.498595
13  3  2.499284
14  3  2.499128
15  3  2.498996
16  3  2.498643
17  3  2.498838
18  3  2.499121
19  3  2.498905
20  3  2.499115
21  3  2.499175
22  3  2.498639
23  3  2.498766
24  3  2.498585
25  3  2.498565
26  3  2.498796
27  3  2.499077
28  3  2.499220
29  3  2.499084
30  3  2.499114
31  3  2.498926
32  3  2.499145
33  3  2.499506
34  3  2.499763
35  3  2.499618
36  3  2.498762
37  3  2.498538
38  3  2.498750
39  3  2.498832
40  3  2.498465
41  3  2.497788
42  3  2.498475
43  3  2.499182
44  3  2.499332
45  3  2.498693
46  3  2.498949
47  3  2.499482
48  3  2.499571
49  3  2.498551
50  3  2.498193
51  3  2.498345
52  3  2.497740
53  3  2.497842
54  3  2.497959
55  3  2.498563
56  3  2.497979
57  3  2.497403
58  3  2.497707
59  3  2.498463
60  3  2.498776
61  3  2.498550
62  3  2.498625
63  3  2.498889
0  4  2.498363
1  4  2.497603
2  4  2.496874
3  4  2.497846
4  4  2.498352
5  4  2.499161
6  4  2.499592
7  4  2.499714
8  4  2.499354
9  4  2.499085
10  4  2.498130
11  4  2.497444
12  4  2.497646
13  4  2.499041
14  4  2.499439
15  4  2.498573
16  4  2.498261
17  4  2.497937
18  4  2.499009
19  4  2.498675
20  4  2.498649
21  4  2.498864
22  4  2.498958
23  4  2.498945
24  4  2.499554
25  4  2.499519
26  4  2.499339
27  4  2.499294
28  4  2.499123
29  4  2.498657
30  4  2.498927
31  4  2.499171
32  4  2.498696
33  4  2.499096
34  4  2.499630
35  4  2.499634
36  4  2.499413
37  4  2.498544
38  4  2.498295
39  4  2.498320
40  4  2.498762
41  4  2.498461
42  4  2.498632
43  4  2.499014
44  4  2.498985
45  4  2.498111
46  4  2.497462
47  4  2.498644
48  4  2.499168
49  4  2.497901
50  4  2.498789
51  4  2.499154
52  4  2.497925
53  4  2.497959
54  4  2.498242
55  4  2.498523
56  4  2.497401
57  4  2.497481
58  4  2.499225
59  4  2.499482
60  4  2.499671
61  4  2.498687
62  4  2.498654
63  4  2.497693
0  5  2.498213
1  5  2.497531
2  5  2.498778
3  5  2.498776
4  5  2.498191
5  5  2.497943
6  5  2.498353
7  5  2.499093
8  5  2.498645
9  5  2.498713
10  5  2.497403
11  5  2.497898
12  5  2.498298
13  5  2.499538
14  5  2.499563
15  5  2.497958
16  5  2.497863
17  5  2.497262
18  5  2.498917
19  5  2.498882
20  5  2.498396
21  5  2.498275
22  5  2.498153
23  5  2.498239
24  5  2.498929
25  5  2.499229
26  5  2.499081
27  5  2.499269
28  5  2.498722
29  5  2.497789
30  5  2.497645
31  5  2.498509
32  5  2.498260
33  5  2.498910
34  5  2.499159
35  5  2.499364
36  5  2.498267
37  5  2.496530
38  5  2.496386
39  5  2.496551
40  5  2.498422
41  5  2.499370
42  5  2.499747
43  5  2.499328
44  5  2.498127
45  5  2.497429
46  5  2.495768
47  5  2.496509
48  5  2.498874
49  5  2.498158
50  5  2.498600
51  5  2.497863
52  5  2.498246
53  5  2.497862
54  5  2.498559
55  5  2.498789
56  5  2.498594
57  5  2.499104
58  5  2.499039
59  5  2.499240
60  5  2.499077
61  5  2.498901
62  5  2.499059
63  5  2.498154
0  6  2.498600
1  6  2.498328
2  6  2.499620
3  6  2.499076
4  6  2.498706
5  6  2.498421
6  6  2.498092
7  6  2.498502
8  6  2.498452
9  6  2.498675
10  6  2.498415
11  6  2.498601
12  6  2.499037
13  6  2.499631
14  6  2.499766
15  6  2.497685
16  6  2.498331
17  6  2.497717
18  6  2.498628
19  6  2.499280
20  6  2.498577
21  6  2.498051
22  6  2.497815
23  6  2.498209
24  6  2.498853
25  6  2.499032
26  6  2.498687
27  6  2.499010
28  6  2.498905
29  6  2.497853
30  6  2.497162
31  6  2.497930
32  6  2.497131
33  6  2.499091
34  6  2.498517
35  6  2.498219
36  6  2.497409
37  6  2.497270
38  6  2.496879
39  6  2.495819
40  6  2.498384
41  6  2.499168
42  6  2.499656
43  6  2.498479
44  6  2.496946
45  6  2.495548
46  6  2.496171
47  6  2.496278
48  6  2.496868
49  6  2.496965
50  6  2.497834
51  6  2.497821
52  6  2.498377
53  6  2.497956
54  6  2.498228
55  6  2.497903
56  6  2.497743
57  6  2.499011
58  6  2.499068
59  6  2.499186
60  6  2.498942
61  6  2.498914
62  6  2.499173
63  6  2.498094
0  7  2.497920
1  7  2.497828
2  7  2.498793
3  7  2.499082
4  7  2.498986
5  7  2.498734
6  7  2.497996
7  7  2.498272
8  7  2.499125
9  7  2.498885
10  7  2.499325
11  7  2.499316
12  7  2.499537
13  7  2.499121
14  7  2.498745
15  7  2.497236
16  7  2.497461
17  7  2.496622
18  7  2.497848
19  7  2.499321
20  7  2.499185
21  7  2.499604
22  7  2.499392
23  7  2.498972
24  7  2.497822
25  7  2.498377
26  7  2.498002
27  7  2.499063
28  7  2.498327
29  7  2.498052
30  7  2.497573
31  7  2.498307
32  7  2.497270
33  7  2.498896
34  7  2.498540
35  7  2.498173
36  7  2.497155
37  7  2.497611
38  7  2.497046
39  7  2.496255
40  7  2.498390
41  7  2.498761
42  7  2.499074
43  7  2.498032
44  7  2.497627
45  7  2.496456
46  7  2.496959
47  7  2.496859
48  7  2.497064
49  7  2.497980
50  7  2.497159
51  7  2.497347
52  7  2.497580
53  7  2.498692
54  7  2.497246
55  7  2.496965
56  7  2.497917
57  7  2.499041
58  7  2.498878
59  7  2.499139
60  7  2.498844
61  7  2.499178
62  7  2.499233
63  7  2.498548
0  8  2.498692
1  8  2.498987
2  8  2.498979
3  8  2.498570
4  8  2.498849
5  8  2.498916
6  8  2.498281
7  8  2.498564
8  8  2.498090
9  8  2.498398
10  8  2.499092
11  8  2.498881
12  8  2.499529
13  8  2.498891
14  8  2.498798
15  8  2.498347
16  8  2.498109
17  8  2.496750
18  8  2.497463
19  8  2.499646
20  8  2.499379
21  8  2.499263
22  8  2.498728
23  8  2.499041
24  8  2.498848
25  8  2.498775
26  8  2.498706
27  8  2.498804
28  8  2.498995
29  8  2.499499
30  8  2.499211
31  8  2.499036
32  8  2.497863
33  8  2.499129
34  8  2.498814
35  8  2.498693
36  8  2.498323
37  8  2.498679
38  8  2.498484
39  8  2.499076
40  8  2.499199
41  8  2.498415
42  8  2.498348
43  8  2.497977
44  8  2.498134
45  8  2.498262
46  8  2.498927
47  8  2.498517
48  8  2.496989
49  8  2.496672
50  8  2.495988
51  8  2.497050
52  8  2.498121
53  8  2.498550
54  8  2.498027
55  8  2.497619
56  8  2.497986
57  8  2.499230
58  8  2.499420
59  8  2.499709
60  8  2.499498
61  8  2.498779
62  8  2.498840
63  8  2.498775
0  9  2.499092
1  9  2.499146
2  9  2.499189
3  9  2.499040
4  9  2.497947
5  9  2.497941
6  9  2.496981
7  9  2.497828
8  9  2.498165
9  9  2.498280
10  9  2.498631
11  9  2.498261
12  9  2.499516
13  9  2.498851
14  9  2.498950
15  9  2.498953
16  9  2.498631
17  9  2.496631
18  9  2.497361
19  9  2.499506
20  9  2.498993
21  9  2.498842
22  9  2.498318
23  9  2.498358
24  9  2.497274
25  9  2.497816
26  9  2.498827
27  9  2.498844
28  9  2.498900
29  9  2.499280
30  9  2.499513
31  9  2.499444
32  9  2.499158
33  9  2.499141
34  9  2.498613
35  9  2.499161
36  9  2.498608
37  9  2.499040
38  9  2.499008
39  9  2.498901
40  9  2.498658
41  9  2.498366
42  9  2.497744
43  9  2.498951
44  9  2.499102
45  9  2.499305
46  9  2.498865
47  9  2.498896
48  9  2.498997
49  9  2.498502
50  9  2.495634
51  9  2.495614
52  9  2.496750
53  9  2.498220
54  9  2.498134
55  9  2.498659
56  9  2.498994
57  9  2.499161
58  9  2.498818
59  9  2.499717
60  9  2.499257
61  9  2.498760
62  9  2.499101
63  9  2.499294
0  10  2.498950
1  10  2.498848
2  10  2.498976
3  10  2.498528
4  10  2.497329
5  10  2.497520
6  10  2.496292
7  10  2.497240
8  10  2.498200
9  10  2.497191
10  10  2.497460
11  10  2.497912
12  10  2.499170
13  10  2.499108
14  10  2.499332
15  10  2.499630
16  10  2.499122
17  10  2.497889
18  10  2.498023
19  10  2.499112
20  10  2.499147
21  10  2.498992
22  10  2.498234
23  10  2.497035
24  10  2.497464
25  10  2.497965
26  10  2.498933
27  10  2.499074
28  10  2.498460
29  10  2.498726
30  10  2.498554
31  10  2.498607
32  10  2.499194
33  10  2.499482
34  10  2.498804
35  10  2.498664
36  10  2.498264
37  10  2.498702
38  10  2.499840
39  10  2.497822
40  10  2.497092
41  10  2.496152
42  10  2.497836
43  10  2.498605
44  10  2.499363
45  10  2.499158
46  10  2.499007
47  10  2.498658
48  10  2.499392
49  10  2.499233
50  10  2.497630
51  10  2.497194
52  10  2.497569
53  10  2.498597
54  10  2.498271
55  10  2.499628
56  10  2.498915
57  10  2.498658
58  10  2.497496
59  10  2.498919
60  10  2.497372
61  10  2.497885
62  10  2.498186
63  10  2.498826
0  11  2.498290
1  11  2.498753
2  11  2.498088
3  11  2.498109
4  11  2.496984
5  11  2.498962
6  11  2.498483
7  11  2.498644
8  11  2.499023
9  11  2.496289
10  11  2.497350
11  11  2.498520
12  11  2.499306
13  11  2.499276
14  11  2.499219
15  11  2.499264
16  11  2.499256
17  11  2.498216
18  11  2.497823
19  11  2.497674
20  11  2.498750
21  11  2.499000
22  11  2.497758
23  11  2.497325
24  11  2.497846
25  11  2.497957
26  11  2.497732
27  11  2.498799
28  11  2.498393
29  11  2.498864
30  11  2.498418
31  11  2.498125
32  11  2.499019
33  11  2.499174
34  11  2.498775
35  11  2.498148
36  11  2.498216
37  11  2.498782
38  11  2.499830
39  11  2.497686
40  11  2.496078
41  11  2.495252
42  11  2.497237
43  11  2.498634
44  11  2.499556
45  11  2.499320
46  11  2.499148
47  11  2.498450
48  11  2.498533
49  11  2.498276
50  11  2.497605
51  11  2.497641
52  11  2.497330
53  11  2.498121
54  11  2.498389
55  11  2.499451
56  11  2.498876
57  11  2.498413
58  11  2.496967
59  11  2.498391
60  11  2.497029
61  11  2.498144
62  11  2.497716
63  11  2.497652
0  12  2.498884
1  12  2.498992
2  12  2.497799
3  12  2.497904
4  12  2.497550
5  12  2.498966
6  12  2.497755
7  12  2.498248
8  12  2.498580
9  12  2.496992
10  12  2.497487
11  12  2.498621
12  12  2.499293
13  12  2.499106
14  12  2.499062
15  12  2.499171
16  12  2.498990
17  12  2.498117
18  12  2.497618
19  12  2.497380
20  12  2.498786
21  12  2.498683
22  12  2.497811
23  12  2.498047
24  12  2.497997
25  12  2.498086
26  12  2.496768
27  12  2.498932
28  12  2.498083
29  12  2.498806
30  12  2.498582
31  12  2.498603
32  12  2.499102
33  12  2.498486
34  12  2.497011
35  12  2.495613
36  12  2.496529
37  12  2.498194
38  12  2.499578
39  12  2.498617
40  12  2.498298
41  12  2.497453
42  12  2.497921
43  12  2.498154
44  12  2.499212
45  12  2.498992
46  12  2.498840
47  12  2.498176
48  12  2.498374
49  12  2.498158
50  12  2.498260
51  12  2.498273
52  12  2.497394
53  12  2.497703
54  12  2.498390
55  12  2.499084
56  12  2.498641
57  12  2.497947
58  12  2.496978
59  12  2.498075
60  12  2.496659
61  12  2.498216
62  12  2.498312
63  12  2.499127
0  13  2.497841
1  13  2.498879
2  13  2.498843
3  13  2.499355
4  13  2.498829
5  13  2.498695
6  13  2.498106
7  13  2.498399
8  13  2.498319
9  13  2.497834
10  13  2.498110
11  13  2.498193
12  13  2.497957
13  13  2.498880
14  13  2.498754
15  13  2.499518
16  13  2.499128
17  13  2.498009
18  13  2.497091
19  13  2.496876
20  13  2.497830
21  13  2.497428
22  13  2.495577
23  13  2.497746
24  13  2.497921
25  13  2.498411
26  13  2.497822
27  13  2.499003
28  13  2.498658
29  13  2.498940
30  13  2.498832
31  13  2.498964
32  13  2.498860
33  13  2.498413
34  13  2.498607
35  13  2.498324
36  13  2.498589
37  13  2.498782
38  13  2.498654
39  13  2.498731
40  13  2.498707
41  13  2.497844
42  13  2.498594
43  13  2.499451
44  13  2.499394
45  13  2.499120
46  13  2.498796
47  13  2.497854
48  13  2.497926
49  13  2.497781
50  13  2.498637
51  13  2.498349
52  13  2.498295
53  13  2.498316
54  13  2.498653
55  13  2.498863
56  13  2.498725
57  13  2.498088
58  13  2.497072
59  13  2.497154
60  13  2.497561
61  13  2.496442
62  13  2.496761
63  13  2.497406
0  14  2.498312
1  14  2.498875
2  14  2.499144
3  14  2.498990
4  14  2.497334
5  14  2.497164
6  14  2.497737
7  14  2.499286
8  14  2.499037
9  14  2.498489
10  14  2.497748
11  14  2.498029
12  14  2.497998
13  14  2.499072
14  14  2.498969
15  14  2.499060
16  14  2.498598
17  14  2.498304
18  14  2.498326
19  14  2.497515
20  14  2.497204
21  14  2.497844
22  14  2.495253
23  14  2.497509
24  14  2.498590
25  14  2.497393
26  14  2.497586
27  14  2.498746
28  14  2.498858
29  14  2.498785
30  14  2.498653
31  14  2.499222
32  14  2.498847
33  14  2.498067
34  14  2.498498
35  14  2.498348
36  14  2.497823
37  14  2.497927
38  14  2.498133
39  14  2.498888
40  14  2.499165
41  14  2.498045
42  14  2.498092
43  14  2.497656
44  14  2.498427
45  14  2.499036
46  14  2.498996
47  14  2.498955
48  14  2.498605
49  14  2.498576
50  14  2.499169
51  14  2.498749
52  14  2.497408
53  14  2.496887
54  14  2.496855
55  14  2.497409
56  14  2.497853
57  14  2.498138
58  14  2.496827
59  14  2.497010
60  14  2.498919
61  14  2.497774
62  14  2.497336
63  14  2.497561
0  15  2.498019
1  15  2.499029
2  15  2.499294
3  15  2.499193
4  15  2.498189
5  15  2.498256
6  15  2.498595
7  15  2.499468
8  15  2.498789
9  15  2.498576
10  15  2.497563
11  15  2.498297
12  15  2.497875
13  15  2.498344
14  15  2.497918
15  15  2.497703
16  15  2.497766
17  15  2.497592
18  15  2.499040
19  15  2.499218
20  15  2.498122
21  15  2.498581
22  15  2.496439
23  15  2.497472
24  15  2.498641
25  15  2.497304
26  15  2.498270
27  15  2.498042
28  15  2.498674
29  15  2.498722
30  15  2.499012
31  15  2.498822
32  15  2.497981
33  15  2.496629
34  15  2.497644
35  15  2.498422
36  15  2.498197
37  15  2.498358
38  15  2.498402
39  15  2.498997
40  15  2.499125
41  15  2.498594
42  15  2.498796
43  15  2.498275
44  15  2.498565
45  15  2.499250
46  15  2.499002
47  15  2.498608
48  15  2.498658
49  15  2.498925
50  15  2.499186
51  15  2.499500
52  15  2.498683
53  15  2.498085
54  15  2.496966
55  15  2.497366
56  15  2.497970
57  15  2.499096
58  15  2.497845
59  15  2.496242
60  15  2.497452
61  15  2.498051
62  15  2.497270
63  15  2.497064
0  16  2.498560
1  16  2.499629
2  16  2.499035
3  16  2.498715
4  16  2.498369
5  16  2.498643
6  16  2.498943
7  16  2.498120
8  16  2.497274
9  16  2.497866
10  16  2.498504
11  16  2.498974
12  16  2.498211
13  16  2.498400
14  16  2.497473
15  16  2.497311
16  16  2.498048
17  16  2.497963
18  16  2.499205
19  16  2.499486
20  16  2.498282
21  16  2.499134
22  16  2.497920
23  16  2.497414
24  16  2.498632
25  16  2.498050
26  16  2.498403
27  16  2.499532
28  16  2.498395
29  16  2.498686
30  16  2.498912
31  16  2.499024
32  16  2.499086
33  16  2.496372
34  16  2.496993
35  16  2.498777
36  16  2.498597
37  16  2.498717
38  16  2.498865
39  16  2.498258
40  16  2.497793
41  16  2.497788
42  16  2.498421
43  16  2.499057
44  16  2.498587
45  16  2.499203
46  16  2.499060
47  16  2.499248
48  16  2.499227
49  16  2.499210
50  16  2.499217
51  16  2.498797
52  16  2.497637
53  16  2.497645
54  16  2.497384
55  16  2.499070
56  16  2.499570
57  16  2.499420
58  16  2.498546
59  16  2.497689
60  16  2.496627
61  16  2.497992
62  16  2.497216
63  16  2.497108
0  17  2.499359
1  17  2.499618
2  17  2.499344
3  17  2.498325
4  17  2.498331
5  17  2.498014
6  17  2.498144
7  17  2.497540
8  17  2.498963
9  17  2.498835
10  17  2.499185
11  17  2.499133
12  17  2.498353
13  17  2.498568
14  17  2.497583
15  17  2.496401
16  17  2.497071
17  17  2.497431
18  17  2.499335
19  17  2.499863
20  17  2.498610
21  17  2.498897
22  17  2.499358
23  17  2.498577
24  17  2.499023
25  17  2.498940
26  17  2.498188
27  17  2.498327
28  17  2.497833
29  17  2.498647
30  17  2.498893
31  17  2.498996
32  17  2.499138
33  17  2.495827
34  17  2.496251
35  17  2.498937
36  17  2.499022
37  17  2.499317
38  17  2.499158
39  17  2.498282
40  17  2.497808
41  17  2.498392
42  17  2.498828
43  17  2.499364
44  17  2.498799
45  17  2.499374
46  17  2.499396
47  17  2.499164
48  17  2.499011
49  17  2.498924
50  17  2.499246
51  17  2.498882
52  17  2.498925
53  17  2.498522
54  17  2.498414
55  17  2.498564
56  17  2.498571
57  17  2.499008
58  17  2.499382
59  17  2.499458
60  17  2.498955
61  17  2.499077
62  17  2.498377
63  17  2.498229
0  18  2.498979
1  18  2.498749
2  18  2.498996
3  18  2.498560
4  18  2.499009
5  18  2.498772
6  18  2.497637
7  18  2.496992
8  18  2.499062
9  18  2.498755
10  18  2.499013
11  18  2.499298
12  18  2.498971
13  18  2.499357
14  18  2.498769
15  18  2.497712
16  18  2.497657
17  18  2.498467
18  18  2.499831
19  18  2.499731
20  18  2.498929
21  18  2.498360
22  18  2.498720
23  18  2.498430
24  18  2.498522
25  18  2.498326
26  18  2.497711
27  18  2.498329
28  18  2.497744
29  18  2.498956
30  18  2.499064
31  18  2.499210
32  18  2.499509
33  18  2.498013
34  18  2.497326
35  18  2.498241
36  18  2.498276
37  18  2.499317
38  18  2.499595
39  18  2.498631
40  18  2.498142
41  18  2.499072
42  18  2.498738
43  18  2.499013
44  18  2.498563
45  18  2.498980
46  18  2.499572
47  18  2.499184
48  18  2.499184
49  18  2.499093
50  18  2.498174
51  18  2.497803
52  18  2.497908
53  18  2.498174
54  18  2.498152
55  18  2.498344
56  18  2.498320
57  18  2.498712
58  18  2.498628
59  18  2.498228
60  18  2.497354
61  18  2.497461
62  18  2.498535
63  18  2.498652
0  19  2.498520
1  19  2.498448
2  19  2.498208
3  19  2.498359
4  19  2.498338
5  19  2.498863
6  19  2.497815
7  19  2.497457
8  19  2.498293
9  19  2.499416
10  19  2.499398
11  19  2.499183
12  19  2.498706
13  19  2.498558
14  19  2.499127
15  19  2.498415
16  19  2.498464
17  19  2.498739
18  19  2.499759
19  19  2.499452
20  19  2.498944
21  19  2.498298
22  19  2.498157
23  19  2.497757
24  19  2.498446
25  19  2.498369
26  19  2.498139
27  19  2.498042
28  19  2.497673
29  19  2.498217
30  19  2.498814
31  19  2.498286
32  19  2.498593
33  19  2.498238
34  19  2.497273
35  19  2.496672
36  19  2.496115
37  19  2.499135
38  19  2.499484
39  19  2.498925
40  19  2.498989
41  19  2.499397
42  19  2.498474
43  19  2.498041
44  19  2.498182
45  19  2.498971
46  19  2.499323
47  19  2.498909
48  19  2.499209
49  19  2.499230
50  19  2.498479
51  19  2.498603
52  19  2.497832
53  19  2.498007
54  19  2.498405
55  19  2.498802
56  19  2.499640
57  19  2.499561
58  19  2.499342
59  19  2.498758
60  19  2.497853
61  19  2.497724
62  19  2.499174
63  19  2.498820
0  20  2.499003
1  20  2.499211
2  20  2.498553
3  20  2.499027
4  20  2.498889
5  20  2.499193
6  20  2.498611
7  20  2.498239
8  20  2.497530
9  20  2.499328
10  20  2.499391
11  20  2.499219
12  20  2.498458
13  20  2.498604
14  20  2.499457
15  20  2.499566
16  20  2.499218
17  20  2.498918
18  20  2.499621
19  20  2.499282
20  20  2.497818
21  20  2.497773
22  20  2.498009
23  20  2.497298
24  20  2.498152
25  20  2.499140
26  20  2.499187
27  20  2.499348
28  20  2.498226
29  20  2.498114
30  20  2.498988
31  20  2.498386
32  20  2.498893
33  20  2.498804
34  20  2.498372
35  20  2.497188
36  20  2.497059
37  20  2.499362
38  20  2.499115
39  20  2.498577
40  20  2.498479
41  20  2.499052
42  20  2.498172
43  20  2.497571
44  20  2.498170
45  20  2.498731
46  20  2.498883
47  20  2.499012
48  20  2.499436
49  20  2.499738
50  20  2.497861
51  20  2.496927
52  20  2.496109
53  20  2.497943
54  20  2.498684
55  20  2.499413
56  20  2.499409
57  20  2.499792
58  20  2.499338
59  20  2.498625
60  20  2.497727
61  20  2.497702
62  20  2.498337
63  20  2.499065
0  21  2.498587
1  21  2.499344
2  21  2.498725
3  21  2.499023
4  21  2.498506
5  21  2.498672
6  21  2.498231
7  21  2.497569
8  21  2.496956
9  21  2.498617
10  21  2.498805
11  21  2.499447
12  21  2.499255
13  21  2.499245
14  21  2.499899
15  21  2.499742
16  21  2.499609
17  21  2.499091
18  21  2.499095
19  21  2.498851
20  21  2.497887
21  21  2.497980
22  21  2.498567
23  21  2.497083
24  21  2.497575
25  21  2.498606
26  21  2.498971
27  21  2.498886
28  21  2.496660
29  21  2.496990
30  21  2.497899
31  21  2.497985
32  21  2.498180
33  21  2.498015
34  21  2.497954
35  21  2.497006
36  21  2.497209
37  21  2.498450
38  21  2.498016
39  21  2.498194
40  21  2.498484
41  21  2.498502
42  21  2.498097
43  21  2.497812
44  21  2.497615
45  21  2.498361
46  21  2.498128
47  21  2.498985
48  21  2.499377
49  21  2.498897
50  21  2.498674
51  21  2.497811
52  21  2.497260
53  21  2.497691
54  21  2.498219
55  21  2.498519
56  21  2.499066
57  21  2.499681
58  21  2.499183
59  21  2.498367
60  21  2.498321
61  21  2.498267
62  21  2.496597
63  21  2.497864
0  22  2.498245
1  22  2.498982
2  22  2.499103
3  22  2.499415
4  22  2.499299
5  22  2.498772
6  22  2.497916
7  22  2.497360
8  22  2.497508
9  22  2.498353
10  22  2.498158
11  22  2.498916
12  22  2.498626
13  22  2.498971
14  22  2.499637
15  22  2.498409
16  22  2.498610
17  22  2.498845
18  22  2.499080
19  22  2.499225
20  22  2.498636
21  22  2.498710
22  22  2.498627
23  22  2.499204
24  22  2.499089
25  22  2.498618
26  22  2.498406
27  22  2.498506
28  22  2.496630
29  22  2.497274
30  22  2.497874
31  22  2.498600
32  22  2.499017
33  22  2.499047
34  22  2.499439
35  22  2.499365
36  22  2.498823
37  22  2.498599
38  22  2.498022
39  22  2.498148
40  22  2.498130
41  22  2.497536
42  22  2.497219
43  22  2.496193
44  22  2.495827
45  22  2.498489
46  22  2.497678
47  22  2.498845
48  22  2.498715
49  22  2.498543
50  22  2.498565
51  22  2.498179
52  22  2.497574
53  22  2.498254
54  22  2.498755
55  22  2.498439
56  22  2.499121
57  22  2.499588
58  22  2.499236
59  22  2.498489
60  22  2.498601
61  22  2.498661
62  22  2.495293
63  22  2.497148
0  23  2.497152
1  23  2.498990
2  23  2.499024
3  23  2.499337
4  23  2.499180
5  23  2.498496
6  23  2.498192
7  23  2.498580
8  23  2.498708
9  23  2.498533
10  23  2.497957
11  23  2.498563
12  23  2.497393
13  23  2.498017
14  23  2.498682
15  23  2.498440
16  23  2.498710
17  23  2.498656
18  23  2.499035
19  23  2.499408
20  23  2.499595
21  23  2.499585
22  23  2.499050
23  23  2.498949
24  23  2.498217
25  23  2.498924
26  23  2.499311
27  23  2.499440
28  23  2.497718
29  23  2.498267
30  23  2.497796
31  23  2.498240
32  23  2.498800
33  23  2.498867
34  23  2.499283
35  23  2.499320
36  23  2.498320
37  23  2.498194
38  23  2.497985
39  23  2.497578
40  23  2.497999
41  23  2.496710
42  23  2.498094
43  23  2.496109
44  23  2.495382
45  23  2.498799
46  23  2.498779
47  23  2.499178
48  23  2.499022
49  23  2.499236
50  23  2.498536
51  23  2.498133
52  23  2.498275
53  23  2.498730
54  23  2.498660
55  23  2.498434
56  23  2.499060
57  23  2.499397
58  23  2.499371
59  23  2.498121
60  23  2.497180
61  23  2.497838
62  23  2.493623
63  23  2.496598
0  24  2.497440
1  24  2.499276
2  24  2.499551
3  24  2.499483
4  24  2.499540
5  24  2.499531
6  24  2.499317
7  24  2.499730
8  24  2.499434
9  24  2.499427
10  24  2.498625
11  24  2.498280
12  24  2.498278
13  24  2.498245
14  24  2.498499
15  24  2.496178
16  24  2.496429
17  24  2.494869
18  24  2.497546
19  24  2.497827
20  24  2.499336
21  24  2.498914
22  24  2.498910
23  24  2.498940
24  24  2.498623
25  24  2.498691
26  24  2.499191
27  24  2.499154
28  24  2.498202
29  24  2.498947
30  24  2.498728
31  24  2.499178
32  24  2.499359
33  24  2.499366
34  24  2.499324
35  24  2.497990
36  24  2.498408
37  24  2.498782
38  24  2.497325
39  24  2.497461
40  24  2.497221
41  24  2.496969
42  24  2.498541
43  24  2.497328
44  24  2.495691
45  24  2.497657
46  24  2.497926
47  24  2.498175
48  24  2.498714
49  24  2.499397
50  24  2.498741
51  24  2.498019
52  24  2.497866
53  24  2.498390
54  24  2.498729
55  24  2.499013
56  24  2.499327
57  24  2.499506
58  24  2.499532
59  24  2.498820
60  24  2.498274
61  24  2.498993
62  24  2.496351
63  24  2.497203
0  25  2.497495
1  25  2.499522
2  25  2.499619
3  25  2.498448
4  25  2.498457
5  25  2.498757
6  25  2.499049
7  25  2.499687
8  25  2.499461
9  25  2.499593
10  25  2.498690
11  25  2.498218
12  25  2.498237
13  25  2.498032
14  25  2.498316
15  25  2.496855
16  25  2.497335
17  25  2.495454
18  25  2.496752
19  25  2.496910
20  25  2.498749
21  25  2.498234
22  25  2.498979
23  25  2.497700
24  25  2.495915
25  25  2.497883
26  25  2.498482
27  25  2.499413
28  25  2.497649
29  25  2.498374
30  25  2.498596
31  25  2.499058
32  25  2.499238
33  25  2.499060
34  25  2.498773
35  25  2.498077
36  25  2.498020
37  25  2.497261
38  25  2.497181
39  25  2.498504
40  25  2.498501
41  25  2.497567
42  25  2.498302
43  25  2.499048
44  25  2.497741
45  25  2.497823
46  25  2.498323
47  25  2.498053
48  25  2.498151
49  25  2.498915
50  25  2.499027
51  25  2.498860
52  25  2.498551
53  25  2.495859
54  25  2.495715
55  25  2.497204
56  25  2.498546
57  25  2.499057
58  25  2.499202
59  25  2.498586
60  25  2.498006
61  25  2.498147
62  25  2.497115
63  25  2.497212
0  26  2.499533
1  26  2.499179
2  26  2.499408
3  26  2.498057
4  26  2.498300
5  26  2.498494
6  26  2.498658
7  26  2.498959
8  26  2.498121
9  26  2.497916
10  26  2.497218
11  26  2.497468
12  26  2.497568
13  26  2.497747
14  26  2.497088
15  26  2.494685
16  26  2.494711
17  26  2.494049
18  26  2.496858
19  26  2.497453
20  26  2.498654
21  26  2.498313
22  26  2.498435
23  26  2.497694
24  26  2.497595
25  26  2.497990
26  26  2.497778
27  26  2.497698
28  26  2.497772
29  26  2.498307
30  26  2.498818
31  26  2.498980
32  26  2.499204
33  26  2.499286
34  26  2.499095
35  26  2.498209
36  26  2.498391
37  26  2.497833
38  26  2.497182
39  26  2.497677
40  26  2.497921
41  26  2.498366
42  26  2.498238
43  26  2.499193
44  26  2.498859
45  26  2.499026
46  26  2.499295
47  26  2.499760
48  26  2.498783
49  26  2.499022
50  26  2.499011
51  26  2.498807
52  26  2.497447
53  26  2.495960
54  26  2.496212
55  26  2.498192
56  26  2.498706
57  26  2.499118
58  26  2.498980
59  26  2.498443
60  26  2.497213
61  26  2.497522
62  26  2.499475
63  26  2.499447
0  27  2.499403
1  27  2.499072
2  27  2.497685
3  27  2.496907
4  27  2.497197
5  27  2.498155
6  27  2.498703
7  27  2.498968
8  27  2.498784
9  27  2.497196
10  27  2.497004
11  27  2.497342
12  27  2.497283
13  27  2.497580
14  27  2.497469
15  27  2.498635
16  27  2.498408
17  27  2.495584
18  27  2.494844
19  27  2.495021
20  27  2.498097
21  27  2.498949
22  27  2.498460
23  27  2.498845
24  27  2.498706
25  27  2.498806
26  27  2.497612
27  27  2.497437
28  27  2.497975
29  27  2.497373
30  27  2.498183
31  27  2.498666
32  27  2.499287
33  27  2.499520
34  27  2.499485
35  27  2.499628
36  27  2.498947
37  27  2.498020
38  27  2.497389
39  27  2.498502
40  27  2.498542
41  27  2.498337
42  27  2.498363
43  27  2.498742
44  27  2.498842
45  27  2.498494
46  27  2.498598
47  27  2.498631
48  27  2.498637
49  27  2.499024
50  27  2.499148
51  27  2.499523
52  27  2.498386
53  27  2.497330
54  27  2.496977
55  27  2.497211
56  27  2.497818
57  27  2.497448
58  27  2.499138
59  27  2.499373
60  27  2.498240
61  27  2.497390
62  27  2.499234
63  27  2.499176
0  28  2.499436
1  28  2.498774
2  28  2.497542
3  28  2.497682
4  28  2.498234
5  28  2.499320
6  28  2.499333
7  28  2.499307
8  28  2.499775
9  28  2.499298
10  28  2.499209
11  28  2.499060
12  28  2.498533
13  28  2.498024
14  28  2.495517
15  28  2.496760
16  28  2.495842
17  28  2.497390
18  28  2.497790
19  28  2.497639
20  28  2.498613
21  28  2.499494
22  28  2.499033
23  28  2.499684
24  28  2.499525
25  28  2.499579
26  28  2.499026
27  28  2.496984
28  28  2.496932
29  28  2.496701
30  28  2.498526
31  28  2.498555
32  28  2.499144
33  28  2.499448
34  28  2.499576
35  28  2.499375
36  28  2.498499
37  28  2.498259
38  28  2.497540
39  28  2.498640
40  28  2.498649
41  28  2.498784
42  28  2.498501
43  28  2.498450
44  28  2.499347
45  28  2.499031
46  28  2.498828
47  28  2.498487
48  28  2.498343
49  28  2.498786
50  28  2.498605
51  28  2.499150
52  28  2.498731
53  28  2.499110
54  28  2.498974
55  28  2.498832
56  28  2.498436
57  28  2.497503
58  28  2.498977
59  28  2.499115
60  28  2.496877
61  28  2.496933
62  28  2.498739
63  28  2.499056
0  29  2.498554
1  29  2.498665
2  29  2.498133
3  29  2.498418
4  29  2.498387
5  29  2.499323
6  29  2.499313
7  29  2.499439
8  29  2.499461
9  29  2.498353
10  29  2.498192
11  29  2.498916
12  29  2.498546
13  29  2.498373
14  29  2.496724
15  29  2.498832
16  29  2.496703
17  29  2.497118
18  29  2.498895
19  29  2.498760
20  29  2.499113
21  29  2.499134
22  29  2.498924
23  29  2.499234
24  29  2.498905
25  29  2.498927
26  29  2.499198
27  29  2.498903
28  29  2.499146
29  29  2.498468
30  29  2.499129
31  29  2.498620
32  29  2.499217
33  29  2.498368
34  29  2.498208
35  29  2.498144
36  29  2.497879
37  29  2.498485
38  29  2.497903
39  29  2.498359
40  29  2.498402
41  29  2.498806
42  29  2.499555
43  29  2.499294
44  29  2.499199
45  29  2.498545
46  29  2.497582
47  29  2.498338
48  29  2.498126
49  29  2.497486
50  29  2.497868
51  29  2.499342
52  29  2.498443
53  29  2.498461
54  29  2.498318
55  29  2.498534
56  29  2.498783
57  29  2.497916
58  29  2.498469
59  29  2.497953
60  29  2.497088
61  29  2.497533
62  29  2.498644
63  29  2.498286
0  30  2.498374
1  30  2.497985
2  30  2.498544
3  30  2.498139
4  30  2.498564
5  30  2.497912
6  30  2.498947
7  30  2.498930
8  30  2.499336
9  30  2.498708
10  30  2.498289
11  30  2.497487
12  30  2.497840
13  30  2.497931
14  30  2.497085
15  30  2.497088
16  30  2.497100
17  30  2.498373
18  30  2.497940
19  30  2.498518
20  30  2.498370
21  30  2.499073
22  30  2.498811
23  30  2.499009
24  30  2.498748
25  30  2.499075
26  30  2.499324
27  30  2.498863
28  30  2.499196
29  30  2.498210
30  30  2.499264
31  30  2.498603
32  30  2.499080
33  30  2.497935
34  30  2.497671
35  30  2.497952
36  30  2.498885
37  30  2.499351
38  30  2.498701
39  30  2.498509
40  30  2.498409
41  30  2.498680
42  30  2.499350
43  30  2.498905
44  30  2.499196
45  30  2.498820
46  30  2.498286
47  30  2.498107
48  30  2.498262
49  30  2.497485
50  30  2.497548
51  30  2.499484
52  30  2.499202
53  30  2.499161
54  30  2.498704
55  30  2.499291
56  30  2.499281
57  30  2.498714
58  30  2.498311
59  30  2.497991
60  30  2.498267
61  30  2.498447
62  30  2.498986
63  30  2.498641
0  31  2.498529
1  31  2.498127
2  31  2.498774
3  31  2.498482
4  31  2.498374
5  31  2.497683
6  31  2.499088
7  31  2.498699
8  31  2.498937
9  31  2.499076
10  31  2.499278
11  31  2.499080
12  31  2.498862
13  31  2.498013
14  31  2.498359
15  31  2.497973
16  31  2.498446
17  31  2.498813
18  31  2.498562
19  31  2.498941
20  31  2.498482
21  31  2.498154
22  31  2.498053
23  31  2.496160
24  31  2.495434
25  31  2.495663
26  31  2.497713
27  31  2.498904
28  31  2.499104
29  31  2.498527
30  31  2.499583
31  31  2.498957
32  31  2.498013
33  31  2.497127
34  31  2.496676
35  31  2.497746
36  31  2.498896
37  31  2.499575
38  31  2.499141
39  31  2.499084
40  31  2.499042
41  31  2.499195
42  31  2.499310
43  31  2.499225
44  31  2.499346
45  31  2.498608
46  31  2.498026
47  31  2.498558
48  31  2.498377
49  31  2.497298
50  31  2.498024
51  31  2.499205
52  31  2.498989
53  31  2.498345
54  31  2.498333
55  31  2.499516
56  31  2.499346
57  31  2.498950
58  31  2.498920
59  31  2.497954
60  31  2.498091
61  31  2.498070
62  31  2.499012
63  31  2.498937
0  32  2.498599
1  32  2.498177
2  32  2.498197
3  32  2.498411
4  32  2.498197
5  32  2.497619
6  32  2.499060
7  32  2.498780
8  32  2.498653
9  32  2.498932
10  32  2.499289
11  32  2.499405
12  32  2.499088
13  32  2.498072
14  32  2.498036
15  32  2.498072
16  32  2.498829
17  32  2.498222
18  32  2.498555
19  32  2.499068
20  32  2.499377
21  32  2.499000
22  32  2.498773
23  32  2.495733
24  32  2.495443
25  32  2.495838
26  32  2.497911
27  32  2.498935
28  32  2.498945
29  32  2.498560
30  32  2.499270
31  32  2.499746
32  32  2.498132
33  32  2.498637
34  32  2.499514
35  32  2.499364
36  32  2.499550
37  32  2.499579
38  32  2.499472
39  32  2.499021
40  32  2.498724
41  32  2.498727
42  32  2.499119
43  32  2.499417
44  32  2.499530
45  32  2.498809
46  32  2.498846
47  32  2.498682
48  32  2.498483
49  32  2.498465
50  32  2.498939
51  32  2.499574
52  32  2.499228
53  32  2.498486
54  32  2.498785
55  32  2.499025
56  32  2.499493
57  32  2.499657
58  32  2.498526
59  32  2.497594
60  32  2.497018
61  32  2.497912
62  32  2.498471
63  32  2.498635
0  33  2.498127
1  33  2.498404
2  33  2.497266
3  33  2.498144
4  33  2.498310
5  33  2.499243
6  33  2.499381
7  33  2.498549
8  33  2.497256
9  33  2.497411
10  33  2.498505
11  33  2.499629
12  33  2.499619
13  33  2.499372
14  33  2.498389
15  33  2.497571
16  33  2.497773
17  33  2.497893
18  33  2.498776
19  33  2.499214
20  33  2.499468
21  33  2.498568
22  33  2.497892
23  33  2.495557
24  33  2.495462
25  33  2.495414
26  33  2.497618
27  33  2.498831
28  33  2.498545
29  33  2.498607
30  33  2.499243
31  33  2.499532
32  33  2.498288
33  33  2.498980
34  33  2.498686
35  33  2.498058
36  33  2.497293
37  33  2.498015
38  33  2.498026
39  33  2.499039
40  33  2.498285
41  33  2.498022
42  33  2.498622
43  33  2.499039
44  33  2.499606
45  33  2.498899
46  33  2.498102
47  33  2.498258
48  33  2.498652
49  33  2.499257
50  33  2.499229
51  33  2.498317
52  33  2.497961
53  33  2.497745
54  33  2.498850
55  33  2.499118
56  33  2.499599
57  33  2.499732
58  33  2.498936
59  33  2.498545
60  33  2.498005
61  33  2.498628
62  33  2.498174
63  33  2.498499
0  34  2.498379
1  34  2.498500
2  34  2.497154
3  34  2.497716
4  34  2.496719
5  34  2.498582
6  34  2.498237
7  34  2.498519
8  34  2.497724
9  34  2.497905
10  34  2.498625
11  34  2.499530
12  34  2.499492
13  34  2.498972
14  34  2.498658
15  34  2.498253
16  34  2.497645
17  34  2.497875
18  34  2.497192
19  34  2.497367
20  34  2.497987
21  34  2.498154
22  34  2.498470
23  34  2.498436
24  34  2.499376
25  34  2.498424
26  34  2.498924
27  34  2.498183
28  34  2.498781
29  34  2.499031
30  34  2.498875
31  34  2.499077
32  34  2.499321
33  34  2.499768
34  34  2.498995
35  34  2.497980
36  34  2.497355
37  34  2.495958
38  34  2.496514
39  34  2.498531
40  34  2.498340
41  34  2.497949
42  34  2.498363
43  34  2.499256
44  34  2.499456
45  34  2.499187
46  34  2.499175
47  34  2.499222
48  34  2.499182
49  34  2.498942
50  34  2.499026
51  34  2.498518
52  34  2.498961
53  34  2.498799
54  34  2.499385
55  34  2.499503
56  34  2.499608
57  34  2.499512
58  34  2.498855
59  34  2.498555
60  34  2.498576
61  34  2.499202
62  34  2.498441
63  34  2.497984
0  35  2.499058
1  35  2.499410
2  35  2.497829
3  35  2.497881
4  35  2.496974
5  35  2.498592
6  35  2.497593
7  35  2.497960
8  35  2.498178
9  35  2.497851
10  35  2.499099
11  35  2.499062
12  35  2.498740
13  35  2.498017
14  35  2.497707
15  35  2.498039
16  35  2.499118
17  35  2.498659
18  35  2.498167
19  35  2.497476
20  35  2.498147
21  35  2.498570
22  35  2.499078
23  35  2.499122
24  35  2.498381
25  35  2.497635
26  35  2.497346
27  35  2.497036
28  35  2.497526
29  35  2.498721
30  35  2.498731
31  35  2.498507
32  35  2.498641
33  35  2.499233
34  35  2.498789
35  35  2.497780
36  35  2.497381
37  35  2.494810
38  35  2.496007
39  35  2.498716
40  35  2.499079
41  35  2.498719
42  35  2.498061
43  35  2.498786
44  35  2.498957
45  35  2.499040
46  35  2.498601
47  35  2.498747
48  35  2.498882
49  35  2.498991
50  35  2.499221
51  35  2.499570
52  35  2.499560
53  35  2.499179
54  35  2.499735
55  35  2.499080
56  35  2.499038
57  35  2.499007
58  35  2.499560
59  35  2.499505
60  35  2.499561
61  35  2.499314
62  35  2.498748
63  35  2.498480
0  36  2.498704
1  36  2.498742
2  36  2.498453
3  36  2.498632
4  36  2.497431
5  36  2.498395
6  36  2.497921
7  36  2.497592
8  36  2.498039
9  36  2.497800
10  36  2.499125
11  36  2.498976
12  36  2.499238
13  36  2.497656
14  36  2.497121
15  36  2.497851
16  36  2.498462
17  36  2.497387
18  36  2.496441
19  36  2.496744
20  36  2.497549
21  36  2.498432
22  36  2.499235
23  36  2.499128
24  36  2.498435
25  36  2.498848
26  36  2.498756
27  36  2.498240
28  36  2.497852
29  36  2.498839
30  36  2.498343
31  36  2.497962
32  36  2.498154
33  36  2.498580
34  36  2.498859
35  36  2.498459
36  36  2.497382
37  36  2.495899
38  36  2.497493
39  36  2.498766
40  36  2.499631
41  36  2.499799
42  36  2.499466
43  36  2.499262
44  36  2.499107
45  36  2.499330
46  36  2.499322
47  36  2.497993
48  36  2.498113
49  36  2.497744
50  36  2.499277
51  36  2.499711
52  36  2.499610
53  36  2.499430
54  36  2.499582
55  36  2.498739
56  36  2.498300
57  36  2.498832
58  36  2.498881
59  36  2.498522
60  36  2.498272
61  36  2.498359
62  36  2.499020
63  36  2.499093
0  37  2.498725
1  37  2.498854
2  37  2.498371
3  37  2.498206
4  37  2.498055
5  37  2.498172
6  37  2.498807
7  37  2.497986
8  37  2.498144
9  37  2.498349
10  37  2.499529
11  37  2.499033
12  37  2.499187
13  37  2.497400
14  37  2.497409
15  37  2.497766
16  37  2.498372
17  37  2.498434
18  37  2.498217
19  37  2.497384
20  37  2.498142
21  37  2.498278
22  37  2.498861
23  37  2.498490
24  37  2.496442
25  37  2.496990
26  37  2.496900
27  37  2.498236
28  37  2.498522
29  37  2.499471
30  37  2.499747
31  37  2.498513
32  37  2.498582
33  37  2.498764
34  37  2.499128
35  37  2.498588
36  37  2.498122
37  37  2.497681
38  37  2.498892
39  37  2.499363
40  37  2.499745
41  37  2.499905
42  37  2.499511
43  37  2.499005
44  37  2.498115
45  37  2.498005
46  37  2.498863
47  37  2.497312
48  37  2.497863
49  37  2.497619
50  37  2.499231
51  37  2.499267
52  37  2.499111
53  37  2.498855
54  37  2.499422
55  37  2.498162
56  37  2.497700
57  37  2.498196
58  37  2.498843
59  37  2.499103
60  37  2.498976
61  37  2.498744
62  37  2.498879
63  37  2.499619
0  38  2.497654
1  38  2.497972
2  38  2.498332
3  38  2.497616
4  38  2.497185
5  38  2.497454
6  38  2.498799
7  38  2.498753
8  38  2.498690
9  38  2.499139
10  38  2.498632
11  38  2.498399
12  38  2.499504
13  38  2.498230
14  38  2.498199
15  38  2.497979
16  38  2.499401
17  38  2.499804
18  38  2.498717
19  38  2.498222
20  38  2.498538
21  38  2.499108
22  38  2.498837
23  38  2.497679
24  38  2.497385
25  38  2.496984
26  38  2.497623
27  38  2.498249
28  38  2.499066
29  38  2.499617
30  38  2.499485
31  38  2.498527
32  38  2.498549
33  38  2.498741
34  38  2.499192
35  38  2.499163
36  38  2.498534
37  38  2.498076
38  38  2.497523
39  38  2.498281
40  38  2.498530
41  38  2.499876
42  38  2.499787
43  38  2.499351
44  38  2.498296
45  38  2.497527
46  38  2.498547
47  38  2.498113
48  38  2.498398
49  38  2.498004
50  38  2.499001
51  38  2.498908
52  38  2.498967
53  38  2.499113
54  38  2.499104
55  38  2.498456
56  38  2.497617
57  38  2.496896
58  38  2.498413
59  38  2.499326
60  38  2.499256
61  38  2.499209
62  38  2.498805
63  38  2.498601
0  39  2.498778
1  39  2.499236
2  39  2.499048
3  39  2.497648
4  39  2.497027
5  39  2.496399
6  39  2.497730
7  39  2.497954
8  39  2.498623
9  39  2.498396
10  39  2.498220
11  39  2.498057
12  39  2.499523
13  39  2.497865
14  39  2.497723
15  39  2.497734
16  39  2.499283
17  39  2.499552
18  39  2.498309
19  39  2.497956
20  39  2.498745
21  39  2.499321
22  39  2.498680
23  39  2.497491
24  39  2.498393
25  39  2.498726
26  39  2.498737
27  39  2.498670
28  39  2.499005
29  39  2.498548
30  39  2.498212
31  39  2.498122
32  39  2.498222
33  39  2.498968
34  39  2.499203
35  39  2.498834
36  39  2.498526
37  39  2.498202
38  39  2.498520
39  39  2.497815
40  39  2.497702
41  39  2.499454
42  39  2.499744
43  39  2.499472
44  39  2.498443
45  39  2.498195
46  39  2.497986
47  39  2.498357
48  39  2.498566
49  39  2.498696
50  39  2.498742
51  39  2.498362
52  39  2.498774
53  39  2.498574
54  39  2.499146
55  39  2.499646
56  39  2.499418
57  39  2.497665
58  39  2.498092
59  39  2.498486
60  39  2.498127
61  39  2.499365
62  39  2.498892
63  39  2.498725
0  40  2.499194
1  40  2.499269
2  40  2.499536
3  40  2.499604
4  40  2.499593
5  40  2.499074
6  40  2.498104
7  40  2.498131
8  40  2.498322
9  40  2.497066
10  40  2.497332
11  40  2.497735
12  40  2.499117
13  40  2.498065
14  40  2.497867
15  40  2.498675
16  40  2.499285
17  40  2.499523
18  40  2.497274
19  40  2.497108
20  40  2.497227
21  40  2.499199
22  40  2.499454
23  40  2.497665
24  40  2.498151
25  40  2.498577
26  40  2.499097
27  40  2.499290
28  40  2.499132
29  40  2.498470
30  40  2.498163
31  40  2.498179
32  40  2.498361
33  40  2.499076
34  40  2.499094
35  40  2.498765
36  40  2.498439
37  40  2.498491
38  40  2.498543
39  40  2.497233
40  40  2.497239
41  40  2.498987
42  40  2.499471
43  40  2.499305
44  40  2.498259
45  40  2.498194
46  40  2.497535
47  40  2.498815
48  40  2.499183
49  40  2.499056
50  40  2.498886
51  40  2.497987
52  40  2.498409
53  40  2.498440
54  40  2.499194
55  40  2.499292
56  40  2.499338
57  40  2.498271
58  40  2.498666
59  40  2.498274
60  40  2.498094
61  40  2.499562
62  40  2.499461
63  40  2.499192
0  41  2.499462
1  41  2.499276
2  41  2.499562
3  41  2.498344
4  41  2.497841
5  41  2.498148
6  41  2.498094
7  41  2.498862
8  41  2.498633
9  41  2.497832
10  41  2.497328
11  41  2.498467
12  41  2.499499
13  41  2.497888
14  41  2.497284
15  41  2.498373
16  41  2.498678
17  41  2.498741
18  41  2.498048
19  41  2.497989
20  41  2.497717
21  41  2.498171
22  41  2.498550
23  41  2.498831
24  41  2.498578
25  41  2.498418
26  41  2.498926
27  41  2.498855
28  41  2.498771
29  41  2.496843
30  41  2.496447
31  41  2.496542
32  41  2.497284
33  41  2.498456
34  41  2.498230
35  41  2.499058
36  41  2.499279
37  41  2.498922
38  41  2.499319
39  41  2.498112
40  41  2.498752
41  41  2.498779
42  41  2.499492
43  41  2.499368
44  41  2.498851
45  41  2.498745
46  41  2.498013
47  41  2.498433
48  41  2.499002
49  41  2.498997
50  41  2.499128
51  41  2.498200
52  41  2.498617
53  41  2.498676
54  41  2.499291
55  41  2.499343
56  41  2.499006
57  41  2.498752
58  41  2.498901
59  41  2.498591
60  41  2.498209
61  41  2.499429
62  41  2.499432
63  41  2.499466
0  42  2.499672
1  42  2.499338
2  42  2.499178
3  42  2.497939
4  42  2.497465
5  42  2.498914
6  42  2.498820
7  42  2.499466
8  42  2.498471
9  42  2.498250
10  42  2.497128
11  42  2.498657
12  42  2.499497
13  42  2.498621
14  42  2.497765
15  42  2.498593
16  42  2.498421
17  42  2.498462
18  42  2.497825
19  42  2.498484
20  42  2.498920
21  42  2.498298
22  42  2.497058
23  42  2.498989
24  42  2.499132
25  42  2.498735
26  42  2.498762
27  42  2.498385
28  42  2.499044
29  42  2.498683
30  42  2.499160
31  42  2.498826
32  42  2.498767
33  42  2.498973
34  42  2.498653
35  42  2.499208
36  42  2.499274
37  42  2.499274
38  42  2.499526
39  42  2.498343
40  42  2.498578
41  42  2.498581
42  42  2.499668
43  42  2.498827
44  42  2.499114
45  42  2.499285
46  42  2.499102
47  42  2.498477
48  42  2.498512
49  42  2.498994
50  42  2.499305
51  42  2.498670
52  42  2.498819
53  42  2.499207
54  42  2.499636
55  42  2.499678
56  42  2.498924
57  42  2.498883
58  42  2.498378
59  42  2.498119
60  42  2.498260
61  42  2.498764
62  42  2.499203
63  42  2.499506
0  43  2.499769
1  43  2.499321
2  43  2.498439
3  43  2.497582
4  43  2.497203
5  43  2.498963
6  43  2.499171
7  43  2.499685
8  43  2.498831
9  43  2.497959
10  43  2.497180
11  43  2.498208
12  43  2.499619
13  43  2.499071
14  43  2.498037
15  43  2.498737
16  43  2.498606
17  43  2.498579
18  43  2.498173
19  43  2.497815
20  43  2.497349
21  43  2.497201
22  43  2.496057
23  43  2.498638
24  43  2.499258
25  43  2.499291
26  43  2.498976
27  43  2.498824
28  43  2.498686
29  43  2.497553
30  43  2.497120
31  43  2.498084
32  43  2.498860
33  43  2.499191
34  43  2.498461
35  43  2.498531
36  43  2.499240
37  43  2.498955
38  43  2.499303
39  43  2.498823
40  43  2.499089
41  43  2.499094
42  43  2.499603
43  43  2.498385
44  43  2.498639
45  43  2.498290
46  43  2.498074
47  43  2.498031
48  43  2.498330
49  43  2.499221
50  43  2.499363
51  43  2.499420
52  43  2.499494
53  43  2.499793
54  43  2.498710
55  43  2.498675
56  43  2.497172
57  43  2.498071
58  43  2.496012
59  43  2.497346
60  43  2.498100
61  43  2.499166
62  43  2.499331
63  43  2.499491
0  44  2.499012
1  44  2.499124
2  44  2.498576
3  44  2.497699
4  44  2.497584
5  44  2.498710
6  44  2.499330
7  44  2.499482
8  44  2.499455
9  44  2.498414
10  44  2.498129
11  44  2.498475
12  44  2.499363
13  44  2.499054
14  44  2.498806
15  44  2.498461
16  44  2.498070
17  44  2.498076
18  44  2.498184
19  44  2.498219
20  44  2.497697
21  44  2.496888
22  44  2.495710
23  44  2.498027
24  44  2.499264
25  44  2.499497
26  44  2.498990
27  44  2.498823
28  44  2.498597
29  44  2.498255
30  44  2.497530
31  44  2.498168
32  44  2.498663
33  44  2.498924
34  44  2.498728
35  44  2.498303
36  44  2.498918
37  44  2.498719
38  44  2.499184
39  44  2.498427
40  44  2.498689
41  44  2.498623
42  44  2.499181
43  44  2.498115
44  44  2.497605
45  44  2.496790
46  44  2.498148
47  44  2.498134
48  44  2.498300
49  44  2.498674
50  44  2.499294
51  44  2.499149
52  44  2.498869
53  44  2.498891
54  44  2.497987
55  44  2.498536
56  44  2.497596
57  44  2.498329
58  44  2.496364
59  44  2.496744
60  44  2.497385
61  44  2.499235
62  44  2.499285
63  44  2.498921
0  45  2.498420
1  45  2.498344
2  45  2.497680
3  45  2.497980
4  45  2.498259
5  45  2.498777
6  45  2.499784
7  45  2.499137
8  45  2.498781
9  45  2.497831
10  45  2.498154
11  45  2.498915
12  45  2.498936
13  45  2.498712
14  45  2.498281
15  45  2.497398
16  45  2.497518
17  45  2.498073
18  45  2.498861
19  45  2.498052
20  45  2.499256
21  45  2.499069
22  45  2.498610
23  45  2.498338
24  45  2.498695
25  45  2.498781
26  45  2.498348
27  45  2.498306
28  45  2.498837
29  45  2.499347
30  45  2.497283
31  45  2.498052
32  45  2.498042
33  45  2.498669
34  45  2.498802
35  45  2.498675
36  45  2.499279
37  45  2.498469
38  45  2.498779
39  45  2.498437
40  45  2.498379
41  45  2.497816
42  45  2.497514
43  45  2.498213
44  45  2.499342
45  45  2.498834
46  45  2.499274
47  45  2.498312
48  45  2.497723
49  45  2.498354
50  45  2.498877
51  45  2.498285
52  45  2.498461
53  45  2.498643
54  45  2.498255
55  45  2.498852
56  45  2.498851
57  45  2.499673
58  45  2.498419
59  45  2.497841
60  45  2.497364
61  45  2.498647
62  45  2.499283
63  45  2.499286
0  46  2.498135
1  46  2.498292
2  46  2.498395
3  46  2.498989
4  46  2.498110
5  46  2.498059
6  46  2.499461
7  46  2.499114
8  46  2.496555
9  46  2.496403
10  46  2.495947
11  46  2.498684
12  46  2.498478
13  46  2.498363
14  46  2.498691
15  46  2.497356
16  46  2.497071
17  46  2.497118
18  46  2.497703
19  46  2.497581
20  46  2.498183
21  46  2.497957
22  46  2.498337
23  46  2.497856
24  46  2.498420
25  46  2.498150
26  46  2.497649
27  46  2.498624
28  46  2.499363
29  46  2.499489
30  46  2.498758
31  46  2.498705
32  46  2.497818
33  46  2.499236
34  46  2.499093
35  46  2.499101
36  46  2.499063
37  46  2.498317
38  46  2.498161
39  46  2.498115
40  46  2.498008
41  46  2.498109
42  46  2.497355
43  46  2.496818
44  46  2.498064
45  46  2.497184
46  46  2.497581
47  46  2.497963
48  46  2.498150
49  46  2.497640
50  46  2.498115
51  46  2.497968
52  46  2.498028
53  46  2.498376
54  46  2.498088
55  46  2.498476
56  46  2.498339
57  46  2.499269
58  46  2.498521
59  46  2.497850
60  46  2.498096
61  46  2.498630
62  46  2.498631
63  46  2.498278
0  47  2.497782
1  47  2.497542
2  47  2.497435
3  47  2.498171
4  47  2.498095
5  47  2.498269
6  47  2.498141
7  47  2.498932
8  47  2.495789
9  47  2.496325
10  47  2.495701
11  47  2.498169
12  47  2.497697
13  47  2.497180
14  47  2.497588
15  47  2.498084
16  47  2.497891
17  47  2.498247
18  47  2.498036
19  47  2.498057
20  47  2.496624
21  47  2.496517
22  47  2.497338
23  47  2.498217
24  47  2.498130
25  47  2.497596
26  47  2.497326
27  47  2.497940
28  47  2.498606
29  47  2.499342
30  47  2.498015
31  47  2.497926
32  47  2.497272
33  47  2.498307
34  47  2.498968
35  47  2.499024
36  47  2.499202
37  47  2.498617
38  47  2.498518
39  47  2.498545
40  47  2.498766
41  47  2.498996
42  47  2.497597
43  47  2.495640
44  47  2.495783
45  47  2.496831
46  47  2.497330
47  47  2.498267
48  47  2.498790
49  47  2.498005
50  47  2.498154
51  47  2.498803
52  47  2.499367
53  47  2.498734
54  47  2.498523
55  47  2.498559
56  47  2.498564
57  47  2.499247
58  47  2.499150
59  47  2.498257
60  47  2.498194
61  47  2.498489
62  47  2.498910
63  47  2.498824
0  48  2.499526
1  48  2.499393
2  48  2.498710
3  48  2.498352
4  48  2.497782
5  48  2.498374
6  48  2.497854
7  48  2.499120
8  48  2.497249
9  48  2.498004
10  48  2.496705
11  48  2.498516
12  48  2.498133
13  48  2.497568
14  48  2.497701
15  48  2.498264
16  48  2.498314
17  48  2.497908
18  48  2.497337
19  48  2.497710
20  48  2.497881
21  48  2.498118
22  48  2.498678
23  48  2.499420
24  48  2.499081
25  48  2.498801
26  48  2.498791
27  48  2.498756
28  48  2.498432
29  48  2.499047
30  48  2.498368
31  48  2.498055
32  48  2.497639
33  48  2.497834
34  48  2.498172
35  48  2.498473
36  48  2.498757
37  48  2.499395
38  48  2.498775
39  48  2.497649
40  48  2.497374
41  48  2.497854
42  48  2.498553
43  48  2.496509
44  48  2.496332
45  48  2.497604
46  48  2.499334
47  48  2.499316
48  48  2.498737
49  48  2.498930
50  48  2.498659
51  48  2.499064
52  48  2.499287
53  48  2.498556
54  48  2.498592
55  48  2.498681
56  48  2.498494
57  48  2.498851
58  48  2.498995
59  48  2.498729
60  48  2.498231
61  48  2.497950
62  48  2.499372
63  48  2.499426
0  49  2.499234
1  49  2.498965
2  49  2.499082
3  49  2.498918
4  49  2.498798
5  49  2.499272
6  49  2.498968
7  49  2.498453
8  49  2.497514
9  49  2.498099
10  49  2.498859
11  49  2.498496
12  49  2.498374
13  49  2.498670
14  49  2.497353
15  49  2.497313
16  49  2.497110
17  49  2.497337
18  49  2.498317
19  49  2.497678
20  49  2.497903
21  49  2.498114
22  49  2.498559
23  49  2.499540
24  49  2.499606
25  49  2.497983
26  49  2.498029
27  49  2.497961
28  49  2.498348
29  49  2.498506
30  49  2.497616
31  49  2.497177
32  49  2.497703
33  49  2.497849
34  49  2.498284
35  49  2.498176
36  49  2.498817
37  49  2.499442
38  49  2.499613
39  49  2.498107
40  49  2.496580
41  49  2.496252
42  49  2.497988
43  49  2.498490
44  49  2.498158
45  49  2.499110
46  49  2.498998
47  49  2.499524
48  49  2.499236
49  49  2.498920
50  49  2.498553
51  49  2.498637
52  49  2.498372
53  49  2.498447
54  49  2.498701
55  49  2.498841
56  49  2.498758
57  49  2.498947
58  49  2.499345
59  49  2.499128
60  49  2.498644
61  49  2.498183
62  49  2.499277
63  49  2.499225
0  50  2.498673
1  50  2.498214
2  50  2.497905
3  50  2.499275
4  50  2.498885
5  50  2.499291
6  50  2.499283
7  50  2.498600
8  50  2.498258
9  50  2.498522
10  50  2.499260
11  50  2.498547
12  50  2.497668
13  50  2.498539
14  50  2.495954
15  50  2.497081
16  50  2.497208
17  50  2.497102
18  50  2.499245
19  50  2.498720
20  50  2.499259
21  50  2.498970
22  50  2.499078
23  50  2.499354
24  50  2.499528
25  50  2.497944
26  50  2.498284
27  50  2.498244
28  50  2.498191
29  50  2.498308
30  50  2.498518
31  50  2.497289
32  50  2.498084
33  50  2.498308
34  50  2.499233
35  50  2.499018
36  50  2.498947
37  50  2.498878
38  50  2.499216
39  50  2.497908
40  50  2.496599
41  50  2.495521
42  50  2.498078
43  50  2.498483
44  50  2.499127
45  50  2.499235
46  50  2.499099
47  50  2.499533
48  50  2.499027
49  50  2.498752
50  50  2.498597
51  50  2.498564
52  50  2.498234
53  50  2.498005
54  50  2.499106
55  50  2.499138
56  50  2.499171
57  50  2.498863
58  50  2.499144
59  50  2.499042
60  50  2.498528
61  50  2.497809
62  50  2.498814
63  50  2.499174
0  51  2.498435
1  51  2.496515
2  51  2.496748
3  51  2.499042
4  51  2.498862
5  51  2.499163
6  51  2.499259
7  51  2.499109
8  51  2.498425
9  51  2.498182
10  51  2.498166
11  51  2.498710
12  51  2.498647
13  51  2.498892
14  51  2.496492
15  51  2.496467
16  51  2.496630
17  51  2.497524
18  51  2.499164
19  51  2.499266
20  51  2.499629
21  51  2.499233
22  51  2.498936
23  51  2.499075
24  51  2.499016
25  51  2.497118
26  51  2.498001
27  51  2.498248
28  51  2.498495
29  51  2.498678
30  51  2.499090
31  51  2.497409
32  51  2.498324
33  51  2.499254
34  51  2.499128
35  51  2.498887
36  51  2.498898
37  51  2.498946
38  51  2.499008
39  51  2.499483
40  51  2.498067
41  51  2.496625
42  51  2.496713
43  51  2.497794
44  51  2.499220
45  51  2.499115
46  51  2.499046
47  51  2.499490
48  51  2.499257
49  51  2.498833
50  51  2.498240
51  51  2.498182
52  51  2.497236
53  51  2.497524
54  51  2.498794
55  51  2.498617
56  51  2.498616
57  51  2.498924
58  51  2.499223
59  51  2.499012
60  51  2.498897
61  51  2.498785
62  51  2.499177
63  51  2.498793
0  52  2.498179
1  52  2.496814
2  52  2.496370
3  52  2.498674
4  52  2.498458
5  52  2.498863
6  52  2.499049
7  52  2.499585
8  52  2.498365
9  52  2.498330
10  52  2.497952
11  52  2.498498
12  52  2.498887
13  52  2.498764
14  52  2.498083
15  52  2.498128
16  52  2.498338
17  52  2.498375
18  52  2.498745
19  52  2.498825
20  52  2.499401
21  52  2.499351
22  52  2.498125
23  52  2.498448
24  52  2.498713
25  52  2.497861
26  52  2.498592
27  52  2.498308
28  52  2.498563
29  52  2.498440
30  52  2.498588
31  52  2.498355
32  52  2.498671
33  52  2.499018
34  52  2.499244
35  52  2.499057
36  52  2.499240
37  52  2.499037
38  52  2.498921
39  52  2.499398
40  52  2.498585
41  52  2.496794
42  52  2.496299
43  52  2.497613
44  52  2.499290
45  52  2.498448
46  52  2.498361
47  52  2.499391
48  52  2.499402
49  52  2.499180
50  52  2.498362
51  52  2.498879
52  52  2.498310
53  52  2.497371
54  52  2.498644
55  52  2.498420
56  52  2.498113
57  52  2.498080
58  52  2.498497
59  52  2.498616
60  52  2.498879
61  52  2.498323
62  52  2.498158
63  52  2.498585
0  53  2.496363
1  53  2.497541
2  53  2.497679
3  53  2.497611
4  53  2.497595
5  53  2.498422
6  53  2.499065
7  53  2.499529
8  53  2.497584
9  53  2.497042
10  53  2.496956
11  53  2.498429
12  53  2.499224
13  53  2.499358
14  53  2.499024
15  53  2.498566
16  53  2.498673
17  53  2.498735
18  53  2.498913
19  53  2.498880
20  53  2.498735
21  53  2.498708
22  53  2.496944
23  53  2.497922
24  53  2.497993
25  53  2.497312
26  53  2.497845
27  53  2.498134
28  53  2.499591
29  53  2.499632
30  53  2.499050
31  53  2.498301
32  53  2.498448
33  53  2.498242
34  53  2.498762
35  53  2.498742
36  53  2.497497
37  53  2.498162
38  53  2.498202
39  53  2.499273
40  53  2.498706
41  53  2.498600
42  53  2.498687
43  53  2.498484
44  53  2.498190
45  53  2.498338
46  53  2.498426
47  53  2.498889
48  53  2.499415
49  53  2.499565
50  53  2.497616
51  53  2.497423
52  53  2.498045
53  53  2.498569
54  53  2.499063
55  53  2.498541
56  53  2.498506
57  53  2.498659
58  53  2.498689
59  53  2.498529
60  53  2.498506
61  53  2.498425
62  53  2.497095
63  53  2.496392
0  54  2.497088
1  54  2.499205
2  54  2.498605
3  54  2.498594
4  54  2.498191
5  54  2.498755
6  54  2.499278
7  54  2.498595
8  54  2.497386
9  54  2.496568
10  54  2.498147
11  54  2.498123
12  54  2.498735
13  54  2.499141
14  54  2.499342
15  54  2.499365
16  54  2.498754
17  54  2.498271
18  54  2.498162
19  54  2.498549
20  54  2.498550
21  54  2.497937
22  54  2.495852
23  54  2.495917
24  54  2.497989
25  54  2.498185
26  54  2.498742
27  54  2.499233
28  54  2.499120
29  54  2.499509
30  54  2.499425
31  54  2.498051
32  54  2.498687
33  54  2.498182
34  54  2.498601
35  54  2.498805
36  54  2.497657
37  54  2.498548
38  54  2.499168
39  54  2.499413
40  54  2.498321
41  54  2.498598
42  54  2.498953
43  54  2.498796
44  54  2.498419
45  54  2.498465
46  54  2.498670
47  54  2.498829
48  54  2.499242
49  54  2.499141
50  54  2.495836
51  54  2.495779
52  54  2.495348
53  54  2.498622
54  54  2.499221
55  54  2.499630
56  54  2.499343
57  54  2.499385
58  54  2.498819
59  54  2.496980
60  54  2.496936
61  54  2.497272
62  54  2.497358
63  54  2.496974
0  55  2.498319
1  55  2.498690
2  55  2.498882
3  55  2.499481
4  55  2.499502
5  55  2.499229
6  55  2.499084
7  55  2.497802
8  55  2.496929
9  55  2.495716
10  55  2.497097
11  55  2.497592
12  55  2.498099
13  55  2.498497
14  55  2.499180
15  55  2.499626
16  55  2.498727
17  55  2.498473
18  55  2.498635
19  55  2.499001
20  55  2.499173
21  55  2.498260
22  55  2.497409
23  55  2.497928
24  55  2.499105
25  55  2.498180
26  55  2.498218
27  55  2.499073
28  55  2.498746
29  55  2.499251
30  55  2.499044
31  55  2.498037
32  55  2.498723
33  55  2.498382
34  55  2.497706
35  55  2.498238
36  55  2.497150
37  55  2.498276
38  55  2.498816
39  55  2.499281
40  55  2.499123
41  55  2.498686
42  55  2.498265
43  55  2.497664
44  55  2.498434
45  55  2.498880
46  55  2.499027
47  55  2.499354
48  55  2.498980
49  55  2.498924
50  55  2.496726
51  55  2.497907
52  55  2.497370
53  55  2.498560
54  55  2.499163
55  55  2.499177
56  55  2.499333
57  55  2.499382
58  55  2.499032
59  55  2.498265
60  55  2.498250
61  55  2.498142
62  55  2.499184
63  55  2.499245
0  56  2.499161
1  56  2.499199
2  56  2.499075
3  56  2.498883
4  56  2.499297
5  56  2.499050
6  56  2.499277
7  56  2.497189
8  56  2.496932
9  56  2.496524
10  56  2.497821
11  56  2.497856
12  56  2.498463
13  56  2.498724
14  56  2.499435
15  56  2.499443
16  56  2.498546
17  56  2.498416
18  56  2.498317
19  56  2.498688
20  56  2.499391
21  56  2.498500
22  56  2.497952
23  56  2.498004
24  56  2.498083
25  56  2.497717
26  56  2.496775
27  56  2.498497
28  56  2.498766
29  56  2.499191
30  56  2.498740
31  56  2.498051
32  56  2.498294
33  56  2.498128
34  56  2.498978
35  56  2.498839
36  56  2.499045
37  56  2.499295
38  56  2.499080
39  56  2.498853
40  56  2.498706
41  56  2.498999
42  56  2.498984
43  56  2.498436
44  56  2.498873
45  56  2.498904
46  56  2.499175
47  56  2.498942
48  56  2.498422
49  56  2.497923
50  56  2.496855
51  56  2.498529
52  56  2.497537
53  56  2.497749
54  56  2.499304
55  56  2.499228
56  56  2.499162
57  56  2.499169
58  56  2.498666
59  56  2.498096
60  56  2.498626
61  56  2.498265
62  56  2.499393
63  56  2.499472
0  57  2.499761
1  57  2.499806
2  57  2.498486
3  57  2.498265
4  57  2.499269
5  57  2.499395
6  57  2.499518
7  57  2.497964
8  57  2.497443
9  57  2.497445
10  57  2.497897
11  57  2.498284
12  57  2.499009
13  57  2.499258
14  57  2.499414
15  57  2.499049
16  57  2.498708
17  57  2.498470
18  57  2.498394
19  57  2.498274
20  57  2.498999
21  57  2.499287
22  57  2.499399
23  57  2.499721
24  57  2.498668
25  57  2.498967
26  57  2.497621
27  57  2.498636
28  57  2.499195
29  57  2.499395
30  57  2.498525
31  57  2.498421
32  57  2.498276
33  57  2.498507
34  57  2.499472
35  57  2.499401
36  57  2.499170
37  57  2.499364
38  57  2.498744
39  57  2.498828
40  57  2.499017
41  57  2.499223
42  57  2.498032
43  57  2.497861
44  57  2.499201
45  57  2.498924
46  57  2.498935
47  57  2.498725
48  57  2.498531
49  57  2.499346
50  57  2.498406
51  57  2.497157
52  57  2.496971
53  57  2.497526
54  57  2.499614
55  57  2.498576
56  57  2.498127
57  57  2.498009
58  57  2.498328
59  57  2.498881
60  57  2.499312
61  57  2.499515
62  57  2.499036
63  57  2.499118
0  58  2.499487
1  58  2.498924
2  58  2.498063
3  58  2.498196
4  58  2.499054
5  58  2.498196
6  58  2.498200
7  58  2.496996
8  58  2.497787
9  58  2.497400
10  58  2.498669
11  58  2.499096
12  58  2.499212
13  58  2.498894
14  58  2.498871
15  58  2.498797
16  58  2.498693
17  58  2.498530
18  58  2.498457
19  58  2.498082
20  58  2.499274
21  58  2.499532
22  58  2.499461
23  58  2.499765
24  58  2.498578
25  58  2.498933
26  58  2.497793
27  58  2.498575
28  58  2.499546
29  58  2.499715
30  58  2.499192
31  58  2.498478
32  58  2.498293
33  58  2.498030
34  58  2.499050
35  58  2.499320
36  58  2.499624
37  58  2.499657
38  58  2.498848
39  58  2.498892
40  58  2.498986
41  58  2.499239
42  58  2.498078
43  58  2.498832
44  58  2.499141
45  58  2.499222
46  58  2.499418
47  58  2.498546
48  58  2.498044
49  58  2.498093
50  58  2.497625
51  58  2.495559
52  58  2.496238
53  58  2.497113
54  58  2.499597
55  58  2.498677
56  58  2.497905
57  58  2.497768
58  58  2.498714
59  58  2.499158
60  58  2.499260
61  58  2.499450
62  58  2.499230
63  58  2.498499
0  59  2.497632
1  59  2.497488
2  59  2.498255
3  59  2.498537
4  59  2.499162
5  59  2.498352
6  59  2.498203
7  59  2.497039
8  59  2.498158
9  59  2.496681
10  59  2.498370
11  59  2.498698
12  59  2.499001
13  59  2.498557
14  59  2.498272
15  59  2.497410
16  59  2.497751
17  59  2.497607
18  59  2.498374
19  59  2.498503
20  59  2.499469
21  59  2.499142
22  59  2.498033
23  59  2.499499
24  59  2.498654
25  59  2.498592
26  59  2.498603
27  59  2.499044
28  59  2.499320
29  59  2.499344
30  59  2.498605
31  59  2.497943
32  59  2.497820
33  59  2.498273
34  59  2.499187
35  59  2.499615
36  59  2.499448
37  59  2.499298
38  59  2.498863
39  59  2.498893
40  59  2.498620
41  59  2.498765
42  59  2.497725
43  59  2.498230
44  59  2.498759
45  59  2.499324
46  59  2.499407
47  59  2.498157
48  59  2.497367
49  59  2.497611
50  59  2.498606
51  59  2.498852
52  59  2.498472
53  59  2.498601
54  59  2.499783
55  59  2.498494
56  59  2.498033
57  59  2.497708
58  59  2.498643
59  59  2.498583
60  59  2.498327
61  59  2.499080
62  59  2.499140
63  59  2.497572
0  60  2.496411
1  60  2.495744
2  60  2.497635
3  60  2.498471
4  60  2.498762
5  60  2.497350
6  60  2.497619
7  60  2.497191
8  60  2.498765
9  60  2.497805
10  60  2.498751
11  60  2.499026
12  60  2.499164
13  60  2.498639
14  60  2.498489
15  60  2.497850
16  60  2.496938
17  60  2.496533
18  60  2.497691
19  60  2.498465
20  60  2.498328
21  60  2.498349
22  60  2.497953
23  60  2.499484
24  60  2.499598
25  60  2.499423
26  60  2.499360
27  60  2.499142
28  60  2.499070
29  60  2.498987
30  60  2.499211
31  60  2.498185
32  60  2.497586
33  60  2.497689
34  60  2.497949
35  60  2.498652
36  60  2.498795
37  60  2.499248
38  60  2.499278
39  60  2.498719
40  60  2.498172
41  60  2.498450
42  60  2.498527
43  60  2.498978
44  60  2.499403
45  60  2.499799
46  60  2.499428
47  60  2.498498
48  60  2.498364
49  60  2.498593
50  60  2.499473
51  60  2.499080
52  60  2.498616
53  60  2.498674
54  60  2.499586
55  60  2.499293
56  60  2.498930
57  60  2.499042
58  60  2.498884
59  60  2.499076
60  60  2.498599
61  60  2.498872
62  60  2.498598
63  60  2.496752
0  61  2.498879
1  61  2.498325
2  61  2.498463
3  61  2.498407
4  61  2.498975
5  61  2.499511
6  61  2.499546
7  61  2.499600
8  61  2.499598
9  61  2.499240
10  61  2.498909
11  61  2.498465
12  61  2.498920
13  61  2.498834
14  61  2.498985
15  61  2.498427
16  61  2.496310
17  61  2.496244
18  61  2.497551
19  61  2.498822
20  61  2.498085
21  61  2.498129
22  61  2.497884
23  61  2.499591
24  61  2.499204
25  61  2.499328
26  61  2.499107
27  61  2.499087
28  61  2.498130
29  61  2.498072
30  61  2.498309
31  61  2.498695
32  61  2.497720
33  61  2.498272
34  61  2.498507
35  61  2.499026
36  61  2.497946
37  61  2.498522
38  61  2.498682
39  61  2.498758
40  61  2.498684
41  61  2.498826
42  61  2.498791
43  61  2.499240
44  61  2.498901
45  61  2.499415
46  61  2.498963
47  61  2.498321
48  61  2.498229
49  61  2.498679
50  61  2.499684
51  61  2.499670
52  61  2.498250
53  61  2.498501
54  61  2.498985
55  61  2.499376
56  61  2.499354
57  61  2.498980
58  61  2.498680
59  61  2.498807
60  61  2.499105
61  61  2.499480
62  61  2.499071
63  61  2.497978
0  62  2.498484
1  62  2.498368
2  62  2.498188
3  62  2.498578
4  62  2.498820
5  62  2.499016
6  62  2.498460
7  62  2.498506
8  62  2.498198
9  62  2.499347
10  62  2.499146
11  62  2.498715
12  62  2.498444
13  62  2.498785
14  62  2.498992
15  62  2.499341
16  62  2.497484
17  62  2.498538
18  62  2.498779
19  62  2.499779
20  62  2.499753
21  62  2.499746
22  62  2.499289
23  62  2.498837
24  62  2.498973
25  62  2.498841
26  62  2.499261
27  62  2.499064
28  62  2.498664
29  62  2.499152
30  62  2.498978
31  62  2.499503
32  62  2.498943
33  62  2.499475
34  62  2.499340
35  62  2.499019
36  62  2.498097
37  62  2.498659
38  62  2.498832
39  62  2.499003
40  62  2.498759
41  62  2.499078
42  62  2.499228
43  62  2.499693
44  62  2.498796
45  62  2.498954
46  62  2.499010
47  62  2.499406
48  62  2.499298
49  62  2.499802
50  62  2.499492
51  62  2.499618
52  62  2.498351
53  62  2.498654
54  62  2.498963
55  62  2.499521
56  62  2.499357
57  62  2.498822
58  62  2.499114
59  62  2.499144
60  62  2.499101
61  62  2.499109
62  62  2.499041
63  62  2.498674
0  63  2.498016
1  63  2.498221
2  63  2.498115
3  63  2.499186
4  63  2.499061
5  63  2.499080
6  63  2.498740
7  63  2.498734
8  63  2.498079
9  63  2.498621
10  63  2.498762
11  63  2.497471
12  63  2.497850
13  63  2.498994
14  63  2.498916
15  63  2.499227
16  63  2.498181
17  63  2.498493
18  63  2.498403
19  63  2.499678
20  63  2.499435
21  63  2.499423
22  63  2.499107
23  63  2.498892
24  63  2.498988
25  63  2.498938
26  63  2.499231
27  63  2.498502
28  63  2.498044
29  63  2.499160
30  63  2.498824
31  63  2.499267
32  63  2.499025
33  63  2.499295
34  63  2.499763
35  63  2.499647
36  63  2.499256
37  63  2.499201
38  63  2.498766
39  63  2.499557
40  63  2.499147
41  63  2.499301
42  63  2.499006
43  63  2.499573
44  63  2.498936
45  63  2.499056
46  63  2.499123
47  63  2.499353
48  63  2.499332
49  63  2.499558
50  63  2.499327
51  63  2.499479
52  63  2.498393
53  63  2.498636
54  63  2.498979
55  63  2.499519
56  63  2.499323
57  63  2.498457
58  63  2.499248
59  63  2.499059
60  63  2.498664
61  63  2.498703
62  63  2.499003
63  63  2.499137
