# Spinor density |Psi|^2 at t = 90 seconds
# Grid: 64 x 64
# Columns: x  y  density
0  0  0.00011223
1  0  0.00040274
2  0  0.00024586
3  0  0.00022318
4  0  0.00019381
5  0  0.00023736
6  0  0.00008681
7  0  0.00021520
8  0  0.00035520
9  0  0.00027105
10  0  0.00029788
11  0  0.00043966
12  0  0.00037418
13  0  0.00007260
14  0  0.00029046
15  0  0.00030749
16  0  0.00023789
17  0  0.00010836
18  0  0.00016812
19  0  0.00023540
20  0  0.00012342
21  0  0.00017812
22  0  0.00020795
23  0  0.00023895
24  0  0.00019498
25  0  0.00045782
26  0  0.00032478
27  0  0.00016808
28  0  0.00016981
29  0  0.00033101
30  0  0.00018894
31  0  0.00008361
32  0  0.00018081
33  0  0.00028342
34  0  0.00021228
35  0  0.00066598
36  0  0.00029282
37  0  0.00036211
38  0  0.00014511
39  0  0.00032599
40  0  0.00035335
41  0  0.00026532
42  0  0.00017265
43  0  0.00017404
44  0  0.00031794
45  0  0.00021361
46  0  0.00030409
47  0  0.00023758
48  0  0.00041857
49  0  0.00020506
50  0  0.00013885
51  0  0.00017267
52  0  0.00020343
53  0  0.00016607
54  0  0.00017677
55  0  0.00025465
56  0  0.00015395
57  0  0.00018825
58  0  0.00014724
59  0  0.00029309
60  0  0.00029731
61  0  0.00013837
62  0  0.00026438
63  0  0.00025653
0  1  0.00009228
1  1  0.00053850
2  1  0.00076572
3  1  0.00021996
4  1  0.00007864
5  1  0.00057015
6  1  0.00035438
7  1  0.00024646
8  1  0.00028145
9  1  0.00014460
10  1  0.00031194
11  1  0.00023319
12  1  0.00009408
13  1  0.00034081
14  1  0.00033776
15  1  0.00012474
16  1  0.00019728
17  1  0.00005326
18  1  0.00029105
19  1  0.00016286
20  1  0.00022211
21  1  0.00049050
22  1  0.00016360
23  1  0.00014182
24  1  0.00035699
25  1  0.00014315
26  1  0.00020292
27  1  0.00018932
28  1  0.00017061
29  1  0.00027536
30  1  0.00045659
31  1  0.00026298
32  1  0.00022697
33  1  0.00024860
34  1  0.00056870
35  1  0.00014834
36  1  0.00021373
37  1  0.00018803
38  1  0.00037970
39  1  0.00022761
40  1  0.00020251
41  1  0.00017339
42  1  0.00013706
43  1  0.00029197
44  1  0.00015077
45  1  0.00022813
46  1  0.00027746
47  1  0.00060371
48  1  0.00031951
49  1  0.00017820
50  1  0.00006806
51  1  0.00045481
52  1  0.00035806
53  1  0.00027489
54  1  0.00004029
55  1  0.00025115
56  1  0.00018599
57  1  0.00009642
58  1  0.00015728
59  1  0.00054684
60  1  0.00018045
61  1  0.00018448
62  1  0.00017584
63  1  0.00019874
0  2  0.00043562
1  2  0.00014296
2  2  0.00027464
3  2  0.00024448
4  2  0.00028477
5  2  0.00012361
6  2  0.00024808
7  2  0.00050148
8  2  0.00037250
9  2  0.00029998
10  2  0.00015220
11  2  0.00038083
12  2  0.00008360
13  2  0.00018358
14  2  0.00012793
15  2  0.00007291
16  2  0.00031570
17  2  0.00030063
18  2  0.00013400
19  2  0.00036819
20  2  0.00041917
21  2  0.00029202
22  2  0.00045623
23  2  0.00024415
24  2  0.00049631
25  2  0.00039316
26  2  0.00013027
27  2  0.00015509
28  2  0.00008186
29  2  0.00040175
30  2  0.00006012
31  2  0.00026247
32  2  0.00025570
33  2  0.00032041
34  2  0.00012643
35  2  0.00038185
36  2  0.00014466
37  2  0.00017334
38  2  0.00022105
39  2  0.00045136
40  2  0.00044309
41  2  0.00013221
42  2  0.00021586
43  2  0.00020949
44  2  0.00021749
45  2  0.00026981
46  2  0.00015584
47  2  0.00034668
48  2  0.00027895
49  2  0.00006730
50  2  0.00014489
51  2  0.00014265
52  2  0.00011304
53  2  0.00010675
54  2  0.00018204
55  2  0.00016175
56  2  0.00009672
57  2  0.00022300
58  2  0.00060868
59  2  0.00019631
60  2  0.00015303
61  2  0.00033718
62  2  0.00048026
63  2  0.00021782
0  3  0.00025081
1  3  0.00049834
2  3  0.00029120
3  3  0.00022610
4  3  0.00011735
5  3  0.00026808
6  3  0.00021056
7  3  0.00010042
8  3  0.00010377
9  3  0.00014689
10  3  0.00010540
11  3  0.00027660
12  3  0.00015877
13  3  0.00022196
14  3  0.00007346
15  3  0.00020712
16  3  0.00009865
17  3  0.00026238
18  3  0.00004779
19  3  0.00011962
20  3  0.00019107
21  3  0.00024970
22  3  0.00017280
23  3  0.00028904
24  3  0.00031562
25  3  0.00005412
26  3  0.00021072
27  3  0.00009310
28  3  0.00036567
29  3  0.00022748
30  3  0.00020645
31  3  0.00009787
32  3  0.00026091
33  3  0.00042390
34  3  0.00013359
35  3  0.00044628
36  3  0.00018116
37  3  0.00049260
38  3  0.00017928
39  3  0.00038173
40  3  0.00019025
41  3  0.00026047
42  3  0.00024640
43  3  0.00040067
44  3  0.00020615
45  3  0.00033672
46  3  0.00021992
47  3  0.00008072
48  3  0.00010917
49  3  0.00006860
50  3  0.00030028
51  3  0.00021992
52  3  0.00025798
53  3  0.00022150
54  3  0.00027968
55  3  0.00024219
56  3  0.00023578
57  3  0.00013301
58  3  0.00049508
59  3  0.00025621
60  3  0.00042034
61  3  0.00020784
62  3  0.00011019
63  3  0.00019445
0  4  0.00018515
1  4  0.00037990
2  4  0.00025208
3  4  0.00006377
4  4  0.00026567
5  4  0.00015625
6  4  0.00017577
7  4  0.00025136
8  4  0.00032897
9  4  0.00055635
10  4  0.00023123
11  4  0.00013670
12  4  0.00017620
13  4  0.00026531
14  4  0.00039754
15  4  0.00031540
16  4  0.00019755
17  4  0.00023456
18  4  0.00022177
19  4  0.00030252
20  4  0.00016973
21  4  0.00018220
22  4  0.00006857
23  4  0.00019879
24  4  0.00013343
25  4  0.00013785
26  4  0.00031467
27  4  0.00023023
28  4  0.00025111
29  4  0.00030186
30  4  0.00018621
31  4  0.00017321
32  4  0.00024798
33  4  0.00029602
34  4  0.00038103
35  4  0.00026591
36  4  0.00032757
37  4  0.00024373
38  4  0.00024082
39  4  0.00039446
40  4  0.00029008
41  4  0.00034774
42  4  0.00018460
43  4  0.00020821
44  4  0.00026587
45  4  0.00017600
46  4  0.00022424
47  4  0.00014696
48  4  0.00042250
49  4  0.00021939
50  4  0.00018247
51  4  0.00037442
52  4  0.00025456
53  4  0.00007687
54  4  0.00031937
55  4  0.00016572
56  4  0.00022076
57  4  0.00014342
58  4  0.00028949
59  4  0.00012314
60  4  0.00014305
61  4  0.00029447
62  4  0.00021534
63  4  0.00012362
0  5  0.00045065
1  5  0.00030869
2  5  0.00011301
3  5  0.00016924
4  5  0.00037145
5  5  0.00030342
6  5  0.00036293
7  5  0.00006943
8  5  0.00022886
9  5  0.00036135
10  5  0.00018245
11  5  0.00013851
12  5  0.00023340
13  5  0.00019506
14  5  0.00011800
15  5  0.00037994
16  5  0.00016859
17  5  0.00017361
18  5  0.00029362
19  5  0.00023745
20  5  0.00016633
21  5  0.00009165
22  5  0.00003980
23  5  0.00036514
24  5  0.00026960
25  5  0.00024077
26  5  0.00010420
27  5  0.00038092
28  5  0.00027139
29  5  0.00009496
30  5  0.00022028
31  5  0.00018568
32  5  0.00013610
33  5  0.00015516
34  5  0.00023284
35  5  0.00032803
36  5  0.00024885
37  5  0.00013783
38  5  0.00021812
39  5  0.00028174
40  5  0.00029484
41  5  0.00022219
42  5  0.00041704
43  5  0.00026571
44  5  0.00028598
45  5  0.00007739
46  5  0.00024200
47  5  0.00018318
48  5  0.00021143
49  5  0.00032362
50  5  0.00024726
51  5  0.00023146
52  5  0.00025103
53  5  0.00015006
54  5  0.00044386
55  5  0.00024660
56  5  0.00011972
57  5  0.00048722
58  5  0.00026582
59  5  0.00027435
60  5  0.00013060
61  5  0.00019523
62  5  0.00016918
63  5  0.00018236
0  6  0.00021753
1  6  0.00036781
2  6  0.00027170
3  6  0.00019867
4  6  0.00029201
5  6  0.00046015
6  6  0.00011305
7  6  0.00012914
8  6  0.00019034
9  6  0.00011525
10  6  0.00047297
11  6  0.00013828
12  6  0.00027100
13  6  0.00027373
14  6  0.00031629
15  6  0.00034815
16  6  0.00017565
17  6  0.00026191
18  6  0.00021338
19  6  0.00011257
20  6  0.00014813
21  6  0.00037704
22  6  0.00026123
23  6  0.00014455
24  6  0.00022340
25  6  0.00030938
26  6  0.00029107
27  6  0.00036240
28  6  0.00032033
29  6  0.00022019
30  6  0.00036273
31  6  0.00021235
32  6  0.00019797
33  6  0.00020887
34  6  0.00019031
35  6  0.00019076
36  6  0.00018762
37  6  0.00006838
38  6  0.00031027
39  6  0.00029392
40  6  0.00038253
41  6  0.00022526
42  6  0.00016200
43  6  0.00016172
44  6  0.00016875
45  6  0.00027470
46  6  0.00014727
47  6  0.00039549
48  6  0.00024500
49  6  0.00018424
50  6  0.00035538
51  6  0.00022084
52  6  0.00051327
53  6  0.00022238
54  6  0.00015059
55  6  0.00023703
56  6  0.00029824
57  6  0.00008099
58  6  0.00026128
59  6  0.00041665
60  6  0.00015383
61  6  0.00023899
62  6  0.00044920
63  6  0.00052295
0  7  0.00016023
1  7  0.00031125
2  7  0.00063624
3  7  0.00017231
4  7  0.00034513
5  7  0.00023476
6  7  0.00007982
7  7  0.00014881
8  7  0.00009712
9  7  0.00006914
10  7  0.00033199
11  7  0.00051882
12  7  0.00044725
13  7  0.00011872
14  7  0.00036205
15  7  0.00014726
16  7  0.00021937
17  7  0.00029903
18  7  0.00025103
19  7  0.00011682
20  7  0.00016817
21  7  0.00040265
22  7  0.00059413
23  7  0.00016613
24  7  0.00026027
25  7  0.00013879
26  7  0.00026005
27  7  0.00025132
28  7  0.00012056
29  7  0.00024690
30  7  0.00033964
31  7  0.00021265
32  7  0.00028682
33  7  0.00031012
34  7  0.00020416
35  7  0.00018137
36  7  0.00016043
37  7  0.00020195
38  7  0.00049852
39  7  0.00044876
40  7  0.00015471
41  7  0.00014750
42  7  0.00025262
43  7  0.00026350
44  7  0.00013908
45  7  0.00009979
46  7  0.00021545
47  7  0.00012942
48  7  0.00038455
49  7  0.00011680
50  7  0.00018774
51  7  0.00041029
52  7  0.00025103
53  7  0.00027748
54  7  0.00030911
55  7  0.00018600
56  7  0.00032610
57  7  0.00027432
58  7  0.00032007
59  7  0.00033237
60  7  0.00027474
61  7  0.00032415
62  7  0.00032535
63  7  0.00022871
0  8  0.00038327
1  8  0.00015547
2  8  0.00033910
3  8  0.00019883
4  8  0.00011369
5  8  0.00035177
6  8  0.00006169
7  8  0.00040557
8  8  0.00020899
9  8  0.00035955
10  8  0.00020549
11  8  0.00027675
12  8  0.00019354
13  8  0.00044236
14  8  0.00038443
15  8  0.00029952
16  8  0.00020807
17  8  0.00021832
18  8  0.00033816
19  8  0.00021531
20  8  0.00031814
21  8  0.00011710
22  8  0.00020028
23  8  0.00012985
24  8  0.00018436
25  8  0.00021870
26  8  0.00029959
27  8  0.00029298
28  8  0.00036332
29  8  0.00014581
30  8  0.00018322
31  8  0.00008664
32  8  0.00020983
33  8  0.00012013
34  8  0.00019045
35  8  0.00016953
36  8  0.00041945
37  8  0.00023859
38  8  0.00030585
39  8  0.00022425
40  8  0.00022182
41  8  0.00009600
42  8  0.00022505
43  8  0.00014903
44  8  0.00004021
45  8  0.00019699
46  8  0.00031417
47  8  0.00032166
48  8  0.00019214
49  8  0.00030383
50  8  0.00011819
51  8  0.00016539
52  8  0.00021735
53  8  0.00014097
54  8  0.00009038
55  8  0.00014942
56  8  0.00021801
57  8  0.00014378
58  8  0.00012984
59  8  0.00024793
60  8  0.00016094
61  8  0.00038485
62  8  0.00026518
63  8  0.00023416
0  9  0.00012934
1  9  0.00012379
2  9  0.00026492
3  9  0.00025149
4  9  0.00027985
5  9  0.00018358
6  9  0.00030888
7  9  0.00025972
8  9  0.00013451
9  9  0.00010824
10  9  0.00003916
11  9  0.00020885
12  9  0.00026060
13  9  0.00012627
14  9  0.00010505
15  9  0.00033113
16  9  0.00036584
17  9  0.00017540
18  9  0.00056682
19  9  0.00021032
20  9  0.00019759
21  9  0.00023899
22  9  0.00029013
23  9  0.00016704
24  9  0.00025988
25  9  0.00030892
26  9  0.00026395
27  9  0.00004710
28  9  0.00007217
29  9  0.00035292
30  9  0.00011348
31  9  0.00040956
32  9  0.00033219
33  9  0.00022982
34  9  0.00027943
35  9  0.00037509
36  9  0.00028443
37  9  0.00014723
38  9  0.00035856
39  9  0.00003145
40  9  0.00013711
41  9  0.00038125
42  9  0.00055517
43  9  0.00028780
44  9  0.00011670
45  9  0.00011957
46  9  0.00036535
47  9  0.00019484
48  9  0.00031016
49  9  0.00028611
50  9  0.00010613
51  9  0.00017680
52  9  0.00008581
53  9  0.00020265
54  9  0.00016383
55  9  0.00007985
56  9  0.00008909
57  9  0.00031743
58  9  0.00016187
59  9  0.00018736
60  9  0.00018125
61  9  0.00015821
62  9  0.00049011
63  9  0.00019025
0  10  0.00063880
1  10  0.00021058
2  10  0.00022570
3  10  0.00027857
4  10  0.00007007
5  10  0.00021675
6  10  0.00037606
7  10  0.00031626
8  10  0.00022459
9  10  0.00012430
10  10  0.00042378
11  10  0.00050130
12  10  0.00007987
13  10  0.00026911
14  10  0.00020682
15  10  0.00034976
16  10  0.00031109
17  10  0.00041792
18  10  0.00019625
19  10  0.00040672
20  10  0.00026935
21  10  0.00028466
22  10  0.00004807
23  10  0.00013707
24  10  0.00008399
25  10  0.00029623
26  10  0.00020922
27  10  0.00054135
28  10  0.00007241
29  10  0.00020292
30  10  0.00044766
31  10  0.00026766
32  10  0.00013029
33  10  0.00024218
34  10  0.00019470
35  10  0.00021071
36  10  0.00040535
37  10  0.00047112
38  10  0.00014053
39  10  0.00041620
40  10  0.00011015
41  10  0.00048948
42  10  0.00032376
43  10  0.00043962
44  10  0.00014421
45  10  0.00023593
46  10  0.00022226
47  10  0.00015958
48  10  0.00015735
49  10  0.00008252
50  10  0.00014716
51  10  0.00011983
52  10  0.00034363
53  10  0.00005988
54  10  0.00021698
55  10  0.00011297
56  10  0.00033174
57  10  0.00013190
58  10  0.00017120
59  10  0.00037390
60  10  0.00033133
61  10  0.00022352
62  10  0.00017537
63  10  0.00019392
0  11  0.00020095
1  11  0.00015872
2  11  0.00012390
3  11  0.00027535
4  11  0.00015953
5  11  0.00015961
6  11  0.00015350
7  11  0.00032378
8  11  0.00021294
9  11  0.00045982
10  11  0.00013183
11  11  0.00012344
12  11  0.00024354
13  11  0.00021096
14  11  0.00030755
15  11  0.00035556
16  11  0.00024720
17  11  0.00031053
18  11  0.00039750
19  11  0.00023973
20  11  0.00017673
21  11  0.00051849
22  11  0.00022100
23  11  0.00026072
24  11  0.00026922
25  11  0.00031175
26  11  0.00041461
27  11  0.00013380
28  11  0.00032620
29  11  0.00046366
30  11  0.00020558
31  11  0.00023018
32  11  0.00042406
33  11  0.00031720
34  11  0.00006839
35  11  0.00018882
36  11  0.00017705
37  11  0.00015280
38  11  0.00024653
39  11  0.00014959
40  11  0.00050258
41  11  0.00025546
42  11  0.00026553
43  11  0.00021871
44  11  0.00043807
45  11  0.00024995
46  11  0.00030399
47  11  0.00017661
48  11  0.00021854
49  11  0.00016047
50  11  0.00017744
51  11  0.00010242
52  11  0.00034389
53  11  0.00011641
54  11  0.00032071
55  11  0.00009411
56  11  0.00017167
57  11  0.00036789
58  11  0.00031112
59  11  0.00043223
60  11  0.00017071
61  11  0.00030072
62  11  0.00009502
63  11  0.00013832
0  12  0.00040230
1  12  0.00022073
2  12  0.00017897
3  12  0.00050058
4  12  0.00042121
5  12  0.00026354
6  12  0.00008901
7  12  0.00033519
8  12  0.00020969
9  12  0.00015306
10  12  0.00045051
11  12  0.00017440
12  12  0.00012269
13  12  0.00042804
14  12  0.00038969
15  12  0.00039498
16  12  0.00020336
17  12  0.00033551
18  12  0.00012242
19  12  0.00022417
20  12  0.00007072
21  12  0.00023653
22  12  0.00024626
23  12  0.00026182
24  12  0.00026809
25  12  0.00024650
26  12  0.00028085
27  12  0.00013962
28  12  0.00024538
29  12  0.00007683
30  12  0.00026738
31  12  0.00017767
32  12  0.00009406
33  12  0.00011870
34  12  0.00027615
35  12  0.00030089
36  12  0.00021636
37  12  0.00017983
38  12  0.00009259
39  12  0.00013149
40  12  0.00038147
41  12  0.00007740
42  12  0.00020646
43  12  0.00014792
44  12  0.00005918
45  12  0.00027982
46  12  0.00040149
47  12  0.00025818
48  12  0.00048253
49  12  0.00006798
50  12  0.00030967
51  12  0.00013169
52  12  0.00034279
53  12  0.00023493
54  12  0.00022532
55  12  0.00025824
56  12  0.00015322
57  12  0.00023259
58  12  0.00021836
59  12  0.00013003
60  12  0.00037813
61  12  0.00034488
62  12  0.00012764
63  12  0.00013287
0  13  0.00033303
1  13  0.00014817
2  13  0.00007792
3  13  0.00019605
4  13  0.00020022
5  13  0.00029899
6  13  0.00006094
7  13  0.00018231
8  13  0.00059407
9  13  0.00056068
10  13  0.00018697
11  13  0.00011557
12  13  0.00016757
13  13  0.00026863
14  13  0.00022761
15  13  0.00011497
16  13  0.00031345
17  13  0.00019404
18  13  0.00017246
19  13  0.00021164
20  13  0.00024593
21  13  0.00023335
22  13  0.00015891
23  13  0.00013424
24  13  0.00026567
25  13  0.00045005
26  13  0.00035982
27  13  0.00016747
28  13  0.00019227
29  13  0.00035490
30  13  0.00014549
31  13  0.00026086
32  13  0.00032906
33  13  0.00015730
34  13  0.00023070
35  13  0.00031476
36  13  0.00015921
37  13  0.00019853
38  13  0.00043768
39  13  0.00005141
40  13  0.00015119
41  13  0.00012823
42  13  0.00022960
43  13  0.00036871
44  13  0.00022692
45  13  0.00012103
46  13  0.00018859
47  13  0.00008423
48  13  0.00007808
49  13  0.00032518
50  13  0.00012345
51  13  0.00028937
52  13  0.00030438
53  13  0.00028613
54  13  0.00016516
55  13  0.00041287
56  13  0.00013557
57  13  0.00030026
58  13  0.00022307
59  13  0.00015726
60  13  0.00029293
61  13  0.00019633
62  13  0.00044968
63  13  0.00035054
0  14  0.00029024
1  14  0.00036399
2  14  0.00044768
3  14  0.00031894
4  14  0.00014317
5  14  0.00014730
6  14  0.00037903
7  14  0.00022784
8  14  0.00025304
9  14  0.00006338
10  14  0.00017890
11  14  0.00015968
12  14  0.00008598
13  14  0.00025376
14  14  0.00022755
15  14  0.00021763
16  14  0.00032351
17  14  0.00015401
18  14  0.00023587
19  14  0.00016955
20  14  0.00008566
21  14  0.00039065
22  14  0.00042425
23  14  0.00006628
24  14  0.00020836
25  14  0.00027727
26  14  0.00015995
27  14  0.00048219
28  14  0.00011533
29  14  0.00044480
30  14  0.00053475
31  14  0.00057246
32  14  0.00012183
33  14  0.00060469
34  14  0.00048103
35  14  0.00019411
36  14  0.00024148
37  14  0.00020849
38  14  0.00020367
39  14  0.00012880
40  14  0.00022271
41  14  0.00051529
42  14  0.00013852
43  14  0.00009607
44  14  0.00026087
45  14  0.00030585
46  14  0.00013877
47  14  0.00013652
48  14  0.00031581
49  14  0.00013070
50  14  0.00049493
51  14  0.00031352
52  14  0.00028625
53  14  0.00048950
54  14  0.00018153
55  14  0.00011828
56  14  0.00004555
57  14  0.00054983
58  14  0.00027371
59  14  0.00023498
60  14  0.00017177
61  14  0.00040316
62  14  0.00022590
63  14  0.00016125
0  15  0.00024201
1  15  0.00012518
2  15  0.00016091
3  15  0.00027280
4  15  0.00015089
5  15  0.00030469
6  15  0.00037592
7  15  0.00035611
8  15  0.00035817
9  15  0.00013853
10  15  0.00031367
11  15  0.00019060
12  15  0.00050814
13  15  0.00041184
14  15  0.00037733
15  15  0.00015881
16  15  0.00018427
17  15  0.00018551
18  15  0.00057659
19  15  0.00009986
20  15  0.00007758
21  15  0.00014280
22  15  0.00021692
23  15  0.00018446
24  15  0.00024826
25  15  0.00022476
26  15  0.00071585
27  15  0.00027365
28  15  0.00017312
29  15  0.00016244
30  15  0.00024387
31  15  0.00016935
32  15  0.00018666
33  15  0.00015661
34  15  0.00034758
35  15  0.00040955
36  15  0.00019537
37  15  0.00031141
38  15  0.00041069
39  15  0.00022303
40  15  0.00018026
41  15  0.00023093
42  15  0.00012880
43  15  0.00017847
44  15  0.00016642
45  15  0.00015994
46  15  0.00039957
47  15  0.00022261
48  15  0.00032308
49  15  0.00025257
50  15  0.00015748
51  15  0.00032668
52  15  0.00020985
53  15  0.00007158
54  15  0.00030431
55  15  0.00026511
56  15  0.00058706
57  15  0.00018730
58  15  0.00005453
59  15  0.00036405
60  15  0.00015204
61  15  0.00031559
62  15  0.00009118
63  15  0.00011476
0  16  0.00012116
1  16  0.00010530
2  16  0.00018319
3  16  0.00024877
4  16  0.00017205
5  16  0.00036811
6  16  0.00008444
7  16  0.00031208
8  16  0.00008676
9  16  0.00028357
10  16  0.00031189
11  16  0.00031835
12  16  0.00022834
13  16  0.00018123
14  16  0.00011240
15  16  0.00016107
16  16  0.00042344
17  16  0.00038859
18  16  0.00046454
19  16  0.00021721
20  16  0.00017253
21  16  0.00020314
22  16  0.00022298
23  16  0.00012750
24  16  0.00034664
25  16  0.00029537
26  16  0.00039298
27  16  0.00029751
28  16  0.00025209
29  16  0.00053897
30  16  0.00053797
31  16  0.00064070
32  16  0.00017385
33  16  0.00048040
34  16  0.00014404
35  16  0.00033731
36  16  0.00012283
37  16  0.00018684
38  16  0.00028888
39  16  0.00022910
40  16  0.00029942
41  16  0.00023453
42  16  0.00025713
43  16  0.00017419
44  16  0.00034293
45  16  0.00014575
46  16  0.00029036
47  16  0.00027820
48  16  0.00043341
49  16  0.00014757
50  16  0.00021550
51  16  0.00043764
52  16  0.00011366
53  16  0.00033938
54  16  0.00017995
55  16  0.00012474
56  16  0.00021386
57  16  0.00032711
58  16  0.00030131
59  16  0.00075301
60  16  0.00022041
61  16  0.00033968
62  16  0.00019602
63  16  0.00016645
0  17  0.00017667
1  17  0.00015885
2  17  0.00032006
3  17  0.00017027
4  17  0.00025213
5  17  0.00055428
6  17  0.00028322
7  17  0.00024529
8  17  0.00025474
9  17  0.00021269
10  17  0.00042074
11  17  0.00022949
12  17  0.00039168
13  17  0.00009661
14  17  0.00028626
15  17  0.00038604
16  17  0.00025944
17  17  0.00038905
18  17  0.00026459
19  17  0.00026054
20  17  0.00025297
21  17  0.00004518
22  17  0.00020604
23  17  0.00017004
24  17  0.00049454
25  17  0.00013385
26  17  0.00022141
27  17  0.00017225
28  17  0.00035966
29  17  0.00040867
30  17  0.00048759
31  17  0.00029068
32  17  0.00023080
33  17  0.00021893
34  17  0.00024181
35  17  0.00023287
36  17  0.00022126
37  17  0.00031842
38  17  0.00035149
39  17  0.00019264
40  17  0.00020097
41  17  0.00021255
42  17  0.00005148
43  17  0.00033826
44  17  0.00019857
45  17  0.00016302
46  17  0.00016882
47  17  0.00037935
48  17  0.00018780
49  17  0.00022521
50  17  0.00033062
51  17  0.00020260
52  17  0.00042316
53  17  0.00008077
54  17  0.00009729
55  17  0.00014135
56  17  0.00011538
57  17  0.00017309
58  17  0.00039602
59  17  0.00039437
60  17  0.00023671
61  17  0.00009351
62  17  0.00038030
63  17  0.00025699
0  18  0.00005134
1  18  0.00010747
2  18  0.00041962
3  18  0.00009996
4  18  0.00018761
5  18  0.00010657
6  18  0.00018610
7  18  0.00019931
8  18  0.00026664
9  18  0.00051599
10  18  0.00042871
11  18  0.00022419
12  18  0.00012135
13  18  0.00022291
14  18  0.00012268
15  18  0.00022335
16  18  0.00023639
17  18  0.00016968
18  18  0.00032083
19  18  0.00040997
20  18  0.00024888
21  18  0.00022708
22  18  0.00014431
23  18  0.00042433
24  18  0.00024312
25  18  0.00012657
26  18  0.00051778
27  18  0.00034984
28  18  0.00016195
29  18  0.00021207
30  18  0.00019126
31  18  0.00022703
32  18  0.00028977
33  18  0.00040764
34  18  0.00030115
35  18  0.00015873
36  18  0.00019227
37  18  0.00014395
38  18  0.00005947
39  18  0.00016045
40  18  0.00030209
41  18  0.00025631
42  18  0.00026781
43  18  0.00018543
44  18  0.00042566
45  18  0.00023440
46  18  0.00019848
47  18  0.00020960
48  18  0.00017058
49  18  0.00017495
50  18  0.00038102
51  18  0.00010902
52  18  0.00029071
53  18  0.00031669
54  18  0.00030882
55  18  0.00040214
56  18  0.00035399
57  18  0.00015524
58  18  0.00041522
59  18  0.00049346
60  18  0.00009739
61  18  0.00021878
62  18  0.00023139
63  18  0.00008782
0  19  0.00016843
1  19  0.00031035
2  19  0.00036114
3  19  0.00013461
4  19  0.00013474
5  19  0.00018333
6  19  0.00056141
7  19  0.00014976
8  19  0.00014441
9  19  0.00011780
10  19  0.00039103
11  19  0.00015543
12  19  0.00048135
13  19  0.00011096
14  19  0.00037313
15  19  0.00045163
16  19  0.00024598
17  19  0.00033850
18  19  0.00015824
19  19  0.00010707
20  19  0.00019954
21  19  0.00035335
22  19  0.00026041
23  19  0.00008025
24  19  0.00017110
25  19  0.00014458
26  19  0.00018057
27  19  0.00007759
28  19  0.00028748
29  19  0.00016889
30  19  0.00081013
31  19  0.00022847
32  19  0.00009832
33  19  0.00009902
34  19  0.00009204
35  19  0.00034221
36  19  0.00018858
37  19  0.00017497
38  19  0.00028867
39  19  0.00024215
40  19  0.00032739
41  19  0.00024005
42  19  0.00016893
43  19  0.00017943
44  19  0.00020301
45  19  0.00014286
46  19  0.00015438
47  19  0.00022935
48  19  0.00015077
49  19  0.00070521
50  19  0.00014301
51  19  0.00014834
52  19  0.00012481
53  19  0.00041346
54  19  0.00008467
55  19  0.00011803
56  19  0.00037835
57  19  0.00019663
58  19  0.00009156
59  19  0.00024937
60  19  0.00034082
61  19  0.00017516
62  19  0.00033189
63  19  0.00010860
0  20  0.00006417
1  20  0.00006947
2  20  0.00023173
3  20  0.00021585
4  20  0.00024108
5  20  0.00020226
6  20  0.00036975
7  20  0.00013811
8  20  0.00031204
9  20  0.00017113
10  20  0.00036690
11  20  0.00024239
12  20  0.00015783
13  20  0.00007120
14  20  0.00016496
15  20  0.00030264
16  20  0.00017512
17  20  0.00015099
18  20  0.00040220
19  20  0.00036723
20  20  0.00036838
21  20  0.00029272
22  20  0.00004514
23  20  0.00010599
24  20  0.00043946
25  20  0.00027340
26  20  0.00020553
27  20  0.00055349
28  20  0.00020386
29  20  0.00028225
30  20  0.00013061
31  20  0.00035546
32  20  0.00009226
33  20  0.00030892
34  20  0.00019942
35  20  0.00026657
36  20  0.00035711
37  20  0.00027726
38  20  0.00034888
39  20  0.00037787
40  20  0.00035411
41  20  0.00011247
42  20  0.00018297
43  20  0.00015713
44  20  0.00025071
45  20  0.00024469
46  20  0.00017342
47  20  0.00018922
48  20  0.00004784
49  20  0.00034441
50  20  0.00021819
51  20  0.00025510
52  20  0.00024468
53  20  0.00013800
54  20  0.00017254
55  20  0.00007804
56  20  0.00039680
57  20  0.00007003
58  20  0.00041923
59  20  0.00036339
60  20  0.00022673
61  20  0.00027882
62  20  0.00017129
63  20  0.00027574
0  21  0.00013510
1  21  0.00026767
2  21  0.00021358
3  21  0.00018055
4  21  0.00007826
5  21  0.00016416
6  21  0.00020954
7  21  0.00029226
8  21  0.00018171
9  21  0.00033013
10  21  0.00025461
11  21  0.00055509
12  21  0.00022897
13  21  0.00013590
14  21  0.00013259
15  21  0.00004778
16  21  0.00037843
17  21  0.00045928
18  21  0.00009135
19  21  0.00041800
20  21  0.00018253
21  21  0.00019363
22  21  0.00008152
23  21  0.00045766
24  21  0.00021749
25  21  0.00007399
26  21  0.00016183
27  21  0.00046955
28  21  0.00025353
29  21  0.00010653
30  21  0.00013355
31  21  0.00030588
32  21  0.00014003
33  21  0.00037196
34  21  0.00005737
35  21  0.00039833
36  21  0.00020157
37  21  0.00036601
38  21  0.00014500
39  21  0.00028674
40  21  0.00045323
41  21  0.00021259
42  21  0.00030206
43  21  0.00039735
44  21  0.00012417
45  21  0.00010418
46  21  0.00016608
47  21  0.00028586
48  21  0.00031572
49  21  0.00024640
50  21  0.00043243
51  21  0.00006605
52  21  0.00030444
53  21  0.00020040
54  21  0.00011361
55  21  0.00043577
56  21  0.00029409
57  21  0.00018745
58  21  0.00011811
59  21  0.00008232
60  21  0.00012222
61  21  0.00010514
62  21  0.00024383
63  21  0.00024569
0  22  0.00007259
1  22  0.00018651
2  22  0.00012520
3  22  0.00014676
4  22  0.00022703
5  22  0.00040259
6  22  0.00030418
7  22  0.00037145
8  22  0.00010206
9  22  0.00030402
10  22  0.00019376
11  22  0.00005728
12  22  0.00025831
13  22  0.00041416
14  22  0.00052081
15  22  0.00030689
16  22  0.00011882
17  22  0.00026933
18  22  0.00020639
19  22  0.00025662
20  22  0.00051194
21  22  0.00006664
22  22  0.00010253
23  22  0.00019012
24  22  0.00008610
25  22  0.00032074
26  22  0.00026090
27  22  0.00015865
28  22  0.00035861
29  22  0.00030591
30  22  0.00011388
31  22  0.00022501
32  22  0.00027477
33  22  0.00039188
34  22  0.00047136
35  22  0.00014183
36  22  0.00021873
37  22  0.00012775
38  22  0.00023229
39  22  0.00045714
40  22  0.00020037
41  22  0.00014953
42  22  0.00044804
43  22  0.00006205
44  22  0.00008331
45  22  0.00020092
46  22  0.00009943
47  22  0.00029194
48  22  0.00024502
49  22  0.00016175
50  22  0.00036286
51  22  0.00038070
52  22  0.00052540
53  22  0.00056158
54  22  0.00049039
55  22  0.00016225
56  22  0.00027945
57  22  0.00034490
58  22  0.00035427
59  22  0.00041287
60  22  0.00019670
61  22  0.00030495
62  22  0.00020813
63  22  0.00027769
0  23  0.00022089
1  23  0.00018039
2  23  0.00016137
3  23  0.00029062
4  23  0.00024156
5  23  0.00015712
6  23  0.00026747
7  23  0.00025354
8  23  0.00045695
9  23  0.00024389
10  23  0.00020796
11  23  0.00053063
12  23  0.00026929
13  23  0.00024005
14  23  0.00031441
15  23  0.00020388
16  23  0.00006852
17  23  0.00027535
18  23  0.00006094
19  23  0.00003720
20  23  0.00024173
21  23  0.00012207
22  23  0.00013690
23  23  0.00033560
24  23  0.00027146
25  23  0.00054240
26  23  0.00016455
27  23  0.00011524
28  23  0.00019241
29  23  0.00041389
30  23  0.00016561
31  23  0.00012807
32  23  0.00019563
33  23  0.00034293
34  23  0.00016142
35  23  0.00024398
36  23  0.00019668
37  23  0.00021714
38  23  0.00015829
39  23  0.00010983
40  23  0.00012914
41  23  0.00008132
42  23  0.00049432
43  23  0.00023009
44  23  0.00011309
45  23  0.00028745
46  23  0.00001334
47  23  0.00007075
48  23  0.00035822
49  23  0.00008564
50  23  0.00044554
51  23  0.00010139
52  23  0.00045414
53  23  0.00015788
54  23  0.00021765
55  23  0.00012783
56  23  0.00017327
57  23  0.00036847
58  23  0.00028647
59  23  0.00013573
60  23  0.00035860
61  23  0.00042873
62  23  0.00053796
63  23  0.00027090
0  24  0.00030597
1  24  0.00014654
2  24  0.00011493
3  24  0.00022980
4  24  0.00021210
5  24  0.00044733
6  24  0.00025031
7  24  0.00018285
8  24  0.00039142
9  24  0.00023851
10  24  0.00029985
11  24  0.00017778
12  24  0.00015310
13  24  0.00009424
14  24  0.00022417
15  24  0.00013639
16  24  0.00021704
17  24  0.00020811
18  24  0.00047203
19  24  0.00012462
20  24  0.00034213
21  24  0.00018628
22  24  0.00039934
23  24  0.00010032
24  24  0.00032133
25  24  0.00013909
26  24  0.00024258
27  24  0.00017740
28  24  0.00009181
29  24  0.00022420
30  24  0.00013378
31  24  0.00042789
32  24  0.00024680
33  24  0.00031711
34  24  0.00006685
35  24  0.00027539
36  24  0.00020361
37  24  0.00005392
38  24  0.00018473
39  24  0.00048852
40  24  0.00040300
41  24  0.00016935
42  24  0.00030621
43  24  0.00021447
44  24  0.00031066
45  24  0.00026086
46  24  0.00037473
47  24  0.00005538
48  24  0.00016467
49  24  0.00024425
50  24  0.00020108
51  24  0.00051979
52  24  0.00007835
53  24  0.00011760
54  24  0.00022692
55  24  0.00012075
56  24  0.00013723
57  24  0.00028588
58  24  0.00023212
59  24  0.00021413
60  24  0.00016045
61  24  0.00016956
62  24  0.00024893
63  24  0.00018337
0  25  0.00020970
1  25  0.00027639
2  25  0.00012534
3  25  0.00014965
4  25  0.00044860
5  25  0.00015475
6  25  0.00020583
7  25  0.00006201
8  25  0.00063535
9  25  0.00023064
10  25  0.00030104
11  25  0.00019549
12  25  0.00038735
13  25  0.00020905
14  25  0.00034652
15  25  0.00028355
16  25  0.00014475
17  25  0.00021519
18  25  0.00019176
19  25  0.00018722
20  25  0.00009861
21  25  0.00070295
22  25  0.00033635
23  25  0.00030270
24  25  0.00011060
25  25  0.00018078
26  25  0.00037707
27  25  0.00055600
28  25  0.00018026
29  25  0.00015365
30  25  0.00034138
31  25  0.00005758
32  25  0.00012771
33  25  0.00016493
34  25  0.00028782
35  25  0.00023733
36  25  0.00030193
37  25  0.00010593
38  25  0.00030128
39  25  0.00025217
40  25  0.00053805
41  25  0.00032217
42  25  0.00019197
43  25  0.00027890
44  25  0.00020530
45  25  0.00030570
46  25  0.00008799
47  25  0.00011908
48  25  0.00022901
49  25  0.00019099
50  25  0.00032795
51  25  0.00009875
52  25  0.00012758
53  25  0.00014873
54  25  0.00018352
55  25  0.00031258
56  25  0.00016608
57  25  0.00014965
58  25  0.00026119
59  25  0.00006733
60  25  0.00013095
61  25  0.00017387
62  25  0.00014636
63  25  0.00046102
0  26  0.00063512
1  26  0.00038957
2  26  0.00027640
3  26  0.00021981
4  26  0.00023992
5  26  0.00022625
6  26  0.00012621
7  26  0.00016837
8  26  0.00010807
9  26  0.00022913
10  26  0.00028971
11  26  0.00056646
12  26  0.00020620
13  26  0.00024485
14  26  0.00019405
15  26  0.00016285
16  26  0.00014054
17  26  0.00014985
18  26  0.00018714
19  26  0.00018696
20  26  0.00012912
21  26  0.00016255
22  26  0.00011897
23  26  0.00027282
24  26  0.00017666
25  26  0.00027597
26  26  0.00037632
27  26  0.00021405
28  26  0.00028423
29  26  0.00023988
30  26  0.00031353
31  26  0.00046701
32  26  0.00010005
33  26  0.00015026
34  26  0.00015002
35  26  0.00009137
36  26  0.00032064
37  26  0.00024434
38  26  0.00021649
39  26  0.00013090
40  26  0.00020371
41  26  0.00013778
42  26  0.00020377
43  26  0.00027443
44  26  0.00013451
45  26  0.00014185
46  26  0.00022869
47  26  0.00036281
48  26  0.00007294
49  26  0.00049088
50  26  0.00064395
51  26  0.00033981
52  26  0.00030385
53  26  0.00019627
54  26  0.00049167
55  26  0.00023767
56  26  0.00013440
57  26  0.00020268
58  26  0.00012663
59  26  0.00012901
60  26  0.00024300
61  26  0.00025128
62  26  0.00031607
63  26  0.00013294
0  27  0.00023524
1  27  0.00038011
2  27  0.00011284
3  27  0.00034449
4  27  0.00020280
5  27  0.00012417
6  27  0.00015786
7  27  0.00035072
8  27  0.00029721
9  27  0.00030181
10  27  0.00032630
11  27  0.00015244
12  27  0.00018428
13  27  0.00034082
14  27  0.00036967
15  27  0.00010526
16  27  0.00031631
17  27  0.00019931
18  27  0.00008607
19  27  0.00016312
20  27  0.00015707
21  27  0.00015632
22  27  0.00034761
23  27  0.00032807
24  27  0.00012333
25  27  0.00040490
26  27  0.00020727
27  27  0.00034637
28  27  0.00046313
29  27  0.00010374
30  27  0.00034006
31  27  0.00015160
32  27  0.00011767
33  27  0.00012234
34  27  0.00022196
35  27  0.00055639
36  27  0.00025202
37  27  0.00037875
38  27  0.00050496
39  27  0.00017077
40  27  0.00017528
41  27  0.00025302
42  27  0.00015318
43  27  0.00017608
44  27  0.00050692
45  27  0.00031753
46  27  0.00014443
47  27  0.00006882
48  27  0.00027486
49  27  0.00015650
50  27  0.00023774
51  27  0.00026333
52  27  0.00023811
53  27  0.00009943
54  27  0.00030527
55  27  0.00014209
56  27  0.00009608
57  27  0.00015859
58  27  0.00016917
59  27  0.00008349
60  27  0.00016656
61  27  0.00020045
62  27  0.00039184
63  27  0.00022464
0  28  0.00019529
1  28  0.00019842
2  28  0.00025956
3  28  0.00020024
4  28  0.00029436
5  28  0.00023150
6  28  0.00033744
7  28  0.00042104
8  28  0.00031606
9  28  0.00006778
10  28  0.00023695
11  28  0.00035421
12  28  0.00020887
13  28  0.00055123
14  28  0.00014315
15  28  0.00027119
16  28  0.00009782
17  28  0.00029727
18  28  0.00030446
19  28  0.00023521
20  28  0.00033192
21  28  0.00012922
22  28  0.00021554
23  28  0.00032056
24  28  0.00015163
25  28  0.00017765
26  28  0.00038957
27  28  0.00012723
28  28  0.00045910
29  28  0.00013080
30  28  0.00018707
31  28  0.00021808
32  28  0.00010156
33  28  0.00017358
34  28  0.00014842
35  28  0.00008082
36  28  0.00007465
37  28  0.00019916
38  28  0.00027144
39  28  0.00017992
40  28  0.00033148
41  28  0.00018988
42  28  0.00029600
43  28  0.00045033
44  28  0.00024952
45  28  0.00029493
46  28  0.00010175
47  28  0.00016203
48  28  0.00031575
49  28  0.00009808
50  28  0.00047886
51  28  0.00011243
52  28  0.00027749
53  28  0.00043515
54  28  0.00035153
55  28  0.00009963
56  28  0.00022046
57  28  0.00014539
58  28  0.00013062
59  28  0.00047873
60  28  0.00018008
61  28  0.00038476
62  28  0.00016389
63  28  0.00017951
0  29  0.00037241
1  29  0.00045761
2  29  0.00007756
3  29  0.00031454
4  29  0.00044211
5  29  0.00012679
6  29  0.00010167
7  29  0.00025626
8  29  0.00024738
9  29  0.00053335
10  29  0.00007922
11  29  0.00038429
12  29  0.00051862
13  29  0.00022441
14  29  0.00035079
15  29  0.00012051
16  29  0.00026499
17  29  0.00020922
18  29  0.00026115
19  29  0.00032436
20  29  0.00028878
21  29  0.00013060
22  29  0.00029117
23  29  0.00026488
24  29  0.00032657
25  29  0.00036883
26  29  0.00048272
27  29  0.00031065
28  29  0.00019300
29  29  0.00015897
30  29  0.00018202
31  29  0.00008735
32  29  0.00028664
33  29  0.00026332
34  29  0.00027471
35  29  0.00010781
36  29  0.00026342
37  29  0.00035535
38  29  0.00029638
39  29  0.00023992
40  29  0.00016542
41  29  0.00025292
42  29  0.00016615
43  29  0.00026503
44  29  0.00014041
45  29  0.00026293
46  29  0.00024719
47  29  0.00018792
48  29  0.00020171
49  29  0.00021832
50  29  0.00022833
51  29  0.00013066
52  29  0.00036964
53  29  0.00015055
54  29  0.00022516
55  29  0.00028002
56  29  0.00015495
57  29  0.00013888
58  29  0.00008395
59  29  0.00021229
60  29  0.00026377
61  29  0.00016392
62  29  0.00037341
63  29  0.00017401
0  30  0.00020315
1  30  0.00029881
2  30  0.00017590
3  30  0.00031349
4  30  0.00013083
5  30  0.00032152
6  30  0.00027285
7  30  0.00012800
8  30  0.00015184
9  30  0.00021259
10  30  0.00021190
11  30  0.00015491
12  30  0.00017789
13  30  0.00041291
14  30  0.00040249
15  30  0.00005462
16  30  0.00024331
17  30  0.00027145
18  30  0.00029340
19  30  0.00037038
20  30  0.00022729
21  30  0.00017287
22  30  0.00021573
23  30  0.00037187
24  30  0.00021274
25  30  0.00012360
26  30  0.00015557
27  30  0.00022363
28  30  0.00008068
29  30  0.00011345
30  30  0.00010491
31  30  0.00055806
32  30  0.00063625
33  30  0.00035900
34  30  0.00035214
35  30  0.00015553
36  30  0.00010397
37  30  0.00017889
38  30  0.00009951
39  30  0.00009741
40  30  0.00013097
41  30  0.00029856
42  30  0.00038028
43  30  0.00014127
44  30  0.00053594
45  30  0.00028747
46  30  0.00024717
47  30  0.00026741
48  30  0.00010346
49  30  0.00024464
50  30  0.00021723
51  30  0.00020574
52  30  0.00052551
53  30  0.00032246
54  30  0.00013490
55  30  0.00021624
56  30  0.00026925
57  30  0.00023953
58  30  0.00025619
59  30  0.00026097
60  30  0.00009567
61  30  0.00016134
62  30  0.00012859
63  30  0.00070967
0  31  0.00034872
1  31  0.00017018
2  31  0.00010989
3  31  0.00018703
4  31  0.00042971
5  31  0.00042857
6  31  0.00029651
7  31  0.00023218
8  31  0.00017135
9  31  0.00020423
10  31  0.00015942
11  31  0.00038412
12  31  0.00042625
13  31  0.00021996
14  31  0.00018851
15  31  0.00069207
16  31  0.00014661
17  31  0.00016988
18  31  0.00025204
19  31  0.00014842
20  31  0.00009363
21  31  0.00013373
22  31  0.00037867
23  31  0.00034296
24  31  0.00019125
25  31  0.00034535
26  31  0.00027548
27  31  0.00036568
28  31  0.00027620
29  31  0.00015263
30  31  0.00016231
31  31  0.00026874
32  31  0.00028703
33  31  0.00016669
34  31  0.00026704
35  31  0.00042874
36  31  0.00014393
37  31  0.00026697
38  31  0.00043784
39  31  0.00025975
40  31  0.00002913
41  31  0.00020813
42  31  0.00050658
43  31  0.00022653
44  31  0.00038124
45  31  0.00028817
46  31  0.00028451
47  31  0.00053142
48  31  0.00011042
49  31  0.00022188
50  31  0.00009160
51  31  0.00030849
52  31  0.00030765
53  31  0.00042562
54  31  0.00033777
55  31  0.00016034
56  31  0.00036281
57  31  0.00022515
58  31  0.00038760
59  31  0.00029861
60  31  0.00010352
61  31  0.00013415
62  31  0.00015389
63  31  0.00031992
0  32  0.00016951
1  32  0.00040783
2  32  0.00024530
3  32  0.00015168
4  32  0.00019080
5  32  0.00014191
6  32  0.00013695
7  32  0.00028096
8  32  0.00010707
9  32  0.00055997
10  32  0.00015250
11  32  0.00016962
12  32  0.00014773
13  32  0.00024726
14  32  0.00020623
15  32  0.00007224
16  32  0.00008910
17  32  0.00041069
18  32  0.00012001
19  32  0.00026587
20  32  0.00022840
21  32  0.00029257
22  32  0.00007674
23  32  0.00013301
24  32  0.00025629
25  32  0.00054758
26  32  0.00037536
27  32  0.00034200
28  32  0.00034644
29  32  0.00026285
30  32  0.00020302
31  32  0.00047176
32  32  0.00056558
33  32  0.00041499
34  32  0.00033759
35  32  0.00007609
36  32  0.00014684
37  32  0.00022570
38  32  0.00020473
39  32  0.00012820
40  32  0.00022612
41  32  0.00017509
42  32  0.00023659
43  32  0.00010015
44  32  0.00023677
45  32  0.00024882
46  32  0.00034006
47  32  0.00011582
48  32  0.00023506
49  32  0.00013070
50  32  0.00022875
51  32  0.00006190
52  32  0.00016095
53  32  0.00024952
54  32  0.00013884
55  32  0.00016075
56  32  0.00047071
57  32  0.00015393
58  32  0.00027800
59  32  0.00041708
60  32  0.00033272
61  32  0.00022748
62  32  0.00043151
63  32  0.00023989
0  33  0.00020629
1  33  0.00020177
2  33  0.00023382
3  33  0.00003833
4  33  0.00008544
5  33  0.00035937
6  33  0.00041912
7  33  0.00017317
8  33  0.00021408
9  33  0.00022600
10  33  0.00019387
11  33  0.00014439
12  33  0.00025141
13  33  0.00014486
14  33  0.00020970
15  33  0.00032103
16  33  0.00028127
17  33  0.00017861
18  33  0.00039532
19  33  0.00016227
20  33  0.00023379
21  33  0.00024652
22  33  0.00035987
23  33  0.00025825
24  33  0.00026443
25  33  0.00008061
26  33  0.00010891
27  33  0.00025564
28  33  0.00057562
29  33  0.00022529
30  33  0.00010030
31  33  0.00024714
32  33  0.00063529
33  33  0.00029616
34  33  0.00021353
35  33  0.00021215
36  33  0.00030795
37  33  0.00023771
38  33  0.00024463
39  33  0.00039036
40  33  0.00007970
41  33  0.00013375
42  33  0.00047041
43  33  0.00022885
44  33  0.00036479
45  33  0.00020681
46  33  0.00008467
47  33  0.00027343
48  33  0.00023018
49  33  0.00017761
50  33  0.00017907
51  33  0.00043672
52  33  0.00018511
53  33  0.00006074
54  33  0.00030087
55  33  0.00017272
56  33  0.00025606
57  33  0.00050268
58  33  0.00036993
59  33  0.00017428
60  33  0.00032073
61  33  0.00029430
62  33  0.00018763
63  33  0.00025499
0  34  0.00024274
1  34  0.00011223
2  34  0.00060248
3  34  0.00020411
4  34  0.00021878
5  34  0.00016660
6  34  0.00018083
7  34  0.00068233
8  34  0.00021119
9  34  0.00011235
10  34  0.00008934
11  34  0.00022266
12  34  0.00035658
13  34  0.00014926
14  34  0.00010125
15  34  0.00038062
16  34  0.00038380
17  34  0.00029200
18  34  0.00017074
19  34  0.00023524
20  34  0.00020224
21  34  0.00029891
22  34  0.00018179
23  34  0.00005999
24  34  0.00033959
25  34  0.00022528
26  34  0.00013535
27  34  0.00017181
28  34  0.00015387
29  34  0.00021590
30  34  0.00017714
31  34  0.00043639
32  34  0.00014008
33  34  0.00007707
34  34  0.00020188
35  34  0.00011561
36  34  0.00013313
37  34  0.00017276
38  34  0.00023190
39  34  0.00003978
40  34  0.00010714
41  34  0.00032897
42  34  0.00032005
43  34  0.00017441
44  34  0.00020328
45  34  0.00016972
46  34  0.00011591
47  34  0.00027626
48  34  0.00030661
49  34  0.00033950
50  34  0.00006569
51  34  0.00026115
52  34  0.00039467
53  34  0.00033126
54  34  0.00014983
55  34  0.00013546
56  34  0.00031730
57  34  0.00036552
58  34  0.00010083
59  34  0.00026243
60  34  0.00009253
61  34  0.00023622
62  34  0.00037670
63  34  0.00017922
0  35  0.00015518
1  35  0.00031932
2  35  0.00018467
3  35  0.00010226
4  35  0.00018718
5  35  0.00010878
6  35  0.00013550
7  35  0.00028614
8  35  0.00012449
9  35  0.00026415
10  35  0.00012920
11  35  0.00027975
12  35  0.00021584
13  35  0.00007430
14  35  0.00012598
15  35  0.00024058
16  35  0.00037059
17  35  0.00028332
18  35  0.00028034
19  35  0.00036183
20  35  0.00029868
21  35  0.00067851
22  35  0.00018841
23  35  0.00017064
24  35  0.00022327
25  35  0.00015358
26  35  0.00010556
27  35  0.00009774
28  35  0.00018057
29  35  0.00007717
30  35  0.00027040
31  35  0.00015237
32  35  0.00041999
33  35  0.00015224
34  35  0.00018150
35  35  0.00016355
36  35  0.00030871
37  35  0.00023794
38  35  0.00034909
39  35  0.00030121
40  35  0.00016820
41  35  0.00056535
42  35  0.00019781
43  35  0.00017143
44  35  0.00030334
45  35  0.00028456
46  35  0.00038952
47  35  0.00019560
48  35  0.00019864
49  35  0.00014949
50  35  0.00035182
51  35  0.00013683
52  35  0.00013932
53  35  0.00044090
54  35  0.00038276
55  35  0.00022405
56  35  0.00017629
57  35  0.00019633
58  35  0.00022313
59  35  0.00022364
60  35  0.00066034
61  35  0.00034698
62  35  0.00025453
63  35  0.00035822
0  36  0.00018254
1  36  0.00017432
2  36  0.00032540
3  36  0.00031196
4  36  0.00012200
5  36  0.00024478
6  36  0.00010881
7  36  0.00042054
8  36  0.00030417
9  36  0.00020990
10  36  0.00041930
11  36  0.00016600
12  36  0.00043871
13  36  0.00029053
14  36  0.00029945
15  36  0.00016453
16  36  0.00023893
17  36  0.00029507
18  36  0.00028101
19  36  0.00041108
20  36  0.00012321
21  36  0.00048862
22  36  0.00032271
23  36  0.00018693
24  36  0.00052555
25  36  0.00059236
26  36  0.00033949
27  36  0.00002719
28  36  0.00013675
29  36  0.00009888
30  36  0.00021908
31  36  0.00022771
32  36  0.00024047
33  36  0.00033113
34  36  0.00045767
35  36  0.00006743
36  36  0.00007917
37  36  0.00026547
38  36  0.00031054
39  36  0.00028272
40  36  0.00034213
41  36  0.00021101
42  36  0.00026222
43  36  0.00016532
44  36  0.00023610
45  36  0.00022101
46  36  0.00032709
47  36  0.00023915
48  36  0.00014527
49  36  0.00006974
50  36  0.00023421
51  36  0.00015278
52  36  0.00014755
53  36  0.00022328
54  36  0.00014370
55  36  0.00019644
56  36  0.00043904
57  36  0.00012601
58  36  0.00026098
59  36  0.00012572
60  36  0.00023041
61  36  0.00016237
62  36  0.00027199
63  36  0.00026614
0  37  0.00008181
1  37  0.00009679
2  37  0.00042810
3  37  0.00033473
4  37  0.00037886
5  37  0.00011058
6  37  0.00007387
7  37  0.00054749
8  37  0.00038791
9  37  0.00031978
10  37  0.00005884
11  37  0.00043485
12  37  0.00003406
13  37  0.00014290
14  37  0.00016244
15  37  0.00020801
16  37  0.00012745
17  37  0.00030686
18  37  0.00020049
19  37  0.00011965
20  37  0.00023796
21  37  0.00023574
22  37  0.00019497
23  37  0.00043261
24  37  0.00020918
25  37  0.00009710
26  37  0.00015279
27  37  0.00016995
28  37  0.00014239
29  37  0.00028447
30  37  0.00040746
31  37  0.00032221
32  37  0.00024155
33  37  0.00031527
34  37  0.00024889
35  37  0.00036176
36  37  0.00024051
37  37  0.00007648
38  37  0.00017798
39  37  0.00029629
40  37  0.00028283
41  37  0.00027863
42  37  0.00047741
43  37  0.00043441
44  37  0.00026110
45  37  0.00031860
46  37  0.00027298
47  37  0.00025992
48  37  0.00024310
49  37  0.00068036
50  37  0.00020106
51  37  0.00014653
52  37  0.00014107
53  37  0.00017431
54  37  0.00017169
55  37  0.00030125
56  37  0.00009445
57  37  0.00016812
58  37  0.00017464
59  37  0.00015925
60  37  0.00015095
61  37  0.00053728
62  37  0.00023780
63  37  0.00028118
0  38  0.00012631
1  38  0.00019354
2  38  0.00035075
3  38  0.00022928
4  38  0.00049496
5  38  0.00021605
6  38  0.00010020
7  38  0.00058529
8  38  0.00023676
9  38  0.00021347
10  38  0.00013901
11  38  0.00010921
12  38  0.00020934
13  38  0.00019679
14  38  0.00019218
15  38  0.00031371
16  38  0.00033080
17  38  0.00033302
18  38  0.00005685
19  38  0.00015599
20  38  0.00017369
21  38  0.00050169
22  38  0.00029682
23  38  0.00012576
24  38  0.00010905
25  38  0.00008992
26  38  0.00010533
27  38  0.00027527
28  38  0.00050812
29  38  0.00028347
30  38  0.00031695
31  38  0.00035159
32  38  0.00006897
33  38  0.00016845
34  38  0.00038906
35  38  0.00021307
36  38  0.00007918
37  38  0.00017935
38  38  0.00020523
39  38  0.00042276
40  38  0.00034611
41  38  0.00010799
42  38  0.00036905
43  38  0.00024627
44  38  0.00018872
45  38  0.00022137
46  38  0.00015788
47  38  0.00014845
48  38  0.00012169
49  38  0.00036420
50  38  0.00020232
51  38  0.00031025
52  38  0.00018746
53  38  0.00026236
54  38  0.00031690
55  38  0.00014781
56  38  0.00036324
57  38  0.00022164
58  38  0.00009070
59  38  0.00015514
60  38  0.00039628
61  38  0.00017912
62  38  0.00037891
63  38  0.00015991
0  39  0.00017203
1  39  0.00033660
2  39  0.00044129
3  39  0.00022655
4  39  0.00012449
5  39  0.00011424
6  39  0.00011873
7  39  0.00013495
8  39  0.00020859
9  39  0.00015447
10  39  0.00008049
11  39  0.00024069
12  39  0.00018052
13  39  0.00017763
14  39  0.00029604
15  39  0.00015338
16  39  0.00015684
17  39  0.00018959
18  39  0.00036841
19  39  0.00011304
20  39  0.00026441
21  39  0.00010431
22  39  0.00013064
23  39  0.00016280
24  39  0.00030158
25  39  0.00021386
26  39  0.00035701
27  39  0.00020985
28  39  0.00014691
29  39  0.00021624
30  39  0.00015294
31  39  0.00027369
32  39  0.00012867
33  39  0.00013152
34  39  0.00027813
35  39  0.00027254
36  39  0.00021197
37  39  0.00011258
38  39  0.00014828
39  39  0.00018658
40  39  0.00038752
41  39  0.00025757
42  39  0.00014954
43  39  0.00014985
44  39  0.00026257
45  39  0.00021971
46  39  0.00012299
47  39  0.00009497
48  39  0.00007739
49  39  0.00030884
50  39  0.00053719
51  39  0.00039353
52  39  0.00021698
53  39  0.00032380
54  39  0.00040811
55  39  0.00053772
56  39  0.00049407
57  39  0.00027540
58  39  0.00032184
59  39  0.00022624
60  39  0.00044668
61  39  0.00003618
62  39  0.00013606
63  39  0.00030373
0  40  0.00024097
1  40  0.00027391
2  40  0.00012711
3  40  0.00018032
4  40  0.00027459
5  40  0.00014127
6  40  0.00021504
7  40  0.00029026
8  40  0.00039882
9  40  0.00011163
10  40  0.00013211
11  40  0.00009955
12  40  0.00017462
13  40  0.00020518
14  40  0.00024904
15  40  0.00030204
16  40  0.00014795
17  40  0.00041329
18  40  0.00024033
19  40  0.00032879
20  40  0.00015557
21  40  0.00017491
22  40  0.00040919
23  40  0.00021312
24  40  0.00028833
25  40  0.00031537
26  40  0.00018465
27  40  0.00026061
28  40  0.00037807
29  40  0.00015122
30  40  0.00026156
31  40  0.00079863
32  40  0.00013235
33  40  0.00016045
34  40  0.00014723
35  40  0.00018128
36  40  0.00036784
37  40  0.00039533
38  40  0.00005895
39  40  0.00020583
40  40  0.00019064
41  40  0.00054382
42  40  0.00031674
43  40  0.00059210
44  40  0.00005271
45  40  0.00019940
46  40  0.00042688
47  40  0.00037348
48  40  0.00011444
49  40  0.00037882
50  40  0.00029685
51  40  0.00033411
52  40  0.00036087
53  40  0.00031997
54  40  0.00024155
55  40  0.00037258
56  40  0.00024568
57  40  0.00021988
58  40  0.00031660
59  40  0.00008944
60  40  0.00028674
61  40  0.00010069
62  40  0.00017655
63  40  0.00045805
0  41  0.00010629
1  41  0.00026770
2  41  0.00025907
3  41  0.00035368
4  41  0.00019594
5  41  0.00035454
6  41  0.00010706
7  41  0.00022578
8  41  0.00026131
9  41  0.00019343
10  41  0.00027005
11  41  0.00024832
12  41  0.00016135
13  41  0.00023476
14  41  0.00020358
15  41  0.00018651
16  41  0.00015193
17  41  0.00039214
18  41  0.00028068
19  41  0.00016336
20  41  0.00063170
21  41  0.00012333
22  41  0.00029269
23  41  0.00008571
24  41  0.00035659
25  41  0.00016051
26  41  0.00018569
27  41  0.00011641
28  41  0.00028161
29  41  0.00010679
30  41  0.00037083
31  41  0.00036323
32  41  0.00027292
33  41  0.00006991
34  41  0.00033035
35  41  0.00020871
36  41  0.00047048
37  41  0.00029386
38  41  0.00010767
39  41  0.00007709
40  41  0.00022117
41  41  0.00025002
42  41  0.00010611
43  41  0.00024746
44  41  0.00025449
45  41  0.00029169
46  41  0.00019454
47  41  0.00013849
48  41  0.00031655
49  41  0.00021813
50  41  0.00033447
51  41  0.00038475
52  41  0.00006059
53  41  0.00025054
54  41  0.00046668
55  41  0.00009291
56  41  0.00023053
57  41  0.00021068
58  41  0.00005957
59  41  0.00017755
60  41  0.00014137
61  41  0.00019511
62  41  0.00016519
63  41  0.00044668
0  42  0.00024733
1  42  0.00017404
2  42  0.00003375
3  42  0.00023094
4  42  0.00025811
5  42  0.00020920
6  42  0.00020795
7  42  0.00027239
8  42  0.00028926
9  42  0.00019841
10  42  0.00018416
11  42  0.00035563
12  42  0.00025305
13  42  0.00015337
14  42  0.00022664
15  42  0.00028853
16  42  0.00019187
17  42  0.00013309
18  42  0.00032882
19  42  0.00014894
20  42  0.00023646
21  42  0.00032231
22  42  0.00023015
23  42  0.00030036
24  42  0.00040053
25  42  0.00023004
26  42  0.00038154
27  42  0.00031108
28  42  0.00030065
29  42  0.00003757
30  42  0.00032297
31  42  0.00028272
32  42  0.00014446
33  42  0.00023727
34  42  0.00014824
35  42  0.00036978
36  42  0.00028535
37  42  0.00023455
38  42  0.00047231
39  42  0.00007109
40  42  0.00013988
41  42  0.00085005
42  42  0.00017071
43  42  0.00062960
44  42  0.00024394
45  42  0.00014867
46  42  0.00080677
47  42  0.00022345
48  42  0.00039258
49  42  0.00003412
50  42  0.00029724
51  42  0.00048548
52  42  0.00023511
53  42  0.00020316
54  42  0.00026204
55  42  0.00008993
56  42  0.00020955
57  42  0.00004606
58  42  0.00027237
59  42  0.00018513
60  42  0.00029584
61  42  0.00031922
62  42  0.00012285
63  42  0.00029886
0  43  0.00014657
1  43  0.00035108
2  43  0.00015457
3  43  0.00039385
4  43  0.00023565
5  43  0.00035295
6  43  0.00018925
7  43  0.00013102
8  43  0.00029521
9  43  0.00013240
10  43  0.00013543
11  43  0.00010265
12  43  0.00025705
13  43  0.00031810
14  43  0.00018642
15  43  0.00024455
16  43  0.00038536
17  43  0.00027816
18  43  0.00036325
19  43  0.00032794
20  43  0.00032553
21  43  0.00076223
22  43  0.00021830
23  43  0.00035808
24  43  0.00037256
25  43  0.00009960
26  43  0.00005993
27  43  0.00014495
28  43  0.00011149
29  43  0.00026288
30  43  0.00017066
31  43  0.00009817
32  43  0.00011805
33  43  0.00025889
34  43  0.00024675
35  43  0.00024434
36  43  0.00016876
37  43  0.00025556
38  43  0.00021253
39  43  0.00020695
40  43  0.00016488
41  43  0.00032284
42  43  0.00075309
43  43  0.00011287
44  43  0.00018209
45  43  0.00019496
46  43  0.00023556
47  43  0.00046577
48  43  0.00024710
49  43  0.00023281
50  43  0.00017634
51  43  0.00031395
52  43  0.00008028
53  43  0.00029630
54  43  0.00020887
55  43  0.00024471
56  43  0.00023630
57  43  0.00071768
58  43  0.00029771
59  43  0.00027473
60  43  0.00037027
61  43  0.00024430
62  43  0.00010407
63  43  0.00027725
0  44  0.00015871
1  44  0.00047045
2  44  0.00015961
3  44  0.00037777
4  44  0.00028880
5  44  0.00009661
6  44  0.00028939
7  44  0.00015141
8  44  0.00012385
9  44  0.00014567
10  44  0.00022508
11  44  0.00018013
12  44  0.00026553
13  44  0.00042554
14  44  0.00025419
15  44  0.00025165
16  44  0.00029068
17  44  0.00049669
18  44  0.00017935
19  44  0.00017499
20  44  0.00059096
21  44  0.00022546
22  44  0.00037724
23  44  0.00019873
24  44  0.00028277
25  44  0.00015581
26  44  0.00036648
27  44  0.00023684
28  44  0.00035841
29  44  0.00030948
30  44  0.00038340
31  44  0.00027555
32  44  0.00036696
33  44  0.00010502
34  44  0.00008176
35  44  0.00021728
36  44  0.00015690
37  44  0.00046885
38  44  0.00017910
39  44  0.00021263
40  44  0.00019595
41  44  0.00025796
42  44  0.00011194
43  44  0.00013504
44  44  0.00033749
45  44  0.00015998
46  44  0.00006802
47  44  0.00028035
48  44  0.00025996
49  44  0.00009061
50  44  0.00027239
51  44  0.00011129
52  44  0.00051116
53  44  0.00017670
54  44  0.00016683
55  44  0.00011207
56  44  0.00042656
57  44  0.00027624
58  44  0.00029663
59  44  0.00022841
60  44  0.00009046
61  44  0.00025564
62  44  0.00013357
63  44  0.00028337
0  45  0.00038609
1  45  0.00029003
2  45  0.00014444
3  45  0.00004382
4  45  0.00025822
5  45  0.00008839
6  45  0.00012118
7  45  0.00011131
8  45  0.00024156
9  45  0.00030756
10  45  0.00025136
11  45  0.00031579
12  45  0.00022784
13  45  0.00017079
14  45  0.00050617
15  45  0.00011055
16  45  0.00006525
17  45  0.00006698
18  45  0.00033255
19  45  0.00013381
20  45  0.00022629
21  45  0.00036334
22  45  0.00004871
23  45  0.00051279
24  45  0.00035107
25  45  0.00054783
26  45  0.00013485
27  45  0.00014350
28  45  0.00030128
29  45  0.00045368
30  45  0.00005841
31  45  0.00018534
32  45  0.00050945
33  45  0.00014398
34  45  0.00020067
35  45  0.00059263
36  45  0.00013129
37  45  0.00007845
38  45  0.00059824
39  45  0.00023106
40  45  0.00027328
41  45  0.00035957
42  45  0.00005584
43  45  0.00037132
44  45  0.00018233
45  45  0.00021131
46  45  0.00015833
47  45  0.00023217
48  45  0.00025083
49  45  0.00047334
50  45  0.00013184
51  45  0.00016735
52  45  0.00022815
53  45  0.00016999
54  45  0.00049844
55  45  0.00022198
56  45  0.00037077
57  45  0.00024550
58  45  0.00021749
59  45  0.00020820
60  45  0.00010748
61  45  0.00031238
62  45  0.00024155
63  45  0.00026248
0  46  0.00009740
1  46  0.00008592
2  46  0.00011747
3  46  0.00025702
4  46  0.00033359
5  46  0.00016549
6  46  0.00023576
7  46  0.00046612
8  46  0.00022077
9  46  0.00006034
10  46  0.00012243
11  46  0.00026857
12  46  0.00018194
13  46  0.00021913
14  46  0.00032773
15  46  0.00023309
16  46  0.00012402
17  46  0.00023081
18  46  0.00019912
19  46  0.00009299
20  46  0.00009922
21  46  0.00027230
22  46  0.00016436
23  46  0.00037660
24  46  0.00057539
25  46  0.00023323
26  46  0.00017143
27  46  0.00021060
28  46  0.00008395
29  46  0.00007909
30  46  0.00027408
31  46  0.00029267
32  46  0.00033563
33  46  0.00025599
34  46  0.00030351
35  46  0.00011238
36  46  0.00016523
37  46  0.00017482
38  46  0.00007310
39  46  0.00012414
40  46  0.00038654
41  46  0.00024030
42  46  0.00029031
43  46  0.00022799
44  46  0.00036426
45  46  0.00026639
46  46  0.00012084
47  46  0.00036287
48  46  0.00007434
49  46  0.00010381
50  46  0.00031354
51  46  0.00022141
52  46  0.00007931
53  46  0.00029233
54  46  0.00009203
55  46  0.00036827
56  46  0.00043605
57  46  0.00015549
58  46  0.00009504
59  46  0.00015208
60  46  0.00023770
61  46  0.00016808
62  46  0.00035322
63  46  0.00026770
0  47  0.00029797
1  47  0.00016614
2  47  0.00023343
3  47  0.00058520
4  47  0.00018172
5  47  0.00025915
6  47  0.00043858
7  47  0.00007426
8  47  0.00014219
9  47  0.00038032
10  47  0.00030351
11  47  0.00008827
12  47  0.00021875
13  47  0.00046864
14  47  0.00016233
15  47  0.00017205
16  47  0.00061570
17  47  0.00021159
18  47  0.00025112
19  47  0.00030832
20  47  0.00027127
21  47  0.00031175
22  47  0.00038234
23  47  0.00032547
24  47  0.00050399
25  47  0.00029335
26  47  0.00006817
27  47  0.00014946
28  47  0.00020713
29  47  0.00030020
30  47  0.00052660
31  47  0.00010808
32  47  0.00016189
33  47  0.00024837
34  47  0.00005636
35  47  0.00042452
36  47  0.00022232
37  47  0.00030590
38  47  0.00035684
39  47  0.00012528
40  47  0.00022491
41  47  0.00014038
42  47  0.00011168
43  47  0.00017146
44  47  0.00026284
45  47  0.00025546
46  47  0.00017390
47  47  0.00039183
48  47  0.00013995
49  47  0.00016846
50  47  0.00014478
51  47  0.00087573
52  47  0.00013866
53  47  0.00042612
54  47  0.00024351
55  47  0.00017384
56  47  0.00040519
57  47  0.00045139
58  47  0.00015596
59  47  0.00017493
60  47  0.00010940
61  47  0.00021335
62  47  0.00016082
63  47  0.00012916
0  48  0.00014311
1  48  0.00012754
2  48  0.00012807
3  48  0.00006245
4  48  0.00025547
5  48  0.00016385
6  48  0.00017509
7  48  0.00018224
8  48  0.00009824
9  48  0.00013896
10  48  0.00027174
11  48  0.00013008
12  48  0.00018056
13  48  0.00032537
14  48  0.00052105
15  48  0.00011483
16  48  0.00013474
17  48  0.00039632
18  48  0.00026119
19  48  0.00005753
20  48  0.00021964
21  48  0.00004330
22  48  0.00040859
23  48  0.00025951
24  48  0.00010802
25  48  0.00028434
26  48  0.00002933
27  48  0.00016387
28  48  0.00024355
29  48  0.00024203
30  48  0.00014063
31  48  0.00011231
32  48  0.00018741
33  48  0.00013803
34  48  0.00041867
35  48  0.00015861
36  48  0.00036332
37  48  0.00017026
38  48  0.00018348
39  48  0.00024707
40  48  0.00014966
41  48  0.00056235
42  48  0.00007604
43  48  0.00016054
44  48  0.00019028
45  48  0.00009679
46  48  0.00033738
47  48  0.00010426
48  48  0.00035128
49  48  0.00018680
50  48  0.00019281
51  48  0.00042616
52  48  0.00026851
53  48  0.00010607
54  48  0.00023703
55  48  0.00030270
56  48  0.00021491
57  48  0.00053487
58  48  0.00024741
59  48  0.00009312
60  48  0.00036163
61  48  0.00038877
62  48  0.00015017
63  48  0.00027432
0  49  0.00039350
1  49  0.00035285
2  49  0.00021863
3  49  0.00036748
4  49  0.00012595
5  49  0.00038684
6  49  0.00026831
7  49  0.00024588
8  49  0.00031411
9  49  0.00026851
10  49  0.00030715
11  49  0.00011431
12  49  0.00026869
13  49  0.00021833
14  49  0.00015191
15  49  0.00025734
16  49  0.00031440
17  49  0.00033329
18  49  0.00016385
19  49  0.00019899
20  49  0.00031269
21  49  0.00013683
22  49  0.00010702
23  49  0.00036902
24  49  0.00027542
25  49  0.00025501
26  49  0.00026473
27  49  0.00022179
28  49  0.00023982
29  49  0.00029534
30  49  0.00018114
31  49  0.00011243
32  49  0.00024748
33  49  0.00037079
34  49  0.00042163
35  49  0.00014168
36  49  0.00039284
37  49  0.00030416
38  49  0.00024617
39  49  0.00013354
40  49  0.00017899
41  49  0.00013633
42  49  0.00043476
43  49  0.00014793
44  49  0.00025672
45  49  0.00021247
46  49  0.00014393
47  49  0.00038621
48  49  0.00030824
49  49  0.00009893
50  49  0.00036088
51  49  0.00024734
52  49  0.00029560
53  49  0.00017970
54  49  0.00009459
55  49  0.00029113
56  49  0.00037993
57  49  0.00017991
58  49  0.00022355
59  49  0.00021161
60  49  0.00020266
61  49  0.00034009
62  49  0.00016594
63  49  0.00015155
0  50  0.00011736
1  50  0.00029559
2  50  0.00019484
3  50  0.00012160
4  50  0.00017022
5  50  0.00028490
6  50  0.00035645
7  50  0.00028745
8  50  0.00011663
9  50  0.00061038
10  50  0.00021406
11  50  0.00044885
12  50  0.00029544
13  50  0.00013561
14  50  0.00013430
15  50  0.00016520
16  50  0.00024918
17  50  0.00043723
18  50  0.00016147
19  50  0.00014259
20  50  0.00021979
21  50  0.00031982
22  50  0.00011570
23  50  0.00008861
24  50  0.00031403
25  50  0.00030949
26  50  0.00025973
27  50  0.00018383
28  50  0.00041941
29  50  0.00032794
30  50  0.00052726
31  50  0.00038144
32  50  0.00022615
33  50  0.00031049
34  50  0.00016045
35  50  0.00022156
36  50  0.00026636
37  50  0.00041291
38  50  0.00015900
39  50  0.00035017
40  50  0.00027067
41  50  0.00011554
42  50  0.00031759
43  50  0.00042466
44  50  0.00030692
45  50  0.00006609
46  50  0.00027049
47  50  0.00026646
48  50  0.00018374
49  50  0.00035279
50  50  0.00021684
51  50  0.00036676
52  50  0.00036118
53  50  0.00003408
54  50  0.00011225
55  50  0.00019113
56  50  0.00028784
57  50  0.00019160
58  50  0.00020719
59  50  0.00011687
60  50  0.00019716
61  50  0.00011725
62  50  0.00010326
63  50  0.00009894
0  51  0.00021051
1  51  0.00011342
2  51  0.00047417
3  51  0.00012601
4  51  0.00032354
5  51  0.00024724
6  51  0.00010944
7  51  0.00028410
8  51  0.00014990
9  51  0.00013164
10  51  0.00046092
11  51  0.00014085
12  51  0.00028228
13  51  0.00029706
14  51  0.00017631
15  51  0.00015848
16  51  0.00035614
17  51  0.00022841
18  51  0.00024082
19  51  0.00053055
20  51  0.00022345
21  51  0.00030207
22  51  0.00054500
23  51  0.00013499
24  51  0.00033508
25  51  0.00017937
26  51  0.00040977
27  51  0.00041074
28  51  0.00015497
29  51  0.00015965
30  51  0.00029202
31  51  0.00023128
32  51  0.00013124
33  51  0.00023585
34  51  0.00016904
35  51  0.00040175
36  51  0.00025316
37  51  0.00024503
38  51  0.00015674
39  51  0.00023055
40  51  0.00029345
41  51  0.00026229
42  51  0.00020833
43  51  0.00040103
44  51  0.00020188
45  51  0.00045544
46  51  0.00047281
47  51  0.00016490
48  51  0.00071996
49  51  0.00016235
50  51  0.00011864
51  51  0.00026913
52  51  0.00027383
53  51  0.00018774
54  51  0.00017338
55  51  0.00024602
56  51  0.00025044
57  51  0.00025853
58  51  0.00024358
59  51  0.00032517
60  51  0.00040993
61  51  0.00033113
62  51  0.00017745
63  51  0.00011545
0  52  0.00018394
1  52  0.00011156
2  52  0.00011969
3  52  0.00040404
4  52  0.00009551
5  52  0.00045746
6  52  0.00038986
7  52  0.00007462
8  52  0.00015483
9  52  0.00027951
10  52  0.00027932
11  52  0.00010543
12  52  0.00028502
13  52  0.00009093
14  52  0.00021353
15  52  0.00024686
16  52  0.00012366
17  52  0.00028127
18  52  0.00020982
19  52  0.00026549
20  52  0.00030542
21  52  0.00020517
22  52  0.00031677
23  52  0.00006868
24  52  0.00028508
25  52  0.00021110
26  52  0.00023842
27  52  0.00007902
28  52  0.00020531
29  52  0.00030969
30  52  0.00021032
31  52  0.00017059
32  52  0.00077632
33  52  0.00046833
34  52  0.00005652
35  52  0.00003073
36  52  0.00029876
37  52  0.00023588
38  52  0.00019912
39  52  0.00016619
40  52  0.00028117
41  52  0.00036742
42  52  0.00027833
43  52  0.00034546
44  52  0.00020782
45  52  0.00052542
46  52  0.00006849
47  52  0.00007665
48  52  0.00019764
49  52  0.00013695
50  52  0.00021084
51  52  0.00008265
52  52  0.00028535
53  52  0.00012094
54  52  0.00007217
55  52  0.00020459
56  52  0.00017447
57  52  0.00011780
58  52  0.00021008
59  52  0.00028572
60  52  0.00012274
61  52  0.00020009
62  52  0.00021106
63  52  0.00007186
0  53  0.00014331
1  53  0.00018412
2  53  0.00021313
3  53  0.00033097
4  53  0.00014780
5  53  0.00022918
6  53  0.00025589
7  53  0.00014634
8  53  0.00018114
9  53  0.00026008
10  53  0.00014407
11  53  0.00020486
12  53  0.00025115
13  53  0.00011114
14  53  0.00026946
15  53  0.00053462
16  53  0.00013588
17  53  0.00021459
18  53  0.00014915
19  53  0.00038682
20  53  0.00029433
21  53  0.00057318
22  53  0.00013702
23  53  0.00028375
24  53  0.00019116
25  53  0.00005219
26  53  0.00019124
27  53  0.00008730
28  53  0.00024136
29  53  0.00017928
30  53  0.00015153
31  53  0.00016044
32  53  0.00023195
33  53  0.00012776
34  53  0.00020191
35  53  0.00035467
36  53  0.00021254
37  53  0.00025326
38  53  0.00026048
39  53  0.00017985
40  53  0.00014104
41  53  0.00013321
42  53  0.00032960
43  53  0.00019323
44  53  0.00026894
45  53  0.00044315
46  53  0.00015439
47  53  0.00039333
48  53  0.00020823
49  53  0.00034416
50  53  0.00016373
51  53  0.00012459
52  53  0.00007851
53  53  0.00007137
54  53  0.00015497
55  53  0.00020338
56  53  0.00032860
57  53  0.00021775
58  53  0.00029129
59  53  0.00031094
60  53  0.00026543
61  53  0.00022733
62  53  0.00034343
63  53  0.00008971
0  54  0.00016456
1  54  0.00023665
2  54  0.00023690
3  54  0.00023961
4  54  0.00023528
5  54  0.00032261
6  54  0.00022469
7  54  0.00015219
8  54  0.00030947
9  54  0.00032426
10  54  0.00017261
11  54  0.00023404
12  54  0.00038314
13  54  0.00023520
14  54  0.00018614
15  54  0.00014611
16  54  0.00020225
17  54  0.00016905
18  54  0.00021196
19  54  0.00017569
20  54  0.00020073
21  54  0.00019605
22  54  0.00022129
23  54  0.00015641
24  54  0.00016250
25  54  0.00016467
26  54  0.00038710
27  54  0.00027216
28  54  0.00014853
29  54  0.00013275
30  54  0.00034571
31  54  0.00017790
32  54  0.00012802
33  54  0.00024234
34  54  0.00030149
35  54  0.00022298
36  54  0.00013923
37  54  0.00016135
38  54  0.00022227
39  54  0.00010765
40  54  0.00017812
41  54  0.00028927
42  54  0.00020240
43  54  0.00012530
44  54  0.00017197
45  54  0.00017621
46  54  0.00031012
47  54  0.00018205
48  54  0.00027234
49  54  0.00020239
50  54  0.00036997
51  54  0.00023774
52  54  0.00023191
53  54  0.00028305
54  54  0.00036157
55  54  0.00029847
56  54  0.00041563
57  54  0.00034028
58  54  0.00021831
59  54  0.00010346
60  54  0.00027852
61  54  0.00016807
62  54  0.00022107
63  54  0.00014068
0  55  0.00018492
1  55  0.00032638
2  55  0.00016813
3  55  0.00022442
4  55  0.00027381
5  55  0.00033919
6  55  0.00026264
7  55  0.00009718
8  55  0.00008890
9  55  0.00018010
10  55  0.00017013
11  55  0.00021389
12  55  0.00024191
13  55  0.00024218
14  55  0.00016991
15  55  0.00008816
16  55  0.00017744
17  55  0.00012933
18  55  0.00016732
19  55  0.00017237
20  55  0.00018369
21  55  0.00013009
22  55  0.00023974
23  55  0.00043251
24  55  0.00016481
25  55  0.00026957
26  55  0.00062487
27  55  0.00012694
28  55  0.00028518
29  55  0.00028855
30  55  0.00015450
31  55  0.00030027
32  55  0.00027554
33  55  0.00013755
34  55  0.00015465
35  55  0.00014352
36  55  0.00016076
37  55  0.00017195
38  55  0.00029882
39  55  0.00023660
40  55  0.00024120
41  55  0.00015938
42  55  0.00024260
43  55  0.00004791
44  55  0.00051088
45  55  0.00014516
46  55  0.00014623
47  55  0.00023939
48  55  0.00032049
49  55  0.00015656
50  55  0.00019556
51  55  0.00007643
52  55  0.00019760
53  55  0.00025480
54  55  0.00026016
55  55  0.00034111
56  55  0.00003426
57  55  0.00020318
58  55  0.00027708
59  55  0.00016984
60  55  0.00028841
61  55  0.00011060
62  55  0.00036638
63  55  0.00016568
0  56  0.00026574
1  56  0.00021248
2  56  0.00054383
3  56  0.00024913
4  56  0.00029709
5  56  0.00031874
6  56  0.00035163
7  56  0.00038966
8  56  0.00010144
9  56  0.00015644
10  56  0.00022996
11  56  0.00024271
12  56  0.00034232
13  56  0.00023307
14  56  0.00027638
15  56  0.00007026
16  56  0.00007710
17  56  0.00024378
18  56  0.00023467
19  56  0.00029147
20  56  0.00010418
21  56  0.00043314
22  56  0.00010607
23  56  0.00041369
24  56  0.00013541
25  56  0.00020358
26  56  0.00009893
27  56  0.00028193
28  56  0.00025326
29  56  0.00065329
30  56  0.00013738
31  56  0.00048239
32  56  0.00021320
33  56  0.00010400
34  56  0.00023318
35  56  0.00021777
36  56  0.00007321
37  56  0.00030797
38  56  0.00046264
39  56  0.00013180
40  56  0.00041515
41  56  0.00024446
42  56  0.00008873
43  56  0.00028290
44  56  0.00021608
45  56  0.00034612
46  56  0.00042113
47  56  0.00015091
48  56  0.00014107
49  56  0.00027365
50  56  0.00024360
51  56  0.00030975
52  56  0.00019364
53  56  0.00052598
54  56  0.00034922
55  56  0.00031208
56  56  0.00024155
57  56  0.00004041
58  56  0.00013751
59  56  0.00020749
60  56  0.00037388
61  56  0.00051200
62  56  0.00036877
63  56  0.00025945
0  57  0.00015229
1  57  0.00030012
2  57  0.00019530
3  57  0.00029172
4  57  0.00015378
5  57  0.00018848
6  57  0.00032305
7  57  0.00014999
8  57  0.00012927
9  57  0.00019740
10  57  0.00015959
11  57  0.00027563
12  57  0.00009657
13  57  0.00016182
14  57  0.00004992
15  57  0.00020495
16  57  0.00042028
17  57  0.00023600
18  57  0.00030261
19  57  0.00017056
20  57  0.00044657
21  57  0.00017074
22  57  0.00012318
23  57  0.00019799
24  57  0.00048197
25  57  0.00034871
26  57  0.00042810
27  57  0.00016774
28  57  0.00059825
29  57  0.00041216
30  57  0.00007326
31  57  0.00011263
32  57  0.00029966
33  57  0.00017942
34  57  0.00031456
35  57  0.00018198
36  57  0.00036366
37  57  0.00024395
38  57  0.00026179
39  57  0.00030728
40  57  0.00016331
41  57  0.00014184
42  57  0.00059574
43  57  0.00023594
44  57  0.00005519
45  57  0.00037981
46  57  0.00016234
47  57  0.00029020
48  57  0.00030737
49  57  0.00048088
50  57  0.00033058
51  57  0.00035140
52  57  0.00033150
53  57  0.00027553
54  57  0.00016819
55  57  0.00013601
56  57  0.00005891
57  57  0.00033839
58  57  0.00025814
59  57  0.00029773
60  57  0.00035916
61  57  0.00018796
62  57  0.00022361
63  57  0.00024531
0  58  0.00012763
1  58  0.00014795
2  58  0.00019353
3  58  0.00040150
4  58  0.00028605
5  58  0.00017956
6  58  0.00020033
7  58  0.00050559
8  58  0.00027160
9  58  0.00033494
10  58  0.00037600
11  58  0.00016566
12  58  0.00020598
13  58  0.00025661
14  58  0.00031534
15  58  0.00020362
16  58  0.00059174
17  58  0.00032016
18  58  0.00022533
19  58  0.00012429
20  58  0.00044981
21  58  0.00040276
22  58  0.00031062
23  58  0.00021388
24  58  0.00027196
25  58  0.00028376
26  58  0.00010172
27  58  0.00060465
28  58  0.00014070
29  58  0.00031774
30  58  0.00015624
31  58  0.00018524
32  58  0.00009869
33  58  0.00007749
34  58  0.00014857
35  58  0.00037302
36  58  0.00017825
37  58  0.00048532
38  58  0.00005098
39  58  0.00023728
40  58  0.00016005
41  58  0.00015441
42  58  0.00028743
43  58  0.00020033
44  58  0.00014009
45  58  0.00016511
46  58  0.00035929
47  58  0.00024974
48  58  0.00019344
49  58  0.00024898
50  58  0.00037384
51  58  0.00017525
52  58  0.00015795
53  58  0.00015810
54  58  0.00007974
55  58  0.00052303
56  58  0.00060877
57  58  0.00016325
58  58  0.00041803
59  58  0.00017613
60  58  0.00015770
61  58  0.00028959
62  58  0.00025572
63  58  0.00014449
0  59  0.00013165
1  59  0.00022751
2  59  0.00023937
3  59  0.00020145
4  59  0.00019381
5  59  0.00012395
6  59  0.00013313
7  59  0.00020601
8  59  0.00022658
9  59  0.00030967
10  59  0.00036057
11  59  0.00041337
12  59  0.00021300
13  59  0.00019943
14  59  0.00018555
15  59  0.00006032
16  59  0.00009875
17  59  0.00047785
18  59  0.00044544
19  59  0.00021260
20  59  0.00018532
21  59  0.00016906
22  59  0.00010580
23  59  0.00049499
24  59  0.00012765
25  59  0.00040354
26  59  0.00006288
27  59  0.00017624
28  59  0.00046334
29  59  0.00032142
30  59  0.00019087
31  59  0.00004233
32  59  0.00025482
33  59  0.00012608
34  59  0.00006335
35  59  0.00039836
36  59  0.00026690
37  59  0.00059617
38  59  0.00010854
39  59  0.00010442
40  59  0.00036165
41  59  0.00008464
42  59  0.00014277
43  59  0.00025602
44  59  0.00018248
45  59  0.00012744
46  59  0.00020212
47  59  0.00030377
48  59  0.00036297
49  59  0.00036946
50  59  0.00005530
51  59  0.00040033
52  59  0.00009726
53  59  0.00014173
54  59  0.00014144
55  59  0.00028553
56  59  0.00018377
57  59  0.00021541
58  59  0.00034093
59  59  0.00044675
60  59  0.00006888
61  59  0.00028216
62  59  0.00016080
63  59  0.00012318
0  60  0.00011219
1  60  0.00027739
2  60  0.00030052
3  60  0.00049122
4  60  0.00010772
5  60  0.00027657
6  60  0.00012046
7  60  0.00016095
8  60  0.00018608
9  60  0.00041072
10  60  0.00010625
11  60  0.00013119
12  60  0.00040254
13  60  0.00019090
14  60  0.00012312
15  60  0.00021565
16  60  0.00010188
17  60  0.00026754
18  60  0.00017831
19  60  0.00040267
20  60  0.00021620
21  60  0.00020795
22  60  0.00034974
23  60  0.00021909
24  60  0.00022855
25  60  0.00017652
26  60  0.00018521
27  60  0.00034133
28  60  0.00013438
29  60  0.00030437
30  60  0.00023499
31  60  0.00041156
32  60  0.00019963
33  60  0.00055056
34  60  0.00031050
35  60  0.00063167
36  60  0.00022265
37  60  0.00025310
38  60  0.00019525
39  60  0.00034594
40  60  0.00019449
41  60  0.00041346
42  60  0.00011575
43  60  0.00053666
44  60  0.00022335
45  60  0.00037779
46  60  0.00053034
47  60  0.00017513
48  60  0.00022600
49  60  0.00020198
50  60  0.00050680
51  60  0.00005685
52  60  0.00043630
53  60  0.00013762
54  60  0.00015362
55  60  0.00050000
56  60  0.00011543
57  60  0.00028138
58  60  0.00037949
59  60  0.00028989
60  60  0.00013641
61  60  0.00023509
62  60  0.00045688
63  60  0.00022435
0  61  0.00007898
1  61  0.00027629
2  61  0.00016613
3  61  0.00024989
4  61  0.00009193
5  61  0.00013090
6  61  0.00018871
7  61  0.00009659
8  61  0.00018940
9  61  0.00035487
10  61  0.00021629
11  61  0.00037181
12  61  0.00010223
13  61  0.00008856
14  61  0.00029226
15  61  0.00028725
16  61  0.00042062
17  61  0.00071013
18  61  0.00034281
19  61  0.00006357
20  61  0.00028170
21  61  0.00013484
22  61  0.00029004
23  61  0.00012419
24  61  0.00065135
25  61  0.00055110
26  61  0.00056843
27  61  0.00036941
28  61  0.00008146
29  61  0.00025618
30  61  0.00018401
31  61  0.00006535
32  61  0.00036794
33  61  0.00030854
34  61  0.00035474
35  61  0.00008239
36  61  0.00016590
37  61  0.00032486
38  61  0.00040000
39  61  0.00035855
40  61  0.00008488
41  61  0.00015117
42  61  0.00030447
43  61  0.00045094
44  61  0.00011709
45  61  0.00009926
46  61  0.00024380
47  61  0.00014055
48  61  0.00038732
49  61  0.00018594
50  61  0.00016345
51  61  0.00006944
52  61  0.00007111
53  61  0.00024917
54  61  0.00045892
55  61  0.00016832
56  61  0.00022194
57  61  0.00014569
58  61  0.00017285
59  61  0.00005966
60  61  0.00012346
61  61  0.00009888
62  61  0.00015425
63  61  0.00015562
0  62  0.00019071
1  62  0.00043616
2  62  0.00009435
3  62  0.00037784
4  62  0.00020149
5  62  0.00010997
6  62  0.00040592
7  62  0.00020906
8  62  0.00043532
9  62  0.00025896
10  62  0.00024495
11  62  0.00014823
12  62  0.00035967
13  62  0.00010878
14  62  0.00009481
15  62  0.00008822
16  62  0.00013776
17  62  0.00060105
18  62  0.00053770
19  62  0.00012229
20  62  0.00055606
21  62  0.00011915
22  62  0.00020579
23  62  0.00011043
24  62  0.00018511
25  62  0.00040671
26  62  0.00020466
27  62  0.00013229
28  62  0.00010475
29  62  0.00020424
30  62  0.00014836
31  62  0.00029710
32  62  0.00010368
33  62  0.00027839
34  62  0.00040601
35  62  0.00018050
36  62  0.00055664
37  62  0.00035785
38  62  0.00048738
39  62  0.00015912
40  62  0.00026644
41  62  0.00030849
42  62  0.00026744
43  62  0.00023232
44  62  0.00020392
45  62  0.00043421
46  62  0.00039735
47  62  0.00037290
48  62  0.00027457
49  62  0.00022032
50  62  0.00024654
51  62  0.00009830
52  62  0.00005669
53  62  0.00035470
54  62  0.00016779
55  62  0.00036969
56  62  0.00037887
57  62  0.00020550
58  62  0.00018124
59  62  0.00018727
60  62  0.00019175
61  62  0.00015883
62  62  0.00024603
63  62  0.00010888
0  63  0.00014693
1  63  0.00042315
2  63  0.00015729
3  63  0.00041082
4  63  0.00020483
5  63  0.00021599
6  63  0.00027529
7  63  0.00026089
8  63  0.00020673
9  63  0.00044148
10  63  0.00017389
11  63  0.00028953
12  63  0.00036597
13  63  0.00016339
14  63  0.00016368
15  63  0.00013944
16  63  0.00028204
17  63  0.00034846
18  63  0.00052291
19  63  0.00009851
20  63  0.00032618
21  63  0.00016063
22  63  0.00016090
23  63  0.00018698
24  63  0.00047592
25  63  0.00014384
26  63  0.00020189
27  63  0.00028900
28  63  0.00030698
29  63  0.00018921
30  63  0.00042256
31  63  0.00035808
32  63  0.00015376
33  63  0.00028695
34  63  0.00007381
35  63  0.00009340
36  63  0.00038311
37  63  0.00036464
38  63  0.00022363
39  63  0.00030837
40  63  0.00010283
41  63  0.00022153
42  63  0.00040240
43  63  0.00032766
44  63  0.00031106
45  63  0.00029121
46  63  0.00027124
47  63  0.00016402
48  63  0.00017870
49  63  0.00018209
50  63  0.00035860
51  63  0.00033729
52  63  0.00022994
53  63  0.00052530
54  63  0.00014625
55  63  0.00019751
56  63  0.00023756
57  63  0.00025445
58  63  0.00029918
59  63  0.00013445
60  63  0.00018795
61  63  0.00039306
62  63  0.00022922
63  63  0.00041777
