# Spinor density |Psi|^2 at t = 80 seconds
# Grid: 64 x 64
# Columns: x  y  density
0  0  0.00003409
1  0  0.00025043
2  0  0.00018212
3  0  0.00031676
4  0  0.00054110
5  0  0.00027724
6  0  0.00024201
7  0  0.00017159
8  0  0.00008792
9  0  0.00006199
10  0  0.00017121
11  0  0.00011839
12  0  0.00020539
13  0  0.00013788
14  0  0.00014829
15  0  0.00031196
16  0  0.00038575
17  0  0.00030530
18  0  0.00042202
19  0  0.00033376
20  0  0.00018807
21  0  0.00014246
22  0  0.00026250
23  0  0.00011306
24  0  0.00022520
25  0  0.00022998
26  0  0.00011235
27  0  0.00011114
28  0  0.00006819
29  0  0.00055045
30  0  0.00004447
31  0  0.00020640
32  0  0.00020870
33  0  0.00024394
34  0  0.00017110
35  0  0.00016021
36  0  0.00023963
37  0  0.00007945
38  0  0.00043573
39  0  0.00007119
40  0  0.00020474
41  0  0.00024642
42  0  0.00023368
43  0  0.00019909
44  0  0.00029729
45  0  0.00011152
46  0  0.00028444
47  0  0.00011739
48  0  0.00083530
49  0  0.00018721
50  0  0.00033166
51  0  0.00021080
52  0  0.00014202
53  0  0.00017000
54  0  0.00061398
55  0  0.00005048
56  0  0.00030620
57  0  0.00012547
58  0  0.00017417
59  0  0.00012863
60  0  0.00019593
61  0  0.00028479
62  0  0.00036400
63  0  0.00018872
0  1  0.00027535
1  1  0.00044582
2  1  0.00005481
3  1  0.00016935
4  1  0.00026819
5  1  0.00022254
6  1  0.00017875
7  1  0.00027000
8  1  0.00014057
9  1  0.00028245
10  1  0.00014105
11  1  0.00021683
12  1  0.00022265
13  1  0.00034508
14  1  0.00032464
15  1  0.00009417
16  1  0.00021374
17  1  0.00023062
18  1  0.00019426
19  1  0.00021148
20  1  0.00021061
21  1  0.00011158
22  1  0.00022486
23  1  0.00049036
24  1  0.00031209
25  1  0.00028340
26  1  0.00055576
27  1  0.00024422
28  1  0.00008905
29  1  0.00064306
30  1  0.00060882
31  1  0.00047303
32  1  0.00014356
33  1  0.00027403
34  1  0.00012079
35  1  0.00029142
36  1  0.00024328
37  1  0.00007439
38  1  0.00038407
39  1  0.00024741
40  1  0.00030798
41  1  0.00031648
42  1  0.00032062
43  1  0.00016936
44  1  0.00022202
45  1  0.00018936
46  1  0.00020420
47  1  0.00027303
48  1  0.00021791
49  1  0.00019284
50  1  0.00048246
51  1  0.00038961
52  1  0.00015644
53  1  0.00012531
54  1  0.00062257
55  1  0.00056206
56  1  0.00028217
57  1  0.00014020
58  1  0.00023757
59  1  0.00012722
60  1  0.00023703
61  1  0.00031998
62  1  0.00026775
63  1  0.00016353
0  2  0.00023688
1  2  0.00023957
2  2  0.00035774
3  2  0.00019691
4  2  0.00024813
5  2  0.00005453
6  2  0.00049426
7  2  0.00012992
8  2  0.00012277
9  2  0.00027963
10  2  0.00019990
11  2  0.00014931
12  2  0.00018587
13  2  0.00009993
14  2  0.00003286
15  2  0.00040886
16  2  0.00025756
17  2  0.00072879
18  2  0.00039542
19  2  0.00031740
20  2  0.00010893
21  2  0.00018001
22  2  0.00035132
23  2  0.00020519
24  2  0.00006488
25  2  0.00010271
26  2  0.00025967
27  2  0.00011349
28  2  0.00035091
29  2  0.00020793
30  2  0.00020922
31  2  0.00016637
32  2  0.00029537
33  2  0.00025742
34  2  0.00020287
35  2  0.00040951
36  2  0.00040031
37  2  0.00022128
38  2  0.00008621
39  2  0.00014675
40  2  0.00037962
41  2  0.00055527
42  2  0.00019811
43  2  0.00015407
44  2  0.00034306
45  2  0.00013907
46  2  0.00017627
47  2  0.00023953
48  2  0.00028244
49  2  0.00022338
50  2  0.00047927
51  2  0.00039446
52  2  0.00026351
53  2  0.00041780
54  2  0.00048932
55  2  0.00041493
56  2  0.00021200
57  2  0.00044044
58  2  0.00015854
59  2  0.00024141
60  2  0.00042021
61  2  0.00044603
62  2  0.00007687
63  2  0.00009834
0  3  0.00023947
1  3  0.00011526
2  3  0.00049600
3  3  0.00026588
4  3  0.00009896
5  3  0.00058683
6  3  0.00049655
7  3  0.00021221
8  3  0.00030065
9  3  0.00033942
10  3  0.00020761
11  3  0.00019870
12  3  0.00049904
13  3  0.00023317
14  3  0.00018947
15  3  0.00011793
16  3  0.00019619
17  3  0.00005015
18  3  0.00022331
19  3  0.00027814
20  3  0.00035780
21  3  0.00025944
22  3  0.00022176
23  3  0.00034229
24  3  0.00026468
25  3  0.00023185
26  3  0.00021586
27  3  0.00014800
28  3  0.00019771
29  3  0.00014148
30  3  0.00008799
31  3  0.00013669
32  3  0.00014183
33  3  0.00032388
34  3  0.00019397
35  3  0.00052482
36  3  0.00012378
37  3  0.00021363
38  3  0.00017864
39  3  0.00028317
40  3  0.00046058
41  3  0.00013817
42  3  0.00008405
43  3  0.00011289
44  3  0.00042718
45  3  0.00052269
46  3  0.00025919
47  3  0.00030911
48  3  0.00012443
49  3  0.00040171
50  3  0.00022250
51  3  0.00041319
52  3  0.00014816
53  3  0.00021061
54  3  0.00019294
55  3  0.00038292
56  3  0.00017633
57  3  0.00055509
58  3  0.00039973
59  3  0.00030522
60  3  0.00023302
61  3  0.00020947
62  3  0.00006773
63  3  0.00041828
0  4  0.00038849
1  4  0.00033760
2  4  0.00017565
3  4  0.00031925
4  4  0.00001331
5  4  0.00027076
6  4  0.00009760
7  4  0.00038653
8  4  0.00036445
9  4  0.00031918
10  4  0.00018973
11  4  0.00024181
12  4  0.00026021
13  4  0.00033174
14  4  0.00025470
15  4  0.00035448
16  4  0.00046393
17  4  0.00013146
18  4  0.00027293
19  4  0.00005041
20  4  0.00020694
21  4  0.00024325
22  4  0.00040659
23  4  0.00013621
24  4  0.00014585
25  4  0.00017929
26  4  0.00016817
27  4  0.00017397
28  4  0.00015828
29  4  0.00019264
30  4  0.00027643
31  4  0.00036665
32  4  0.00032017
33  4  0.00024853
34  4  0.00020414
35  4  0.00025783
36  4  0.00032916
37  4  0.00005564
38  4  0.00029749
39  4  0.00004638
40  4  0.00019246
41  4  0.00015829
42  4  0.00013745
43  4  0.00019438
44  4  0.00024019
45  4  0.00030894
46  4  0.00032932
47  4  0.00031293
48  4  0.00018398
49  4  0.00015641
50  4  0.00026707
51  4  0.00021910
52  4  0.00022287
53  4  0.00023509
54  4  0.00011077
55  4  0.00044950
56  4  0.00042146
57  4  0.00032729
58  4  0.00009825
59  4  0.00023023
60  4  0.00028824
61  4  0.00030778
62  4  0.00012174
63  4  0.00013622
0  5  0.00028153
1  5  0.00040459
2  5  0.00014952
3  5  0.00038550
4  5  0.00009447
5  5  0.00013017
6  5  0.00005462
7  5  0.00033344
8  5  0.00031683
9  5  0.00039134
10  5  0.00032343
11  5  0.00035104
12  5  0.00021962
13  5  0.00023096
14  5  0.00028510
15  5  0.00020287
16  5  0.00021105
17  5  0.00011637
18  5  0.00039697
19  5  0.00028101
20  5  0.00031830
21  5  0.00057437
22  5  0.00022622
23  5  0.00025470
24  5  0.00009217
25  5  0.00016470
26  5  0.00006549
27  5  0.00018868
28  5  0.00012315
29  5  0.00033089
30  5  0.00004472
31  5  0.00034728
32  5  0.00015676
33  5  0.00023304
34  5  0.00016103
35  5  0.00025975
36  5  0.00014399
37  5  0.00007623
38  5  0.00005553
39  5  0.00022230
40  5  0.00011551
41  5  0.00031659
42  5  0.00022231
43  5  0.00017825
44  5  0.00016123
45  5  0.00014704
46  5  0.00033423
47  5  0.00036887
48  5  0.00022484
49  5  0.00031330
50  5  0.00018319
51  5  0.00007252
52  5  0.00034983
53  5  0.00031572
54  5  0.00004460
55  5  0.00042138
56  5  0.00030548
57  5  0.00015006
58  5  0.00023616
59  5  0.00010084
60  5  0.00029460
61  5  0.00038877
62  5  0.00036349
63  5  0.00018876
0  6  0.00021426
1  6  0.00039403
2  6  0.00016910
3  6  0.00030897
4  6  0.00022346
5  6  0.00022616
6  6  0.00005390
7  6  0.00025679
8  6  0.00012168
9  6  0.00023092
10  6  0.00034546
11  6  0.00020947
12  6  0.00019221
13  6  0.00025053
14  6  0.00008515
15  6  0.00038892
16  6  0.00018017
17  6  0.00029987
18  6  0.00033244
19  6  0.00013108
20  6  0.00029802
21  6  0.00015470
22  6  0.00013313
23  6  0.00048991
24  6  0.00010110
25  6  0.00023092
26  6  0.00026063
27  6  0.00044179
28  6  0.00017228
29  6  0.00014845
30  6  0.00011954
31  6  0.00017615
32  6  0.00013168
33  6  0.00032818
34  6  0.00008010
35  6  0.00028953
36  6  0.00038341
37  6  0.00025755
38  6  0.00032295
39  6  0.00016464
40  6  0.00027066
41  6  0.00028342
42  6  0.00023344
43  6  0.00004537
44  6  0.00014229
45  6  0.00011123
46  6  0.00036796
47  6  0.00007365
48  6  0.00023343
49  6  0.00006529
50  6  0.00028634
51  6  0.00019175
52  6  0.00055542
53  6  0.00013359
54  6  0.00014221
55  6  0.00043433
56  6  0.00027341
57  6  0.00051174
58  6  0.00023722
59  6  0.00003555
60  6  0.00045509
61  6  0.00016184
62  6  0.00034058
63  6  0.00033872
0  7  0.00014455
1  7  0.00037127
2  7  0.00022059
3  7  0.00049772
4  7  0.00028131
5  7  0.00050797
6  7  0.00012316
7  7  0.00019573
8  7  0.00017588
9  7  0.00022226
10  7  0.00032151
11  7  0.00017124
12  7  0.00028341
13  7  0.00040281
14  7  0.00026277
15  7  0.00032960
16  7  0.00041341
17  7  0.00031486
18  7  0.00039390
19  7  0.00027871
20  7  0.00039056
21  7  0.00036441
22  7  0.00015807
23  7  0.00025555
24  7  0.00012541
25  7  0.00021731
26  7  0.00039049
27  7  0.00011192
28  7  0.00044370
29  7  0.00012164
30  7  0.00012015
31  7  0.00012279
32  7  0.00013533
33  7  0.00042359
34  7  0.00022116
35  7  0.00026635
36  7  0.00009523
37  7  0.00040393
38  7  0.00007748
39  7  0.00023220
40  7  0.00017829
41  7  0.00012419
42  7  0.00020740
43  7  0.00009046
44  7  0.00025753
45  7  0.00022500
46  7  0.00022741
47  7  0.00034677
48  7  0.00030327
49  7  0.00025383
50  7  0.00006389
51  7  0.00018821
52  7  0.00012401
53  7  0.00017831
54  7  0.00016416
55  7  0.00029910
56  7  0.00045064
57  7  0.00009042
58  7  0.00037495
59  7  0.00017132
60  7  0.00016769
61  7  0.00036935
62  7  0.00020677
63  7  0.00025741
0  8  0.00031336
1  8  0.00015639
2  8  0.00025543
3  8  0.00028395
4  8  0.00029531
5  8  0.00017392
6  8  0.00019769
7  8  0.00021506
8  8  0.00019764
9  8  0.00022711
10  8  0.00023423
11  8  0.00008537
12  8  0.00017521
13  8  0.00009381
14  8  0.00053157
15  8  0.00024665
16  8  0.00019013
17  8  0.00047459
18  8  0.00023223
19  8  0.00052716
20  8  0.00014819
21  8  0.00008192
22  8  0.00021913
23  8  0.00042965
24  8  0.00024800
25  8  0.00016370
26  8  0.00032372
27  8  0.00010277
28  8  0.00042145
29  8  0.00023358
30  8  0.00016969
31  8  0.00021270
32  8  0.00030498
33  8  0.00019002
34  8  0.00005589
35  8  0.00005590
36  8  0.00022201
37  8  0.00023199
38  8  0.00012926
39  8  0.00020432
40  8  0.00026368
41  8  0.00018401
42  8  0.00018909
43  8  0.00029172
44  8  0.00017047
45  8  0.00033661
46  8  0.00018528
47  8  0.00024610
48  8  0.00014751
49  8  0.00008843
50  8  0.00012969
51  8  0.00029399
52  8  0.00018378
53  8  0.00027380
54  8  0.00025610
55  8  0.00034583
56  8  0.00018854
57  8  0.00035057
58  8  0.00016227
59  8  0.00051307
60  8  0.00032702
61  8  0.00042725
62  8  0.00027934
63  8  0.00019751
0  9  0.00020869
1  9  0.00012315
2  9  0.00015597
3  9  0.00023865
4  9  0.00033161
5  9  0.00033623
6  9  0.00021918
7  9  0.00025941
8  9  0.00020856
9  9  0.00024205
10  9  0.00042892
11  9  0.00016066
12  9  0.00036889
13  9  0.00010423
14  9  0.00023300
15  9  0.00033105
16  9  0.00014502
17  9  0.00027306
18  9  0.00036565
19  9  0.00018196
20  9  0.00043821
21  9  0.00021397
22  9  0.00020405
23  9  0.00003291
24  9  0.00015356
25  9  0.00092223
26  9  0.00023058
27  9  0.00018708
28  9  0.00013467
29  9  0.00009517
30  9  0.00009765
31  9  0.00018767
32  9  0.00026090
33  9  0.00007622
34  9  0.00046848
35  9  0.00024620
36  9  0.00012056
37  9  0.00031806
38  9  0.00011990
39  9  0.00029356
40  9  0.00034966
41  9  0.00024206
42  9  0.00046287
43  9  0.00013612
44  9  0.00023679
45  9  0.00030077
46  9  0.00032099
47  9  0.00014906
48  9  0.00015056
49  9  0.00013249
50  9  0.00006169
51  9  0.00037735
52  9  0.00020229
53  9  0.00020228
54  9  0.00049326
55  9  0.00014242
56  9  0.00019439
57  9  0.00016662
58  9  0.00017608
59  9  0.00029727
60  9  0.00009402
61  9  0.00035560
62  9  0.00007419
63  9  0.00044763
0  10  0.00002813
1  10  0.00022235
2  10  0.00026902
3  10  0.00005470
4  10  0.00012556
5  10  0.00027326
6  10  0.00006152
7  10  0.00046953
8  10  0.00025009
9  10  0.00003842
10  10  0.00029959
11  10  0.00013057
12  10  0.00032678
13  10  0.00029662
14  10  0.00019558
15  10  0.00010085
16  10  0.00007381
17  10  0.00010459
18  10  0.00039971
19  10  0.00045899
20  10  0.00053630
21  10  0.00020985
22  10  0.00018179
23  10  0.00016557
24  10  0.00019337
25  10  0.00024540
26  10  0.00023049
27  10  0.00034047
28  10  0.00007807
29  10  0.00048117
30  10  0.00014549
31  10  0.00036932
32  10  0.00015297
33  10  0.00020330
34  10  0.00017679
35  10  0.00022254
36  10  0.00035663
37  10  0.00010733
38  10  0.00020668
39  10  0.00022823
40  10  0.00032318
41  10  0.00042409
42  10  0.00057111
43  10  0.00005214
44  10  0.00043027
45  10  0.00014252
46  10  0.00037893
47  10  0.00025293
48  10  0.00013638
49  10  0.00009991
50  10  0.00031667
51  10  0.00019407
52  10  0.00026673
53  10  0.00017879
54  10  0.00024553
55  10  0.00036020
56  10  0.00037688
57  10  0.00023860
58  10  0.00054359
59  10  0.00012091
60  10  0.00023959
61  10  0.00044594
62  10  0.00027477
63  10  0.00025373
0  11  0.00038447
1  11  0.00048343
2  11  0.00011990
3  11  0.00036471
4  11  0.00035347
5  11  0.00035468
6  11  0.00033085
7  11  0.00017241
8  11  0.00002753
9  11  0.00024429
10  11  0.00034289
11  11  0.00008374
12  11  0.00028614
13  11  0.00011322
14  11  0.00014557
15  11  0.00020208
16  11  0.00019933
17  11  0.00033188
18  11  0.00030832
19  11  0.00020282
20  11  0.00012756
21  11  0.00025052
22  11  0.00021788
23  11  0.00041623
24  11  0.00022260
25  11  0.00012439
26  11  0.00017094
27  11  0.00028643
28  11  0.00035830
29  11  0.00020574
30  11  0.00018903
31  11  0.00024124
32  11  0.00021010
33  11  0.00020826
34  11  0.00023448
35  11  0.00027608
36  11  0.00012632
37  11  0.00045755
38  11  0.00025339
39  11  0.00018306
40  11  0.00020748
41  11  0.00021235
42  11  0.00025881
43  11  0.00018796
44  11  0.00026956
45  11  0.00013765
46  11  0.00023197
47  11  0.00020479
48  11  0.00017103
49  11  0.00051300
50  11  0.00010388
51  11  0.00050865
52  11  0.00031076
53  11  0.00035975
54  11  0.00012648
55  11  0.00040700
56  11  0.00005733
57  11  0.00031454
58  11  0.00024980
59  11  0.00039426
60  11  0.00014443
61  11  0.00025194
62  11  0.00012796
63  11  0.00016921
0  12  0.00037179
1  12  0.00019378
2  12  0.00026428
3  12  0.00030543
4  12  0.00032157
5  12  0.00032522
6  12  0.00021418
7  12  0.00027847
8  12  0.00029259
9  12  0.00029603
10  12  0.00016361
11  12  0.00029393
12  12  0.00014728
13  12  0.00007932
14  12  0.00041426
15  12  0.00029702
16  12  0.00025035
17  12  0.00017349
18  12  0.00031486
19  12  0.00027629
20  12  0.00011673
21  12  0.00016533
22  12  0.00015922
23  12  0.00009368
24  12  0.00017242
25  12  0.00030183
26  12  0.00034299
27  12  0.00015416
28  12  0.00060533
29  12  0.00040208
30  12  0.00020032
31  12  0.00029819
32  12  0.00022434
33  12  0.00040165
34  12  0.00014828
35  12  0.00047548
36  12  0.00022160
37  12  0.00029173
38  12  0.00034957
39  12  0.00032259
40  12  0.00030537
41  12  0.00016842
42  12  0.00035282
43  12  0.00033089
44  12  0.00013382
45  12  0.00051514
46  12  0.00050218
47  12  0.00006497
48  12  0.00016353
49  12  0.00029095
50  12  0.00035546
51  12  0.00020386
52  12  0.00030305
53  12  0.00024734
54  12  0.00021581
55  12  0.00001825
56  12  0.00022034
57  12  0.00025948
58  12  0.00025132
59  12  0.00024886
60  12  0.00010989
61  12  0.00039668
62  12  0.00009385
63  12  0.00017521
0  13  0.00038503
1  13  0.00012516
2  13  0.00029026
3  13  0.00027858
4  13  0.00014394
5  13  0.00042944
6  13  0.00016026
7  13  0.00030153
8  13  0.00034141
9  13  0.00020521
10  13  0.00006711
11  13  0.00032935
12  13  0.00021104
13  13  0.00027462
14  13  0.00030088
15  13  0.00009464
16  13  0.00031284
17  13  0.00013661
18  13  0.00027344
19  13  0.00013851
20  13  0.00040871
21  13  0.00031408
22  13  0.00042545
23  13  0.00007451
24  13  0.00011829
25  13  0.00021578
26  13  0.00039665
27  13  0.00047702
28  13  0.00004266
29  13  0.00018991
30  13  0.00014974
31  13  0.00005264
32  13  0.00036019
33  13  0.00038617
34  13  0.00010940
35  13  0.00014766
36  13  0.00026549
37  13  0.00022223
38  13  0.00037386
39  13  0.00024456
40  13  0.00033132
41  13  0.00025185
42  13  0.00030744
43  13  0.00029248
44  13  0.00022216
45  13  0.00045537
46  13  0.00019103
47  13  0.00007977
48  13  0.00015784
49  13  0.00028454
50  13  0.00022663
51  13  0.00016101
52  13  0.00031132
53  13  0.00053316
54  13  0.00011167
55  13  0.00057718
56  13  0.00024142
57  13  0.00031918
58  13  0.00034626
59  13  0.00032523
60  13  0.00018409
61  13  0.00005151
62  13  0.00030978
63  13  0.00009567
0  14  0.00038824
1  14  0.00032803
2  14  0.00017291
3  14  0.00044165
4  14  0.00018079
5  14  0.00033237
6  14  0.00012375
7  14  0.00027149
8  14  0.00020243
9  14  0.00016823
10  14  0.00022499
11  14  0.00030257
12  14  0.00014049
13  14  0.00035803
14  14  0.00024030
15  14  0.00015015
16  14  0.00045241
17  14  0.00022464
18  14  0.00006523
19  14  0.00015144
20  14  0.00023383
21  14  0.00018240
22  14  0.00023025
23  14  0.00013107
24  14  0.00009084
25  14  0.00020845
26  14  0.00015643
27  14  0.00018793
28  14  0.00013340
29  14  0.00024495
30  14  0.00015981
31  14  0.00057245
32  14  0.00029677
33  14  0.00038444
34  14  0.00017677
35  14  0.00021483
36  14  0.00039262
37  14  0.00016454
38  14  0.00013299
39  14  0.00033262
40  14  0.00033995
41  14  0.00052798
42  14  0.00030413
43  14  0.00017599
44  14  0.00036134
45  14  0.00029699
46  14  0.00035310
47  14  0.00019084
48  14  0.00042190
49  14  0.00040789
50  14  0.00012274
51  14  0.00034778
52  14  0.00030453
53  14  0.00012538
54  14  0.00040910
55  14  0.00035247
56  14  0.00012723
57  14  0.00033011
58  14  0.00026427
59  14  0.00031286
60  14  0.00039989
61  14  0.00014819
62  14  0.00012246
63  14  0.00012584
0  15  0.00030345
1  15  0.00052634
2  15  0.00016616
3  15  0.00046608
4  15  0.00024271
5  15  0.00023839
6  15  0.00010746
7  15  0.00045581
8  15  0.00017513
9  15  0.00022161
10  15  0.00031868
11  15  0.00019455
12  15  0.00017121
13  15  0.00018771
14  15  0.00042256
15  15  0.00035941
16  15  0.00014109
17  15  0.00029292
18  15  0.00030118
19  15  0.00012636
20  15  0.00014931
21  15  0.00062447
22  15  0.00019524
23  15  0.00026060
24  15  0.00018842
25  15  0.00022296
26  15  0.00011289
27  15  0.00012683
28  15  0.00017620
29  15  0.00010533
30  15  0.00057638
31  15  0.00018145
32  15  0.00012266
33  15  0.00040412
34  15  0.00066659
35  15  0.00027744
36  15  0.00036534
37  15  0.00015697
38  15  0.00016417
39  15  0.00035955
40  15  0.00043971
41  15  0.00036508
42  15  0.00013479
43  15  0.00043168
44  15  0.00027181
45  15  0.00047799
46  15  0.00010845
47  15  0.00031154
48  15  0.00014146
49  15  0.00012935
50  15  0.00029213
51  15  0.00012669
52  15  0.00032567
53  15  0.00017255
54  15  0.00049353
55  15  0.00029851
56  15  0.00030989
57  15  0.00004946
58  15  0.00031383
59  15  0.00023773
60  15  0.00006769
61  15  0.00017836
62  15  0.00019379
63  15  0.00029824
0  16  0.00031741
1  16  0.00023998
2  16  0.00039941
3  16  0.00017395
4  16  0.00024732
5  16  0.00015334
6  16  0.00012627
7  16  0.00042102
8  16  0.00036425
9  16  0.00019030
10  16  0.00014029
11  16  0.00030602
12  16  0.00019103
13  16  0.00025138
14  16  0.00032998
15  16  0.00016758
16  16  0.00047114
17  16  0.00018333
18  16  0.00034126
19  16  0.00029192
20  16  0.00021769
21  16  0.00013806
22  16  0.00034158
23  16  0.00036673
24  16  0.00005924
25  16  0.00016588
26  16  0.00027188
27  16  0.00030491
28  16  0.00021468
29  16  0.00018163
30  16  0.00016224
31  16  0.00057228
32  16  0.00020523
33  16  0.00007807
34  16  0.00011689
35  16  0.00020411
36  16  0.00049480
37  16  0.00031128
38  16  0.00026459
39  16  0.00028920
40  16  0.00005623
41  16  0.00040046
42  16  0.00010751
43  16  0.00019482
44  16  0.00011518
45  16  0.00027085
46  16  0.00021993
47  16  0.00014684
48  16  0.00038474
49  16  0.00012909
50  16  0.00018872
51  16  0.00032207
52  16  0.00015052
53  16  0.00019551
54  16  0.00020856
55  16  0.00010440
56  16  0.00008189
57  16  0.00033110
58  16  0.00025680
59  16  0.00027990
60  16  0.00018272
61  16  0.00035017
62  16  0.00027128
63  16  0.00020292
0  17  0.00040483
1  17  0.00029793
2  17  0.00022095
3  17  0.00015548
4  17  0.00017367
5  17  0.00016317
6  17  0.00027132
7  17  0.00027490
8  17  0.00034796
9  17  0.00020104
10  17  0.00024601
11  17  0.00039839
12  17  0.00009650
13  17  0.00047373
14  17  0.00005116
15  17  0.00008871
16  17  0.00004905
17  17  0.00024869
18  17  0.00035395
19  17  0.00024897
20  17  0.00028069
21  17  0.00045622
22  17  0.00026625
23  17  0.00031946
24  17  0.00035269
25  17  0.00012707
26  17  0.00017572
27  17  0.00018991
28  17  0.00010916
29  17  0.00029792
30  17  0.00060835
31  17  0.00030583
32  17  0.00008347
33  17  0.00030556
34  17  0.00025394
35  17  0.00037642
36  17  0.00014636
37  17  0.00026807
38  17  0.00032803
39  17  0.00038983
40  17  0.00032708
41  17  0.00015180
42  17  0.00036217
43  17  0.00011901
44  17  0.00022322
45  17  0.00016017
46  17  0.00025463
47  17  0.00032943
48  17  0.00006835
49  17  0.00014775
50  17  0.00015581
51  17  0.00025241
52  17  0.00027213
53  17  0.00073148
54  17  0.00014608
55  17  0.00015390
56  17  0.00025035
57  17  0.00034781
58  17  0.00015294
59  17  0.00012070
60  17  0.00042953
61  17  0.00058197
62  17  0.00035455
63  17  0.00020476
0  18  0.00018670
1  18  0.00040839
2  18  0.00020778
3  18  0.00007425
4  18  0.00013092
5  18  0.00031365
6  18  0.00016102
7  18  0.00028538
8  18  0.00034292
9  18  0.00014559
10  18  0.00034025
11  18  0.00012127
12  18  0.00011645
13  18  0.00018326
14  18  0.00009862
15  18  0.00021454
16  18  0.00026675
17  18  0.00038294
18  18  0.00022387
19  18  0.00043226
20  18  0.00018340
21  18  0.00045655
22  18  0.00017643
23  18  0.00024073
24  18  0.00023883
25  18  0.00036849
26  18  0.00015578
27  18  0.00039574
28  18  0.00024854
29  18  0.00012766
30  18  0.00037281
31  18  0.00007607
32  18  0.00031923
33  18  0.00024923
34  18  0.00012307
35  18  0.00023563
36  18  0.00055644
37  18  0.00013242
38  18  0.00012278
39  18  0.00027215
40  18  0.00026982
41  18  0.00014290
42  18  0.00027450
43  18  0.00011225
44  18  0.00053813
45  18  0.00019265
46  18  0.00008979
47  18  0.00030846
48  18  0.00027732
49  18  0.00049982
50  18  0.00043373
51  18  0.00032974
52  18  0.00002637
53  18  0.00033467
54  18  0.00007035
55  18  0.00009197
56  18  0.00014044
57  18  0.00031291
58  18  0.00008727
59  18  0.00019044
60  18  0.00025827
61  18  0.00010794
62  18  0.00028107
63  18  0.00023595
0  19  0.00015985
1  19  0.00027914
2  19  0.00010610
3  19  0.00013202
4  19  0.00013323
5  19  0.00022737
6  19  0.00046202
7  19  0.00036994
8  19  0.00012706
9  19  0.00019207
10  19  0.00013277
11  19  0.00034709
12  19  0.00032406
13  19  0.00025534
14  19  0.00019662
15  19  0.00006811
16  19  0.00027184
17  19  0.00020714
18  19  0.00019541
19  19  0.00013356
20  19  0.00016344
21  19  0.00033925
22  19  0.00018278
23  19  0.00033116
24  19  0.00025465
25  19  0.00019040
26  19  0.00023991
27  19  0.00013968
28  19  0.00040877
29  19  0.00014476
30  19  0.00021909
31  19  0.00057832
32  19  0.00017100
33  19  0.00031689
34  19  0.00027746
35  19  0.00023273
36  19  0.00026325
37  19  0.00016031
38  19  0.00053385
39  19  0.00020518
40  19  0.00048723
41  19  0.00053548
42  19  0.00031268
43  19  0.00014668
44  19  0.00020830
45  19  0.00025478
46  19  0.00024282
47  19  0.00013464
48  19  0.00013174
49  19  0.00030089
50  19  0.00038206
51  19  0.00009777
52  19  0.00014783
53  19  0.00018747
54  19  0.00036717
55  19  0.00017084
56  19  0.00025341
57  19  0.00032922
58  19  0.00033856
59  19  0.00010204
60  19  0.00014849
61  19  0.00012064
62  19  0.00010434
63  19  0.00019143
0  20  0.00023076
1  20  0.00014026
2  20  0.00013002
3  20  0.00018693
4  20  0.00028414
5  20  0.00024287
6  20  0.00050089
7  20  0.00044624
8  20  0.00003794
9  20  0.00012663
10  20  0.00014730
11  20  0.00015949
12  20  0.00012647
13  20  0.00018031
14  20  0.00018201
15  20  0.00040935
16  20  0.00016784
17  20  0.00037179
18  20  0.00014374
19  20  0.00026039
20  20  0.00042036
21  20  0.00003615
22  20  0.00022798
23  20  0.00030451
24  20  0.00018410
25  20  0.00017191
26  20  0.00026602
27  20  0.00026845
28  20  0.00017319
29  20  0.00023166
30  20  0.00013821
31  20  0.00008465
32  20  0.00016298
33  20  0.00006778
34  20  0.00016590
35  20  0.00050587
36  20  0.00018765
37  20  0.00028995
38  20  0.00040911
39  20  0.00029055
40  20  0.00037142
41  20  0.00014283
42  20  0.00017513
43  20  0.00024275
44  20  0.00041524
45  20  0.00006824
46  20  0.00033867
47  20  0.00041499
48  20  0.00025788
49  20  0.00024361
50  20  0.00004030
51  20  0.00006391
52  20  0.00010017
53  20  0.00040664
54  20  0.00028549
55  20  0.00016979
56  20  0.00016987
57  20  0.00013149
58  20  0.00035246
59  20  0.00022981
60  20  0.00023431
61  20  0.00022338
62  20  0.00007258
63  20  0.00014393
0  21  0.00034448
1  21  0.00024362
2  21  0.00029043
3  21  0.00033679
4  21  0.00032809
5  21  0.00024397
6  21  0.00041201
7  21  0.00025470
8  21  0.00022997
9  21  0.00012967
10  21  0.00016411
11  21  0.00027087
12  21  0.00051374
13  21  0.00023877
14  21  0.00037275
15  21  0.00009752
16  21  0.00025680
17  21  0.00014759
18  21  0.00020249
19  21  0.00023881
20  21  0.00023094
21  21  0.00008446
22  21  0.00025861
23  21  0.00016711
24  21  0.00012384
25  21  0.00026969
26  21  0.00012476
27  21  0.00007954
28  21  0.00012092
29  21  0.00006007
30  21  0.00008165
31  21  0.00020115
32  21  0.00028643
33  21  0.00012416
34  21  0.00017957
35  21  0.00032927
36  21  0.00041329
37  21  0.00039072
38  21  0.00023824
39  21  0.00025801
40  21  0.00039500
41  21  0.00025053
42  21  0.00014046
43  21  0.00012727
44  21  0.00008253
45  21  0.00029424
46  21  0.00026412
47  21  0.00024330
48  21  0.00018141
49  21  0.00041446
50  21  0.00036223
51  21  0.00019071
52  21  0.00027852
53  21  0.00008738
54  21  0.00019760
55  21  0.00023337
56  21  0.00024183
57  21  0.00027097
58  21  0.00005958
59  21  0.00029530
60  21  0.00026065
61  21  0.00043356
62  21  0.00038421
63  21  0.00010995
0  22  0.00014563
1  22  0.00037128
2  22  0.00022421
3  22  0.00023938
4  22  0.00013248
5  22  0.00016616
6  22  0.00036093
7  22  0.00034815
8  22  0.00022909
9  22  0.00027888
10  22  0.00016017
11  22  0.00026988
12  22  0.00020856
13  22  0.00030233
14  22  0.00020715
15  22  0.00042704
16  22  0.00012750
17  22  0.00036703
18  22  0.00031335
19  22  0.00022841
20  22  0.00049942
21  22  0.00010321
22  22  0.00013092
23  22  0.00011323
24  22  0.00021945
25  22  0.00028443
26  22  0.00031430
27  22  0.00017644
28  22  0.00027167
29  22  0.00037620
30  22  0.00015240
31  22  0.00012585
32  22  0.00033677
33  22  0.00020439
34  22  0.00038375
35  22  0.00007179
36  22  0.00033090
37  22  0.00013613
38  22  0.00024783
39  22  0.00022533
40  22  0.00023955
41  22  0.00027782
42  22  0.00011453
43  22  0.00023395
44  22  0.00008369
45  22  0.00011385
46  22  0.00018430
47  22  0.00026183
48  22  0.00020884
49  22  0.00014737
50  22  0.00015258
51  22  0.00005599
52  22  0.00025796
53  22  0.00019499
54  22  0.00017871
55  22  0.00026725
56  22  0.00025828
57  22  0.00013373
58  22  0.00025990
59  22  0.00023227
60  22  0.00023304
61  22  0.00025036
62  22  0.00026577
63  22  0.00002668
0  23  0.00008511
1  23  0.00020602
2  23  0.00019554
3  23  0.00029615
4  23  0.00011742
5  23  0.00026086
6  23  0.00017233
7  23  0.00035181
8  23  0.00007755
9  23  0.00015699
10  23  0.00018511
11  23  0.00033957
12  23  0.00026014
13  23  0.00017017
14  23  0.00036562
15  23  0.00016149
16  23  0.00025578
17  23  0.00018047
18  23  0.00040371
19  23  0.00035373
20  23  0.00051187
21  23  0.00014455
22  23  0.00030657
23  23  0.00030387
24  23  0.00011456
25  23  0.00012649
26  23  0.00023172
27  23  0.00008525
28  23  0.00037467
29  23  0.00015422
30  23  0.00013775
31  23  0.00026234
32  23  0.00016529
33  23  0.00088394
34  23  0.00069864
35  23  0.00028409
36  23  0.00015731
37  23  0.00010899
38  23  0.00022684
39  23  0.00052600
40  23  0.00026283
41  23  0.00021162
42  23  0.00014825
43  23  0.00029599
44  23  0.00006767
45  23  0.00009707
46  23  0.00015779
47  23  0.00020431
48  23  0.00016443
49  23  0.00049721
50  23  0.00029830
51  23  0.00025209
52  23  0.00018941
53  23  0.00016366
54  23  0.00023020
55  23  0.00023986
56  23  0.00014888
57  23  0.00028054
58  23  0.00015235
59  23  0.00045877
60  23  0.00027806
61  23  0.00046411
62  23  0.00024192
63  23  0.00019679
0  24  0.00018683
1  24  0.00022096
2  24  0.00024818
3  24  0.00019326
4  24  0.00021162
5  24  0.00032757
6  24  0.00023100
7  24  0.00009231
8  24  0.00022821
9  24  0.00050546
10  24  0.00014487
11  24  0.00048239
12  24  0.00025743
13  24  0.00012698
14  24  0.00017808
15  24  0.00029975
16  24  0.00024963
17  24  0.00019885
18  24  0.00021172
19  24  0.00021569
20  24  0.00017231
21  24  0.00036759
22  24  0.00035193
23  24  0.00028837
24  24  0.00005760
25  24  0.00009596
26  24  0.00021103
27  24  0.00010899
28  24  0.00042327
29  24  0.00017302
30  24  0.00040711
31  24  0.00010829
32  24  0.00013927
33  24  0.00032464
34  24  0.00035152
35  24  0.00027209
36  24  0.00007336
37  24  0.00032293
38  24  0.00032159
39  24  0.00029381
40  24  0.00029917
41  24  0.00008288
42  24  0.00013081
43  24  0.00032049
44  24  0.00019583
45  24  0.00016197
46  24  0.00046547
47  24  0.00005414
48  24  0.00009635
49  24  0.00024871
50  24  0.00031130
51  24  0.00009785
52  24  0.00052988
53  24  0.00025565
54  24  0.00009361
55  24  0.00037359
56  24  0.00045959
57  24  0.00026414
58  24  0.00021925
59  24  0.00031134
60  24  0.00021158
61  24  0.00032599
62  24  0.00021911
63  24  0.00018441
0  25  0.00013844
1  25  0.00024784
2  25  0.00014387
3  25  0.00030549
4  25  0.00007900
5  25  0.00022141
6  25  0.00026384
7  25  0.00025412
8  25  0.00027125
9  25  0.00036623
10  25  0.00014067
11  25  0.00016243
12  25  0.00014571
13  25  0.00039583
14  25  0.00040041
15  25  0.00029893
16  25  0.00019449
17  25  0.00036759
18  25  0.00017536
19  25  0.00026639
20  25  0.00025444
21  25  0.00028312
22  25  0.00005090
23  25  0.00014604
24  25  0.00029196
25  25  0.00039285
26  25  0.00034145
27  25  0.00020449
28  25  0.00030680
29  25  0.00056986
30  25  0.00046074
31  25  0.00020155
32  25  0.00019268
33  25  0.00031343
34  25  0.00010717
35  25  0.00027108
36  25  0.00025330
37  25  0.00009543
38  25  0.00022483
39  25  0.00031082
40  25  0.00019536
41  25  0.00025596
42  25  0.00025806
43  25  0.00030634
44  25  0.00012332
45  25  0.00022983
46  25  0.00027740
47  25  0.00017285
48  25  0.00009364
49  25  0.00017195
50  25  0.00013228
51  25  0.00022336
52  25  0.00011524
53  25  0.00019524
54  25  0.00009122
55  25  0.00013761
56  25  0.00017885
57  25  0.00029393
58  25  0.00028253
59  25  0.00031573
60  25  0.00020789
61  25  0.00027172
62  25  0.00031686
63  25  0.00024543
0  26  0.00031315
1  26  0.00037133
2  26  0.00035842
3  26  0.00011212
4  26  0.00036862
5  26  0.00014091
6  26  0.00014379
7  26  0.00029178
8  26  0.00006028
9  26  0.00025451
10  26  0.00034559
11  26  0.00034542
12  26  0.00013827
13  26  0.00043776
14  26  0.00030498
15  26  0.00037402
16  26  0.00004111
17  26  0.00017028
18  26  0.00006975
19  26  0.00021019
20  26  0.00029721
21  26  0.00010766
22  26  0.00009342
23  26  0.00021432
24  26  0.00048650
25  26  0.00034806
26  26  0.00042139
27  26  0.00028659
28  26  0.00023144
29  26  0.00024185
30  26  0.00018620
31  26  0.00019122
32  26  0.00027064
33  26  0.00031842
34  26  0.00025026
35  26  0.00034573
36  26  0.00025525
37  26  0.00013882
38  26  0.00029325
39  26  0.00059351
40  26  0.00014255
41  26  0.00031839
42  26  0.00014903
43  26  0.00014407
44  26  0.00006000
45  26  0.00010010
46  26  0.00022568
47  26  0.00037245
48  26  0.00052649
49  26  0.00028940
50  26  0.00039898
51  26  0.00008752
52  26  0.00048689
53  26  0.00033122
54  26  0.00013455
55  26  0.00049242
56  26  0.00021582
57  26  0.00033902
58  26  0.00053328
59  26  0.00037486
60  26  0.00027803
61  26  0.00005739
62  26  0.00035250
63  26  0.00012620
0  27  0.00017035
1  27  0.00024375
2  27  0.00030526
3  27  0.00014505
4  27  0.00047055
5  27  0.00016506
6  27  0.00045116
7  27  0.00022360
8  27  0.00005971
9  27  0.00022089
10  27  0.00006778
11  27  0.00026385
12  27  0.00015656
13  27  0.00032386
14  27  0.00010336
15  27  0.00023557
16  27  0.00025519
17  27  0.00011089
18  27  0.00030684
19  27  0.00012812
20  27  0.00014690
21  27  0.00049288
22  27  0.00011818
23  27  0.00012061
24  27  0.00022929
25  27  0.00021556
26  27  0.00007670
27  27  0.00017541
28  27  0.00022718
29  27  0.00035993
30  27  0.00026744
31  27  0.00022333
32  27  0.00022954
33  27  0.00020180
34  27  0.00018528
35  27  0.00011229
36  27  0.00008069
37  27  0.00016853
38  27  0.00014118
39  27  0.00015697
40  27  0.00044384
41  27  0.00030817
42  27  0.00033258
43  27  0.00034082
44  27  0.00030252
45  27  0.00037452
46  27  0.00019788
47  27  0.00017827
48  27  0.00023667
49  27  0.00023938
50  27  0.00012858
51  27  0.00023268
52  27  0.00016775
53  27  0.00012847
54  27  0.00014963
55  27  0.00010305
56  27  0.00021022
57  27  0.00023640
58  27  0.00051048
59  27  0.00035626
60  27  0.00011985
61  27  0.00027298
62  27  0.00049549
63  27  0.00016915
0  28  0.00042155
1  28  0.00036918
2  28  0.00019117
3  28  0.00013397
4  28  0.00004796
5  28  0.00013190
6  28  0.00018555
7  28  0.00014158
8  28  0.00023112
9  28  0.00015851
10  28  0.00012117
11  28  0.00019684
12  28  0.00052378
13  28  0.00043094
14  28  0.00030391
15  28  0.00012154
16  28  0.00041766
17  28  0.00036166
18  28  0.00055912
19  28  0.00015434
20  28  0.00019383
21  28  0.00042240
22  28  0.00020428
23  28  0.00032405
24  28  0.00026311
25  28  0.00022923
26  28  0.00036454
27  28  0.00014647
28  28  0.00018528
29  28  0.00039872
30  28  0.00026410
31  28  0.00023203
32  28  0.00014004
33  28  0.00043496
34  28  0.00027011
35  28  0.00007132
36  28  0.00019010
37  28  0.00012446
38  28  0.00028308
39  28  0.00028006
40  28  0.00012816
41  28  0.00027463
42  28  0.00031692
43  28  0.00008377
44  28  0.00023772
45  28  0.00012394
46  28  0.00017056
47  28  0.00029728
48  28  0.00038668
49  28  0.00018357
50  28  0.00012259
51  28  0.00013395
52  28  0.00008692
53  28  0.00020511
54  28  0.00018649
55  28  0.00026546
56  28  0.00009009
57  28  0.00024015
58  28  0.00005959
59  28  0.00020104
60  28  0.00014072
61  28  0.00032996
62  28  0.00016851
63  28  0.00018544
0  29  0.00025962
1  29  0.00023516
2  29  0.00013582
3  29  0.00001891
4  29  0.00033461
5  29  0.00009496
6  29  0.00018332
7  29  0.00010523
8  29  0.00027603
9  29  0.00023981
10  29  0.00023080
11  29  0.00025558
12  29  0.00032131
13  29  0.00027900
14  29  0.00011289
15  29  0.00046490
16  29  0.00019458
17  29  0.00040113
18  29  0.00019839
19  29  0.00073052
20  29  0.00031232
21  29  0.00028749
22  29  0.00023168
23  29  0.00017653
24  29  0.00016395
25  29  0.00025980
26  29  0.00038851
27  29  0.00024309
28  29  0.00027234
29  29  0.00024053
30  29  0.00025490
31  29  0.00045877
32  29  0.00030268
33  29  0.00020877
34  29  0.00017256
35  29  0.00011235
36  29  0.00033021
37  29  0.00041018
38  29  0.00026637
39  29  0.00015622
40  29  0.00028509
41  29  0.00019185
42  29  0.00040100
43  29  0.00023133
44  29  0.00022300
45  29  0.00013838
46  29  0.00033433
47  29  0.00020665
48  29  0.00018839
49  29  0.00022409
50  29  0.00013265
51  29  0.00034290
52  29  0.00016081
53  29  0.00011136
54  29  0.00015251
55  29  0.00024289
56  29  0.00027022
57  29  0.00013555
58  29  0.00008632
59  29  0.00014274
60  29  0.00039213
61  29  0.00024837
62  29  0.00025596
63  29  0.00014546
0  30  0.00024175
1  30  0.00028620
2  30  0.00018134
3  30  0.00036588
4  30  0.00029083
5  30  0.00016957
6  30  0.00018557
7  30  0.00010118
8  30  0.00018563
9  30  0.00011985
10  30  0.00014932
11  30  0.00004794
12  30  0.00021478
13  30  0.00019118
14  30  0.00023605
15  30  0.00026804
16  30  0.00043065
17  30  0.00023608
18  30  0.00026930
19  30  0.00023231
20  30  0.00028488
21  30  0.00040226
22  30  0.00009723
23  30  0.00018353
24  30  0.00021867
25  30  0.00025682
26  30  0.00030209
27  30  0.00008127
28  30  0.00013963
29  30  0.00040364
30  30  0.00036769
31  30  0.00043413
32  30  0.00013295
33  30  0.00016387
34  30  0.00033949
35  30  0.00024453
36  30  0.00028809
37  30  0.00041762
38  30  0.00015158
39  30  0.00011780
40  30  0.00013227
41  30  0.00019087
42  30  0.00037967
43  30  0.00047852
44  30  0.00013993
45  30  0.00032072
46  30  0.00005430
47  30  0.00035186
48  30  0.00010677
49  30  0.00007903
50  30  0.00033746
51  30  0.00017911
52  30  0.00039671
53  30  0.00026623
54  30  0.00029242
55  30  0.00023423
56  30  0.00027784
57  30  0.00019740
58  30  0.00030923
59  30  0.00029616
60  30  0.00017323
61  30  0.00017475
62  30  0.00024718
63  30  0.00028658
0  31  0.00006784
1  31  0.00024313
2  31  0.00031385
3  31  0.00025659
4  31  0.00025608
5  31  0.00013584
6  31  0.00046075
7  31  0.00020654
8  31  0.00021305
9  31  0.00021706
10  31  0.00023384
11  31  0.00013256
12  31  0.00012252
13  31  0.00023492
14  31  0.00033643
15  31  0.00020676
16  31  0.00019574
17  31  0.00012151
18  31  0.00017781
19  31  0.00046503
20  31  0.00027343
21  31  0.00018172
22  31  0.00046789
23  31  0.00037712
24  31  0.00020751
25  31  0.00016146
26  31  0.00021547
27  31  0.00009066
28  31  0.00037845
29  31  0.00025392
30  31  0.00041382
31  31  0.00033258
32  31  0.00017325
33  31  0.00019194
34  31  0.00024297
35  31  0.00023891
36  31  0.00015188
37  31  0.00026822
38  31  0.00011462
39  31  0.00024629
40  31  0.00022542
41  31  0.00038362
42  31  0.00027171
43  31  0.00017494
44  31  0.00038864
45  31  0.00028120
46  31  0.00050781
47  31  0.00011553
48  31  0.00042091
49  31  0.00027921
50  31  0.00041898
51  31  0.00013563
52  31  0.00015026
53  31  0.00013094
54  31  0.00014188
55  31  0.00037981
56  31  0.00017576
57  31  0.00018015
58  31  0.00019950
59  31  0.00013040
60  31  0.00025628
61  31  0.00017190
62  31  0.00014344
63  31  0.00040146
0  32  0.00025850
1  32  0.00024207
2  32  0.00020318
3  32  0.00028938
4  32  0.00017214
5  32  0.00022693
6  32  0.00022732
7  32  0.00009441
8  32  0.00044207
9  32  0.00022228
10  32  0.00015161
11  32  0.00026742
12  32  0.00016819
13  32  0.00041213
14  32  0.00017367
15  32  0.00022586
16  32  0.00011858
17  32  0.00018343
18  32  0.00011885
19  32  0.00031586
20  32  0.00017244
21  32  0.00012004
22  32  0.00055971
23  32  0.00022642
24  32  0.00029709
25  32  0.00014654
26  32  0.00022811
27  32  0.00017332
28  32  0.00026791
29  32  0.00013967
30  32  0.00017811
31  32  0.00022400
32  32  0.00009791
33  32  0.00042042
34  32  0.00031496
35  32  0.00024107
36  32  0.00030656
37  32  0.00012948
38  32  0.00014106
39  32  0.00014980
40  32  0.00019222
41  32  0.00017148
42  32  0.00018011
43  32  0.00008028
44  32  0.00025989
45  32  0.00035684
46  32  0.00012245
47  32  0.00031672
48  32  0.00037522
49  32  0.00048681
50  32  0.00015994
51  32  0.00030024
52  32  0.00016555
53  32  0.00018016
54  32  0.00029298
55  32  0.00020791
56  32  0.00021984
57  32  0.00008243
58  32  0.00044415
59  32  0.00013968
60  32  0.00024130
61  32  0.00038327
62  32  0.00019760
63  32  0.00023859
0  33  0.00006146
1  33  0.00070935
2  33  0.00017758
3  33  0.00041870
4  33  0.00029589
5  33  0.00032372
6  33  0.00033854
7  33  0.00026963
8  33  0.00051070
9  33  0.00020348
10  33  0.00046090
11  33  0.00019861
12  33  0.00036105
13  33  0.00012922
14  33  0.00009466
15  33  0.00026792
16  33  0.00008229
17  33  0.00025899
18  33  0.00024567
19  33  0.00016734
20  33  0.00033982
21  33  0.00038400
22  33  0.00030849
23  33  0.00030311
24  33  0.00019844
25  33  0.00050804
26  33  0.00044499
27  33  0.00011327
28  33  0.00052257
29  33  0.00025063
30  33  0.00024510
31  33  0.00019209
32  33  0.00020772
33  33  0.00016011
34  33  0.00020568
35  33  0.00035270
36  33  0.00035700
37  33  0.00072398
38  33  0.00018975
39  33  0.00027330
40  33  0.00022822
41  33  0.00006167
42  33  0.00029480
43  33  0.00015646
44  33  0.00019544
45  33  0.00020246
46  33  0.00014934
47  33  0.00038872
48  33  0.00057572
49  33  0.00024186
50  33  0.00023086
51  33  0.00020410
52  33  0.00027000
53  33  0.00004651
54  33  0.00014616
55  33  0.00008761
56  33  0.00014498
57  33  0.00031718
58  33  0.00027046
59  33  0.00011060
60  33  0.00022197
61  33  0.00024181
62  33  0.00017714
63  33  0.00020127
0  34  0.00033435
1  34  0.00037226
2  34  0.00012077
3  34  0.00033107
4  34  0.00029339
5  34  0.00028042
6  34  0.00032018
7  34  0.00024473
8  34  0.00005405
9  34  0.00022354
10  34  0.00031365
11  34  0.00019545
12  34  0.00042854
13  34  0.00016350
14  34  0.00014462
15  34  0.00045670
16  34  0.00024280
17  34  0.00008234
18  34  0.00022991
19  34  0.00016749
20  34  0.00035901
21  34  0.00015242
22  34  0.00040992
23  34  0.00016787
24  34  0.00003438
25  34  0.00023602
26  34  0.00014415
27  34  0.00009595
28  34  0.00013790
29  34  0.00042870
30  34  0.00007115
31  34  0.00016008
32  34  0.00022611
33  34  0.00021725
34  34  0.00040694
35  34  0.00017203
36  34  0.00022753
37  34  0.00022626
38  34  0.00019417
39  34  0.00028454
40  34  0.00031742
41  34  0.00035044
42  34  0.00022349
43  34  0.00012427
44  34  0.00040845
45  34  0.00014226
46  34  0.00017201
47  34  0.00016131
48  34  0.00025774
49  34  0.00024958
50  34  0.00015285
51  34  0.00025970
52  34  0.00010184
53  34  0.00019048
54  34  0.00022270
55  34  0.00014109
56  34  0.00030390
57  34  0.00023816
58  34  0.00016507
59  34  0.00027883
60  34  0.00013771
61  34  0.00019114
62  34  0.00020904
63  34  0.00026948
0  35  0.00012093
1  35  0.00036116
2  35  0.00024440
3  35  0.00014313
4  35  0.00032031
5  35  0.00011866
6  35  0.00018753
7  35  0.00004817
8  35  0.00013077
9  35  0.00012097
10  35  0.00006054
11  35  0.00040740
12  35  0.00008379
13  35  0.00012950
14  35  0.00061664
15  35  0.00007272
16  35  0.00011528
17  35  0.00016543
18  35  0.00018759
19  35  0.00015710
20  35  0.00024644
21  35  0.00023748
22  35  0.00035384
23  35  0.00021560
24  35  0.00018298
25  35  0.00014117
26  35  0.00028502
27  35  0.00036208
28  35  0.00033531
29  35  0.00038709
30  35  0.00017922
31  35  0.00014967
32  35  0.00034525
33  35  0.00019556
34  35  0.00028913
35  35  0.00054050
36  35  0.00026515
37  35  0.00032596
38  35  0.00011181
39  35  0.00008878
40  35  0.00038331
41  35  0.00036524
42  35  0.00031855
43  35  0.00034496
44  35  0.00024736
45  35  0.00025606
46  35  0.00017938
47  35  0.00020776
48  35  0.00027366
49  35  0.00029776
50  35  0.00015351
51  35  0.00007602
52  35  0.00025833
53  35  0.00020288
54  35  0.00021315
55  35  0.00026713
56  35  0.00037454
57  35  0.00038283
58  35  0.00013393
59  35  0.00028709
60  35  0.00032081
61  35  0.00008708
62  35  0.00025872
63  35  0.00045875
0  36  0.00022243
1  36  0.00015330
2  36  0.00017605
3  36  0.00039476
4  36  0.00027922
5  36  0.00008202
6  36  0.00029531
7  36  0.00020171
8  36  0.00023303
9  36  0.00058341
10  36  0.00006649
11  36  0.00021483
12  36  0.00005583
13  36  0.00023227
14  36  0.00027798
15  36  0.00036311
16  36  0.00013224
17  36  0.00007431
18  36  0.00024626
19  36  0.00041647
20  36  0.00041301
21  36  0.00064648
22  36  0.00049159
23  36  0.00021321
24  36  0.00043390
25  36  0.00019297
26  36  0.00020847
27  36  0.00015271
28  36  0.00033201
29  36  0.00025954
30  36  0.00012398
31  36  0.00026410
32  36  0.00032235
33  36  0.00039476
34  36  0.00027521
35  36  0.00025680
36  36  0.00009308
37  36  0.00040977
38  36  0.00009271
39  36  0.00010715
40  36  0.00020628
41  36  0.00063690
42  36  0.00028772
43  36  0.00045772
44  36  0.00043719
45  36  0.00024690
46  36  0.00013671
47  36  0.00014400
48  36  0.00025035
49  36  0.00011488
50  36  0.00023737
51  36  0.00033292
52  36  0.00031720
53  36  0.00014242
54  36  0.00018647
55  36  0.00014363
56  36  0.00033192
57  36  0.00035035
58  36  0.00022133
59  36  0.00009607
60  36  0.00019107
61  36  0.00018534
62  36  0.00027246
63  36  0.00032259
0  37  0.00004375
1  37  0.00013609
2  37  0.00015555
3  37  0.00021180
4  37  0.00013488
5  37  0.00021509
6  37  0.00020242
7  37  0.00017935
8  37  0.00020730
9  37  0.00015157
10  37  0.00016016
11  37  0.00034313
12  37  0.00006142
13  37  0.00012981
14  37  0.00019990
15  37  0.00017090
16  37  0.00024110
17  37  0.00043948
18  37  0.00038044
19  37  0.00039016
20  37  0.00019218
21  37  0.00015554
22  37  0.00025686
23  37  0.00025836
24  37  0.00051023
25  37  0.00027949
26  37  0.00014378
27  37  0.00015208
28  37  0.00020573
29  37  0.00018917
30  37  0.00017698
31  37  0.00025350
32  37  0.00030992
33  37  0.00023244
34  37  0.00039165
35  37  0.00007374
36  37  0.00011682
37  37  0.00020650
38  37  0.00051856
39  37  0.00013919
40  37  0.00039987
41  37  0.00022740
42  37  0.00005659
43  37  0.00041380
44  37  0.00019646
45  37  0.00020636
46  37  0.00012775
47  37  0.00028489
48  37  0.00039039
49  37  0.00018167
50  37  0.00025629
51  37  0.00007548
52  37  0.00040650
53  37  0.00026977
54  37  0.00031669
55  37  0.00018146
56  37  0.00025242
57  37  0.00025562
58  37  0.00005437
59  37  0.00021825
60  37  0.00052021
61  37  0.00019052
62  37  0.00026296
63  37  0.00023091
0  38  0.00007488
1  38  0.00047542
2  38  0.00020582
3  38  0.00036969
4  38  0.00008686
5  38  0.00030589
6  38  0.00012304
7  38  0.00017413
8  38  0.00024390
9  38  0.00046453
10  38  0.00015048
11  38  0.00028399
12  38  0.00028915
13  38  0.00037263
14  38  0.00035015
15  38  0.00028300
16  38  0.00009418
17  38  0.00044769
18  38  0.00012156
19  38  0.00048682
20  38  0.00022574
21  38  0.00072267
22  38  0.00020240
23  38  0.00008386
24  38  0.00019979
25  38  0.00037113
26  38  0.00051354
27  38  0.00036257
28  38  0.00014926
29  38  0.00028341
30  38  0.00020226
31  38  0.00011525
32  38  0.00039220
33  38  0.00063277
34  38  0.00023007
35  38  0.00016895
36  38  0.00026592
37  38  0.00014356
38  38  0.00042060
39  38  0.00025691
40  38  0.00016526
41  38  0.00029388
42  38  0.00008201
43  38  0.00025729
44  38  0.00046533
45  38  0.00024493
46  38  0.00006239
47  38  0.00063906
48  38  0.00015384
49  38  0.00024252
50  38  0.00050022
51  38  0.00045198
52  38  0.00026855
53  38  0.00020858
54  38  0.00036864
55  38  0.00026124
56  38  0.00026648
57  38  0.00008504
58  38  0.00023623
59  38  0.00020947
60  38  0.00051887
61  38  0.00030407
62  38  0.00012095
63  38  0.00023631
0  39  0.00020217
1  39  0.00023680
2  39  0.00018159
3  39  0.00015008
4  39  0.00012706
5  39  0.00034654
6  39  0.00034943
7  39  0.00008679
8  39  0.00030614
9  39  0.00010130
10  39  0.00013853
11  39  0.00019366
12  39  0.00037298
13  39  0.00012176
14  39  0.00045983
15  39  0.00045708
16  39  0.00014196
17  39  0.00015252
18  39  0.00009946
19  39  0.00006420
20  39  0.00040681
21  39  0.00012547
22  39  0.00045055
23  39  0.00032146
24  39  0.00026175
25  39  0.00016582
26  39  0.00011011
27  39  0.00015861
28  39  0.00025248
29  39  0.00015142
30  39  0.00027659
31  39  0.00022191
32  39  0.00008704
33  39  0.00021689
34  39  0.00033689
35  39  0.00007063
36  39  0.00040743
37  39  0.00012002
38  39  0.00016872
39  39  0.00026756
40  39  0.00005776
41  39  0.00012554
42  39  0.00007186
43  39  0.00046304
44  39  0.00007503
45  39  0.00026550
46  39  0.00021444
47  39  0.00029860
48  39  0.00027236
49  39  0.00036318
50  39  0.00027367
51  39  0.00020939
52  39  0.00048911
53  39  0.00017316
54  39  0.00020392
55  39  0.00045113
56  39  0.00028767
57  39  0.00025885
58  39  0.00041037
59  39  0.00030764
60  39  0.00010777
61  39  0.00013589
62  39  0.00019637
63  39  0.00036137
0  40  0.00041097
1  40  0.00014393
2  40  0.00033521
3  40  0.00013304
4  40  0.00027878
5  40  0.00030490
6  40  0.00014658
7  40  0.00018756
8  40  0.00023032
9  40  0.00019982
10  40  0.00006988
11  40  0.00058676
12  40  0.00020948
13  40  0.00042465
14  40  0.00048720
15  40  0.00039359
16  40  0.00023908
17  40  0.00015547
18  40  0.00004664
19  40  0.00014254
20  40  0.00036758
21  40  0.00023679
22  40  0.00006632
23  40  0.00024866
24  40  0.00018922
25  40  0.00024643
26  40  0.00033124
27  40  0.00022281
28  40  0.00028361
29  40  0.00014881
30  40  0.00016435
31  40  0.00015295
32  40  0.00025047
33  40  0.00028731
34  40  0.00021719
35  40  0.00020538
36  40  0.00019060
37  40  0.00018916
38  40  0.00018754
39  40  0.00019818
40  40  0.00053386
41  40  0.00022502
42  40  0.00018229
43  40  0.00037803
44  40  0.00030934
45  40  0.00020618
46  40  0.00030472
47  40  0.00021998
48  40  0.00028128
49  40  0.00033348
50  40  0.00012473
51  40  0.00026764
52  40  0.00019247
53  40  0.00028864
54  40  0.00024465
55  40  0.00014879
56  40  0.00011123
57  40  0.00034503
58  40  0.00024054
59  40  0.00016116
60  40  0.00017592
61  40  0.00028830
62  40  0.00015555
63  40  0.00013228
0  41  0.00041937
1  41  0.00038927
2  41  0.00020340
3  41  0.00025831
4  41  0.00031602
5  41  0.00016111
6  41  0.00028411
7  41  0.00012734
8  41  0.00039465
9  41  0.00035495
10  41  0.00012141
11  41  0.00026923
12  41  0.00023198
13  41  0.00013063
14  41  0.00024648
15  41  0.00015004
16  41  0.00038490
17  41  0.00006033
18  41  0.00014209
19  41  0.00009615
20  41  0.00028255
21  41  0.00024681
22  41  0.00019768
23  41  0.00006294
24  41  0.00017484
25  41  0.00027473
26  41  0.00013500
27  41  0.00021864
28  41  0.00010405
29  41  0.00034115
30  41  0.00017993
31  41  0.00033980
32  41  0.00032633
33  41  0.00010919
34  41  0.00032922
35  41  0.00032943
36  41  0.00017603
37  41  0.00017149
38  41  0.00016459
39  41  0.00012897
40  41  0.00025732
41  41  0.00031305
42  41  0.00016482
43  41  0.00042516
44  41  0.00008650
45  41  0.00022006
46  41  0.00029038
47  41  0.00009789
48  41  0.00050321
49  41  0.00013867
50  41  0.00009923
51  41  0.00015635
52  41  0.00053285
53  41  0.00016159
54  41  0.00021011
55  41  0.00007837
56  41  0.00016010
57  41  0.00043591
58  41  0.00033064
59  41  0.00018967
60  41  0.00020631
61  41  0.00006716
62  41  0.00009350
63  41  0.00041991
0  42  0.00037607
1  42  0.00020235
2  42  0.00026078
3  42  0.00025780
4  42  0.00022403
5  42  0.00042382
6  42  0.00024782
7  42  0.00023743
8  42  0.00039097
9  42  0.00042740
10  42  0.00013379
11  42  0.00027626
12  42  0.00017511
13  42  0.00033370
14  42  0.00047630
15  42  0.00040658
16  42  0.00017479
17  42  0.00030988
18  42  0.00009088
19  42  0.00019489
20  42  0.00015614
21  42  0.00031573
22  42  0.00051062
23  42  0.00015744
24  42  0.00020858
25  42  0.00023173
26  42  0.00021415
27  42  0.00021361
28  42  0.00030663
29  42  0.00031253
30  42  0.00013346
31  42  0.00033903
32  42  0.00024263
33  42  0.00013372
34  42  0.00033132
35  42  0.00025965
36  42  0.00024178
37  42  0.00021377
38  42  0.00007349
39  42  0.00019998
40  42  0.00028536
41  42  0.00016211
42  42  0.00009658
43  42  0.00031230
44  42  0.00015726
45  42  0.00019109
46  42  0.00044430
47  42  0.00010941
48  42  0.00014303
49  42  0.00034510
50  42  0.00031315
51  42  0.00051284
52  42  0.00009400
53  42  0.00010347
54  42  0.00034041
55  42  0.00023889
56  42  0.00027793
57  42  0.00017402
58  42  0.00020251
59  42  0.00012385
60  42  0.00013998
61  42  0.00009209
62  42  0.00020512
63  42  0.00009947
0  43  0.00022499
1  43  0.00011009
2  43  0.00019251
3  43  0.00015412
4  43  0.00018172
5  43  0.00030372
6  43  0.00036387
7  43  0.00022495
8  43  0.00012105
9  43  0.00012867
10  43  0.00022522
11  43  0.00031843
12  43  0.00023894
13  43  0.00018159
14  43  0.00018418
15  43  0.00028607
16  43  0.00029047
17  43  0.00030913
18  43  0.00026358
19  43  0.00019313
20  43  0.00016882
21  43  0.00032578
22  43  0.00022657
23  43  0.00020171
24  43  0.00015095
25  43  0.00010349
26  43  0.00030852
27  43  0.00033673
28  43  0.00032296
29  43  0.00030140
30  43  0.00047126
31  43  0.00018252
32  43  0.00031062
33  43  0.00032212
34  43  0.00012157
35  43  0.00027988
36  43  0.00013693
37  43  0.00062952
38  43  0.00034803
39  43  0.00011313
40  43  0.00032788
41  43  0.00015537
42  43  0.00012630
43  43  0.00043536
44  43  0.00010247
45  43  0.00021174
46  43  0.00014149
47  43  0.00032994
48  43  0.00029919
49  43  0.00040794
50  43  0.00015980
51  43  0.00039795
52  43  0.00026770
53  43  0.00019951
54  43  0.00009477
55  43  0.00040931
56  43  0.00037194
57  43  0.00028484
58  43  0.00016701
59  43  0.00020100
60  43  0.00013845
61  43  0.00014277
62  43  0.00016878
63  43  0.00014780
0  44  0.00007246
1  44  0.00015489
2  44  0.00039781
3  44  0.00010674
4  44  0.00072258
5  44  0.00030161
6  44  0.00034274
7  44  0.00022523
8  44  0.00020764
9  44  0.00019750
10  44  0.00027656
11  44  0.00019992
12  44  0.00025801
13  44  0.00037371
14  44  0.00034448
15  44  0.00037674
16  44  0.00008369
17  44  0.00007038
18  44  0.00006164
19  44  0.00024073
20  44  0.00020858
21  44  0.00012178
22  44  0.00046816
23  44  0.00025799
24  44  0.00016672
25  44  0.00017609
26  44  0.00019258
27  44  0.00028276
28  44  0.00064420
29  44  0.00049228
30  44  0.00022781
31  44  0.00034048
32  44  0.00019401
33  44  0.00027025
34  44  0.00050046
35  44  0.00005547
36  44  0.00045511
37  44  0.00025715
38  44  0.00006696
39  44  0.00017658
40  44  0.00015977
41  44  0.00008656
42  44  0.00012020
43  44  0.00044385
44  44  0.00027177
45  44  0.00065004
46  44  0.00012996
47  44  0.00017982
48  44  0.00053272
49  44  0.00012055
50  44  0.00028714
51  44  0.00013940
52  44  0.00018559
53  44  0.00020618
54  44  0.00023406
55  44  0.00018298
56  44  0.00032943
57  44  0.00019126
58  44  0.00023839
59  44  0.00024321
60  44  0.00014454
61  44  0.00028510
62  44  0.00009180
63  44  0.00021790
0  45  0.00029599
1  45  0.00038035
2  45  0.00024243
3  45  0.00017713
4  45  0.00013707
5  45  0.00007075
6  45  0.00028156
7  45  0.00021700
8  45  0.00045538
9  45  0.00017647
10  45  0.00010145
11  45  0.00028740
12  45  0.00034483
13  45  0.00024686
14  45  0.00012930
15  45  0.00041105
16  45  0.00033899
17  45  0.00010181
18  45  0.00031333
19  45  0.00015200
20  45  0.00030987
21  45  0.00026474
22  45  0.00032649
23  45  0.00022709
24  45  0.00017407
25  45  0.00026966
26  45  0.00036960
27  45  0.00023585
28  45  0.00007826
29  45  0.00014431
30  45  0.00026244
31  45  0.00012044
32  45  0.00006789
33  45  0.00041646
34  45  0.00050024
35  45  0.00021480
36  45  0.00006277
37  45  0.00013758
38  45  0.00016901
39  45  0.00017018
40  45  0.00049856
41  45  0.00028416
42  45  0.00026526
43  45  0.00027918
44  45  0.00025347
45  45  0.00011481
46  45  0.00021958
47  45  0.00007486
48  45  0.00014735
49  45  0.00028298
50  45  0.00044324
51  45  0.00038319
52  45  0.00021742
53  45  0.00026547
54  45  0.00032920
55  45  0.00023776
56  45  0.00025462
57  45  0.00026853
58  45  0.00022586
59  45  0.00032513
60  45  0.00024206
61  45  0.00030274
62  45  0.00028839
63  45  0.00039558
0  46  0.00018977
1  46  0.00028863
2  46  0.00013767
3  46  0.00017050
4  46  0.00006623
5  46  0.00014698
6  46  0.00043415
7  46  0.00075356
8  46  0.00052113
9  46  0.00019426
10  46  0.00015804
11  46  0.00042633
12  46  0.00027907
13  46  0.00024882
14  46  0.00007301
15  46  0.00021846
16  46  0.00007559
17  46  0.00064569
18  46  0.00018897
19  46  0.00015203
20  46  0.00046503
21  46  0.00026842
22  46  0.00031505
23  46  0.00024996
24  46  0.00012351
25  46  0.00025650
26  46  0.00031322
27  46  0.00022825
28  46  0.00035036
29  46  0.00021607
30  46  0.00019921
31  46  0.00008091
32  46  0.00014128
33  46  0.00008613
34  46  0.00031396
35  46  0.00011376
36  46  0.00045924
37  46  0.00006727
38  46  0.00042245
39  46  0.00044349
40  46  0.00021051
41  46  0.00031762
42  46  0.00054726
43  46  0.00011561
44  46  0.00028364
45  46  0.00023457
46  46  0.00016509
47  46  0.00003213
48  46  0.00012207
49  46  0.00016004
50  46  0.00028080
51  46  0.00007735
52  46  0.00037058
53  46  0.00029491
54  46  0.00013559
55  46  0.00029428
56  46  0.00059943
57  46  0.00013111
58  46  0.00020196
59  46  0.00018834
60  46  0.00025366
61  46  0.00027848
62  46  0.00030597
63  46  0.00022587
0  47  0.00015027
1  47  0.00014855
2  47  0.00017479
3  47  0.00018141
4  47  0.00019094
5  47  0.00026747
6  47  0.00024517
7  47  0.00019932
8  47  0.00042606
9  47  0.00056465
10  47  0.00035883
11  47  0.00037614
12  47  0.00006157
13  47  0.00025700
14  47  0.00033048
15  47  0.00030196
16  47  0.00006042
17  47  0.00018646
18  47  0.00048732
19  47  0.00024389
20  47  0.00027164
21  47  0.00041101
22  47  0.00006232
23  47  0.00020757
24  47  0.00022990
25  47  0.00042350
26  47  0.00050145
27  47  0.00013630
28  47  0.00015765
29  47  0.00040371
30  47  0.00021950
31  47  0.00018844
32  47  0.00031887
33  47  0.00034424
34  47  0.00015070
35  47  0.00011546
36  47  0.00012884
37  47  0.00032599
38  47  0.00018436
39  47  0.00043996
40  47  0.00036361
41  47  0.00024163
42  47  0.00033549
43  47  0.00087339
44  47  0.00011082
45  47  0.00028693
46  47  0.00030058
47  47  0.00007114
48  47  0.00020433
49  47  0.00043259
50  47  0.00040595
51  47  0.00018290
52  47  0.00020423
53  47  0.00008644
54  47  0.00029057
55  47  0.00040254
56  47  0.00012945
57  47  0.00040678
58  47  0.00031797
59  47  0.00010878
60  47  0.00023369
61  47  0.00048592
62  47  0.00009505
63  47  0.00027093
0  48  0.00021659
1  48  0.00021987
2  48  0.00031884
3  48  0.00034802
4  48  0.00048297
5  48  0.00034256
6  48  0.00021027
7  48  0.00031368
8  48  0.00017245
9  48  0.00013424
10  48  0.00031668
11  48  0.00037895
12  48  0.00010856
13  48  0.00026006
14  48  0.00013197
15  48  0.00022702
16  48  0.00006976
17  48  0.00014656
18  48  0.00026136
19  48  0.00016491
20  48  0.00016339
21  48  0.00010682
22  48  0.00024008
23  48  0.00024943
24  48  0.00009927
25  48  0.00041220
26  48  0.00019836
27  48  0.00015711
28  48  0.00019836
29  48  0.00048085
30  48  0.00015700
31  48  0.00021433
32  48  0.00045951
33  48  0.00011885
34  48  0.00022167
35  48  0.00015998
36  48  0.00025104
37  48  0.00020318
38  48  0.00027291
39  48  0.00021040
40  48  0.00033706
41  48  0.00052092
42  48  0.00033913
43  48  0.00016671
44  48  0.00028059
45  48  0.00040575
46  48  0.00039507
47  48  0.00011140
48  48  0.00007160
49  48  0.00013664
50  48  0.00012104
51  48  0.00017784
52  48  0.00030333
53  48  0.00024399
54  48  0.00054004
55  48  0.00022753
56  48  0.00020647
57  48  0.00033391
58  48  0.00021525
59  48  0.00043532
60  48  0.00023356
61  48  0.00020575
62  48  0.00032402
63  48  0.00014558
0  49  0.00022768
1  49  0.00035492
2  49  0.00014360
3  49  0.00034583
4  49  0.00023912
5  49  0.00013557
6  49  0.00041620
7  49  0.00023593
8  49  0.00032480
9  49  0.00052422
10  49  0.00042988
11  49  0.00030377
12  49  0.00037137
13  49  0.00026705
14  49  0.00016443
15  49  0.00022018
16  49  0.00043726
17  49  0.00019132
18  49  0.00024673
19  49  0.00018463
20  49  0.00030750
21  49  0.00015600
22  49  0.00005164
23  49  0.00018395
24  49  0.00016145
25  49  0.00032714
26  49  0.00025009
27  49  0.00024920
28  49  0.00016564
29  49  0.00016569
30  49  0.00015785
31  49  0.00034759
32  49  0.00009235
33  49  0.00038485
34  49  0.00036662
35  49  0.00033257
36  49  0.00028099
37  49  0.00021485
38  49  0.00011411
39  49  0.00032376
40  49  0.00023080
41  49  0.00024930
42  49  0.00019148
43  49  0.00019500
44  49  0.00010972
45  49  0.00019110
46  49  0.00042697
47  49  0.00024511
48  49  0.00025732
49  49  0.00019585
50  49  0.00031305
51  49  0.00024327
52  49  0.00022910
53  49  0.00033212
54  49  0.00017138
55  49  0.00004653
56  49  0.00039169
57  49  0.00011808
58  49  0.00013903
59  49  0.00001890
60  49  0.00022755
61  49  0.00029643
62  49  0.00022673
63  49  0.00025666
0  50  0.00020396
1  50  0.00045704
2  50  0.00033667
3  50  0.00012301
4  50  0.00029581
5  50  0.00010558
6  50  0.00018334
7  50  0.00033071
8  50  0.00025065
9  50  0.00010740
10  50  0.00034134
11  50  0.00009312
12  50  0.00017213
13  50  0.00072726
14  50  0.00018280
15  50  0.00008086
16  50  0.00015529
17  50  0.00057682
18  50  0.00006849
19  50  0.00019533
20  50  0.00021464
21  50  0.00020244
22  50  0.00040092
23  50  0.00023835
24  50  0.00046965
25  50  0.00021720
26  50  0.00021998
27  50  0.00008435
28  50  0.00013961
29  50  0.00013857
30  50  0.00004502
31  50  0.00015293
32  50  0.00027799
33  50  0.00028945
34  50  0.00042842
35  50  0.00032993
36  50  0.00023334
37  50  0.00017217
38  50  0.00017453
39  50  0.00016621
40  50  0.00003869
41  50  0.00029666
42  50  0.00015020
43  50  0.00016198
44  50  0.00025298
45  50  0.00049518
46  50  0.00014895
47  50  0.00021979
48  50  0.00054945
49  50  0.00013939
50  50  0.00060244
51  50  0.00014058
52  50  0.00028820
53  50  0.00013005
54  50  0.00018392
55  50  0.00043498
56  50  0.00028693
57  50  0.00013838
58  50  0.00043603
59  50  0.00030139
60  50  0.00011348
61  50  0.00012483
62  50  0.00026368
63  50  0.00027248
0  51  0.00044576
1  51  0.00012039
2  51  0.00015334
3  51  0.00011932
4  51  0.00018723
5  51  0.00018401
6  51  0.00011903
7  51  0.00021467
8  51  0.00019504
9  51  0.00029169
10  51  0.00026307
11  51  0.00019713
12  51  0.00029759
13  51  0.00017183
14  51  0.00020369
15  51  0.00007582
16  51  0.00016995
17  51  0.00025116
18  51  0.00021531
19  51  0.00035916
20  51  0.00019712
21  51  0.00019070
22  51  0.00032339
23  51  0.00016433
24  51  0.00018078
25  51  0.00011114
26  51  0.00027587
27  51  0.00020345
28  51  0.00035062
29  51  0.00039308
30  51  0.00022451
31  51  0.00015605
32  51  0.00013977
33  51  0.00011690
34  51  0.00046767
35  51  0.00020568
36  51  0.00046659
37  51  0.00018915
38  51  0.00051440
39  51  0.00028659
40  51  0.00009165
41  51  0.00021089
42  51  0.00020134
43  51  0.00006885
44  51  0.00021219
45  51  0.00028317
46  51  0.00040436
47  51  0.00038797
48  51  0.00021469
49  51  0.00010508
50  51  0.00025823
51  51  0.00019137
52  51  0.00033573
53  51  0.00022784
54  51  0.00007439
55  51  0.00027150
56  51  0.00034629
57  51  0.00016652
58  51  0.00013759
59  51  0.00003407
60  51  0.00008267
61  51  0.00026134
62  51  0.00030571
63  51  0.00044956
0  52  0.00008623
1  52  0.00011910
2  52  0.00019647
3  52  0.00026540
4  52  0.00017905
5  52  0.00036179
6  52  0.00021951
7  52  0.00026796
8  52  0.00022834
9  52  0.00013990
10  52  0.00026425
11  52  0.00007090
12  52  0.00010902
13  52  0.00015969
14  52  0.00010307
15  52  0.00015647
16  52  0.00018734
17  52  0.00025095
18  52  0.00051446
19  52  0.00015705
20  52  0.00060713
21  52  0.00010420
22  52  0.00022351
23  52  0.00031411
24  52  0.00034046
25  52  0.00006506
26  52  0.00024744
27  52  0.00017380
28  52  0.00023861
29  52  0.00018018
30  52  0.00038432
31  52  0.00018374
32  52  0.00039665
33  52  0.00016347
34  52  0.00016892
35  52  0.00025841
36  52  0.00018596
37  52  0.00034535
38  52  0.00057413
39  52  0.00012966
40  52  0.00026023
41  52  0.00028424
42  52  0.00015049
43  52  0.00026098
44  52  0.00030240
45  52  0.00061708
46  52  0.00025451
47  52  0.00029834
48  52  0.00048911
49  52  0.00019852
50  52  0.00022950
51  52  0.00030758
52  52  0.00015596
53  52  0.00018115
54  52  0.00028819
55  52  0.00013617
56  52  0.00032053
57  52  0.00026434
58  52  0.00010564
59  52  0.00021137
60  52  0.00017928
61  52  0.00014430
62  52  0.00056808
63  52  0.00017092
0  53  0.00023689
1  53  0.00037356
2  53  0.00019450
3  53  0.00016265
4  53  0.00026242
5  53  0.00022939
6  53  0.00016793
7  53  0.00025770
8  53  0.00028112
9  53  0.00029214
10  53  0.00042907
11  53  0.00055432
12  53  0.00040890
13  53  0.00022334
14  53  0.00028293
15  53  0.00084693
16  53  0.00012261
17  53  0.00010246
18  53  0.00012604
19  53  0.00033186
20  53  0.00016898
21  53  0.00027687
22  53  0.00041436
23  53  0.00023051
24  53  0.00024149
25  53  0.00020279
26  53  0.00029003
27  53  0.00024603
28  53  0.00025179
29  53  0.00012863
30  53  0.00011872
31  53  0.00025210
32  53  0.00008692
33  53  0.00034680
34  53  0.00032192
35  53  0.00028289
36  53  0.00018524
37  53  0.00014445
38  53  0.00010267
39  53  0.00011434
40  53  0.00008544
41  53  0.00034028
42  53  0.00059529
43  53  0.00022094
44  53  0.00020819
45  53  0.00011427
46  53  0.00018591
47  53  0.00014752
48  53  0.00024539
49  53  0.00016862
50  53  0.00013144
51  53  0.00042417
52  53  0.00052439
53  53  0.00019272
54  53  0.00015019
55  53  0.00018920
56  53  0.00013088
57  53  0.00034601
58  53  0.00014693
59  53  0.00028487
60  53  0.00015459
61  53  0.00029337
62  53  0.00034325
63  53  0.00016508
0  54  0.00033715
1  54  0.00016096
2  54  0.00041410
3  54  0.00021904
4  54  0.00046892
5  54  0.00049139
6  54  0.00019320
7  54  0.00063627
8  54  0.00031860
9  54  0.00043351
10  54  0.00023339
11  54  0.00037800
12  54  0.00021404
13  54  0.00026224
14  54  0.00003002
15  54  0.00025972
16  54  0.00028915
17  54  0.00022490
18  54  0.00031905
19  54  0.00007679
20  54  0.00012252
21  54  0.00014513
22  54  0.00037183
23  54  0.00022235
24  54  0.00031804
25  54  0.00020030
26  54  0.00014016
27  54  0.00009635
28  54  0.00010678
29  54  0.00028800
30  54  0.00017884
31  54  0.00044330
32  54  0.00036673
33  54  0.00015717
34  54  0.00013265
35  54  0.00052178
36  54  0.00027600
37  54  0.00007300
38  54  0.00026628
39  54  0.00014844
40  54  0.00024024
41  54  0.00031406
42  54  0.00021906
43  54  0.00020529
44  54  0.00026817
45  54  0.00028122
46  54  0.00022146
47  54  0.00013443
48  54  0.00032868
49  54  0.00015449
50  54  0.00022541
51  54  0.00047960
52  54  0.00013307
53  54  0.00011958
54  54  0.00008458
55  54  0.00048570
56  54  0.00063900
57  54  0.00037900
58  54  0.00003360
59  54  0.00031544
60  54  0.00026001
61  54  0.00016176
62  54  0.00021345
63  54  0.00014829
0  55  0.00033898
1  55  0.00017402
2  55  0.00033169
3  55  0.00010787
4  55  0.00025606
5  55  0.00044470
6  55  0.00006922
7  55  0.00025178
8  55  0.00029144
9  55  0.00006571
10  55  0.00043754
11  55  0.00034685
12  55  0.00049896
13  55  0.00011625
14  55  0.00022532
15  55  0.00020857
16  55  0.00019258
17  55  0.00012436
18  55  0.00029534
19  55  0.00029170
20  55  0.00019265
21  55  0.00020908
22  55  0.00016307
23  55  0.00045671
24  55  0.00018525
25  55  0.00033787
26  55  0.00043695
27  55  0.00019085
28  55  0.00018916
29  55  0.00010217
30  55  0.00029686
31  55  0.00013724
32  55  0.00028044
33  55  0.00042939
34  55  0.00038533
35  55  0.00007308
36  55  0.00051546
37  55  0.00018647
38  55  0.00023056
39  55  0.00016498
40  55  0.00018112
41  55  0.00038242
42  55  0.00062073
43  55  0.00011165
44  55  0.00017174
45  55  0.00022138
46  55  0.00012242
47  55  0.00027962
48  55  0.00019957
49  55  0.00016806
50  55  0.00012703
51  55  0.00016323
52  55  0.00047820
53  55  0.00031692
54  55  0.00027273
55  55  0.00027271
56  55  0.00011999
57  55  0.00022764
58  55  0.00010902
59  55  0.00023052
60  55  0.00032100
61  55  0.00047278
62  55  0.00011792
63  55  0.00014178
0  56  0.00015696
1  56  0.00038754
2  56  0.00039469
3  56  0.00028386
4  56  0.00031330
5  56  0.00021935
6  56  0.00011476
7  56  0.00013527
8  56  0.00041866
9  56  0.00009575
10  56  0.00053285
11  56  0.00034475
12  56  0.00037913
13  56  0.00022526
14  56  0.00043914
15  56  0.00023392
16  56  0.00018937
17  56  0.00037178
18  56  0.00023009
19  56  0.00028862
20  56  0.00009760
21  56  0.00029639
22  56  0.00017763
23  56  0.00022219
24  56  0.00023178
25  56  0.00028599
26  56  0.00013453
27  56  0.00022954
28  56  0.00013139
29  56  0.00032468
30  56  0.00026130
31  56  0.00006273
32  56  0.00028016
33  56  0.00014374
34  56  0.00007357
35  56  0.00012424
36  56  0.00012184
37  56  0.00020242
38  56  0.00024543
39  56  0.00011302
40  56  0.00024501
41  56  0.00013704
42  56  0.00014089
43  56  0.00003856
44  56  0.00019423
45  56  0.00033529
46  56  0.00026709
47  56  0.00006668
48  56  0.00017936
49  56  0.00027170
50  56  0.00008978
51  56  0.00017871
52  56  0.00032181
53  56  0.00020853
54  56  0.00008286
55  56  0.00036209
56  56  0.00025360
57  56  0.00017019
58  56  0.00007637
59  56  0.00034618
60  56  0.00009201
61  56  0.00005600
62  56  0.00014533
63  56  0.00010159
0  57  0.00024740
1  57  0.00045553
2  57  0.00028524
3  57  0.00028391
4  57  0.00031636
5  57  0.00026975
6  57  0.00014853
7  57  0.00019472
8  57  0.00013205
9  57  0.00027746
10  57  0.00020194
11  57  0.00019444
12  57  0.00030542
13  57  0.00019031
14  57  0.00007237
15  57  0.00019198
16  57  0.00021198
17  57  0.00028189
18  57  0.00029757
19  57  0.00023085
20  57  0.00020113
21  57  0.00019234
22  57  0.00017801
23  57  0.00014055
24  57  0.00029103
25  57  0.00008055
26  57  0.00006437
27  57  0.00015355
28  57  0.00007720
29  57  0.00015958
30  57  0.00020660
31  57  0.00026841
32  57  0.00032697
33  57  0.00011043
34  57  0.00019689
35  57  0.00009116
36  57  0.00030219
37  57  0.00020095
38  57  0.00008855
39  57  0.00026161
40  57  0.00007740
41  57  0.00043551
42  57  0.00025724
43  57  0.00026081
44  57  0.00066285
45  57  0.00029867
46  57  0.00038454
47  57  0.00026245
48  57  0.00019833
49  57  0.00006249
50  57  0.00008193
51  57  0.00021110
52  57  0.00018333
53  57  0.00018833
54  57  0.00026917
55  57  0.00015813
56  57  0.00047494
57  57  0.00038787
58  57  0.00023345
59  57  0.00010552
60  57  0.00047383
61  57  0.00014567
62  57  0.00034992
63  57  0.00009188
0  58  0.00015684
1  58  0.00029713
2  58  0.00015274
3  58  0.00021573
4  58  0.00012212
5  58  0.00026266
6  58  0.00012720
7  58  0.00017170
8  58  0.00022570
9  58  0.00015278
10  58  0.00010784
11  58  0.00012520
12  58  0.00026349
13  58  0.00026141
14  58  0.00017788
15  58  0.00012842
16  58  0.00029593
17  58  0.00021498
18  58  0.00019118
19  58  0.00042294
20  58  0.00020727
21  58  0.00012979
22  58  0.00024183
23  58  0.00010632
24  58  0.00024938
25  58  0.00035176
26  58  0.00040606
27  58  0.00027332
28  58  0.00007159
29  58  0.00030269
30  58  0.00022591
31  58  0.00017655
32  58  0.00046634
33  58  0.00024598
34  58  0.00017697
35  58  0.00014301
36  58  0.00035890
37  58  0.00029108
38  58  0.00024243
39  58  0.00007840
40  58  0.00021946
41  58  0.00014179
42  58  0.00022714
43  58  0.00018779
44  58  0.00015034
45  58  0.00045144
46  58  0.00015572
47  58  0.00037001
48  58  0.00004450
49  58  0.00020042
50  58  0.00029930
51  58  0.00019032
52  58  0.00057315
53  58  0.00018242
54  58  0.00013178
55  58  0.00021450
56  58  0.00008413
57  58  0.00058747
58  58  0.00039045
59  58  0.00025110
60  58  0.00029918
61  58  0.00011361
62  58  0.00011641
63  58  0.00048066
0  59  0.00040026
1  59  0.00003990
2  59  0.00026376
3  59  0.00021884
4  59  0.00040494
5  59  0.00027151
6  59  0.00031909
7  59  0.00013955
8  59  0.00026629
9  59  0.00028636
10  59  0.00017960
11  59  0.00012924
12  59  0.00044346
13  59  0.00018006
14  59  0.00012370
15  59  0.00018530
16  59  0.00014141
17  59  0.00030427
18  59  0.00017484
19  59  0.00037224
20  59  0.00017001
21  59  0.00021648
22  59  0.00021589
23  59  0.00017685
24  59  0.00013010
25  59  0.00029434
26  59  0.00017073
27  59  0.00010129
28  59  0.00024484
29  59  0.00011680
30  59  0.00027755
31  59  0.00023100
32  59  0.00017372
33  59  0.00003568
34  59  0.00021615
35  59  0.00005922
36  59  0.00012168
37  59  0.00005445
38  59  0.00012323
39  59  0.00024381
40  59  0.00047145
41  59  0.00031115
42  59  0.00024590
43  59  0.00020140
44  59  0.00039034
45  59  0.00023224
46  59  0.00014338
47  59  0.00022509
48  59  0.00014503
49  59  0.00030952
50  59  0.00031131
51  59  0.00022029
52  59  0.00034928
53  59  0.00024321
54  59  0.00037525
55  59  0.00021650
56  59  0.00026833
57  59  0.00017968
58  59  0.00020624
59  59  0.00009800
60  59  0.00057935
61  59  0.00017456
62  59  0.00013443
63  59  0.00035486
0  60  0.00007430
1  60  0.00007811
2  60  0.00024685
3  60  0.00019352
4  60  0.00013026
5  60  0.00048152
6  60  0.00041298
7  60  0.00018020
8  60  0.00056743
9  60  0.00021052
10  60  0.00017403
11  60  0.00016069
12  60  0.00029277
13  60  0.00007314
14  60  0.00038245
15  60  0.00010507
16  60  0.00014544
17  60  0.00014532
18  60  0.00007359
19  60  0.00024296
20  60  0.00011292
21  60  0.00019860
22  60  0.00018667
23  60  0.00032888
24  60  0.00041467
25  60  0.00014630
26  60  0.00017507
27  60  0.00027985
28  60  0.00012755
29  60  0.00031680
30  60  0.00028851
31  60  0.00028208
32  60  0.00064743
33  60  0.00024619
34  60  0.00036096
35  60  0.00024624
36  60  0.00031644
37  60  0.00026569
38  60  0.00014002
39  60  0.00038182
40  60  0.00038381
41  60  0.00009688
42  60  0.00019909
43  60  0.00015127
44  60  0.00023741
45  60  0.00022739
46  60  0.00021096
47  60  0.00025571
48  60  0.00024379
49  60  0.00017831
50  60  0.00018926
51  60  0.00010813
52  60  0.00019360
53  60  0.00005753
54  60  0.00029271
55  60  0.00010843
56  60  0.00043395
57  60  0.00012432
58  60  0.00037315
59  60  0.00036720
60  60  0.00026026
61  60  0.00029940
62  60  0.00004492
63  60  0.00038691
0  61  0.00021587
1  61  0.00025200
2  61  0.00063273
3  61  0.00045381
4  61  0.00022399
5  61  0.00024392
6  61  0.00023868
7  61  0.00020271
8  61  0.00029110
9  61  0.00011341
10  61  0.00031850
11  61  0.00022777
12  61  0.00002693
13  61  0.00016730
14  61  0.00021383
15  61  0.00020786
16  61  0.00013710
17  61  0.00020319
18  61  0.00028535
19  61  0.00018455
20  61  0.00019718
21  61  0.00021390
22  61  0.00034624
23  61  0.00016168
24  61  0.00014922
25  61  0.00018783
26  61  0.00044211
27  61  0.00019886
28  61  0.00027138
29  61  0.00022231
30  61  0.00015934
31  61  0.00015385
32  61  0.00010738
33  61  0.00019891
34  61  0.00033559
35  61  0.00047706
36  61  0.00025806
37  61  0.00025945
38  61  0.00018052
39  61  0.00036314
40  61  0.00029143
41  61  0.00027148
42  61  0.00021076
43  61  0.00026475
44  61  0.00007271
45  61  0.00024916
46  61  0.00017851
47  61  0.00002865
48  61  0.00013866
49  61  0.00014417
50  61  0.00011690
51  61  0.00021816
52  61  0.00045929
53  61  0.00021470
54  61  0.00013573
55  61  0.00024535
56  61  0.00020085
57  61  0.00032106
58  61  0.00022517
59  61  0.00019589
60  61  0.00014911
61  61  0.00022296
62  61  0.00024543
63  61  0.00013863
0  62  0.00016053
1  62  0.00008480
2  62  0.00042796
3  62  0.00029665
4  62  0.00020237
5  62  0.00026795
6  62  0.00006175
7  62  0.00015920
8  62  0.00028287
9  62  0.00014031
10  62  0.00025461
11  62  0.00048188
12  62  0.00016824
13  62  0.00027718
14  62  0.00026152
15  62  0.00078776
16  62  0.00029782
17  62  0.00041276
18  62  0.00038454
19  62  0.00038006
20  62  0.00027860
21  62  0.00005053
22  62  0.00026568
23  62  0.00015976
24  62  0.00023256
25  62  0.00056607
26  62  0.00011764
27  62  0.00030632
28  62  0.00030321
29  62  0.00047935
30  62  0.00028055
31  62  0.00016100
32  62  0.00008781
33  62  0.00030351
34  62  0.00013419
35  62  0.00014420
36  62  0.00016503
37  62  0.00013089
38  62  0.00015351
39  62  0.00031569
40  62  0.00032526
41  62  0.00032716
42  62  0.00014628
43  62  0.00017084
44  62  0.00024134
45  62  0.00033819
46  62  0.00013619
47  62  0.00017685
48  62  0.00015795
49  62  0.00030257
50  62  0.00018005
51  62  0.00014480
52  62  0.00020399
53  62  0.00028198
54  62  0.00011379
55  62  0.00031584
56  62  0.00020030
57  62  0.00042573
58  62  0.00025667
59  62  0.00037793
60  62  0.00005214
61  62  0.00010060
62  62  0.00018235
63  62  0.00049992
0  63  0.00011359
1  63  0.00059363
2  63  0.00035623
3  63  0.00007081
4  63  0.00025560
5  63  0.00024140
6  63  0.00035034
7  63  0.00011333
8  63  0.00009096
9  63  0.00012955
10  63  0.00027819
11  63  0.00024264
12  63  0.00013448
13  63  0.00019338
14  63  0.00010668
15  63  0.00032695
16  63  0.00010067
17  63  0.00011540
18  63  0.00027538
19  63  0.00032895
20  63  0.00028705
21  63  0.00024767
22  63  0.00043727
23  63  0.00034389
24  63  0.00030570
25  63  0.00027189
26  63  0.00022016
27  63  0.00003418
28  63  0.00025522
29  63  0.00036111
30  63  0.00016766
31  63  0.00021231
32  63  0.00010925
33  63  0.00033948
34  63  0.00020198
35  63  0.00023626
36  63  0.00024156
37  63  0.00012748
38  63  0.00028899
39  63  0.00010670
40  63  0.00011255
41  63  0.00017499
42  63  0.00004385
43  63  0.00033771
44  63  0.00045853
45  63  0.00015386
46  63  0.00025256
47  63  0.00034854
48  63  0.00008999
49  63  0.00038705
50  63  0.00011694
51  63  0.00035915
52  63  0.00015162
53  63  0.00015040
54  63  0.00020949
55  63  0.00030107
56  63  0.00015560
57  63  0.00011509
58  63  0.00015195
59  63  0.00058246
60  63  0.00017725
61  63  0.00005462
62  63  0.00023158
63  63  0.00017375
