# Spinor density |Psi|^2 at t = 20 seconds
# Grid: 64 x 64
# Columns: x  y  density
0  0  0.00025716
1  0  0.00026879
2  0  0.00037486
3  0  0.00022234
4  0  0.00014885
5  0  0.00014554
6  0  0.00010150
7  0  0.00016919
8  0  0.00031279
9  0  0.00015251
10  0  0.00018028
11  0  0.00044675
12  0  0.00013183
13  0  0.00017087
14  0  0.00037916
15  0  0.00030121
16  0  0.00018568
17  0  0.00019154
18  0  0.00023963
19  0  0.00028406
20  0  0.00022925
21  0  0.00015361
22  0  0.00037403
23  0  0.00020463
24  0  0.00020627
25  0  0.00013689
26  0  0.00007216
27  0  0.00035601
28  0  0.00026847
29  0  0.00021919
30  0  0.00032794
31  0  0.00021562
32  0  0.00020079
33  0  0.00043312
34  0  0.00018260
35  0  0.00034633
36  0  0.00029960
37  0  0.00024062
38  0  0.00031933
39  0  0.00024617
40  0  0.00020853
41  0  0.00016623
42  0  0.00036403
43  0  0.00029771
44  0  0.00027527
45  0  0.00021363
46  0  0.00059911
47  0  0.00023139
48  0  0.00029575
49  0  0.00015530
50  0  0.00027491
51  0  0.00017218
52  0  0.00026022
53  0  0.00030779
54  0  0.00015755
55  0  0.00014305
56  0  0.00013723
57  0  0.00023357
58  0  0.00021848
59  0  0.00020081
60  0  0.00032523
61  0  0.00006727
62  0  0.00009364
63  0  0.00086321
0  1  0.00021220
1  1  0.00018699
2  1  0.00021668
3  1  0.00028628
4  1  0.00015750
5  1  0.00025528
6  1  0.00039967
7  1  0.00019915
8  1  0.00012951
9  1  0.00010933
10  1  0.00034368
11  1  0.00040349
12  1  0.00011967
13  1  0.00016683
14  1  0.00028154
15  1  0.00011611
16  1  0.00006339
17  1  0.00029815
18  1  0.00040388
19  1  0.00033622
20  1  0.00011240
21  1  0.00030670
22  1  0.00023137
23  1  0.00034416
24  1  0.00022719
25  1  0.00015889
26  1  0.00008283
27  1  0.00022230
28  1  0.00028631
29  1  0.00029466
30  1  0.00052218
31  1  0.00006661
32  1  0.00042891
33  1  0.00037291
34  1  0.00034076
35  1  0.00016329
36  1  0.00013798
37  1  0.00003752
38  1  0.00023324
39  1  0.00039640
40  1  0.00025006
41  1  0.00013007
42  1  0.00016381
43  1  0.00009314
44  1  0.00035680
45  1  0.00016246
46  1  0.00008063
47  1  0.00021600
48  1  0.00062617
49  1  0.00011409
50  1  0.00015539
51  1  0.00011992
52  1  0.00023782
53  1  0.00018630
54  1  0.00023527
55  1  0.00005149
56  1  0.00029526
57  1  0.00043743
58  1  0.00020269
59  1  0.00030651
60  1  0.00014316
61  1  0.00045392
62  1  0.00012475
63  1  0.00014553
0  2  0.00028358
1  2  0.00020298
2  2  0.00027013
3  2  0.00030795
4  2  0.00007252
5  2  0.00008655
6  2  0.00047192
7  2  0.00012878
8  2  0.00011648
9  2  0.00008470
10  2  0.00029962
11  2  0.00022559
12  2  0.00044028
13  2  0.00010836
14  2  0.00019470
15  2  0.00043887
16  2  0.00016147
17  2  0.00045697
18  2  0.00025317
19  2  0.00017315
20  2  0.00038549
21  2  0.00017475
22  2  0.00032435
23  2  0.00023779
24  2  0.00012077
25  2  0.00017494
26  2  0.00016481
27  2  0.00025577
28  2  0.00018741
29  2  0.00035328
30  2  0.00016600
31  2  0.00014886
32  2  0.00007813
33  2  0.00007717
34  2  0.00018756
35  2  0.00005572
36  2  0.00031649
37  2  0.00008992
38  2  0.00012537
39  2  0.00026054
40  2  0.00015270
41  2  0.00005849
42  2  0.00015706
43  2  0.00037305
44  2  0.00028527
45  2  0.00018404
46  2  0.00013623
47  2  0.00020106
48  2  0.00019175
49  2  0.00029440
50  2  0.00012684
51  2  0.00032612
52  2  0.00019131
53  2  0.00031110
54  2  0.00007979
55  2  0.00006508
56  2  0.00021409
57  2  0.00014808
58  2  0.00017845
59  2  0.00012618
60  2  0.00013790
61  2  0.00009904
62  2  0.00067693
63  2  0.00020498
0  3  0.00021454
1  3  0.00015085
2  3  0.00022693
3  3  0.00044657
4  3  0.00024251
5  3  0.00012005
6  3  0.00019648
7  3  0.00022091
8  3  0.00042241
9  3  0.00009783
10  3  0.00021255
11  3  0.00019587
12  3  0.00057855
13  3  0.00073240
14  3  0.00006607
15  3  0.00025983
16  3  0.00024999
17  3  0.00018329
18  3  0.00046960
19  3  0.00030386
20  3  0.00017482
21  3  0.00038347
22  3  0.00023638
23  3  0.00017952
24  3  0.00017068
25  3  0.00034021
26  3  0.00015209
27  3  0.00008979
28  3  0.00042315
29  3  0.00020302
30  3  0.00023135
31  3  0.00017412
32  3  0.00023136
33  3  0.00026658
34  3  0.00023544
35  3  0.00007216
36  3  0.00021892
37  3  0.00025456
38  3  0.00024380
39  3  0.00019527
40  3  0.00034155
41  3  0.00032687
42  3  0.00015541
43  3  0.00013693
44  3  0.00022145
45  3  0.00015488
46  3  0.00008323
47  3  0.00046357
48  3  0.00027112
49  3  0.00026014
50  3  0.00019211
51  3  0.00033053
52  3  0.00027730
53  3  0.00017678
54  3  0.00038149
55  3  0.00017298
56  3  0.00043359
57  3  0.00035207
58  3  0.00009818
59  3  0.00050591
60  3  0.00014510
61  3  0.00016733
62  3  0.00010168
63  3  0.00016688
0  4  0.00036757
1  4  0.00020843
2  4  0.00033449
3  4  0.00014569
4  4  0.00004088
5  4  0.00027501
6  4  0.00009418
7  4  0.00031440
8  4  0.00038591
9  4  0.00029840
10  4  0.00043351
11  4  0.00008132
12  4  0.00010389
13  4  0.00061653
14  4  0.00010047
15  4  0.00011579
16  4  0.00016665
17  4  0.00017773
18  4  0.00038710
19  4  0.00021180
20  4  0.00024662
21  4  0.00031519
22  4  0.00014531
23  4  0.00022271
24  4  0.00034003
25  4  0.00025680
26  4  0.00013712
27  4  0.00021153
28  4  0.00018331
29  4  0.00027524
30  4  0.00027139
31  4  0.00042472
32  4  0.00014858
33  4  0.00041481
34  4  0.00028188
35  4  0.00023398
36  4  0.00015158
37  4  0.00020802
38  4  0.00019874
39  4  0.00019964
40  4  0.00009078
41  4  0.00042529
42  4  0.00037869
43  4  0.00018534
44  4  0.00023823
45  4  0.00043988
46  4  0.00005356
47  4  0.00010261
48  4  0.00040613
49  4  0.00025299
50  4  0.00015337
51  4  0.00029335
52  4  0.00042610
53  4  0.00018515
54  4  0.00015016
55  4  0.00009755
56  4  0.00034310
57  4  0.00017002
58  4  0.00013085
59  4  0.00019405
60  4  0.00008466
61  4  0.00029828
62  4  0.00012847
63  4  0.00018016
0  5  0.00026252
1  5  0.00025557
2  5  0.00036261
3  5  0.00035093
4  5  0.00008043
5  5  0.00028105
6  5  0.00025851
7  5  0.00025157
8  5  0.00032903
9  5  0.00019458
10  5  0.00012683
11  5  0.00015605
12  5  0.00017280
13  5  0.00010938
14  5  0.00030734
15  5  0.00026006
16  5  0.00008878
17  5  0.00014562
18  5  0.00034713
19  5  0.00044805
20  5  0.00021629
21  5  0.00032018
22  5  0.00019698
23  5  0.00007323
24  5  0.00020961
25  5  0.00018572
26  5  0.00026677
27  5  0.00024037
28  5  0.00020850
29  5  0.00017194
30  5  0.00021023
31  5  0.00031523
32  5  0.00014715
33  5  0.00047937
34  5  0.00027101
35  5  0.00014706
36  5  0.00025740
37  5  0.00024903
38  5  0.00037090
39  5  0.00012031
40  5  0.00020506
41  5  0.00031228
42  5  0.00019331
43  5  0.00017425
44  5  0.00021480
45  5  0.00014608
46  5  0.00015820
47  5  0.00022026
48  5  0.00009804
49  5  0.00026456
50  5  0.00014666
51  5  0.00020595
52  5  0.00015575
53  5  0.00027415
54  5  0.00027768
55  5  0.00025229
56  5  0.00021867
57  5  0.00011197
58  5  0.00019398
59  5  0.00005615
60  5  0.00018667
61  5  0.00005874
62  5  0.00027455
63  5  0.00019083
0  6  0.00071149
1  6  0.00024999
2  6  0.00022509
3  6  0.00014834
4  6  0.00027909
5  6  0.00021057
6  6  0.00019573
7  6  0.00018990
8  6  0.00021218
9  6  0.00023870
10  6  0.00019642
11  6  0.00007355
12  6  0.00014838
13  6  0.00034867
14  6  0.00013099
15  6  0.00005720
16  6  0.00046034
17  6  0.00013541
18  6  0.00023151
19  6  0.00015891
20  6  0.00008199
21  6  0.00022640
22  6  0.00031226
23  6  0.00040519
24  6  0.00011383
25  6  0.00021624
26  6  0.00074792
27  6  0.00019021
28  6  0.00030772
29  6  0.00034574
30  6  0.00006851
31  6  0.00015784
32  6  0.00022544
33  6  0.00028545
34  6  0.00035705
35  6  0.00039060
36  6  0.00023406
37  6  0.00030338
38  6  0.00019459
39  6  0.00029449
40  6  0.00044135
41  6  0.00024180
42  6  0.00019487
43  6  0.00016981
44  6  0.00015890
45  6  0.00018522
46  6  0.00012901
47  6  0.00024593
48  6  0.00008849
49  6  0.00054041
50  6  0.00017555
51  6  0.00036954
52  6  0.00025795
53  6  0.00013112
54  6  0.00031361
55  6  0.00058336
56  6  0.00013643
57  6  0.00028030
58  6  0.00033789
59  6  0.00040277
60  6  0.00016633
61  6  0.00048761
62  6  0.00023679
63  6  0.00018816
0  7  0.00021783
1  7  0.00036145
2  7  0.00017880
3  7  0.00033184
4  7  0.00051558
5  7  0.00018046
6  7  0.00013931
7  7  0.00029800
8  7  0.00013042
9  7  0.00027368
10  7  0.00014626
11  7  0.00031943
12  7  0.00012219
13  7  0.00027206
14  7  0.00020113
15  7  0.00011167
16  7  0.00063259
17  7  0.00027790
18  7  0.00016872
19  7  0.00031353
20  7  0.00021485
21  7  0.00014260
22  7  0.00024105
23  7  0.00023513
24  7  0.00018292
25  7  0.00023457
26  7  0.00025044
27  7  0.00030979
28  7  0.00028047
29  7  0.00019240
30  7  0.00012746
31  7  0.00017421
32  7  0.00036842
33  7  0.00009898
34  7  0.00021640
35  7  0.00022830
36  7  0.00024824
37  7  0.00006357
38  7  0.00018654
39  7  0.00021278
40  7  0.00018435
41  7  0.00023745
42  7  0.00031213
43  7  0.00021552
44  7  0.00010604
45  7  0.00049586
46  7  0.00038833
47  7  0.00037514
48  7  0.00012692
49  7  0.00014706
50  7  0.00012692
51  7  0.00023898
52  7  0.00032548
53  7  0.00032196
54  7  0.00030706
55  7  0.00022044
56  7  0.00030400
57  7  0.00013954
58  7  0.00010404
59  7  0.00033966
60  7  0.00036226
61  7  0.00016691
62  7  0.00019195
63  7  0.00032609
0  8  0.00030449
1  8  0.00022422
2  8  0.00026589
3  8  0.00039000
4  8  0.00032882
5  8  0.00007641
6  8  0.00024393
7  8  0.00022715
8  8  0.00019270
9  8  0.00029419
10  8  0.00012770
11  8  0.00024287
12  8  0.00017748
13  8  0.00017674
14  8  0.00022306
15  8  0.00022383
16  8  0.00025349
17  8  0.00007917
18  8  0.00028311
19  8  0.00020536
20  8  0.00020308
21  8  0.00019877
22  8  0.00005579
23  8  0.00017510
24  8  0.00029691
25  8  0.00017693
26  8  0.00014537
27  8  0.00041425
28  8  0.00009388
29  8  0.00005075
30  8  0.00014709
31  8  0.00019059
32  8  0.00039555
33  8  0.00053192
34  8  0.00021658
35  8  0.00017527
36  8  0.00018224
37  8  0.00019105
38  8  0.00025640
39  8  0.00018936
40  8  0.00027276
41  8  0.00015766
42  8  0.00028198
43  8  0.00011130
44  8  0.00008281
45  8  0.00018775
46  8  0.00033909
47  8  0.00020251
48  8  0.00018966
49  8  0.00023110
50  8  0.00032582
51  8  0.00012554
52  8  0.00008568
53  8  0.00016320
54  8  0.00023714
55  8  0.00020116
56  8  0.00054523
57  8  0.00017890
58  8  0.00019266
59  8  0.00019669
60  8  0.00007217
61  8  0.00017556
62  8  0.00017913
63  8  0.00017936
0  9  0.00026217
1  9  0.00028063
2  9  0.00027849
3  9  0.00016708
4  9  0.00032887
5  9  0.00009672
6  9  0.00014096
7  9  0.00029286
8  9  0.00011823
9  9  0.00017331
10  9  0.00017206
11  9  0.00009888
12  9  0.00018822
13  9  0.00026278
14  9  0.00042002
15  9  0.00015504
16  9  0.00019040
17  9  0.00023612
18  9  0.00003456
19  9  0.00010601
20  9  0.00016004
21  9  0.00037229
22  9  0.00065567
23  9  0.00039719
24  9  0.00033357
25  9  0.00005753
26  9  0.00022332
27  9  0.00031894
28  9  0.00044764
29  9  0.00015466
30  9  0.00028552
31  9  0.00010470
32  9  0.00014703
33  9  0.00015990
34  9  0.00039754
35  9  0.00012527
36  9  0.00020675
37  9  0.00023628
38  9  0.00035521
39  9  0.00021977
40  9  0.00021481
41  9  0.00028721
42  9  0.00013476
43  9  0.00015877
44  9  0.00018304
45  9  0.00026081
46  9  0.00009407
47  9  0.00032228
48  9  0.00006620
49  9  0.00024766
50  9  0.00027595
51  9  0.00034618
52  9  0.00014748
53  9  0.00028976
54  9  0.00018581
55  9  0.00025684
56  9  0.00031061
57  9  0.00018733
58  9  0.00044721
59  9  0.00034256
60  9  0.00010304
61  9  0.00015909
62  9  0.00034927
63  9  0.00034658
0  10  0.00042459
1  10  0.00024796
2  10  0.00009496
3  10  0.00022298
4  10  0.00012437
5  10  0.00015293
6  10  0.00058135
7  10  0.00008650
8  10  0.00026654
9  10  0.00022984
10  10  0.00029687
11  10  0.00025495
12  10  0.00008670
13  10  0.00011029
14  10  0.00009542
15  10  0.00020098
16  10  0.00014586
17  10  0.00028929
18  10  0.00030167
19  10  0.00018082
20  10  0.00018314
21  10  0.00015776
22  10  0.00042639
23  10  0.00023639
24  10  0.00015553
25  10  0.00031412
26  10  0.00024301
27  10  0.00020614
28  10  0.00014548
29  10  0.00011842
30  10  0.00033664
31  10  0.00013767
32  10  0.00043175
33  10  0.00021289
34  10  0.00019461
35  10  0.00017901
36  10  0.00038160
37  10  0.00035242
38  10  0.00007801
39  10  0.00022748
40  10  0.00047314
41  10  0.00008344
42  10  0.00020757
43  10  0.00026426
44  10  0.00033563
45  10  0.00014305
46  10  0.00052880
47  10  0.00016765
48  10  0.00031508
49  10  0.00015338
50  10  0.00020360
51  10  0.00020009
52  10  0.00016687
53  10  0.00017654
54  10  0.00025995
55  10  0.00034043
56  10  0.00004574
57  10  0.00011951
58  10  0.00027656
59  10  0.00034118
60  10  0.00017668
61  10  0.00016145
62  10  0.00023657
63  10  0.00028175
0  11  0.00028440
1  11  0.00012708
2  11  0.00020010
3  11  0.00016614
4  11  0.00013874
5  11  0.00025458
6  11  0.00048315
7  11  0.00035508
8  11  0.00048383
9  11  0.00037203
10  11  0.00030783
11  11  0.00010339
12  11  0.00034719
13  11  0.00017324
14  11  0.00053585
15  11  0.00011009
16  11  0.00013259
17  11  0.00022201
18  11  0.00018212
19  11  0.00017279
20  11  0.00023407
21  11  0.00054084
22  11  0.00015312
23  11  0.00039521
24  11  0.00008823
25  11  0.00021326
26  11  0.00024656
27  11  0.00017402
28  11  0.00014079
29  11  0.00028619
30  11  0.00020624
31  11  0.00022395
32  11  0.00019880
33  11  0.00021892
34  11  0.00018281
35  11  0.00025450
36  11  0.00052006
37  11  0.00036632
38  11  0.00021605
39  11  0.00045427
40  11  0.00025258
41  11  0.00029106
42  11  0.00016261
43  11  0.00012744
44  11  0.00034543
45  11  0.00018687
46  11  0.00011975
47  11  0.00066314
48  11  0.00019687
49  11  0.00016456
50  11  0.00014168
51  11  0.00021201
52  11  0.00016251
53  11  0.00021107
54  11  0.00037699
55  11  0.00022570
56  11  0.00014685
57  11  0.00020603
58  11  0.00014915
59  11  0.00029464
60  11  0.00048377
61  11  0.00030421
62  11  0.00016797
63  11  0.00030464
0  12  0.00032310
1  12  0.00040093
2  12  0.00019357
3  12  0.00013302
4  12  0.00014156
5  12  0.00011013
6  12  0.00053342
7  12  0.00027239
8  12  0.00007581
9  12  0.00044636
10  12  0.00003850
11  12  0.00022969
12  12  0.00019262
13  12  0.00044273
14  12  0.00024320
15  12  0.00036195
16  12  0.00026874
17  12  0.00006290
18  12  0.00014758
19  12  0.00039239
20  12  0.00018228
21  12  0.00023484
22  12  0.00026117
23  12  0.00023691
24  12  0.00010323
25  12  0.00039012
26  12  0.00016918
27  12  0.00009732
28  12  0.00029530
29  12  0.00027440
30  12  0.00018510
31  12  0.00032616
32  12  0.00038374
33  12  0.00015045
34  12  0.00022225
35  12  0.00018326
36  12  0.00015824
37  12  0.00023994
38  12  0.00041007
39  12  0.00017543
40  12  0.00018281
41  12  0.00015235
42  12  0.00023337
43  12  0.00023991
44  12  0.00035098
45  12  0.00009651
46  12  0.00044674
47  12  0.00014036
48  12  0.00032080
49  12  0.00019448
50  12  0.00018147
51  12  0.00006824
52  12  0.00041054
53  12  0.00029175
54  12  0.00014445
55  12  0.00025134
56  12  0.00024702
57  12  0.00027158
58  12  0.00029221
59  12  0.00026929
60  12  0.00053294
61  12  0.00018118
62  12  0.00029507
63  12  0.00026245
0  13  0.00021220
1  13  0.00035039
2  13  0.00026001
3  13  0.00052573
4  13  0.00012850
5  13  0.00015508
6  13  0.00031055
7  13  0.00027457
8  13  0.00012679
9  13  0.00018295
10  13  0.00020033
11  13  0.00034088
12  13  0.00037420
13  13  0.00016205
14  13  0.00006427
15  13  0.00055980
16  13  0.00037360
17  13  0.00005916
18  13  0.00019919
19  13  0.00038966
20  13  0.00024992
21  13  0.00011454
22  13  0.00012478
23  13  0.00016655
24  13  0.00013198
25  13  0.00028307
26  13  0.00021169
27  13  0.00022105
28  13  0.00017007
29  13  0.00019028
30  13  0.00015321
31  13  0.00031378
32  13  0.00022985
33  13  0.00019697
34  13  0.00030156
35  13  0.00021770
36  13  0.00010338
37  13  0.00034952
38  13  0.00026629
39  13  0.00008019
40  13  0.00017847
41  13  0.00013716
42  13  0.00050798
43  13  0.00010033
44  13  0.00036391
45  13  0.00019791
46  13  0.00041067
47  13  0.00031483
48  13  0.00012240
49  13  0.00029912
50  13  0.00032397
51  13  0.00033993
52  13  0.00017197
53  13  0.00023060
54  13  0.00021483
55  13  0.00013300
56  13  0.00010620
57  13  0.00024892
58  13  0.00032081
59  13  0.00035920
60  13  0.00023417
61  13  0.00030129
62  13  0.00025910
63  13  0.00020305
0  14  0.00015483
1  14  0.00031430
2  14  0.00008033
3  14  0.00029852
4  14  0.00011733
5  14  0.00017091
6  14  0.00024145
7  14  0.00028789
8  14  0.00026463
9  14  0.00027699
10  14  0.00025015
11  14  0.00015988
12  14  0.00033771
13  14  0.00018991
14  14  0.00014043
15  14  0.00025889
16  14  0.00035058
17  14  0.00025102
18  14  0.00013248
19  14  0.00019345
20  14  0.00013398
21  14  0.00013778
22  14  0.00017152
23  14  0.00015755
24  14  0.00006135
25  14  0.00014465
26  14  0.00009450
27  14  0.00023666
28  14  0.00026029
29  14  0.00029160
30  14  0.00006984
31  14  0.00013238
32  14  0.00017522
33  14  0.00014512
34  14  0.00020867
35  14  0.00007680
36  14  0.00011681
37  14  0.00023954
38  14  0.00028016
39  14  0.00025468
40  14  0.00011484
41  14  0.00035193
42  14  0.00027402
43  14  0.00025660
44  14  0.00043507
45  14  0.00012692
46  14  0.00007878
47  14  0.00022560
48  14  0.00025791
49  14  0.00016365
50  14  0.00011514
51  14  0.00012808
52  14  0.00044641
53  14  0.00013630
54  14  0.00029261
55  14  0.00023705
56  14  0.00020769
57  14  0.00027366
58  14  0.00045582
59  14  0.00008083
60  14  0.00011327
61  14  0.00057053
62  14  0.00028384
63  14  0.00019801
0  15  0.00009130
1  15  0.00029477
2  15  0.00020372
3  15  0.00027410
4  15  0.00007985
5  15  0.00020653
6  15  0.00015914
7  15  0.00006473
8  15  0.00026527
9  15  0.00032645
10  15  0.00016508
11  15  0.00030000
12  15  0.00037436
13  15  0.00011825
14  15  0.00030760
15  15  0.00012012
16  15  0.00013104
17  15  0.00033126
18  15  0.00021343
19  15  0.00029710
20  15  0.00039178
21  15  0.00019981
22  15  0.00017396
23  15  0.00036192
24  15  0.00018780
25  15  0.00038281
26  15  0.00019271
27  15  0.00020333
28  15  0.00019550
29  15  0.00011401
30  15  0.00028243
31  15  0.00059415
32  15  0.00014904
33  15  0.00023189
34  15  0.00020064
35  15  0.00036475
36  15  0.00026089
37  15  0.00005973
38  15  0.00026728
39  15  0.00037047
40  15  0.00021788
41  15  0.00051124
42  15  0.00023167
43  15  0.00026552
44  15  0.00007040
45  15  0.00012360
46  15  0.00008322
47  15  0.00023360
48  15  0.00017898
49  15  0.00007679
50  15  0.00015787
51  15  0.00009092
52  15  0.00040607
53  15  0.00030840
54  15  0.00018174
55  15  0.00005999
56  15  0.00008800
57  15  0.00016738
58  15  0.00034956
59  15  0.00026790
60  15  0.00028176
61  15  0.00026685
62  15  0.00021759
63  15  0.00013037
0  16  0.00037220
1  16  0.00032463
2  16  0.00006854
3  16  0.00022543
4  16  0.00004785
5  16  0.00027701
6  16  0.00025466
7  16  0.00025936
8  16  0.00025350
9  16  0.00035021
10  16  0.00020953
11  16  0.00049266
12  16  0.00027411
13  16  0.00031948
14  16  0.00009894
15  16  0.00015045
16  16  0.00021720
17  16  0.00040079
18  16  0.00024463
19  16  0.00015052
20  16  0.00006719
21  16  0.00016438
22  16  0.00031093
23  16  0.00033664
24  16  0.00014829
25  16  0.00022290
26  16  0.00016641
27  16  0.00051848
28  16  0.00090928
29  16  0.00016530
30  16  0.00022573
31  16  0.00017078
32  16  0.00003887
33  16  0.00023861
34  16  0.00013774
35  16  0.00008638
36  16  0.00015035
37  16  0.00015195
38  16  0.00035369
39  16  0.00042505
40  16  0.00029574
41  16  0.00030427
42  16  0.00027586
43  16  0.00019669
44  16  0.00033643
45  16  0.00018665
46  16  0.00055311
47  16  0.00039564
48  16  0.00025590
49  16  0.00018055
50  16  0.00032083
51  16  0.00010345
52  16  0.00019269
53  16  0.00026391
54  16  0.00004369
55  16  0.00019928
56  16  0.00012873
57  16  0.00010433
58  16  0.00032433
59  16  0.00066441
60  16  0.00029499
61  16  0.00014882
62  16  0.00007728
63  16  0.00017486
0  17  0.00037784
1  17  0.00019183
2  17  0.00015015
3  17  0.00008262
4  17  0.00048477
5  17  0.00034609
6  17  0.00026268
7  17  0.00021290
8  17  0.00028470
9  17  0.00010451
10  17  0.00014304
11  17  0.00011962
12  17  0.00018850
13  17  0.00016137
14  17  0.00016031
15  17  0.00010943
16  17  0.00010051
17  17  0.00022121
18  17  0.00029741
19  17  0.00028926
20  17  0.00040416
21  17  0.00021947
22  17  0.00015075
23  17  0.00040113
24  17  0.00011471
25  17  0.00021531
26  17  0.00007263
27  17  0.00020022
28  17  0.00031541
29  17  0.00020236
30  17  0.00022450
31  17  0.00026186
32  17  0.00048237
33  17  0.00022609
34  17  0.00020446
35  17  0.00028712
36  17  0.00030758
37  17  0.00020730
38  17  0.00019153
39  17  0.00032388
40  17  0.00018867
41  17  0.00025924
42  17  0.00015720
43  17  0.00023715
44  17  0.00009907
45  17  0.00025165
46  17  0.00042395
47  17  0.00022323
48  17  0.00032051
49  17  0.00045298
50  17  0.00025894
51  17  0.00033427
52  17  0.00043797
53  17  0.00025908
54  17  0.00026097
55  17  0.00043095
56  17  0.00031283
57  17  0.00017268
58  17  0.00023357
59  17  0.00014476
60  17  0.00008492
61  17  0.00014352
62  17  0.00020396
63  17  0.00021738
0  18  0.00009934
1  18  0.00013468
2  18  0.00026726
3  18  0.00038085
4  18  0.00030205
5  18  0.00023691
6  18  0.00024388
7  18  0.00025873
8  18  0.00048777
9  18  0.00016749
10  18  0.00025797
11  18  0.00016848
12  18  0.00060980
13  18  0.00029401
14  18  0.00024089
15  18  0.00041378
16  18  0.00028054
17  18  0.00026775
18  18  0.00020640
19  18  0.00009063
20  18  0.00014737
21  18  0.00025858
22  18  0.00011298
23  18  0.00015437
24  18  0.00013203
25  18  0.00027278
26  18  0.00031458
27  18  0.00019893
28  18  0.00014826
29  18  0.00015475
30  18  0.00010306
31  18  0.00048532
32  18  0.00044478
33  18  0.00016785
34  18  0.00007661
35  18  0.00049005
36  18  0.00018690
37  18  0.00033045
38  18  0.00028221
39  18  0.00024739
40  18  0.00042175
41  18  0.00013772
42  18  0.00049485
43  18  0.00027704
44  18  0.00008365
45  18  0.00026408
46  18  0.00010821
47  18  0.00016254
48  18  0.00012153
49  18  0.00009712
50  18  0.00016811
51  18  0.00007893
52  18  0.00015220
53  18  0.00025929
54  18  0.00032539
55  18  0.00015966
56  18  0.00015653
57  18  0.00029619
58  18  0.00029209
59  18  0.00011328
60  18  0.00007217
61  18  0.00048950
62  18  0.00036490
63  18  0.00014413
0  19  0.00020498
1  19  0.00016836
2  19  0.00023131
3  19  0.00032100
4  19  0.00005493
5  19  0.00003492
6  19  0.00020745
7  19  0.00038598
8  19  0.00019195
9  19  0.00008317
10  19  0.00036859
11  19  0.00012091
12  19  0.00019251
13  19  0.00029942
14  19  0.00017111
15  19  0.00048502
16  19  0.00010463
17  19  0.00045085
18  19  0.00005175
19  19  0.00007660
20  19  0.00016260
21  19  0.00023010
22  19  0.00017936
23  19  0.00008670
24  19  0.00023639
25  19  0.00016972
26  19  0.00025785
27  19  0.00015494
28  19  0.00021854
29  19  0.00034172
30  19  0.00019165
31  19  0.00025961
32  19  0.00031508
33  19  0.00018304
34  19  0.00033455
35  19  0.00010026
36  19  0.00016606
37  19  0.00034001
38  19  0.00005460
39  19  0.00020044
40  19  0.00030829
41  19  0.00016446
42  19  0.00046588
43  19  0.00023582
44  19  0.00068211
45  19  0.00019584
46  19  0.00029116
47  19  0.00028259
48  19  0.00034068
49  19  0.00010156
50  19  0.00022692
51  19  0.00017943
52  19  0.00024044
53  19  0.00015462
54  19  0.00039957
55  19  0.00019243
56  19  0.00014237
57  19  0.00041435
58  19  0.00013822
59  19  0.00032709
60  19  0.00015693
61  19  0.00030370
62  19  0.00028428
63  19  0.00019388
0  20  0.00018045
1  20  0.00026979
2  20  0.00007814
3  20  0.00018054
4  20  0.00019993
5  20  0.00017920
6  20  0.00011345
7  20  0.00012602
8  20  0.00028517
9  20  0.00033931
10  20  0.00013749
11  20  0.00031357
12  20  0.00037800
13  20  0.00018688
14  20  0.00011104
15  20  0.00009050
16  20  0.00024235
17  20  0.00009233
18  20  0.00021555
19  20  0.00009209
20  20  0.00037092
21  20  0.00034345
22  20  0.00022035
23  20  0.00022992
24  20  0.00008102
25  20  0.00017587
26  20  0.00018886
27  20  0.00028352
28  20  0.00019895
29  20  0.00027212
30  20  0.00025487
31  20  0.00019611
32  20  0.00011590
33  20  0.00027727
34  20  0.00012327
35  20  0.00022521
36  20  0.00016196
37  20  0.00021272
38  20  0.00013699
39  20  0.00022346
40  20  0.00021190
41  20  0.00032953
42  20  0.00014389
43  20  0.00013467
44  20  0.00013778
45  20  0.00026879
46  20  0.00021394
47  20  0.00036161
48  20  0.00022100
49  20  0.00020230
50  20  0.00012851
51  20  0.00026772
52  20  0.00031599
53  20  0.00011529
54  20  0.00004511
55  20  0.00034280
56  20  0.00011825
57  20  0.00015994
58  20  0.00017741
59  20  0.00011470
60  20  0.00027580
61  20  0.00041020
62  20  0.00040586
63  20  0.00024093
0  21  0.00015790
1  21  0.00011059
2  21  0.00019275
3  21  0.00045792
4  21  0.00016598
5  21  0.00035985
6  21  0.00011970
7  21  0.00020070
8  21  0.00036065
9  21  0.00037999
10  21  0.00033464
11  21  0.00021446
12  21  0.00009561
13  21  0.00023243
14  21  0.00039700
15  21  0.00012825
16  21  0.00032143
17  21  0.00025310
18  21  0.00007827
19  21  0.00027476
20  21  0.00032601
21  21  0.00011107
22  21  0.00014239
23  21  0.00019864
24  21  0.00035847
25  21  0.00013466
26  21  0.00018654
27  21  0.00030276
28  21  0.00011204
29  21  0.00026586
30  21  0.00011500
31  21  0.00015628
32  21  0.00032710
33  21  0.00025318
34  21  0.00017221
35  21  0.00021374
36  21  0.00012832
37  21  0.00020765
38  21  0.00029348
39  21  0.00008026
40  21  0.00010446
41  21  0.00031362
42  21  0.00044020
43  21  0.00061482
44  21  0.00031309
45  21  0.00054784
46  21  0.00059556
47  21  0.00012100
48  21  0.00030464
49  21  0.00021558
50  21  0.00053364
51  21  0.00050167
52  21  0.00011548
53  21  0.00026996
54  21  0.00016496
55  21  0.00028784
56  21  0.00016714
57  21  0.00020640
58  21  0.00024146
59  21  0.00040538
60  21  0.00009115
61  21  0.00026031
62  21  0.00022160
63  21  0.00033495
0  22  0.00024599
1  22  0.00022264
2  22  0.00021659
3  22  0.00029978
4  22  0.00028402
5  22  0.00035139
6  22  0.00022021
7  22  0.00016422
8  22  0.00013569
9  22  0.00019945
10  22  0.00031632
11  22  0.00021576
12  22  0.00020647
13  22  0.00013692
14  22  0.00029583
15  22  0.00020785
16  22  0.00026368
17  22  0.00039951
18  22  0.00041066
19  22  0.00024442
20  22  0.00029734
21  22  0.00031953
22  22  0.00015586
23  22  0.00020974
24  22  0.00027636
25  22  0.00022355
26  22  0.00012864
27  22  0.00020051
28  22  0.00051028
29  22  0.00025778
30  22  0.00021135
31  22  0.00021404
32  22  0.00011745
33  22  0.00015478
34  22  0.00017841
35  22  0.00045416
36  22  0.00009223
37  22  0.00017884
38  22  0.00030105
39  22  0.00052231
40  22  0.00027719
41  22  0.00008416
42  22  0.00030759
43  22  0.00016072
44  22  0.00035021
45  22  0.00013552
46  22  0.00030126
47  22  0.00022983
48  22  0.00025684
49  22  0.00026774
50  22  0.00040168
51  22  0.00019620
52  22  0.00032106
53  22  0.00024393
54  22  0.00018972
55  22  0.00002255
56  22  0.00006961
57  22  0.00011718
58  22  0.00047097
59  22  0.00033165
60  22  0.00026444
61  22  0.00017550
62  22  0.00029267
63  22  0.00034539
0  23  0.00025221
1  23  0.00019696
2  23  0.00050192
3  23  0.00024647
4  23  0.00022248
5  23  0.00018496
6  23  0.00025394
7  23  0.00029111
8  23  0.00020088
9  23  0.00010449
10  23  0.00015843
11  23  0.00015697
12  23  0.00023671
13  23  0.00014473
14  23  0.00062138
15  23  0.00022414
16  23  0.00025729
17  23  0.00014012
18  23  0.00034917
19  23  0.00025710
20  23  0.00029571
21  23  0.00012438
22  23  0.00009588
23  23  0.00020839
24  23  0.00022838
25  23  0.00014908
26  23  0.00016576
27  23  0.00012334
28  23  0.00012155
29  23  0.00034699
30  23  0.00042670
31  23  0.00009380
32  23  0.00040707
33  23  0.00038821
34  23  0.00009363
35  23  0.00044495
36  23  0.00022096
37  23  0.00024639
38  23  0.00052316
39  23  0.00028450
40  23  0.00019111
41  23  0.00026774
42  23  0.00029835
43  23  0.00024130
44  23  0.00034826
45  23  0.00012756
46  23  0.00022547
47  23  0.00022680
48  23  0.00030692
49  23  0.00028656
50  23  0.00016344
51  23  0.00001318
52  23  0.00046327
53  23  0.00023029
54  23  0.00030283
55  23  0.00014180
56  23  0.00007878
57  23  0.00032883
58  23  0.00017560
59  23  0.00017156
60  23  0.00039425
61  23  0.00044659
62  23  0.00016532
63  23  0.00008656
0  24  0.00019862
1  24  0.00036554
2  24  0.00036040
3  24  0.00003532
4  24  0.00024517
5  24  0.00018126
6  24  0.00034345
7  24  0.00009340
8  24  0.00031818
9  24  0.00027755
10  24  0.00009611
11  24  0.00021842
12  24  0.00013874
13  24  0.00033006
14  24  0.00014841
15  24  0.00025185
16  24  0.00021101
17  24  0.00010278
18  24  0.00011145
19  24  0.00011419
20  24  0.00026585
21  24  0.00027766
22  24  0.00018961
23  24  0.00048813
24  24  0.00040394
25  24  0.00018113
26  24  0.00038945
27  24  0.00019965
28  24  0.00020389
29  24  0.00017241
30  24  0.00023493
31  24  0.00010920
32  24  0.00037923
33  24  0.00012203
34  24  0.00020296
35  24  0.00017149
36  24  0.00010967
37  24  0.00029156
38  24  0.00039163
39  24  0.00030801
40  24  0.00014733
41  24  0.00024067
42  24  0.00045302
43  24  0.00046427
44  24  0.00039436
45  24  0.00049221
46  24  0.00017140
47  24  0.00032949
48  24  0.00014667
49  24  0.00014437
50  24  0.00024201
51  24  0.00021173
52  24  0.00034691
53  24  0.00046058
54  24  0.00044178
55  24  0.00054538
56  24  0.00061517
57  24  0.00036436
58  24  0.00007431
59  24  0.00022508
60  24  0.00005185
61  24  0.00051559
62  24  0.00019374
63  24  0.00011699
0  25  0.00020158
1  25  0.00040578
2  25  0.00020735
3  25  0.00017798
4  25  0.00025320
5  25  0.00038395
6  25  0.00017547
7  25  0.00016337
8  25  0.00019744
9  25  0.00022483
10  25  0.00011643
11  25  0.00052591
12  25  0.00055452
13  25  0.00061746
14  25  0.00025077
15  25  0.00046732
16  25  0.00026731
17  25  0.00006551
18  25  0.00018119
19  25  0.00032756
20  25  0.00033096
21  25  0.00029492
22  25  0.00044495
23  25  0.00039540
24  25  0.00025868
25  25  0.00008325
26  25  0.00047654
27  25  0.00018808
28  25  0.00017000
29  25  0.00025855
30  25  0.00028378
31  25  0.00025760
32  25  0.00017886
33  25  0.00029750
34  25  0.00035639
35  25  0.00010755
36  25  0.00024135
37  25  0.00028074
38  25  0.00024676
39  25  0.00012694
40  25  0.00038745
41  25  0.00016221
42  25  0.00026998
43  25  0.00040734
44  25  0.00009632
45  25  0.00018498
46  25  0.00017030
47  25  0.00052541
48  25  0.00054993
49  25  0.00029220
50  25  0.00029127
51  25  0.00043120
52  25  0.00006007
53  25  0.00068606
54  25  0.00009002
55  25  0.00031952
56  25  0.00019300
57  25  0.00016963
58  25  0.00053638
59  25  0.00025459
60  25  0.00048100
61  25  0.00048357
62  25  0.00017635
63  25  0.00022230
0  26  0.00043021
1  26  0.00031589
2  26  0.00036824
3  26  0.00027901
4  26  0.00023042
5  26  0.00006451
6  26  0.00027911
7  26  0.00006017
8  26  0.00014502
9  26  0.00044143
10  26  0.00004161
11  26  0.00030948
12  26  0.00009365
13  26  0.00015750
14  26  0.00008876
15  26  0.00018422
16  26  0.00016870
17  26  0.00022121
18  26  0.00036145
19  26  0.00026651
20  26  0.00033731
21  26  0.00011433
22  26  0.00016123
23  26  0.00012902
24  26  0.00025999
25  26  0.00030185
26  26  0.00025517
27  26  0.00042651
28  26  0.00036397
29  26  0.00027852
30  26  0.00021844
31  26  0.00031588
32  26  0.00019330
33  26  0.00010878
34  26  0.00009405
35  26  0.00018954
36  26  0.00003513
37  26  0.00017503
38  26  0.00022512
39  26  0.00015534
40  26  0.00038797
41  26  0.00017652
42  26  0.00004636
43  26  0.00015043
44  26  0.00036460
45  26  0.00018454
46  26  0.00015643
47  26  0.00013500
48  26  0.00009984
49  26  0.00017488
50  26  0.00026609
51  26  0.00025694
52  26  0.00025920
53  26  0.00021796
54  26  0.00009225
55  26  0.00023134
56  26  0.00048045
57  26  0.00018512
58  26  0.00022670
59  26  0.00017232
60  26  0.00018907
61  26  0.00034874
62  26  0.00012958
63  26  0.00010540
0  27  0.00015443
1  27  0.00046001
2  27  0.00010238
3  27  0.00021869
4  27  0.00019759
5  27  0.00017161
6  27  0.00012844
7  27  0.00026855
8  27  0.00015594
9  27  0.00032718
10  27  0.00043479
11  27  0.00045514
12  27  0.00033661
13  27  0.00015720
14  27  0.00008739
15  27  0.00042193
16  27  0.00037115
17  27  0.00009566
18  27  0.00033631
19  27  0.00010712
20  27  0.00039946
21  27  0.00040712
22  27  0.00006549
23  27  0.00019390
24  27  0.00030783
25  27  0.00013445
26  27  0.00015644
27  27  0.00013685
28  27  0.00035936
29  27  0.00018018
30  27  0.00012895
31  27  0.00036511
32  27  0.00024755
33  27  0.00038095
34  27  0.00018364
35  27  0.00013844
36  27  0.00032669
37  27  0.00015919
38  27  0.00019351
39  27  0.00018814
40  27  0.00040345
41  27  0.00014442
42  27  0.00040368
43  27  0.00032387
44  27  0.00053246
45  27  0.00004349
46  27  0.00022584
47  27  0.00013287
48  27  0.00008571
49  27  0.00043888
50  27  0.00027331
51  27  0.00003992
52  27  0.00042502
53  27  0.00036209
54  27  0.00011833
55  27  0.00031400
56  27  0.00024506
57  27  0.00012867
58  27  0.00028133
59  27  0.00017656
60  27  0.00013746
61  27  0.00025086
62  27  0.00032348
63  27  0.00006793
0  28  0.00020408
1  28  0.00042501
2  28  0.00037109
3  28  0.00017461
4  28  0.00015537
5  28  0.00035559
6  28  0.00012302
7  28  0.00052117
8  28  0.00021261
9  28  0.00025415
10  28  0.00013253
11  28  0.00037019
12  28  0.00021867
13  28  0.00037261
14  28  0.00015026
15  28  0.00033491
16  28  0.00045830
17  28  0.00014915
18  28  0.00019200
19  28  0.00035241
20  28  0.00030558
21  28  0.00038560
22  28  0.00035091
23  28  0.00010781
24  28  0.00025799
25  28  0.00027814
26  28  0.00008867
27  28  0.00018788
28  28  0.00023174
29  28  0.00043759
30  28  0.00013694
31  28  0.00020261
32  28  0.00033083
33  28  0.00017474
34  28  0.00028904
35  28  0.00042357
36  28  0.00029549
37  28  0.00024577
38  28  0.00038935
39  28  0.00015653
40  28  0.00011764
41  28  0.00015561
42  28  0.00024658
43  28  0.00021629
44  28  0.00032197
45  28  0.00023575
46  28  0.00015866
47  28  0.00029697
48  28  0.00015613
49  28  0.00020950
50  28  0.00018901
51  28  0.00057081
52  28  0.00035408
53  28  0.00032937
54  28  0.00017682
55  28  0.00021051
56  28  0.00033063
57  28  0.00010805
58  28  0.00010014
59  28  0.00018559
60  28  0.00017801
61  28  0.00024953
62  28  0.00011106
63  28  0.00052577
0  29  0.00035592
1  29  0.00031161
2  29  0.00045384
3  29  0.00021163
4  29  0.00026674
5  29  0.00017522
6  29  0.00053709
7  29  0.00028914
8  29  0.00011596
9  29  0.00023058
10  29  0.00021068
11  29  0.00015640
12  29  0.00032749
13  29  0.00007982
14  29  0.00028048
15  29  0.00016025
16  29  0.00006190
17  29  0.00012935
18  29  0.00013607
19  29  0.00020023
20  29  0.00027240
21  29  0.00018917
22  29  0.00032063
23  29  0.00037163
24  29  0.00072666
25  29  0.00006669
26  29  0.00025445
27  29  0.00018749
28  29  0.00032166
29  29  0.00021532
30  29  0.00049363
31  29  0.00020320
32  29  0.00035276
33  29  0.00019664
34  29  0.00021479
35  29  0.00036140
36  29  0.00029467
37  29  0.00029027
38  29  0.00019738
39  29  0.00016415
40  29  0.00027917
41  29  0.00020492
42  29  0.00036527
43  29  0.00029870
44  29  0.00004968
45  29  0.00013756
46  29  0.00013126
47  29  0.00007496
48  29  0.00010005
49  29  0.00038649
50  29  0.00015976
51  29  0.00036853
52  29  0.00018708
53  29  0.00022565
54  29  0.00029357
55  29  0.00022228
56  29  0.00019032
57  29  0.00009116
58  29  0.00022196
59  29  0.00026192
60  29  0.00045765
61  29  0.00029417
62  29  0.00021896
63  29  0.00015376
0  30  0.00030140
1  30  0.00017407
2  30  0.00015084
3  30  0.00055311
4  30  0.00021251
5  30  0.00019453
6  30  0.00031757
7  30  0.00018447
8  30  0.00026999
9  30  0.00033787
10  30  0.00030828
11  30  0.00052065
12  30  0.00020669
13  30  0.00007406
14  30  0.00052460
15  30  0.00022181
16  30  0.00020613
17  30  0.00014802
18  30  0.00020074
19  30  0.00014835
20  30  0.00018682
21  30  0.00041511
22  30  0.00011960
23  30  0.00030499
24  30  0.00014900
25  30  0.00019931
26  30  0.00012425
27  30  0.00028632
28  30  0.00036333
29  30  0.00030704
30  30  0.00032549
31  30  0.00021426
32  30  0.00068572
33  30  0.00023148
34  30  0.00024958
35  30  0.00008129
36  30  0.00030831
37  30  0.00014817
38  30  0.00053753
39  30  0.00045763
40  30  0.00046688
41  30  0.00016038
42  30  0.00019334
43  30  0.00019983
44  30  0.00021934
45  30  0.00019346
46  30  0.00014461
47  30  0.00034964
48  30  0.00008851
49  30  0.00016468
50  30  0.00006916
51  30  0.00008899
52  30  0.00043651
53  30  0.00022426
54  30  0.00015803
55  30  0.00020177
56  30  0.00051409
57  30  0.00021114
58  30  0.00019723
59  30  0.00029366
60  30  0.00032019
61  30  0.00020100
62  30  0.00028940
63  30  0.00014763
0  31  0.00013083
1  31  0.00035912
2  31  0.00039572
3  31  0.00009428
4  31  0.00009117
5  31  0.00025555
6  31  0.00022060
7  31  0.00017960
8  31  0.00011847
9  31  0.00016535
10  31  0.00019308
11  31  0.00007207
12  31  0.00011024
13  31  0.00029844
14  31  0.00021625
15  31  0.00033485
16  31  0.00017370
17  31  0.00016538
18  31  0.00012356
19  31  0.00022590
20  31  0.00050776
21  31  0.00012855
22  31  0.00027607
23  31  0.00022323
24  31  0.00017357
25  31  0.00028317
26  31  0.00019992
27  31  0.00039139
28  31  0.00057747
29  31  0.00023861
30  31  0.00026880
31  31  0.00011830
32  31  0.00022298
33  31  0.00025386
34  31  0.00013673
35  31  0.00008457
36  31  0.00008640
37  31  0.00024841
38  31  0.00034737
39  31  0.00027670
40  31  0.00017613
41  31  0.00009120
42  31  0.00023917
43  31  0.00013695
44  31  0.00020629
45  31  0.00032232
46  31  0.00015679
47  31  0.00030639
48  31  0.00016608
49  31  0.00028154
50  31  0.00017273
51  31  0.00026168
52  31  0.00034949
53  31  0.00028609
54  31  0.00015438
55  31  0.00025268
56  31  0.00015148
57  31  0.00011113
58  31  0.00027537
59  31  0.00018218
60  31  0.00041838
61  31  0.00006591
62  31  0.00037097
63  31  0.00025485
0  32  0.00027512
1  32  0.00024612
2  32  0.00024485
3  32  0.00013193
4  32  0.00022790
5  32  0.00017413
6  32  0.00039950
7  32  0.00022858
8  32  0.00031494
9  32  0.00027462
10  32  0.00041225
11  32  0.00021105
12  32  0.00019112
13  32  0.00035110
14  32  0.00043002
15  32  0.00040650
16  32  0.00021575
17  32  0.00028794
18  32  0.00015594
19  32  0.00020860
20  32  0.00028285
21  32  0.00019529
22  32  0.00024635
23  32  0.00018160
24  32  0.00024866
25  32  0.00025985
26  32  0.00029907
27  32  0.00029064
28  32  0.00014969
29  32  0.00015912
30  32  0.00022592
31  32  0.00022412
32  32  0.00022654
33  32  0.00027301
34  32  0.00021554
35  32  0.00020673
36  32  0.00016977
37  32  0.00013797
38  32  0.00007174
39  32  0.00025064
40  32  0.00021533
41  32  0.00025127
42  32  0.00054905
43  32  0.00009622
44  32  0.00008667
45  32  0.00012052
46  32  0.00029397
47  32  0.00018364
48  32  0.00023296
49  32  0.00035533
50  32  0.00017569
51  32  0.00020977
52  32  0.00014223
53  32  0.00013426
54  32  0.00013204
55  32  0.00035462
56  32  0.00012627
57  32  0.00023534
58  32  0.00026414
59  32  0.00023125
60  32  0.00027042
61  32  0.00015404
62  32  0.00032513
63  32  0.00026822
0  33  0.00028295
1  33  0.00045148
2  33  0.00024968
3  33  0.00049098
4  33  0.00021852
5  33  0.00026201
6  33  0.00024465
7  33  0.00011752
8  33  0.00035604
9  33  0.00028113
10  33  0.00024983
11  33  0.00028506
12  33  0.00022352
13  33  0.00018401
14  33  0.00016882
15  33  0.00054478
16  33  0.00018723
17  33  0.00048468
18  33  0.00020940
19  33  0.00019999
20  33  0.00027333
21  33  0.00033103
22  33  0.00037001
23  33  0.00018316
24  33  0.00027512
25  33  0.00030577
26  33  0.00035391
27  33  0.00033862
28  33  0.00021285
29  33  0.00029716
30  33  0.00014004
31  33  0.00018109
32  33  0.00019215
33  33  0.00054810
34  33  0.00010201
35  33  0.00031718
36  33  0.00021674
37  33  0.00032942
38  33  0.00030727
39  33  0.00035743
40  33  0.00013108
41  33  0.00022948
42  33  0.00012293
43  33  0.00030165
44  33  0.00025431
45  33  0.00054874
46  33  0.00023882
47  33  0.00016985
48  33  0.00020180
49  33  0.00029001
50  33  0.00030971
51  33  0.00025149
52  33  0.00021622
53  33  0.00039763
54  33  0.00013460
55  33  0.00027236
56  33  0.00034845
57  33  0.00048368
58  33  0.00021024
59  33  0.00026003
60  33  0.00035872
61  33  0.00031867
62  33  0.00011632
63  33  0.00041562
0  34  0.00019928
1  34  0.00020800
2  34  0.00011446
3  34  0.00023570
4  34  0.00021766
5  34  0.00060935
6  34  0.00024967
7  34  0.00010330
8  34  0.00012885
9  34  0.00013237
10  34  0.00010444
11  34  0.00027882
12  34  0.00016225
13  34  0.00025597
14  34  0.00029892
15  34  0.00014782
16  34  0.00043803
17  34  0.00030065
18  34  0.00016124
19  34  0.00017307
20  34  0.00019010
21  34  0.00032745
22  34  0.00020985
23  34  0.00027227
24  34  0.00022139
25  34  0.00058909
26  34  0.00037171
27  34  0.00012499
28  34  0.00028143
29  34  0.00020603
30  34  0.00043643
31  34  0.00026285
32  34  0.00024798
33  34  0.00015156
34  34  0.00028278
35  34  0.00007100
36  34  0.00038434
37  34  0.00018610
38  34  0.00028663
39  34  0.00011558
40  34  0.00018326
41  34  0.00024650
42  34  0.00023395
43  34  0.00022491
44  34  0.00023531
45  34  0.00060378
46  34  0.00025960
47  34  0.00074737
48  34  0.00010307
49  34  0.00025395
50  34  0.00031460
51  34  0.00018122
52  34  0.00043753
53  34  0.00008161
54  34  0.00010294
55  34  0.00022614
56  34  0.00011837
57  34  0.00020564
58  34  0.00016680
59  34  0.00023012
60  34  0.00042660
61  34  0.00010421
62  34  0.00007469
63  34  0.00020822
0  35  0.00037751
1  35  0.00011267
2  35  0.00035251
3  35  0.00036850
4  35  0.00008056
5  35  0.00054825
6  35  0.00037351
7  35  0.00064348
8  35  0.00043300
9  35  0.00030561
10  35  0.00028879
11  35  0.00019918
12  35  0.00014407
13  35  0.00015595
14  35  0.00035528
15  35  0.00010023
16  35  0.00013441
17  35  0.00024547
18  35  0.00021976
19  35  0.00012908
20  35  0.00016455
21  35  0.00022265
22  35  0.00020178
23  35  0.00045600
24  35  0.00014514
25  35  0.00024469
26  35  0.00031689
27  35  0.00027412
28  35  0.00014056
29  35  0.00017312
30  35  0.00017521
31  35  0.00038245
32  35  0.00013721
33  35  0.00039966
34  35  0.00032662
35  35  0.00015312
36  35  0.00027832
37  35  0.00020393
38  35  0.00029776
39  35  0.00015870
40  35  0.00021954
41  35  0.00033102
42  35  0.00028491
43  35  0.00017090
44  35  0.00031160
45  35  0.00009029
46  35  0.00042925
47  35  0.00046345
48  35  0.00014281
49  35  0.00014267
50  35  0.00017821
51  35  0.00018093
52  35  0.00031235
53  35  0.00030138
54  35  0.00055655
55  35  0.00048947
56  35  0.00017817
57  35  0.00041242
58  35  0.00009894
59  35  0.00012463
60  35  0.00014930
61  35  0.00005272
62  35  0.00031691
63  35  0.00009210
0  36  0.00014237
1  36  0.00020601
2  36  0.00015887
3  36  0.00017566
4  36  0.00021943
5  36  0.00010283
6  36  0.00006969
7  36  0.00011812
8  36  0.00017358
9  36  0.00010415
10  36  0.00016083
11  36  0.00024664
12  36  0.00031527
13  36  0.00029766
14  36  0.00016348
15  36  0.00019905
16  36  0.00022833
17  36  0.00026079
18  36  0.00021307
19  36  0.00005617
20  36  0.00031837
21  36  0.00038570
22  36  0.00023339
23  36  0.00010409
24  36  0.00028964
25  36  0.00029382
26  36  0.00030216
27  36  0.00044780
28  36  0.00009290
29  36  0.00022975
30  36  0.00032619
31  36  0.00026991
32  36  0.00008564
33  36  0.00033898
34  36  0.00027111
35  36  0.00025557
36  36  0.00019714
37  36  0.00018119
38  36  0.00030758
39  36  0.00031292
40  36  0.00035954
41  36  0.00026444
42  36  0.00012009
43  36  0.00032766
44  36  0.00016585
45  36  0.00019587
46  36  0.00016427
47  36  0.00018814
48  36  0.00019577
49  36  0.00036782
50  36  0.00013939
51  36  0.00021049
52  36  0.00057484
53  36  0.00025834
54  36  0.00018550
55  36  0.00033368
56  36  0.00088519
57  36  0.00057758
58  36  0.00018066
59  36  0.00007465
60  36  0.00012419
61  36  0.00019053
62  36  0.00030262
63  36  0.00046664
0  37  0.00034129
1  37  0.00012406
2  37  0.00012665
3  37  0.00024982
4  37  0.00030275
5  37  0.00047851
6  37  0.00030032
7  37  0.00016003
8  37  0.00006559
9  37  0.00024581
10  37  0.00035905
11  37  0.00003841
12  37  0.00028400
13  37  0.00028454
14  37  0.00009848
15  37  0.00033156
16  37  0.00041084
17  37  0.00036056
18  37  0.00031508
19  37  0.00017479
20  37  0.00008142
21  37  0.00006325
22  37  0.00015504
23  37  0.00019162
24  37  0.00012642
25  37  0.00019346
26  37  0.00020642
27  37  0.00009949
28  37  0.00025354
29  37  0.00028817
30  37  0.00014345
31  37  0.00024319
32  37  0.00020459
33  37  0.00015638
34  37  0.00016886
35  37  0.00048684
36  37  0.00016194
37  37  0.00035099
38  37  0.00020849
39  37  0.00024482
40  37  0.00047856
41  37  0.00017926
42  37  0.00068176
43  37  0.00047613
44  37  0.00016225
45  37  0.00018995
46  37  0.00010085
47  37  0.00021444
48  37  0.00030086
49  37  0.00026950
50  37  0.00017608
51  37  0.00009265
52  37  0.00017508
53  37  0.00016121
54  37  0.00035682
55  37  0.00027687
56  37  0.00030792
57  37  0.00029800
58  37  0.00026099
59  37  0.00022126
60  37  0.00028300
61  37  0.00016160
62  37  0.00027644
63  37  0.00012847
0  38  0.00004710
1  38  0.00017666
2  38  0.00026828
3  38  0.00018242
4  38  0.00041901
5  38  0.00033808
6  38  0.00033827
7  38  0.00015987
8  38  0.00033394
9  38  0.00021568
10  38  0.00020565
11  38  0.00065718
12  38  0.00018347
13  38  0.00014243
14  38  0.00059158
15  38  0.00017406
16  38  0.00021572
17  38  0.00014853
18  38  0.00032398
19  38  0.00013261
20  38  0.00012365
21  38  0.00048318
22  38  0.00006520
23  38  0.00021461
24  38  0.00008202
25  38  0.00022876
26  38  0.00027839
27  38  0.00016623
28  38  0.00021852
29  38  0.00012822
30  38  0.00027634
31  38  0.00017297
32  38  0.00030232
33  38  0.00011519
34  38  0.00068896
35  38  0.00023846
36  38  0.00015653
37  38  0.00018934
38  38  0.00038331
39  38  0.00006760
40  38  0.00026327
41  38  0.00016847
42  38  0.00027599
43  38  0.00013496
44  38  0.00025952
45  38  0.00044922
46  38  0.00024797
47  38  0.00026769
48  38  0.00041785
49  38  0.00022613
50  38  0.00040689
51  38  0.00012527
52  38  0.00026222
53  38  0.00028274
54  38  0.00033013
55  38  0.00023206
56  38  0.00003089
57  38  0.00010265
58  38  0.00027873
59  38  0.00014312
60  38  0.00006419
61  38  0.00023277
62  38  0.00031159
63  38  0.00024133
0  39  0.00027303
1  39  0.00034529
2  39  0.00034453
3  39  0.00005080
4  39  0.00044506
5  39  0.00019298
6  39  0.00009064
7  39  0.00018647
8  39  0.00019915
9  39  0.00017490
10  39  0.00008759
11  39  0.00012449
12  39  0.00019325
13  39  0.00022209
14  39  0.00032754
15  39  0.00012791
16  39  0.00030686
17  39  0.00013738
18  39  0.00017649
19  39  0.00033785
20  39  0.00017977
21  39  0.00038466
22  39  0.00010686
23  39  0.00017146
24  39  0.00029571
25  39  0.00020618
26  39  0.00018486
27  39  0.00034877
28  39  0.00010879
29  39  0.00022065
30  39  0.00044604
31  39  0.00012960
32  39  0.00016267
33  39  0.00025967
34  39  0.00031974
35  39  0.00017074
36  39  0.00017132
37  39  0.00010890
38  39  0.00017100
39  39  0.00029928
40  39  0.00016094
41  39  0.00040257
42  39  0.00026542
43  39  0.00007185
44  39  0.00023098
45  39  0.00016361
46  39  0.00016683
47  39  0.00021075
48  39  0.00015372
49  39  0.00031674
50  39  0.00016310
51  39  0.00007432
52  39  0.00022905
53  39  0.00028351
54  39  0.00011779
55  39  0.00046303
56  39  0.00020903
57  39  0.00007621
58  39  0.00026852
59  39  0.00037154
60  39  0.00024189
61  39  0.00036283
62  39  0.00036942
63  39  0.00022083
0  40  0.00015132
1  40  0.00017219
2  40  0.00009657
3  40  0.00014959
4  40  0.00030514
5  40  0.00027177
6  40  0.00011107
7  40  0.00010986
8  40  0.00042096
9  40  0.00013612
10  40  0.00019671
11  40  0.00014056
12  40  0.00009130
13  40  0.00027223
14  40  0.00034979
15  40  0.00024116
16  40  0.00031680
17  40  0.00016476
18  40  0.00033758
19  40  0.00011920
20  40  0.00025878
21  40  0.00035652
22  40  0.00008111
23  40  0.00022696
24  40  0.00008828
25  40  0.00005883
26  40  0.00027712
27  40  0.00074493
28  40  0.00037332
29  40  0.00015443
30  40  0.00044804
31  40  0.00028122
32  40  0.00011007
33  40  0.00017103
34  40  0.00024210
35  40  0.00022660
36  40  0.00013945
37  40  0.00021888
38  40  0.00037642
39  40  0.00065433
40  40  0.00014411
41  40  0.00013673
42  40  0.00030112
43  40  0.00033751
44  40  0.00040443
45  40  0.00032250
46  40  0.00011607
47  40  0.00018977
48  40  0.00025368
49  40  0.00023297
50  40  0.00015246
51  40  0.00032905
52  40  0.00084953
53  40  0.00017883
54  40  0.00018231
55  40  0.00027203
56  40  0.00020741
57  40  0.00007028
58  40  0.00035717
59  40  0.00011763
60  40  0.00008250
61  40  0.00021126
62  40  0.00009268
63  40  0.00015248
0  41  0.00022243
1  41  0.00043571
2  41  0.00004177
3  41  0.00020347
4  41  0.00014491
5  41  0.00019711
6  41  0.00028880
7  41  0.00018644
8  41  0.00034364
9  41  0.00043198
10  41  0.00018702
11  41  0.00042170
12  41  0.00070117
13  41  0.00023464
14  41  0.00023208
15  41  0.00013183
16  41  0.00016251
17  41  0.00032621
18  41  0.00012018
19  41  0.00033005
20  41  0.00013703
21  41  0.00019311
22  41  0.00010384
23  41  0.00016481
24  41  0.00013709
25  41  0.00017666
26  41  0.00035923
27  41  0.00024211
28  41  0.00026565
29  41  0.00042988
30  41  0.00011670
31  41  0.00036388
32  41  0.00018453
33  41  0.00013367
34  41  0.00020395
35  41  0.00010635
36  41  0.00028718
37  41  0.00015331
38  41  0.00006494
39  41  0.00039895
40  41  0.00016038
41  41  0.00017765
42  41  0.00026502
43  41  0.00037903
44  41  0.00037778
45  41  0.00013076
46  41  0.00015726
47  41  0.00020777
48  41  0.00026416
49  41  0.00019862
50  41  0.00027369
51  41  0.00015647
52  41  0.00010306
53  41  0.00012256
54  41  0.00027036
55  41  0.00040633
56  41  0.00044757
57  41  0.00014549
58  41  0.00012474
59  41  0.00016905
60  41  0.00009691
61  41  0.00041462
62  41  0.00024392
63  41  0.00027443
0  42  0.00012568
1  42  0.00024785
2  42  0.00037253
3  42  0.00023338
4  42  0.00024234
5  42  0.00019347
6  42  0.00034816
7  42  0.00006987
8  42  0.00016040
9  42  0.00014584
10  42  0.00013317
11  42  0.00009657
12  42  0.00023849
13  42  0.00019361
14  42  0.00012894
15  42  0.00037056
16  42  0.00019704
17  42  0.00008525
18  42  0.00007563
19  42  0.00038757
20  42  0.00028918
21  42  0.00034942
22  42  0.00040331
23  42  0.00020654
24  42  0.00026584
25  42  0.00013302
26  42  0.00020908
27  42  0.00031369
28  42  0.00015532
29  42  0.00026774
30  42  0.00035499
31  42  0.00023387
32  42  0.00026198
33  42  0.00020433
34  42  0.00019653
35  42  0.00012039
36  42  0.00027004
37  42  0.00011033
38  42  0.00030554
39  42  0.00018871
40  42  0.00023880
41  42  0.00016405
42  42  0.00028246
43  42  0.00041539
44  42  0.00040148
45  42  0.00043306
46  42  0.00018232
47  42  0.00006290
48  42  0.00032549
49  42  0.00039253
50  42  0.00023941
51  42  0.00021727
52  42  0.00041336
53  42  0.00031328
54  42  0.00043004
55  42  0.00015812
56  42  0.00052604
57  42  0.00022158
58  42  0.00010057
59  42  0.00019664
60  42  0.00018166
61  42  0.00032392
62  42  0.00007390
63  42  0.00037282
0  43  0.00016435
1  43  0.00027147
2  43  0.00010344
3  43  0.00029405
4  43  0.00011158
5  43  0.00029982
6  43  0.00070088
7  43  0.00013215
8  43  0.00030614
9  43  0.00042615
10  43  0.00024717
11  43  0.00017855
12  43  0.00047787
13  43  0.00030775
14  43  0.00019128
15  43  0.00021013
16  43  0.00039732
17  43  0.00006758
18  43  0.00029361
19  43  0.00014816
20  43  0.00024937
21  43  0.00025297
22  43  0.00013376
23  43  0.00020939
24  43  0.00020043
25  43  0.00033730
26  43  0.00016456
27  43  0.00025353
28  43  0.00006413
29  43  0.00036001
30  43  0.00005928
31  43  0.00015270
32  43  0.00034836
33  43  0.00034781
34  43  0.00025951
35  43  0.00018873
36  43  0.00027622
37  43  0.00005006
38  43  0.00019673
39  43  0.00027296
40  43  0.00024308
41  43  0.00026628
42  43  0.00048300
43  43  0.00033681
44  43  0.00037092
45  43  0.00016087
46  43  0.00048957
47  43  0.00040924
48  43  0.00023156
49  43  0.00015351
50  43  0.00013598
51  43  0.00035858
52  43  0.00033912
53  43  0.00015040
54  43  0.00017806
55  43  0.00020991
56  43  0.00013777
57  43  0.00021846
58  43  0.00030911
59  43  0.00034344
60  43  0.00029873
61  43  0.00013380
62  43  0.00041257
63  43  0.00018019
0  44  0.00018937
1  44  0.00042873
2  44  0.00026128
3  44  0.00028154
4  44  0.00037899
5  44  0.00025756
6  44  0.00034023
7  44  0.00052480
8  44  0.00036842
9  44  0.00023545
10  44  0.00008880
11  44  0.00019715
12  44  0.00019640
13  44  0.00034001
14  44  0.00033423
15  44  0.00038403
16  44  0.00026025
17  44  0.00011143
18  44  0.00014718
19  44  0.00015401
20  44  0.00047238
21  44  0.00012048
22  44  0.00021082
23  44  0.00010377
24  44  0.00035026
25  44  0.00029810
26  44  0.00022781
27  44  0.00037333
28  44  0.00013481
29  44  0.00028728
30  44  0.00009230
31  44  0.00022478
32  44  0.00006476
33  44  0.00008188
34  44  0.00032516
35  44  0.00026567
36  44  0.00030497
37  44  0.00010707
38  44  0.00004126
39  44  0.00015021
40  44  0.00008156
41  44  0.00014556
42  44  0.00016047
43  44  0.00039899
44  44  0.00029557
45  44  0.00012136
46  44  0.00040938
47  44  0.00040722
48  44  0.00051960
49  44  0.00001383
50  44  0.00010879
51  44  0.00022463
52  44  0.00036674
53  44  0.00019681
54  44  0.00011444
55  44  0.00028277
56  44  0.00022582
57  44  0.00010803
58  44  0.00007581
59  44  0.00027367
60  44  0.00012645
61  44  0.00019231
62  44  0.00011039
63  44  0.00034003
0  45  0.00061951
1  45  0.00012938
2  45  0.00035232
3  45  0.00045427
4  45  0.00044345
5  45  0.00065226
6  45  0.00044819
7  45  0.00021725
8  45  0.00025966
9  45  0.00046858
10  45  0.00060630
11  45  0.00038333
12  45  0.00025334
13  45  0.00022127
14  45  0.00012760
15  45  0.00021357
16  45  0.00068802
17  45  0.00022922
18  45  0.00071038
19  45  0.00021286
20  45  0.00013542
21  45  0.00035129
22  45  0.00036926
23  45  0.00021214
24  45  0.00036349
25  45  0.00041932
26  45  0.00035686
27  45  0.00021466
28  45  0.00038604
29  45  0.00026342
30  45  0.00019090
31  45  0.00028393
32  45  0.00018088
33  45  0.00010735
34  45  0.00036403
35  45  0.00043340
36  45  0.00012648
37  45  0.00022723
38  45  0.00017826
39  45  0.00022294
40  45  0.00018909
41  45  0.00013172
42  45  0.00027004
43  45  0.00019289
44  45  0.00053317
45  45  0.00024164
46  45  0.00045971
47  45  0.00029643
48  45  0.00029452
49  45  0.00044606
50  45  0.00023546
51  45  0.00017616
52  45  0.00023368
53  45  0.00019263
54  45  0.00023539
55  45  0.00017833
56  45  0.00015508
57  45  0.00036616
58  45  0.00006037
59  45  0.00021788
60  45  0.00019893
61  45  0.00022999
62  45  0.00025439
63  45  0.00019874
0  46  0.00007804
1  46  0.00019375
2  46  0.00029399
3  46  0.00020904
4  46  0.00020094
5  46  0.00026784
6  46  0.00010795
7  46  0.00027744
8  46  0.00048463
9  46  0.00011925
10  46  0.00032403
11  46  0.00004154
12  46  0.00015956
13  46  0.00025417
14  46  0.00018354
15  46  0.00019653
16  46  0.00033643
17  46  0.00006817
18  46  0.00014316
19  46  0.00031887
20  46  0.00013170
21  46  0.00021051
22  46  0.00021250
23  46  0.00037010
24  46  0.00023301
25  46  0.00016204
26  46  0.00033284
27  46  0.00045309
28  46  0.00045252
29  46  0.00008086
30  46  0.00059770
31  46  0.00015116
32  46  0.00018579
33  46  0.00019150
34  46  0.00023743
35  46  0.00035263
36  46  0.00012368
37  46  0.00021449
38  46  0.00018335
39  46  0.00033447
40  46  0.00008854
41  46  0.00018487
42  46  0.00019081
43  46  0.00015883
44  46  0.00038697
45  46  0.00056319
46  46  0.00018406
47  46  0.00020780
48  46  0.00018314
49  46  0.00013136
50  46  0.00016845
51  46  0.00013942
52  46  0.00024839
53  46  0.00028590
54  46  0.00027772
55  46  0.00016412
56  46  0.00026349
57  46  0.00012906
58  46  0.00029191
59  46  0.00014215
60  46  0.00012297
61  46  0.00041876
62  46  0.00020435
63  46  0.00007835
0  47  0.00037012
1  47  0.00008522
2  47  0.00012390
3  47  0.00045705
4  47  0.00033791
5  47  0.00028196
6  47  0.00013143
7  47  0.00011790
8  47  0.00054434
9  47  0.00015340
10  47  0.00002379
11  47  0.00052069
12  47  0.00013606
13  47  0.00030187
14  47  0.00030776
15  47  0.00026510
16  47  0.00030401
17  47  0.00024762
18  47  0.00034236
19  47  0.00008951
20  47  0.00020724
21  47  0.00024705
22  47  0.00033675
23  47  0.00018802
24  47  0.00041577
25  47  0.00028165
26  47  0.00046347
27  47  0.00020114
28  47  0.00029843
29  47  0.00044906
30  47  0.00034745
31  47  0.00021183
32  47  0.00018099
33  47  0.00035553
34  47  0.00021335
35  47  0.00051635
36  47  0.00020218
37  47  0.00043388
38  47  0.00018317
39  47  0.00029881
40  47  0.00020534
41  47  0.00024015
42  47  0.00017289
43  47  0.00033326
44  47  0.00019040
45  47  0.00004512
46  47  0.00027047
47  47  0.00013414
48  47  0.00011206
49  47  0.00014839
50  47  0.00046113
51  47  0.00039010
52  47  0.00043768
53  47  0.00034896
54  47  0.00021425
55  47  0.00065442
56  47  0.00015977
57  47  0.00028837
58  47  0.00027279
59  47  0.00009237
60  47  0.00033376
61  47  0.00022239
62  47  0.00023745
63  47  0.00016359
0  48  0.00032403
1  48  0.00017825
2  48  0.00007894
3  48  0.00012149
4  48  0.00013931
5  48  0.00053839
6  48  0.00009214
7  48  0.00006642
8  48  0.00015674
9  48  0.00012772
10  48  0.00027140
11  48  0.00021424
12  48  0.00018611
13  48  0.00014533
14  48  0.00015845
15  48  0.00030500
16  48  0.00016035
17  48  0.00068894
18  48  0.00016343
19  48  0.00022163
20  48  0.00008420
21  48  0.00010488
22  48  0.00014686
23  48  0.00027214
24  48  0.00011394
25  48  0.00012692
26  48  0.00010586
27  48  0.00029100
28  48  0.00020417
29  48  0.00020474
30  48  0.00013787
31  48  0.00017253
32  48  0.00007695
33  48  0.00024848
34  48  0.00018623
35  48  0.00016987
36  48  0.00015992
37  48  0.00035734
38  48  0.00051993
39  48  0.00010261
40  48  0.00030193
41  48  0.00022123
42  48  0.00008959
43  48  0.00035669
44  48  0.00016255
45  48  0.00020475
46  48  0.00038492
47  48  0.00041512
48  48  0.00010605
49  48  0.00021965
50  48  0.00036609
51  48  0.00010032
52  48  0.00017659
53  48  0.00037651
54  48  0.00022950
55  48  0.00033573
56  48  0.00015391
57  48  0.00016965
58  48  0.00027267
59  48  0.00030679
60  48  0.00026714
61  48  0.00016824
62  48  0.00016535
63  48  0.00005558
0  49  0.00020778
1  49  0.00035380
2  49  0.00013407
3  49  0.00051496
4  49  0.00010827
5  49  0.00011524
6  49  0.00023217
7  49  0.00039957
8  49  0.00013745
9  49  0.00036606
10  49  0.00036900
11  49  0.00017367
12  49  0.00034603
13  49  0.00036727
14  49  0.00006318
15  49  0.00041135
16  49  0.00027659
17  49  0.00021577
18  49  0.00034819
19  49  0.00010761
20  49  0.00007760
21  49  0.00018430
22  49  0.00017749
23  49  0.00032333
24  49  0.00008766
25  49  0.00030440
26  49  0.00016313
27  49  0.00022231
28  49  0.00025708
29  49  0.00049610
30  49  0.00058573
31  49  0.00035183
32  49  0.00026744
33  49  0.00027095
34  49  0.00016848
35  49  0.00012315
36  49  0.00054373
37  49  0.00038752
38  49  0.00018802
39  49  0.00026317
40  49  0.00019653
41  49  0.00011551
42  49  0.00036017
43  49  0.00029543
44  49  0.00023431
45  49  0.00015434
46  49  0.00021996
47  49  0.00009136
48  49  0.00026054
49  49  0.00009723
50  49  0.00005331
51  49  0.00056290
52  49  0.00039039
53  49  0.00008920
54  49  0.00017577
55  49  0.00036237
56  49  0.00041598
57  49  0.00023761
58  49  0.00034233
59  49  0.00056498
60  49  0.00025370
61  49  0.00030362
62  49  0.00009375
63  49  0.00031313
0  50  0.00014978
1  50  0.00046931
2  50  0.00012972
3  50  0.00046040
4  50  0.00014458
5  50  0.00013196
6  50  0.00011130
7  50  0.00020983
8  50  0.00013996
9  50  0.00013970
10  50  0.00015236
11  50  0.00024564
12  50  0.00034606
13  50  0.00025585
14  50  0.00018366
15  50  0.00024712
16  50  0.00026306
17  50  0.00012976
18  50  0.00035996
19  50  0.00030445
20  50  0.00040315
21  50  0.00017115
22  50  0.00019356
23  50  0.00047835
24  50  0.00065755
25  50  0.00031321
26  50  0.00016600
27  50  0.00047486
28  50  0.00010995
29  50  0.00013319
30  50  0.00020074
31  50  0.00024579
32  50  0.00026762
33  50  0.00019341
34  50  0.00036072
35  50  0.00007481
36  50  0.00035938
37  50  0.00019217
38  50  0.00021873
39  50  0.00003925
40  50  0.00021550
41  50  0.00027181
42  50  0.00029677
43  50  0.00026230
44  50  0.00038321
45  50  0.00018657
46  50  0.00017150
47  50  0.00030049
48  50  0.00042679
49  50  0.00008226
50  50  0.00037157
51  50  0.00018448
52  50  0.00018749
53  50  0.00009888
54  50  0.00038867
55  50  0.00026244
56  50  0.00034408
57  50  0.00009986
58  50  0.00040479
59  50  0.00034172
60  50  0.00021623
61  50  0.00055829
62  50  0.00009942
63  50  0.00011090
0  51  0.00017860
1  51  0.00019023
2  51  0.00039911
3  51  0.00020464
4  51  0.00012078
5  51  0.00020607
6  51  0.00031267
7  51  0.00046867
8  51  0.00014324
9  51  0.00047908
10  51  0.00013775
11  51  0.00025532
12  51  0.00033429
13  51  0.00011349
14  51  0.00021483
15  51  0.00030388
16  51  0.00010832
17  51  0.00007538
18  51  0.00030110
19  51  0.00011026
20  51  0.00029638
21  51  0.00021882
22  51  0.00031892
23  51  0.00019684
24  51  0.00034809
25  51  0.00011516
26  51  0.00041961
27  51  0.00050913
28  51  0.00014134
29  51  0.00029354
30  51  0.00037907
31  51  0.00020547
32  51  0.00028611
33  51  0.00017886
34  51  0.00031912
35  51  0.00045164
36  51  0.00039264
37  51  0.00011521
38  51  0.00007545
39  51  0.00011618
40  51  0.00019743
41  51  0.00030940
42  51  0.00020955
43  51  0.00007003
44  51  0.00020967
45  51  0.00009290
46  51  0.00033164
47  51  0.00012696
48  51  0.00032947
49  51  0.00041232
50  51  0.00011186
51  51  0.00030952
52  51  0.00028516
53  51  0.00021893
54  51  0.00039208
55  51  0.00031325
56  51  0.00036834
57  51  0.00033867
58  51  0.00008257
59  51  0.00027869
60  51  0.00030371
61  51  0.00030394
62  51  0.00047406
63  51  0.00013181
0  52  0.00022768
1  52  0.00025894
2  52  0.00022322
3  52  0.00006926
4  52  0.00016587
5  52  0.00017469
6  52  0.00033671
7  52  0.00019433
8  52  0.00018081
9  52  0.00026343
10  52  0.00018461
11  52  0.00007216
12  52  0.00030473
13  52  0.00048866
14  52  0.00016392
15  52  0.00009097
16  52  0.00029627
17  52  0.00039800
18  52  0.00015012
19  52  0.00021532
20  52  0.00027276
21  52  0.00038436
22  52  0.00019746
23  52  0.00002217
24  52  0.00024872
25  52  0.00033480
26  52  0.00027757
27  52  0.00015204
28  52  0.00027689
29  52  0.00015831
30  52  0.00017422
31  52  0.00038879
32  52  0.00045272
33  52  0.00045221
34  52  0.00004531
35  52  0.00014246
36  52  0.00027490
37  52  0.00016412
38  52  0.00032522
39  52  0.00014842
40  52  0.00018472
41  52  0.00017371
42  52  0.00026957
43  52  0.00011143
44  52  0.00009001
45  52  0.00016759
46  52  0.00015003
47  52  0.00023494
48  52  0.00016106
49  52  0.00034493
50  52  0.00056854
51  52  0.00032227
52  52  0.00012344
53  52  0.00014399
54  52  0.00023655
55  52  0.00014486
56  52  0.00022489
57  52  0.00040224
58  52  0.00011682
59  52  0.00035185
60  52  0.00026904
61  52  0.00020549
62  52  0.00037807
63  52  0.00046967
0  53  0.00031606
1  53  0.00026616
2  53  0.00015804
3  53  0.00033671
4  53  0.00008043
5  53  0.00006652
6  53  0.00022924
7  53  0.00021441
8  53  0.00028487
9  53  0.00038312
10  53  0.00017294
11  53  0.00035985
12  53  0.00013966
13  53  0.00009563
14  53  0.00019187
15  53  0.00044191
16  53  0.00038397
17  53  0.00047004
18  53  0.00012166
19  53  0.00016225
20  53  0.00021398
21  53  0.00018307
22  53  0.00030119
23  53  0.00011026
24  53  0.00039179
25  53  0.00044269
26  53  0.00039517
27  53  0.00025283
28  53  0.00010471
29  53  0.00010595
30  53  0.00019596
31  53  0.00038363
32  53  0.00025656
33  53  0.00026110
34  53  0.00016569
35  53  0.00032817
36  53  0.00015596
37  53  0.00026363
38  53  0.00036093
39  53  0.00015977
40  53  0.00027461
41  53  0.00007701
42  53  0.00010217
43  53  0.00030649
44  53  0.00012466
45  53  0.00010475
46  53  0.00017773
47  53  0.00012900
48  53  0.00021598
49  53  0.00016175
50  53  0.00017254
51  53  0.00017520
52  53  0.00036756
53  53  0.00025872
54  53  0.00018607
55  53  0.00036161
56  53  0.00019213
57  53  0.00054073
58  53  0.00024147
59  53  0.00026832
60  53  0.00006628
61  53  0.00001637
62  53  0.00040056
63  53  0.00054379
0  54  0.00023006
1  54  0.00047376
2  54  0.00031843
3  54  0.00005341
4  54  0.00024364
5  54  0.00014224
6  54  0.00021850
7  54  0.00014060
8  54  0.00008575
9  54  0.00051119
10  54  0.00022790
11  54  0.00047853
12  54  0.00046897
13  54  0.00015780
14  54  0.00017145
15  54  0.00041083
16  54  0.00035995
17  54  0.00052752
18  54  0.00015004
19  54  0.00013492
20  54  0.00007899
21  54  0.00016110
22  54  0.00018503
23  54  0.00013438
24  54  0.00022391
25  54  0.00020253
26  54  0.00020462
27  54  0.00025451
28  54  0.00055746
29  54  0.00023126
30  54  0.00037504
31  54  0.00053763
32  54  0.00007190
33  54  0.00041473
34  54  0.00008819
35  54  0.00042412
36  54  0.00028807
37  54  0.00016116
38  54  0.00045451
39  54  0.00019860
40  54  0.00038379
41  54  0.00017147
42  54  0.00011215
43  54  0.00017616
44  54  0.00030396
45  54  0.00020318
46  54  0.00024875
47  54  0.00048632
48  54  0.00026996
49  54  0.00016439
50  54  0.00032217
51  54  0.00018449
52  54  0.00038696
53  54  0.00036702
54  54  0.00028821
55  54  0.00048009
56  54  0.00035227
57  54  0.00027822
58  54  0.00032914
59  54  0.00020881
60  54  0.00043616
61  54  0.00008094
62  54  0.00022891
63  54  0.00016802
0  55  0.00022442
1  55  0.00014914
2  55  0.00011120
3  55  0.00018612
4  55  0.00010645
5  55  0.00021182
6  55  0.00003726
7  55  0.00050646
8  55  0.00042429
9  55  0.00026182
10  55  0.00066287
11  55  0.00012389
12  55  0.00033964
13  55  0.00037465
14  55  0.00024612
15  55  0.00036040
16  55  0.00033648
17  55  0.00008531
18  55  0.00032461
19  55  0.00023321
20  55  0.00013886
21  55  0.00015734
22  55  0.00044634
23  55  0.00035854
24  55  0.00039666
25  55  0.00030796
26  55  0.00024402
27  55  0.00031584
28  55  0.00022279
29  55  0.00025927
30  55  0.00029863
31  55  0.00020883
32  55  0.00029931
33  55  0.00041050
34  55  0.00019527
35  55  0.00042081
36  55  0.00025300
37  55  0.00016053
38  55  0.00009230
39  55  0.00021950
40  55  0.00014934
41  55  0.00034303
42  55  0.00061189
43  55  0.00045327
44  55  0.00024310
45  55  0.00023404
46  55  0.00048136
47  55  0.00045588
48  55  0.00035772
49  55  0.00019642
50  55  0.00018606
51  55  0.00023247
52  55  0.00012811
53  55  0.00020598
54  55  0.00023175
55  55  0.00025417
56  55  0.00022480
57  55  0.00004061
58  55  0.00008823
59  55  0.00021382
60  55  0.00020775
61  55  0.00034891
62  55  0.00021552
63  55  0.00021217
0  56  0.00041731
1  56  0.00014337
2  56  0.00028866
3  56  0.00011371
4  56  0.00026462
5  56  0.00016838
6  56  0.00025635
7  56  0.00042148
8  56  0.00039348
9  56  0.00023847
10  56  0.00018160
11  56  0.00035858
12  56  0.00022075
13  56  0.00047296
14  56  0.00049123
15  56  0.00021081
16  56  0.00026103
17  56  0.00042130
18  56  0.00026291
19  56  0.00044696
20  56  0.00036540
21  56  0.00024626
22  56  0.00040178
23  56  0.00022966
24  56  0.00010193
25  56  0.00026696
26  56  0.00010842
27  56  0.00012687
28  56  0.00040636
29  56  0.00018691
30  56  0.00031337
31  56  0.00032453
32  56  0.00015284
33  56  0.00034049
34  56  0.00020503
35  56  0.00044374
36  56  0.00036896
37  56  0.00025691
38  56  0.00015959
39  56  0.00030185
40  56  0.00057926
41  56  0.00009991
42  56  0.00017123
43  56  0.00017804
44  56  0.00038137
45  56  0.00018335
46  56  0.00036270
47  56  0.00014218
48  56  0.00038890
49  56  0.00020187
50  56  0.00019178
51  56  0.00072165
52  56  0.00019735
53  56  0.00017983
54  56  0.00009192
55  56  0.00036602
56  56  0.00013347
57  56  0.00024042
58  56  0.00019649
59  56  0.00029319
60  56  0.00033103
61  56  0.00020190
62  56  0.00053638
63  56  0.00018599
0  57  0.00024083
1  57  0.00010575
2  57  0.00013794
3  57  0.00008116
4  57  0.00026854
5  57  0.00037788
6  57  0.00015195
7  57  0.00011589
8  57  0.00032874
9  57  0.00024800
10  57  0.00029595
11  57  0.00032700
12  57  0.00046628
13  57  0.00022931
14  57  0.00021769
15  57  0.00027532
16  57  0.00039701
17  57  0.00033284
18  57  0.00009445
19  57  0.00020728
20  57  0.00005918
21  57  0.00017935
22  57  0.00037332
23  57  0.00010722
24  57  0.00023491
25  57  0.00037678
26  57  0.00018376
27  57  0.00015212
28  57  0.00041750
29  57  0.00040929
30  57  0.00015701
31  57  0.00016434
32  57  0.00056296
33  57  0.00046641
34  57  0.00067571
35  57  0.00016816
36  57  0.00038455
37  57  0.00050436
38  57  0.00010325
39  57  0.00009798
40  57  0.00007769
41  57  0.00030734
42  57  0.00005746
43  57  0.00015474
44  57  0.00050238
45  57  0.00012891
46  57  0.00038274
47  57  0.00014225
48  57  0.00008372
49  57  0.00024406
50  57  0.00013704
51  57  0.00015901
52  57  0.00019861
53  57  0.00008577
54  57  0.00031865
55  57  0.00038079
56  57  0.00024027
57  57  0.00044810
58  57  0.00012010
59  57  0.00020457
60  57  0.00029048
61  57  0.00015685
62  57  0.00016954
63  57  0.00028839
0  58  0.00031666
1  58  0.00019137
2  58  0.00020290
3  58  0.00008219
4  58  0.00032116
5  58  0.00012435
6  58  0.00021429
7  58  0.00022832
8  58  0.00027620
9  58  0.00015443
10  58  0.00026948
11  58  0.00008872
12  58  0.00008790
13  58  0.00038783
14  58  0.00016962
15  58  0.00022110
16  58  0.00033740
17  58  0.00012798
18  58  0.00024628
19  58  0.00037032
20  58  0.00024024
21  58  0.00012754
22  58  0.00014959
23  58  0.00022467
24  58  0.00024024
25  58  0.00021435
26  58  0.00013325
27  58  0.00029797
28  58  0.00011297
29  58  0.00007461
30  58  0.00043645
31  58  0.00041849
32  58  0.00013369
33  58  0.00013362
34  58  0.00011232
35  58  0.00005814
36  58  0.00034031
37  58  0.00013592
38  58  0.00074424
39  58  0.00022068
40  58  0.00010178
41  58  0.00027331
42  58  0.00017139
43  58  0.00021366
44  58  0.00028697
45  58  0.00014941
46  58  0.00038084
47  58  0.00032985
48  58  0.00020811
49  58  0.00026015
50  58  0.00027392
51  58  0.00015684
52  58  0.00013660
53  58  0.00010000
54  58  0.00030430
55  58  0.00021975
56  58  0.00044051
57  58  0.00039221
58  58  0.00037037
59  58  0.00010592
60  58  0.00011869
61  58  0.00033649
62  58  0.00015260
63  58  0.00024020
0  59  0.00023531
1  59  0.00011542
2  59  0.00007655
3  59  0.00032439
4  59  0.00009195
5  59  0.00025753
6  59  0.00013889
7  59  0.00040565
8  59  0.00026940
9  59  0.00005017
10  59  0.00026274
11  59  0.00019490
12  59  0.00027325
13  59  0.00038882
14  59  0.00026301
15  59  0.00012219
16  59  0.00043301
17  59  0.00037840
18  59  0.00017036
19  59  0.00017659
20  59  0.00008938
21  59  0.00013609
22  59  0.00016326
23  59  0.00015349
24  59  0.00017725
25  59  0.00011370
26  59  0.00029878
27  59  0.00009729
28  59  0.00025453
29  59  0.00063127
30  59  0.00045906
31  59  0.00025503
32  59  0.00032266
33  59  0.00045304
34  59  0.00013827
35  59  0.00015896
36  59  0.00019216
37  59  0.00018906
38  59  0.00042780
39  59  0.00027120
40  59  0.00030298
41  59  0.00013550
42  59  0.00017149
43  59  0.00018868
44  59  0.00020054
45  59  0.00019078
46  59  0.00011883
47  59  0.00011157
48  59  0.00043263
49  59  0.00025354
50  59  0.00025623
51  59  0.00013306
52  59  0.00030990
53  59  0.00010302
54  59  0.00038895
55  59  0.00015325
56  59  0.00016301
57  59  0.00007277
58  59  0.00027844
59  59  0.00026594
60  59  0.00068874
61  59  0.00011341
62  59  0.00035074
63  59  0.00014581
0  60  0.00029398
1  60  0.00028538
2  60  0.00012952
3  60  0.00020943
4  60  0.00013229
5  60  0.00034300
6  60  0.00049512
7  60  0.00010444
8  60  0.00032983
9  60  0.00018926
10  60  0.00041437
11  60  0.00019555
12  60  0.00023961
13  60  0.00012670
14  60  0.00013818
15  60  0.00011738
16  60  0.00019903
17  60  0.00030817
18  60  0.00035193
19  60  0.00025260
20  60  0.00019133
21  60  0.00023164
22  60  0.00013802
23  60  0.00029463
24  60  0.00026662
25  60  0.00009625
26  60  0.00016916
27  60  0.00047164
28  60  0.00009908
29  60  0.00030679
30  60  0.00017586
31  60  0.00025817
32  60  0.00015274
33  60  0.00033242
34  60  0.00027483
35  60  0.00044475
36  60  0.00018608
37  60  0.00014283
38  60  0.00059097
39  60  0.00012764
40  60  0.00011118
41  60  0.00023791
42  60  0.00037549
43  60  0.00017555
44  60  0.00029836
45  60  0.00026581
46  60  0.00009619
47  60  0.00020931
48  60  0.00027161
49  60  0.00024490
50  60  0.00006975
51  60  0.00026854
52  60  0.00030509
53  60  0.00043531
54  60  0.00043647
55  60  0.00028799
56  60  0.00031475
57  60  0.00019453
58  60  0.00015529
59  60  0.00014587
60  60  0.00018740
61  60  0.00022085
62  60  0.00043625
63  60  0.00033561
0  61  0.00014374
1  61  0.00018367
2  61  0.00006598
3  61  0.00006435
4  61  0.00019602
5  61  0.00020566
6  61  0.00029385
7  61  0.00011919
8  61  0.00004113
9  61  0.00045555
10  61  0.00010598
11  61  0.00037632
12  61  0.00024447
13  61  0.00016624
14  61  0.00045274
15  61  0.00036440
16  61  0.00007943
17  61  0.00015176
18  61  0.00024935
19  61  0.00019998
20  61  0.00044146
21  61  0.00042292
22  61  0.00019732
23  61  0.00036130
24  61  0.00044450
25  61  0.00032028
26  61  0.00022801
27  61  0.00013589
28  61  0.00023143
29  61  0.00023011
30  61  0.00017486
31  61  0.00016459
32  61  0.00020037
33  61  0.00056109
34  61  0.00016657
35  61  0.00018065
36  61  0.00013302
37  61  0.00035909
38  61  0.00013454
39  61  0.00018452
40  61  0.00018942
41  61  0.00013985
42  61  0.00017355
43  61  0.00018524
44  61  0.00009804
45  61  0.00009490
46  61  0.00028318
47  61  0.00015651
48  61  0.00024665
49  61  0.00016562
50  61  0.00020831
51  61  0.00016116
52  61  0.00020645
53  61  0.00023702
54  61  0.00028553
55  61  0.00022278
56  61  0.00023489
57  61  0.00020231
58  61  0.00020195
59  61  0.00009478
60  61  0.00014472
61  61  0.00005989
62  61  0.00024235
63  61  0.00012626
0  62  0.00043816
1  62  0.00035074
2  62  0.00032862
3  62  0.00019826
4  62  0.00032399
5  62  0.00021579
6  62  0.00019939
7  62  0.00019868
8  62  0.00021711
9  62  0.00026931
10  62  0.00037781
11  62  0.00013128
12  62  0.00017121
13  62  0.00016240
14  62  0.00021735
15  62  0.00033434
16  62  0.00011486
17  62  0.00038327
18  62  0.00034525
19  62  0.00041017
20  62  0.00025711
21  62  0.00020897
22  62  0.00017146
23  62  0.00013941
24  62  0.00024386
25  62  0.00038805
26  62  0.00019051
27  62  0.00036355
28  62  0.00037106
29  62  0.00020983
30  62  0.00047390
31  62  0.00009726
32  62  0.00020419
33  62  0.00005540
34  62  0.00031661
35  62  0.00016890
36  62  0.00034476
37  62  0.00020099
38  62  0.00042035
39  62  0.00009857
40  62  0.00023876
41  62  0.00035399
42  62  0.00019765
43  62  0.00009029
44  62  0.00021665
45  62  0.00033144
46  62  0.00031205
47  62  0.00017179
48  62  0.00024377
49  62  0.00010357
50  62  0.00031592
51  62  0.00029849
52  62  0.00005149
53  62  0.00013782
54  62  0.00030292
55  62  0.00031416
56  62  0.00017701
57  62  0.00015863
58  62  0.00036543
59  62  0.00055666
60  62  0.00010656
61  62  0.00024714
62  62  0.00017513
63  62  0.00015015
0  63  0.00020222
1  63  0.00014868
2  63  0.00017742
3  63  0.00020451
4  63  0.00027800
5  63  0.00015620
6  63  0.00030355
7  63  0.00011274
8  63  0.00012893
9  63  0.00011503
10  63  0.00019122
11  63  0.00013504
12  63  0.00006356
13  63  0.00030681
14  63  0.00030077
15  63  0.00014114
16  63  0.00024677
17  63  0.00068155
18  63  0.00012168
19  63  0.00016984
20  63  0.00012272
21  63  0.00025609
22  63  0.00051355
23  63  0.00021781
24  63  0.00038277
25  63  0.00022255
26  63  0.00021847
27  63  0.00033671
28  63  0.00056994
29  63  0.00018319
30  63  0.00016594
31  63  0.00048841
32  63  0.00008489
33  63  0.00055074
34  63  0.00017203
35  63  0.00019180
36  63  0.00031457
37  63  0.00029999
38  63  0.00021704
39  63  0.00077304
40  63  0.00022634
41  63  0.00024495
42  63  0.00015132
43  63  0.00010828
44  63  0.00048305
45  63  0.00015615
46  63  0.00035928
47  63  0.00038792
48  63  0.00061999
49  63  0.00008685
50  63  0.00024081
51  63  0.00027137
52  63  0.00009800
53  63  0.00034674
54  63  0.00014605
55  63  0.00037203
56  63  0.00031710
57  63  0.00022015
58  63  0.00016444
59  63  0.00053554
60  63  0.00022579
61  63  0.00012850
62  63  0.00020425
63  63  0.00013779
