# Spinor density |Psi|^2 at t = 50 seconds
# Grid: 64 x 64
# Columns: x  y  density
0  0  0.00031042
1  0  0.00021824
2  0  0.00030114
3  0  0.00014893
4  0  0.00014962
5  0  0.00025265
6  0  0.00025346
7  0  0.00014860
8  0  0.00018009
9  0  0.00035784
10  0  0.00036548
11  0  0.00050931
12  0  0.00010399
13  0  0.00014975
14  0  0.00041553
15  0  0.00016320
16  0  0.00025497
17  0  0.00018704
18  0  0.00013807
19  0  0.00021990
20  0  0.00020702
21  0  0.00017894
22  0  0.00016379
23  0  0.00033926
24  0  0.00009562
25  0  0.00014487
26  0  0.00031024
27  0  0.00033403
28  0  0.00015687
29  0  0.00025557
30  0  0.00012863
31  0  0.00036192
32  0  0.00007050
33  0  0.00034429
34  0  0.00024511
35  0  0.00037433
36  0  0.00019024
37  0  0.00015716
38  0  0.00038379
39  0  0.00022230
40  0  0.00022093
41  0  0.00018594
42  0  0.00030124
43  0  0.00041214
44  0  0.00036360
45  0  0.00042428
46  0  0.00024557
47  0  0.00024604
48  0  0.00027221
49  0  0.00025312
50  0  0.00012921
51  0  0.00024594
52  0  0.00018393
53  0  0.00015928
54  0  0.00020482
55  0  0.00039919
56  0  0.00045398
57  0  0.00032123
58  0  0.00062722
59  0  0.00031055
60  0  0.00013754
61  0  0.00030702
62  0  0.00028869
63  0  0.00030465
0  1  0.00008899
1  1  0.00006800
2  1  0.00038958
3  1  0.00017643
4  1  0.00029688
5  1  0.00021105
6  1  0.00016594
7  1  0.00049772
8  1  0.00010824
9  1  0.00016473
10  1  0.00023694
11  1  0.00009368
12  1  0.00009748
13  1  0.00017715
14  1  0.00024014
15  1  0.00028719
16  1  0.00015069
17  1  0.00038337
18  1  0.00032702
19  1  0.00007725
20  1  0.00015864
21  1  0.00019015
22  1  0.00017578
23  1  0.00039893
24  1  0.00018330
25  1  0.00079692
26  1  0.00017356
27  1  0.00011512
28  1  0.00035484
29  1  0.00037280
30  1  0.00056125
31  1  0.00036449
32  1  0.00057447
33  1  0.00014856
34  1  0.00035604
35  1  0.00043114
36  1  0.00011157
37  1  0.00020903
38  1  0.00024513
39  1  0.00021449
40  1  0.00063416
41  1  0.00010957
42  1  0.00024840
43  1  0.00057937
44  1  0.00009771
45  1  0.00028592
46  1  0.00028789
47  1  0.00019199
48  1  0.00026970
49  1  0.00032550
50  1  0.00034279
51  1  0.00018135
52  1  0.00016757
53  1  0.00015809
54  1  0.00011979
55  1  0.00008752
56  1  0.00038835
57  1  0.00011452
58  1  0.00010037
59  1  0.00032979
60  1  0.00023407
61  1  0.00021800
62  1  0.00022731
63  1  0.00033831
0  2  0.00033980
1  2  0.00010105
2  2  0.00048154
3  2  0.00017840
4  2  0.00012300
5  2  0.00031645
6  2  0.00008031
7  2  0.00020156
8  2  0.00010415
9  2  0.00022802
10  2  0.00018670
11  2  0.00003480
12  2  0.00008802
13  2  0.00032196
14  2  0.00025666
15  2  0.00027344
16  2  0.00007706
17  2  0.00026629
18  2  0.00029123
19  2  0.00004867
20  2  0.00021108
21  2  0.00017444
22  2  0.00044090
23  2  0.00007190
24  2  0.00025037
25  2  0.00040685
26  2  0.00008342
27  2  0.00016063
28  2  0.00047320
29  2  0.00029034
30  2  0.00043799
31  2  0.00012292
32  2  0.00027755
33  2  0.00010568
34  2  0.00024126
35  2  0.00037800
36  2  0.00016703
37  2  0.00010839
38  2  0.00020833
39  2  0.00031424
40  2  0.00013349
41  2  0.00011211
42  2  0.00023335
43  2  0.00015586
44  2  0.00021048
45  2  0.00032578
46  2  0.00013555
47  2  0.00047297
48  2  0.00021521
49  2  0.00003424
50  2  0.00020418
51  2  0.00044670
52  2  0.00021274
53  2  0.00039542
54  2  0.00011828
55  2  0.00017147
56  2  0.00016903
57  2  0.00023776
58  2  0.00034847
59  2  0.00017602
60  2  0.00029719
61  2  0.00022153
62  2  0.00040381
63  2  0.00041700
0  3  0.00016892
1  3  0.00016567
2  3  0.00017800
3  3  0.00013394
4  3  0.00029277
5  3  0.00023302
6  3  0.00035677
7  3  0.00021720
8  3  0.00030693
9  3  0.00028281
10  3  0.00014873
11  3  0.00056097
12  3  0.00025598
13  3  0.00014522
14  3  0.00007253
15  3  0.00032697
16  3  0.00012816
17  3  0.00013132
18  3  0.00021257
19  3  0.00020977
20  3  0.00033168
21  3  0.00050245
22  3  0.00022233
23  3  0.00024932
24  3  0.00009694
25  3  0.00022665
26  3  0.00010480
27  3  0.00014128
28  3  0.00009230
29  3  0.00021584
30  3  0.00017384
31  3  0.00019865
32  3  0.00008338
33  3  0.00019128
34  3  0.00021031
35  3  0.00006005
36  3  0.00020204
37  3  0.00011773
38  3  0.00007068
39  3  0.00045654
40  3  0.00016980
41  3  0.00015434
42  3  0.00021180
43  3  0.00023980
44  3  0.00017825
45  3  0.00008915
46  3  0.00024023
47  3  0.00011038
48  3  0.00028326
49  3  0.00021776
50  3  0.00011626
51  3  0.00030810
52  3  0.00035363
53  3  0.00035147
54  3  0.00027202
55  3  0.00024418
56  3  0.00019550
57  3  0.00037260
58  3  0.00016441
59  3  0.00026918
60  3  0.00045843
61  3  0.00016114
62  3  0.00053147
63  3  0.00010896
0  4  0.00006587
1  4  0.00014992
2  4  0.00021827
3  4  0.00014859
4  4  0.00015343
5  4  0.00038195
6  4  0.00025217
7  4  0.00026660
8  4  0.00015011
9  4  0.00011137
10  4  0.00018380
11  4  0.00006817
12  4  0.00019526
13  4  0.00036883
14  4  0.00039400
15  4  0.00031638
16  4  0.00009998
17  4  0.00006787
18  4  0.00044696
19  4  0.00027078
20  4  0.00029280
21  4  0.00028786
22  4  0.00010557
23  4  0.00034232
24  4  0.00020638
25  4  0.00013671
26  4  0.00024290
27  4  0.00011893
28  4  0.00046903
29  4  0.00020790
30  4  0.00037732
31  4  0.00013739
32  4  0.00012256
33  4  0.00014077
34  4  0.00044526
35  4  0.00015597
36  4  0.00014306
37  4  0.00055184
38  4  0.00039410
39  4  0.00013585
40  4  0.00023201
41  4  0.00046969
42  4  0.00057152
43  4  0.00011092
44  4  0.00011632
45  4  0.00010779
46  4  0.00018321
47  4  0.00040916
48  4  0.00019689
49  4  0.00010789
50  4  0.00009226
51  4  0.00020907
52  4  0.00032770
53  4  0.00041778
54  4  0.00021485
55  4  0.00022347
56  4  0.00036626
57  4  0.00016181
58  4  0.00015257
59  4  0.00012368
60  4  0.00057812
61  4  0.00013999
62  4  0.00036051
63  4  0.00026237
0  5  0.00006388
1  5  0.00012222
2  5  0.00067969
3  5  0.00007925
4  5  0.00023326
5  5  0.00012613
6  5  0.00016653
7  5  0.00023373
8  5  0.00024382
9  5  0.00048415
10  5  0.00020766
11  5  0.00023941
12  5  0.00017772
13  5  0.00036547
14  5  0.00033454
15  5  0.00037034
16  5  0.00056456
17  5  0.00025194
18  5  0.00022628
19  5  0.00021990
20  5  0.00017015
21  5  0.00014681
22  5  0.00028735
23  5  0.00013400
24  5  0.00027414
25  5  0.00023266
26  5  0.00012494
27  5  0.00048661
28  5  0.00013610
29  5  0.00040320
30  5  0.00026917
31  5  0.00031623
32  5  0.00046108
33  5  0.00010608
34  5  0.00024236
35  5  0.00053221
36  5  0.00014514
37  5  0.00006099
38  5  0.00022028
39  5  0.00027551
40  5  0.00024223
41  5  0.00039582
42  5  0.00049540
43  5  0.00005652
44  5  0.00030559
45  5  0.00012109
46  5  0.00035787
47  5  0.00041118
48  5  0.00006063
49  5  0.00028378
50  5  0.00018004
51  5  0.00018478
52  5  0.00011953
53  5  0.00008357
54  5  0.00021849
55  5  0.00030996
56  5  0.00043233
57  5  0.00015673
58  5  0.00035311
59  5  0.00033601
60  5  0.00004625
61  5  0.00014308
62  5  0.00017483
63  5  0.00023980
0  6  0.00037368
1  6  0.00013780
2  6  0.00016740
3  6  0.00017797
4  6  0.00047971
5  6  0.00012708
6  6  0.00010518
7  6  0.00010591
8  6  0.00061027
9  6  0.00011397
10  6  0.00015577
11  6  0.00014678
12  6  0.00021485
13  6  0.00031108
14  6  0.00043961
15  6  0.00023686
16  6  0.00015647
17  6  0.00033616
18  6  0.00016852
19  6  0.00067581
20  6  0.00042137
21  6  0.00015654
22  6  0.00021562
23  6  0.00036628
24  6  0.00028154
25  6  0.00036061
26  6  0.00017033
27  6  0.00015656
28  6  0.00022912
29  6  0.00012705
30  6  0.00031216
31  6  0.00020613
32  6  0.00025756
33  6  0.00011413
34  6  0.00013867
35  6  0.00018712
36  6  0.00018928
37  6  0.00031049
38  6  0.00041323
39  6  0.00020941
40  6  0.00027228
41  6  0.00020817
42  6  0.00022754
43  6  0.00026491
44  6  0.00035762
45  6  0.00042226
46  6  0.00005721
47  6  0.00030808
48  6  0.00033947
49  6  0.00024644
50  6  0.00024125
51  6  0.00033570
52  6  0.00040383
53  6  0.00031255
54  6  0.00015417
55  6  0.00018201
56  6  0.00017434
57  6  0.00029036
58  6  0.00019909
59  6  0.00035335
60  6  0.00022778
61  6  0.00023539
62  6  0.00025390
63  6  0.00022128
0  7  0.00016486
1  7  0.00029314
2  7  0.00015290
3  7  0.00019158
4  7  0.00022490
5  7  0.00023836
6  7  0.00009652
7  7  0.00010204
8  7  0.00016350
9  7  0.00019697
10  7  0.00017861
11  7  0.00036423
12  7  0.00023364
13  7  0.00026637
14  7  0.00026818
15  7  0.00018010
16  7  0.00026779
17  7  0.00047183
18  7  0.00049530
19  7  0.00009748
20  7  0.00011927
21  7  0.00027826
22  7  0.00025589
23  7  0.00035977
24  7  0.00014240
25  7  0.00033835
26  7  0.00051904
27  7  0.00020526
28  7  0.00017808
29  7  0.00012110
30  7  0.00034303
31  7  0.00044584
32  7  0.00030898
33  7  0.00030961
34  7  0.00027755
35  7  0.00017457
36  7  0.00029022
37  7  0.00039006
38  7  0.00019723
39  7  0.00022784
40  7  0.00024664
41  7  0.00018722
42  7  0.00026929
43  7  0.00016134
44  7  0.00035756
45  7  0.00014608
46  7  0.00030905
47  7  0.00026489
48  7  0.00059040
49  7  0.00020932
50  7  0.00020112
51  7  0.00023010
52  7  0.00016108
53  7  0.00029699
54  7  0.00016163
55  7  0.00014044
56  7  0.00033837
57  7  0.00063194
58  7  0.00019210
59  7  0.00014202
60  7  0.00011071
61  7  0.00040344
62  7  0.00019403
63  7  0.00033197
0  8  0.00020631
1  8  0.00011562
2  8  0.00011234
3  8  0.00020102
4  8  0.00015127
5  8  0.00036891
6  8  0.00011519
7  8  0.00005209
8  8  0.00014487
9  8  0.00018995
10  8  0.00040217
11  8  0.00017543
12  8  0.00007747
13  8  0.00024813
14  8  0.00025645
15  8  0.00018455
16  8  0.00018276
17  8  0.00023589
18  8  0.00027552
19  8  0.00022392
20  8  0.00025967
21  8  0.00017136
22  8  0.00013542
23  8  0.00020354
24  8  0.00032978
25  8  0.00069769
26  8  0.00008364
27  8  0.00014107
28  8  0.00029592
29  8  0.00014678
30  8  0.00023710
31  8  0.00016300
32  8  0.00020735
33  8  0.00010722
34  8  0.00036121
35  8  0.00029886
36  8  0.00023762
37  8  0.00011616
38  8  0.00008543
39  8  0.00036187
40  8  0.00028755
41  8  0.00020019
42  8  0.00017283
43  8  0.00015498
44  8  0.00019649
45  8  0.00024492
46  8  0.00023899
47  8  0.00029764
48  8  0.00056178
49  8  0.00010714
50  8  0.00020276
51  8  0.00013690
52  8  0.00035299
53  8  0.00024325
54  8  0.00026537
55  8  0.00034551
56  8  0.00016501
57  8  0.00007937
58  8  0.00015608
59  8  0.00020070
60  8  0.00044785
61  8  0.00026198
62  8  0.00035706
63  8  0.00009526
0  9  0.00014706
1  9  0.00039242
2  9  0.00041329
3  9  0.00005602
4  9  0.00030644
5  9  0.00027572
6  9  0.00046912
7  9  0.00023923
8  9  0.00038658
9  9  0.00014368
10  9  0.00017407
11  9  0.00038104
12  9  0.00017057
13  9  0.00023789
14  9  0.00051478
15  9  0.00023884
16  9  0.00024183
17  9  0.00033304
18  9  0.00048837
19  9  0.00030578
20  9  0.00029525
21  9  0.00052714
22  9  0.00019289
23  9  0.00023671
24  9  0.00033820
25  9  0.00038576
26  9  0.00017675
27  9  0.00017783
28  9  0.00043081
29  9  0.00012018
30  9  0.00031012
31  9  0.00031598
32  9  0.00040710
33  9  0.00017899
34  9  0.00018065
35  9  0.00017638
36  9  0.00006199
37  9  0.00024210
38  9  0.00030656
39  9  0.00030749
40  9  0.00014461
41  9  0.00029853
42  9  0.00050451
43  9  0.00019925
44  9  0.00023380
45  9  0.00012805
46  9  0.00028584
47  9  0.00013742
48  9  0.00018528
49  9  0.00011395
50  9  0.00024728
51  9  0.00020055
52  9  0.00029380
53  9  0.00027186
54  9  0.00036803
55  9  0.00024165
56  9  0.00036849
57  9  0.00017634
58  9  0.00018027
59  9  0.00015039
60  9  0.00026971
61  9  0.00012061
62  9  0.00022366
63  9  0.00022616
0  10  0.00011616
1  10  0.00018518
2  10  0.00032718
3  10  0.00059358
4  10  0.00022644
5  10  0.00016396
6  10  0.00054635
7  10  0.00015738
8  10  0.00021523
9  10  0.00035072
10  10  0.00013949
11  10  0.00011527
12  10  0.00012458
13  10  0.00015996
14  10  0.00014050
15  10  0.00014994
16  10  0.00019539
17  10  0.00018966
18  10  0.00029188
19  10  0.00021304
20  10  0.00043024
21  10  0.00054480
22  10  0.00020097
23  10  0.00015820
24  10  0.00015410
25  10  0.00050215
26  10  0.00068087
27  10  0.00027889
28  10  0.00010674
29  10  0.00028097
30  10  0.00023827
31  10  0.00054032
32  10  0.00036846
33  10  0.00048528
34  10  0.00067429
35  10  0.00024452
36  10  0.00007567
37  10  0.00017095
38  10  0.00019163
39  10  0.00023440
40  10  0.00020972
41  10  0.00017022
42  10  0.00022541
43  10  0.00033760
44  10  0.00007374
45  10  0.00007009
46  10  0.00054182
47  10  0.00037205
48  10  0.00012695
49  10  0.00007070
50  10  0.00019071
51  10  0.00004606
52  10  0.00023820
53  10  0.00045673
54  10  0.00022659
55  10  0.00049984
56  10  0.00012790
57  10  0.00021078
58  10  0.00009520
59  10  0.00013477
60  10  0.00021955
61  10  0.00019796
62  10  0.00013029
63  10  0.00014338
0  11  0.00005792
1  11  0.00034365
2  11  0.00041771
3  11  0.00033647
4  11  0.00023354
5  11  0.00035330
6  11  0.00014260
7  11  0.00008778
8  11  0.00022640
9  11  0.00018576
10  11  0.00012805
11  11  0.00037363
12  11  0.00013415
13  11  0.00026151
14  11  0.00009262
15  11  0.00015158
16  11  0.00014653
17  11  0.00022857
18  11  0.00018879
19  11  0.00032616
20  11  0.00022695
21  11  0.00041544
22  11  0.00017157
23  11  0.00013530
24  11  0.00006116
25  11  0.00006648
26  11  0.00026016
27  11  0.00047620
28  11  0.00011434
29  11  0.00028086
30  11  0.00017971
31  11  0.00038334
32  11  0.00025014
33  11  0.00021469
34  11  0.00024903
35  11  0.00011960
36  11  0.00039438
37  11  0.00010244
38  11  0.00034305
39  11  0.00013928
40  11  0.00009466
41  11  0.00018367
42  11  0.00004052
43  11  0.00032313
44  11  0.00041913
45  11  0.00009233
46  11  0.00036092
47  11  0.00035044
48  11  0.00046173
49  11  0.00015683
50  11  0.00018712
51  11  0.00036202
52  11  0.00016654
53  11  0.00027722
54  11  0.00030531
55  11  0.00024906
56  11  0.00053856
57  11  0.00024289
58  11  0.00030842
59  11  0.00036506
60  11  0.00016117
61  11  0.00020807
62  11  0.00027994
63  11  0.00022338
0  12  0.00013049
1  12  0.00013668
2  12  0.00012838
3  12  0.00003291
4  12  0.00012449
5  12  0.00020691
6  12  0.00005579
7  12  0.00003262
8  12  0.00042505
9  12  0.00050503
10  12  0.00049190
11  12  0.00014538
12  12  0.00040421
13  12  0.00023439
14  12  0.00020219
15  12  0.00017351
16  12  0.00025846
17  12  0.00030042
18  12  0.00044173
19  12  0.00010484
20  12  0.00019446
21  12  0.00015017
22  12  0.00028133
23  12  0.00010281
24  12  0.00008458
25  12  0.00012258
26  12  0.00008212
27  12  0.00024872
28  12  0.00035371
29  12  0.00027680
30  12  0.00024141
31  12  0.00040965
32  12  0.00032361
33  12  0.00035168
34  12  0.00042356
35  12  0.00013756
36  12  0.00020310
37  12  0.00023538
38  12  0.00036887
39  12  0.00023517
40  12  0.00024465
41  12  0.00027727
42  12  0.00044085
43  12  0.00032266
44  12  0.00022353
45  12  0.00016054
46  12  0.00027808
47  12  0.00017595
48  12  0.00013028
49  12  0.00020766
50  12  0.00042521
51  12  0.00024536
52  12  0.00014013
53  12  0.00013138
54  12  0.00024183
55  12  0.00038660
56  12  0.00030478
57  12  0.00011891
58  12  0.00032665
59  12  0.00033789
60  12  0.00034726
61  12  0.00011776
62  12  0.00022390
63  12  0.00053187
0  13  0.00032815
1  13  0.00011486
2  13  0.00019815
3  13  0.00017160
4  13  0.00015113
5  13  0.00015157
6  13  0.00008817
7  13  0.00011467
8  13  0.00020680
9  13  0.00039210
10  13  0.00035174
11  13  0.00011161
12  13  0.00014683
13  13  0.00029853
14  13  0.00017916
15  13  0.00031815
16  13  0.00032757
17  13  0.00029618
18  13  0.00017747
19  13  0.00047507
20  13  0.00040928
21  13  0.00030821
22  13  0.00027843
23  13  0.00023947
24  13  0.00015936
25  13  0.00024090
26  13  0.00022322
27  13  0.00027959
28  13  0.00024139
29  13  0.00018293
30  13  0.00015006
31  13  0.00029008
32  13  0.00024380
33  13  0.00021943
34  13  0.00015013
35  13  0.00079338
36  13  0.00003770
37  13  0.00027378
38  13  0.00006036
39  13  0.00011710
40  13  0.00022497
41  13  0.00016339
42  13  0.00014508
43  13  0.00028491
44  13  0.00011187
45  13  0.00023634
46  13  0.00040220
47  13  0.00020768
48  13  0.00029363
49  13  0.00028726
50  13  0.00040094
51  13  0.00006779
52  13  0.00040548
53  13  0.00031294
54  13  0.00022136
55  13  0.00037742
56  13  0.00012903
57  13  0.00026437
58  13  0.00033638
59  13  0.00033908
60  13  0.00035263
61  13  0.00017673
62  13  0.00024695
63  13  0.00004627
0  14  0.00028702
1  14  0.00034362
2  14  0.00014436
3  14  0.00017187
4  14  0.00050168
5  14  0.00022111
6  14  0.00018167
7  14  0.00030002
8  14  0.00019153
9  14  0.00014340
10  14  0.00013835
11  14  0.00016394
12  14  0.00018308
13  14  0.00015596
14  14  0.00030456
15  14  0.00024596
16  14  0.00017772
17  14  0.00015083
18  14  0.00026583
19  14  0.00009567
20  14  0.00043501
21  14  0.00012606
22  14  0.00015228
23  14  0.00058055
24  14  0.00021567
25  14  0.00009581
26  14  0.00031195
27  14  0.00014739
28  14  0.00037570
29  14  0.00029519
30  14  0.00006467
31  14  0.00018474
32  14  0.00012420
33  14  0.00020684
34  14  0.00026130
35  14  0.00061202
36  14  0.00023462
37  14  0.00018766
38  14  0.00014679
39  14  0.00015771
40  14  0.00019955
41  14  0.00044380
42  14  0.00023222
43  14  0.00034372
44  14  0.00036141
45  14  0.00025862
46  14  0.00026257
47  14  0.00014476
48  14  0.00033446
49  14  0.00019759
50  14  0.00007860
51  14  0.00013150
52  14  0.00021903
53  14  0.00011181
54  14  0.00019905
55  14  0.00040940
56  14  0.00032562
57  14  0.00012492
58  14  0.00013027
59  14  0.00008505
60  14  0.00019904
61  14  0.00004772
62  14  0.00017179
63  14  0.00039100
0  15  0.00014888
1  15  0.00025273
2  15  0.00006320
3  15  0.00030818
4  15  0.00015673
5  15  0.00036201
6  15  0.00028769
7  15  0.00035690
8  15  0.00028435
9  15  0.00016002
10  15  0.00031355
11  15  0.00016855
12  15  0.00022427
13  15  0.00015192
14  15  0.00046748
15  15  0.00012894
16  15  0.00049514
17  15  0.00027718
18  15  0.00020962
19  15  0.00012388
20  15  0.00024036
21  15  0.00015333
22  15  0.00027471
23  15  0.00023767
24  15  0.00035334
25  15  0.00018440
26  15  0.00017057
27  15  0.00034718
28  15  0.00030963
29  15  0.00044505
30  15  0.00027545
31  15  0.00019275
32  15  0.00012589
33  15  0.00014981
34  15  0.00013015
35  15  0.00029113
36  15  0.00009776
37  15  0.00014339
38  15  0.00029560
39  15  0.00012776
40  15  0.00014781
41  15  0.00008754
42  15  0.00014014
43  15  0.00027273
44  15  0.00029492
45  15  0.00097068
46  15  0.00055218
47  15  0.00010906
48  15  0.00007568
49  15  0.00011900
50  15  0.00009444
51  15  0.00006420
52  15  0.00025562
53  15  0.00016297
54  15  0.00022240
55  15  0.00037461
56  15  0.00019502
57  15  0.00034050
58  15  0.00019688
59  15  0.00021446
60  15  0.00018070
61  15  0.00030272
62  15  0.00029856
63  15  0.00004845
0  16  0.00022421
1  16  0.00019328
2  16  0.00017259
3  16  0.00018681
4  16  0.00032156
5  16  0.00011418
6  16  0.00028776
7  16  0.00012273
8  16  0.00012558
9  16  0.00027319
10  16  0.00028608
11  16  0.00024307
12  16  0.00036910
13  16  0.00007932
14  16  0.00018312
15  16  0.00023994
16  16  0.00014216
17  16  0.00024803
18  16  0.00017331
19  16  0.00036901
20  16  0.00021742
21  16  0.00024939
22  16  0.00031608
23  16  0.00026238
24  16  0.00008616
25  16  0.00017271
26  16  0.00018030
27  16  0.00009746
28  16  0.00016360
29  16  0.00020715
30  16  0.00029686
31  16  0.00016475
32  16  0.00029115
33  16  0.00012544
34  16  0.00021725
35  16  0.00017391
36  16  0.00032013
37  16  0.00021567
38  16  0.00022096
39  16  0.00024595
40  16  0.00036115
41  16  0.00012817
42  16  0.00027899
43  16  0.00022686
44  16  0.00056290
45  16  0.00035517
46  16  0.00012892
47  16  0.00030965
48  16  0.00027583
49  16  0.00033589
50  16  0.00020097
51  16  0.00017731
52  16  0.00030435
53  16  0.00031742
54  16  0.00019561
55  16  0.00023573
56  16  0.00006874
57  16  0.00010550
58  16  0.00041379
59  16  0.00012902
60  16  0.00014467
61  16  0.00019157
62  16  0.00014208
63  16  0.00052816
0  17  0.00014706
1  17  0.00024416
2  17  0.00009865
3  17  0.00026981
4  17  0.00030290
5  17  0.00011871
6  17  0.00038544
7  17  0.00019768
8  17  0.00012574
9  17  0.00031140
10  17  0.00028993
11  17  0.00019798
12  17  0.00023829
13  17  0.00011020
14  17  0.00036113
15  17  0.00011230
16  17  0.00017218
17  17  0.00033556
18  17  0.00006222
19  17  0.00023895
20  17  0.00012946
21  17  0.00013956
22  17  0.00035146
23  17  0.00007592
24  17  0.00033098
25  17  0.00030493
26  17  0.00027426
27  17  0.00036276
28  17  0.00019133
29  17  0.00025824
30  17  0.00017746
31  17  0.00036977
32  17  0.00033212
33  17  0.00007035
34  17  0.00037542
35  17  0.00030094
36  17  0.00018136
37  17  0.00011421
38  17  0.00011660
39  17  0.00026894
40  17  0.00013403
41  17  0.00022601
42  17  0.00028344
43  17  0.00024689
44  17  0.00017524
45  17  0.00042887
46  17  0.00030082
47  17  0.00010821
48  17  0.00024602
49  17  0.00037174
50  17  0.00038492
51  17  0.00005650
52  17  0.00021978
53  17  0.00058196
54  17  0.00012257
55  17  0.00032307
56  17  0.00014358
57  17  0.00019144
58  17  0.00012072
59  17  0.00019856
60  17  0.00029818
61  17  0.00019457
62  17  0.00029236
63  17  0.00022537
0  18  0.00046387
1  18  0.00037749
2  18  0.00012386
3  18  0.00018533
4  18  0.00022801
5  18  0.00049338
6  18  0.00017288
7  18  0.00015388
8  18  0.00019095
9  18  0.00027631
10  18  0.00034934
11  18  0.00026434
12  18  0.00007289
13  18  0.00010125
14  18  0.00022278
15  18  0.00023087
16  18  0.00011527
17  18  0.00012575
18  18  0.00020730
19  18  0.00010854
20  18  0.00007124
21  18  0.00040223
22  18  0.00028016
23  18  0.00016762
24  18  0.00014563
25  18  0.00012582
26  18  0.00020264
27  18  0.00024309
28  18  0.00047866
29  18  0.00010827
30  18  0.00020994
31  18  0.00009794
32  18  0.00039309
33  18  0.00043951
34  18  0.00020362
35  18  0.00020883
36  18  0.00013625
37  18  0.00016208
38  18  0.00026681
39  18  0.00010186
40  18  0.00012296
41  18  0.00015158
42  18  0.00013224
43  18  0.00027385
44  18  0.00011719
45  18  0.00017565
46  18  0.00025079
47  18  0.00013695
48  18  0.00015353
49  18  0.00010846
50  18  0.00022548
51  18  0.00023047
52  18  0.00018704
53  18  0.00007444
54  18  0.00013715
55  18  0.00039809
56  18  0.00043037
57  18  0.00012313
58  18  0.00025298
59  18  0.00010506
60  18  0.00018214
61  18  0.00054377
62  18  0.00021876
63  18  0.00021108
0  19  0.00045987
1  19  0.00046386
2  19  0.00020680
3  19  0.00019083
4  19  0.00022639
5  19  0.00024264
6  19  0.00029931
7  19  0.00022537
8  19  0.00023042
9  19  0.00023343
10  19  0.00029747
11  19  0.00068854
12  19  0.00009433
13  19  0.00020057
14  19  0.00011061
15  19  0.00025739
16  19  0.00024470
17  19  0.00015858
18  19  0.00013747
19  19  0.00010411
20  19  0.00069587
21  19  0.00026681
22  19  0.00010406
23  19  0.00016326
24  19  0.00023277
25  19  0.00019171
26  19  0.00039833
27  19  0.00037272
28  19  0.00029004
29  19  0.00010494
30  19  0.00018126
31  19  0.00025387
32  19  0.00012488
33  19  0.00040390
34  19  0.00017622
35  19  0.00011892
36  19  0.00013807
37  19  0.00002618
38  19  0.00037516
39  19  0.00010659
40  19  0.00024780
41  19  0.00049085
42  19  0.00041640
43  19  0.00005953
44  19  0.00022100
45  19  0.00038182
46  19  0.00035836
47  19  0.00037180
48  19  0.00018518
49  19  0.00024782
50  19  0.00013868
51  19  0.00016165
52  19  0.00017229
53  19  0.00008326
54  19  0.00010548
55  19  0.00008642
56  19  0.00011500
57  19  0.00020387
58  19  0.00049441
59  19  0.00027727
60  19  0.00029598
61  19  0.00023278
62  19  0.00014565
63  19  0.00006322
0  20  0.00016692
1  20  0.00040409
2  20  0.00012334
3  20  0.00031817
4  20  0.00024219
5  20  0.00036336
6  20  0.00016035
7  20  0.00047251
8  20  0.00024782
9  20  0.00016841
10  20  0.00034681
11  20  0.00027167
12  20  0.00019328
13  20  0.00012773
14  20  0.00043304
15  20  0.00031282
16  20  0.00020920
17  20  0.00004392
18  20  0.00045439
19  20  0.00016085
20  20  0.00015351
21  20  0.00019140
22  20  0.00024925
23  20  0.00033809
24  20  0.00036999
25  20  0.00045090
26  20  0.00018561
27  20  0.00029961
28  20  0.00017532
29  20  0.00026166
30  20  0.00041018
31  20  0.00020167
32  20  0.00043299
33  20  0.00051679
34  20  0.00039471
35  20  0.00014402
36  20  0.00040242
37  20  0.00025091
38  20  0.00015032
39  20  0.00021241
40  20  0.00027052
41  20  0.00022212
42  20  0.00021919
43  20  0.00038377
44  20  0.00022750
45  20  0.00040456
46  20  0.00023183
47  20  0.00021080
48  20  0.00039717
49  20  0.00026304
50  20  0.00012664
51  20  0.00014519
52  20  0.00055444
53  20  0.00023183
54  20  0.00021569
55  20  0.00036062
56  20  0.00016614
57  20  0.00017154
58  20  0.00012488
59  20  0.00054119
60  20  0.00015345
61  20  0.00016598
62  20  0.00011674
63  20  0.00056803
0  21  0.00032523
1  21  0.00012787
2  21  0.00005654
3  21  0.00028202
4  21  0.00019224
5  21  0.00016677
6  21  0.00020759
7  21  0.00024428
8  21  0.00021024
9  21  0.00023914
10  21  0.00030720
11  21  0.00016790
12  21  0.00015243
13  21  0.00013160
14  21  0.00018153
15  21  0.00026023
16  21  0.00020194
17  21  0.00015023
18  21  0.00022115
19  21  0.00021097
20  21  0.00038859
21  21  0.00036457
22  21  0.00019003
23  21  0.00025545
24  21  0.00012015
25  21  0.00025286
26  21  0.00018833
27  21  0.00029753
28  21  0.00034907
29  21  0.00031435
30  21  0.00013331
31  21  0.00028799
32  21  0.00023989
33  21  0.00010736
34  21  0.00009984
35  21  0.00027711
36  21  0.00038506
37  21  0.00014342
38  21  0.00030249
39  21  0.00014899
40  21  0.00014339
41  21  0.00009419
42  21  0.00012820
43  21  0.00029060
44  21  0.00022927
45  21  0.00027851
46  21  0.00021782
47  21  0.00023070
48  21  0.00022750
49  21  0.00031566
50  21  0.00023809
51  21  0.00015433
52  21  0.00026817
53  21  0.00035232
54  21  0.00027299
55  21  0.00011778
56  21  0.00049192
57  21  0.00030921
58  21  0.00029741
59  21  0.00022532
60  21  0.00013845
61  21  0.00028376
62  21  0.00027725
63  21  0.00011510
0  22  0.00025756
1  22  0.00026589
2  22  0.00008803
3  22  0.00017313
4  22  0.00031105
5  22  0.00017913
6  22  0.00046155
7  22  0.00020491
8  22  0.00011680
9  22  0.00034478
10  22  0.00025047
11  22  0.00007598
12  22  0.00013143
13  22  0.00022942
14  22  0.00011205
15  22  0.00020713
16  22  0.00027600
17  22  0.00015593
18  22  0.00051796
19  22  0.00024267
20  22  0.00028868
21  22  0.00015925
22  22  0.00038707
23  22  0.00011568
24  22  0.00016112
25  22  0.00010248
26  22  0.00026765
27  22  0.00006761
28  22  0.00031167
29  22  0.00008673
30  22  0.00023435
31  22  0.00055286
32  22  0.00028440
33  22  0.00026996
34  22  0.00015178
35  22  0.00021910
36  22  0.00017583
37  22  0.00030615
38  22  0.00019492
39  22  0.00034515
40  22  0.00058253
41  22  0.00030728
42  22  0.00022336
43  22  0.00015606
44  22  0.00012688
45  22  0.00027636
46  22  0.00046031
47  22  0.00042373
48  22  0.00023613
49  22  0.00017054
50  22  0.00013806
51  22  0.00019036
52  22  0.00032207
53  22  0.00024505
54  22  0.00044157
55  22  0.00011300
56  22  0.00053237
57  22  0.00064401
58  22  0.00034541
59  22  0.00008338
60  22  0.00063394
61  22  0.00015936
62  22  0.00038404
63  22  0.00036610
0  23  0.00042523
1  23  0.00024020
2  23  0.00043790
3  23  0.00022184
4  23  0.00054788
5  23  0.00023635
6  23  0.00019614
7  23  0.00035734
8  23  0.00016868
9  23  0.00018910
10  23  0.00022051
11  23  0.00015483
12  23  0.00026217
13  23  0.00023559
14  23  0.00019779
15  23  0.00031976
16  23  0.00035777
17  23  0.00007770
18  23  0.00009966
19  23  0.00019135
20  23  0.00024272
21  23  0.00013451
22  23  0.00016031
23  23  0.00046693
24  23  0.00024413
25  23  0.00048606
26  23  0.00016980
27  23  0.00011771
28  23  0.00010629
29  23  0.00030699
30  23  0.00006314
31  23  0.00033814
32  23  0.00019653
33  23  0.00021440
34  23  0.00028605
35  23  0.00013903
36  23  0.00020699
37  23  0.00026332
38  23  0.00031198
39  23  0.00033546
40  23  0.00031146
41  23  0.00010334
42  23  0.00023796
43  23  0.00040577
44  23  0.00029928
45  23  0.00024883
46  23  0.00007078
47  23  0.00024941
48  23  0.00018801
49  23  0.00009298
50  23  0.00046757
51  23  0.00005346
52  23  0.00013229
53  23  0.00044557
54  23  0.00021995
55  23  0.00026778
56  23  0.00009864
57  23  0.00022125
58  23  0.00020043
59  23  0.00015824
60  23  0.00034734
61  23  0.00024425
62  23  0.00061238
63  23  0.00018450
0  24  0.00026126
1  24  0.00012684
2  24  0.00007933
3  24  0.00013870
4  24  0.00026522
5  24  0.00010654
6  24  0.00010312
7  24  0.00022657
8  24  0.00016778
9  24  0.00021987
10  24  0.00018112
11  24  0.00019532
12  24  0.00009105
13  24  0.00048131
14  24  0.00026941
15  24  0.00013177
16  24  0.00025930
17  24  0.00007803
18  24  0.00031433
19  24  0.00014312
20  24  0.00010177
21  24  0.00018788
22  24  0.00021014
23  24  0.00029144
24  24  0.00019989
25  24  0.00029345
26  24  0.00022914
27  24  0.00020180
28  24  0.00038257
29  24  0.00013029
30  24  0.00047635
31  24  0.00010097
32  24  0.00045387
33  24  0.00036446
34  24  0.00016400
35  24  0.00025270
36  24  0.00018414
37  24  0.00023791
38  24  0.00027150
39  24  0.00008623
40  24  0.00025588
41  24  0.00010492
42  24  0.00012018
43  24  0.00024398
44  24  0.00025027
45  24  0.00029457
46  24  0.00023720
47  24  0.00029999
48  24  0.00023782
49  24  0.00025623
50  24  0.00009560
51  24  0.00038545
52  24  0.00023203
53  24  0.00059017
54  24  0.00017970
55  24  0.00029024
56  24  0.00009578
57  24  0.00009082
58  24  0.00013872
59  24  0.00024080
60  24  0.00005791
61  24  0.00038106
62  24  0.00036330
63  24  0.00024537
0  25  0.00036099
1  25  0.00047405
2  25  0.00023703
3  25  0.00064086
4  25  0.00037151
5  25  0.00012941
6  25  0.00018303
7  25  0.00043964
8  25  0.00033320
9  25  0.00031035
10  25  0.00018052
11  25  0.00027084
12  25  0.00021747
13  25  0.00012823
14  25  0.00018644
15  25  0.00012710
16  25  0.00043250
17  25  0.00049717
18  25  0.00017423
19  25  0.00024906
20  25  0.00010670
21  25  0.00015901
22  25  0.00024828
23  25  0.00029070
24  25  0.00020268
25  25  0.00033313
26  25  0.00035147
27  25  0.00066046
28  25  0.00033984
29  25  0.00031446
30  25  0.00032800
31  25  0.00031969
32  25  0.00043121
33  25  0.00014905
34  25  0.00024772
35  25  0.00036155
36  25  0.00034075
37  25  0.00022843
38  25  0.00022117
39  25  0.00028870
40  25  0.00019855
41  25  0.00036100
42  25  0.00022311
43  25  0.00028865
44  25  0.00016441
45  25  0.00037006
46  25  0.00036429
47  25  0.00043442
48  25  0.00029564
49  25  0.00026661
50  25  0.00028497
51  25  0.00011168
52  25  0.00014452
53  25  0.00031241
54  25  0.00039826
55  25  0.00029100
56  25  0.00007336
57  25  0.00031962
58  25  0.00026187
59  25  0.00042168
60  25  0.00044260
61  25  0.00022775
62  25  0.00037794
63  25  0.00008170
0  26  0.00019410
1  26  0.00021368
2  26  0.00030517
3  26  0.00028134
4  26  0.00023610
5  26  0.00008522
6  26  0.00009807
7  26  0.00025374
8  26  0.00032798
9  26  0.00027393
10  26  0.00015784
11  26  0.00013356
12  26  0.00029198
13  26  0.00025556
14  26  0.00030536
15  26  0.00028550
16  26  0.00042208
17  26  0.00026227
18  26  0.00012909
19  26  0.00024051
20  26  0.00032377
21  26  0.00009082
22  26  0.00041701
23  26  0.00006501
24  26  0.00016778
25  26  0.00013793
26  26  0.00014174
27  26  0.00030728
28  26  0.00020479
29  26  0.00033787
30  26  0.00062782
31  26  0.00007305
32  26  0.00051977
33  26  0.00024580
34  26  0.00019469
35  26  0.00023970
36  26  0.00039879
37  26  0.00025596
38  26  0.00024684
39  26  0.00022765
40  26  0.00034449
41  26  0.00026010
42  26  0.00016865
43  26  0.00038845
44  26  0.00032973
45  26  0.00011070
46  26  0.00026686
47  26  0.00010176
48  26  0.00021517
49  26  0.00024390
50  26  0.00007822
51  26  0.00036213
52  26  0.00008752
53  26  0.00038519
54  26  0.00040657
55  26  0.00060073
56  26  0.00010047
57  26  0.00017258
58  26  0.00020172
59  26  0.00036581
60  26  0.00009859
61  26  0.00041156
62  26  0.00040781
63  26  0.00018707
0  27  0.00023931
1  27  0.00017867
2  27  0.00024452
3  27  0.00013067
4  27  0.00026455
5  27  0.00029634
6  27  0.00041123
7  27  0.00008262
8  27  0.00010407
9  27  0.00014392
10  27  0.00044223
11  27  0.00019843
12  27  0.00017743
13  27  0.00034608
14  27  0.00028198
15  27  0.00017416
16  27  0.00012927
17  27  0.00011432
18  27  0.00031798
19  27  0.00009437
20  27  0.00020316
21  27  0.00032154
22  27  0.00043706
23  27  0.00012681
24  27  0.00023621
25  27  0.00015472
26  27  0.00031719
27  27  0.00047401
28  27  0.00018870
29  27  0.00008083
30  27  0.00053453
31  27  0.00027090
32  27  0.00015559
33  27  0.00015926
34  27  0.00021129
35  27  0.00037328
36  27  0.00026580
37  27  0.00025826
38  27  0.00027748
39  27  0.00035464
40  27  0.00026142
41  27  0.00020258
42  27  0.00014755
43  27  0.00025277
44  27  0.00022161
45  27  0.00031026
46  27  0.00028185
47  27  0.00039829
48  27  0.00021614
49  27  0.00017237
50  27  0.00002035
51  27  0.00053058
52  27  0.00018863
53  27  0.00028324
54  27  0.00012289
55  27  0.00045106
56  27  0.00018046
57  27  0.00026479
58  27  0.00008214
59  27  0.00023788
60  27  0.00026711
61  27  0.00031467
62  27  0.00028291
63  27  0.00004224
0  28  0.00012955
1  28  0.00034343
2  28  0.00023363
3  28  0.00007751
4  28  0.00016665
5  28  0.00025260
6  28  0.00013532
7  28  0.00041764
8  28  0.00012972
9  28  0.00055055
10  28  0.00027005
11  28  0.00009485
12  28  0.00031774
13  28  0.00008545
14  28  0.00030734
15  28  0.00014806
16  28  0.00029998
17  28  0.00013032
18  28  0.00030580
19  28  0.00019760
20  28  0.00035939
21  28  0.00010374
22  28  0.00011086
23  28  0.00019857
24  28  0.00019540
25  28  0.00025073
26  28  0.00017753
27  28  0.00016532
28  28  0.00016742
29  28  0.00040557
30  28  0.00022020
31  28  0.00048780
32  28  0.00011939
33  28  0.00013057
34  28  0.00020583
35  28  0.00015215
36  28  0.00033082
37  28  0.00028089
38  28  0.00023286
39  28  0.00041909
40  28  0.00026133
41  28  0.00006112
42  28  0.00018158
43  28  0.00018340
44  28  0.00030318
45  28  0.00022227
46  28  0.00012806
47  28  0.00016089
48  28  0.00026512
49  28  0.00013629
50  28  0.00027442
51  28  0.00039596
52  28  0.00031472
53  28  0.00037688
54  28  0.00055398
55  28  0.00019032
56  28  0.00038625
57  28  0.00049434
58  28  0.00060816
59  28  0.00040587
60  28  0.00030025
61  28  0.00029680
62  28  0.00032404
63  28  0.00059802
0  29  0.00040772
1  29  0.00034685
2  29  0.00026111
3  29  0.00015861
4  29  0.00044666
5  29  0.00020022
6  29  0.00022374
7  29  0.00026785
8  29  0.00043708
9  29  0.00028883
10  29  0.00017024
11  29  0.00005132
12  29  0.00012054
13  29  0.00035511
14  29  0.00033988
15  29  0.00019562
16  29  0.00006119
17  29  0.00029019
18  29  0.00019672
19  29  0.00024300
20  29  0.00009140
21  29  0.00023810
22  29  0.00014284
23  29  0.00011377
24  29  0.00030288
25  29  0.00021745
26  29  0.00048908
27  29  0.00026070
28  29  0.00020624
29  29  0.00019891
30  29  0.00013604
31  29  0.00025487
32  29  0.00028820
33  29  0.00018885
34  29  0.00047606
35  29  0.00028005
36  29  0.00019039
37  29  0.00036502
38  29  0.00038553
39  29  0.00023447
40  29  0.00019057
41  29  0.00049828
42  29  0.00027435
43  29  0.00016977
44  29  0.00038483
45  29  0.00020637
46  29  0.00018649
47  29  0.00018228
48  29  0.00036298
49  29  0.00013360
50  29  0.00033022
51  29  0.00032630
52  29  0.00046444
53  29  0.00031749
54  29  0.00014215
55  29  0.00031440
56  29  0.00013077
57  29  0.00025577
58  29  0.00012604
59  29  0.00071927
60  29  0.00025304
61  29  0.00041083
62  29  0.00017546
63  29  0.00014568
0  30  0.00018546
1  30  0.00030132
2  30  0.00032835
3  30  0.00012160
4  30  0.00021847
5  30  0.00023599
6  30  0.00014100
7  30  0.00008268
8  30  0.00031688
9  30  0.00040018
10  30  0.00057469
11  30  0.00017373
12  30  0.00009648
13  30  0.00004138
14  30  0.00025075
15  30  0.00012653
16  30  0.00041630
17  30  0.00007926
18  30  0.00011750
19  30  0.00023300
20  30  0.00031925
21  30  0.00029137
22  30  0.00012800
23  30  0.00011847
24  30  0.00018082
25  30  0.00029780
26  30  0.00015342
27  30  0.00033432
28  30  0.00056827
29  30  0.00024825
30  30  0.00014634
31  30  0.00012199
32  30  0.00026992
33  30  0.00041506
34  30  0.00048688
35  30  0.00004855
36  30  0.00021155
37  30  0.00014052
38  30  0.00029544
39  30  0.00019137
40  30  0.00013704
41  30  0.00006296
42  30  0.00022221
43  30  0.00019116
44  30  0.00031141
45  30  0.00036569
46  30  0.00026257
47  30  0.00018264
48  30  0.00040224
49  30  0.00021945
50  30  0.00008248
51  30  0.00026748
52  30  0.00036625
53  30  0.00043000
54  30  0.00050313
55  30  0.00014998
56  30  0.00038593
57  30  0.00030610
58  30  0.00013041
59  30  0.00015686
60  30  0.00013457
61  30  0.00034690
62  30  0.00011139
63  30  0.00011962
0  31  0.00027917
1  31  0.00030745
2  31  0.00032688
3  31  0.00025711
4  31  0.00016552
5  31  0.00009664
6  31  0.00008807
7  31  0.00010351
8  31  0.00019932
9  31  0.00008141
10  31  0.00012283
11  31  0.00029232
12  31  0.00020123
13  31  0.00013296
14  31  0.00005404
15  31  0.00027836
16  31  0.00016280
17  31  0.00007531
18  31  0.00025230
19  31  0.00006440
20  31  0.00024450
21  31  0.00023128
22  31  0.00012571
23  31  0.00023657
24  31  0.00026229
25  31  0.00019017
26  31  0.00011847
27  31  0.00022177
28  31  0.00019025
29  31  0.00014866
30  31  0.00026029
31  31  0.00020517
32  31  0.00021794
33  31  0.00016956
34  31  0.00024208
35  31  0.00023792
36  31  0.00047608
37  31  0.00023691
38  31  0.00022418
39  31  0.00005089
40  31  0.00020838
41  31  0.00016884
42  31  0.00026392
43  31  0.00014371
44  31  0.00020585
45  31  0.00026973
46  31  0.00026359
47  31  0.00024826
48  31  0.00015227
49  31  0.00019149
50  31  0.00015066
51  31  0.00021127
52  31  0.00030170
53  31  0.00033354
54  31  0.00019136
55  31  0.00017935
56  31  0.00016576
57  31  0.00034809
58  31  0.00014694
59  31  0.00034505
60  31  0.00024136
61  31  0.00030244
62  31  0.00028479
63  31  0.00009851
0  32  0.00008410
1  32  0.00022875
2  32  0.00021973
3  32  0.00024432
4  32  0.00023026
5  32  0.00013488
6  32  0.00016385
7  32  0.00019706
8  32  0.00026625
9  32  0.00018379
10  32  0.00028207
11  32  0.00032550
12  32  0.00016871
13  32  0.00045706
14  32  0.00027846
15  32  0.00031487
16  32  0.00018411
17  32  0.00011396
18  32  0.00010758
19  32  0.00029301
20  32  0.00020682
21  32  0.00033416
22  32  0.00012558
23  32  0.00017119
24  32  0.00007623
25  32  0.00020914
26  32  0.00044358
27  32  0.00036459
28  32  0.00060271
29  32  0.00007900
30  32  0.00044643
31  32  0.00045348
32  32  0.00026310
33  32  0.00013773
34  32  0.00015687
35  32  0.00020755
36  32  0.00020130
37  32  0.00020871
38  32  0.00023520
39  32  0.00017248
40  32  0.00035327
41  32  0.00031517
42  32  0.00026760
43  32  0.00016292
44  32  0.00029603
45  32  0.00039553
46  32  0.00031727
47  32  0.00009731
48  32  0.00031645
49  32  0.00002509
50  32  0.00011308
51  32  0.00020023
52  32  0.00016965
53  32  0.00010912
54  32  0.00030585
55  32  0.00035743
56  32  0.00019808
57  32  0.00013024
58  32  0.00047557
59  32  0.00016580
60  32  0.00015519
61  32  0.00013781
62  32  0.00018625
63  32  0.00023538
0  33  0.00008216
1  33  0.00035585
2  33  0.00028791
3  33  0.00022537
4  33  0.00028128
5  33  0.00025995
6  33  0.00013788
7  33  0.00060149
8  33  0.00044677
9  33  0.00037572
10  33  0.00018883
11  33  0.00023979
12  33  0.00017715
13  33  0.00026397
14  33  0.00059851
15  33  0.00018876
16  33  0.00059718
17  33  0.00020094
18  33  0.00034582
19  33  0.00023283
20  33  0.00013967
21  33  0.00023593
22  33  0.00021655
23  33  0.00018849
24  33  0.00039233
25  33  0.00007322
26  33  0.00013944
27  33  0.00017051
28  33  0.00012221
29  33  0.00024751
30  33  0.00024141
31  33  0.00034925
32  33  0.00042150
33  33  0.00031782
34  33  0.00012907
35  33  0.00024482
36  33  0.00027831
37  33  0.00023966
38  33  0.00022969
39  33  0.00037933
40  33  0.00069359
41  33  0.00011772
42  33  0.00023122
43  33  0.00006915
44  33  0.00022264
45  33  0.00021410
46  33  0.00061212
47  33  0.00044978
48  33  0.00023370
49  33  0.00027394
50  33  0.00013302
51  33  0.00027502
52  33  0.00029150
53  33  0.00016907
54  33  0.00018216
55  33  0.00034404
56  33  0.00015259
57  33  0.00033951
58  33  0.00019665
59  33  0.00023239
60  33  0.00006497
61  33  0.00020469
62  33  0.00007668
63  33  0.00020980
0  34  0.00020546
1  34  0.00032856
2  34  0.00030091
3  34  0.00006886
4  34  0.00042645
5  34  0.00010488
6  34  0.00007976
7  34  0.00038903
8  34  0.00010621
9  34  0.00019315
10  34  0.00023646
11  34  0.00018916
12  34  0.00035066
13  34  0.00009819
14  34  0.00021540
15  34  0.00014547
16  34  0.00031627
17  34  0.00012085
18  34  0.00034548
19  34  0.00033888
20  34  0.00019510
21  34  0.00012022
22  34  0.00052288
23  34  0.00028646
24  34  0.00048238
25  34  0.00012300
26  34  0.00009986
27  34  0.00011747
28  34  0.00014878
29  34  0.00024334
30  34  0.00018928
31  34  0.00027862
32  34  0.00021288
33  34  0.00017640
34  34  0.00011623
35  34  0.00027847
36  34  0.00023236
37  34  0.00015835
38  34  0.00050187
39  34  0.00039189
40  34  0.00028177
41  34  0.00008228
42  34  0.00048991
43  34  0.00023752
44  34  0.00051623
45  34  0.00030270
46  34  0.00040046
47  34  0.00030209
48  34  0.00018661
49  34  0.00019969
50  34  0.00004304
51  34  0.00022464
52  34  0.00020936
53  34  0.00029395
54  34  0.00009142
55  34  0.00022017
56  34  0.00023197
57  34  0.00016312
58  34  0.00031439
59  34  0.00009438
60  34  0.00037302
61  34  0.00029851
62  34  0.00013781
63  34  0.00055980
0  35  0.00013952
1  35  0.00029874
2  35  0.00026361
3  35  0.00045893
4  35  0.00019805
5  35  0.00027020
6  35  0.00011585
7  35  0.00026858
8  35  0.00040179
9  35  0.00042690
10  35  0.00014987
11  35  0.00020251
12  35  0.00008663
13  35  0.00013174
14  35  0.00049388
15  35  0.00017238
16  35  0.00077128
17  35  0.00023135
18  35  0.00005705
19  35  0.00020773
20  35  0.00029975
21  35  0.00026146
22  35  0.00032987
23  35  0.00018978
24  35  0.00010126
25  35  0.00016053
26  35  0.00015943
27  35  0.00025920
28  35  0.00032623
29  35  0.00027514
30  35  0.00026840
31  35  0.00025902
32  35  0.00013901
33  35  0.00034045
34  35  0.00023315
35  35  0.00008844
36  35  0.00026642
37  35  0.00011701
38  35  0.00033552
39  35  0.00028063
40  35  0.00026117
41  35  0.00012848
42  35  0.00022320
43  35  0.00023011
44  35  0.00027759
45  35  0.00012995
46  35  0.00017041
47  35  0.00033785
48  35  0.00022091
49  35  0.00018935
50  35  0.00026064
51  35  0.00020548
52  35  0.00020652
53  35  0.00030318
54  35  0.00057781
55  35  0.00016352
56  35  0.00019476
57  35  0.00006926
58  35  0.00036215
59  35  0.00028888
60  35  0.00003511
61  35  0.00019332
62  35  0.00014975
63  35  0.00044671
0  36  0.00024156
1  36  0.00006982
2  36  0.00015653
3  36  0.00036335
4  36  0.00036360
5  36  0.00019558
6  36  0.00022104
7  36  0.00006995
8  36  0.00017517
9  36  0.00014609
10  36  0.00050475
11  36  0.00009990
12  36  0.00023611
13  36  0.00039273
14  36  0.00014629
15  36  0.00019294
16  36  0.00007011
17  36  0.00005690
18  36  0.00031447
19  36  0.00009896
20  36  0.00010272
21  36  0.00017463
22  36  0.00022445
23  36  0.00018340
24  36  0.00027576
25  36  0.00020085
26  36  0.00021204
27  36  0.00018140
28  36  0.00005147
29  36  0.00009724
30  36  0.00038539
31  36  0.00020905
32  36  0.00013284
33  36  0.00039160
34  36  0.00007284
35  36  0.00017031
36  36  0.00013843
37  36  0.00014964
38  36  0.00067163
39  36  0.00026002
40  36  0.00038167
41  36  0.00016186
42  36  0.00023108
43  36  0.00027584
44  36  0.00013039
45  36  0.00055099
46  36  0.00021278
47  36  0.00064291
48  36  0.00021718
49  36  0.00012306
50  36  0.00016753
51  36  0.00031046
52  36  0.00020603
53  36  0.00017613
54  36  0.00031885
55  36  0.00030754
56  36  0.00087523
57  36  0.00023933
58  36  0.00031372
59  36  0.00028508
60  36  0.00015974
61  36  0.00025025
62  36  0.00016597
63  36  0.00033707
0  37  0.00015543
1  37  0.00012014
2  37  0.00031816
3  37  0.00016101
4  37  0.00057859
5  37  0.00016143
6  37  0.00028179
7  37  0.00024012
8  37  0.00011795
9  37  0.00040422
10  37  0.00008931
11  37  0.00012515
12  37  0.00020128
13  37  0.00018071
14  37  0.00026514
15  37  0.00021104
16  37  0.00036288
17  37  0.00018328
18  37  0.00022984
19  37  0.00041608
20  37  0.00070626
21  37  0.00026856
22  37  0.00004791
23  37  0.00015944
24  37  0.00028026
25  37  0.00030927
26  37  0.00029574
27  37  0.00017726
28  37  0.00016804
29  37  0.00015034
30  37  0.00010092
31  37  0.00067132
32  37  0.00038361
33  37  0.00030878
34  37  0.00025930
35  37  0.00022166
36  37  0.00010813
37  37  0.00027017
38  37  0.00009695
39  37  0.00019165
40  37  0.00029116
41  37  0.00035857
42  37  0.00012153
43  37  0.00027268
44  37  0.00010066
45  37  0.00013125
46  37  0.00031380
47  37  0.00027086
48  37  0.00035717
49  37  0.00011731
50  37  0.00026249
51  37  0.00073629
52  37  0.00025992
53  37  0.00012398
54  37  0.00057966
55  37  0.00015690
56  37  0.00012332
57  37  0.00010768
58  37  0.00017726
59  37  0.00018018
60  37  0.00077487
61  37  0.00010176
62  37  0.00026875
63  37  0.00033158
0  38  0.00031672
1  38  0.00032853
2  38  0.00020840
3  38  0.00029328
4  38  0.00051757
5  38  0.00007719
6  38  0.00016325
7  38  0.00030183
8  38  0.00043484
9  38  0.00036602
10  38  0.00018967
11  38  0.00022992
12  38  0.00016332
13  38  0.00019107
14  38  0.00045025
15  38  0.00015117
16  38  0.00008893
17  38  0.00029811
18  38  0.00016308
19  38  0.00013640
20  38  0.00011104
21  38  0.00033101
22  38  0.00047241
23  38  0.00019494
24  38  0.00033997
25  38  0.00044372
26  38  0.00028440
27  38  0.00014458
28  38  0.00020307
29  38  0.00020855
30  38  0.00011846
31  38  0.00015806
32  38  0.00010234
33  38  0.00045437
34  38  0.00024475
35  38  0.00017518
36  38  0.00039787
37  38  0.00015996
38  38  0.00016346
39  38  0.00028447
40  38  0.00022178
41  38  0.00021280
42  38  0.00021747
43  38  0.00019999
44  38  0.00011922
45  38  0.00025586
46  38  0.00019307
47  38  0.00014807
48  38  0.00019948
49  38  0.00008810
50  38  0.00021125
51  38  0.00029593
52  38  0.00013693
53  38  0.00026130
54  38  0.00012707
55  38  0.00034927
56  38  0.00039522
57  38  0.00016695
58  38  0.00030633
59  38  0.00007309
60  38  0.00016517
61  38  0.00012502
62  38  0.00010285
63  38  0.00015836
0  39  0.00039771
1  39  0.00006811
2  39  0.00040722
3  39  0.00046472
4  39  0.00035982
5  39  0.00020558
6  39  0.00032369
7  39  0.00025395
8  39  0.00030524
9  39  0.00016962
10  39  0.00052210
11  39  0.00014333
12  39  0.00020933
13  39  0.00016144
14  39  0.00046724
15  39  0.00020791
16  39  0.00019815
17  39  0.00020781
18  39  0.00020153
19  39  0.00046083
20  39  0.00018433
21  39  0.00007768
22  39  0.00025799
23  39  0.00030664
24  39  0.00017107
25  39  0.00009963
26  39  0.00017371
27  39  0.00050606
28  39  0.00033280
29  39  0.00031088
30  39  0.00019392
31  39  0.00020258
32  39  0.00013537
33  39  0.00027261
34  39  0.00014807
35  39  0.00013408
36  39  0.00050968
37  39  0.00016297
38  39  0.00034517
39  39  0.00023264
40  39  0.00009405
41  39  0.00024365
42  39  0.00049146
43  39  0.00017230
44  39  0.00012088
45  39  0.00011992
46  39  0.00015850
47  39  0.00016021
48  39  0.00016667
49  39  0.00016957
50  39  0.00031753
51  39  0.00017896
52  39  0.00015768
53  39  0.00037766
54  39  0.00031632
55  39  0.00023782
56  39  0.00016048
57  39  0.00056560
58  39  0.00053737
59  39  0.00018969
60  39  0.00027393
61  39  0.00030033
62  39  0.00017394
63  39  0.00050162
0  40  0.00015848
1  40  0.00016530
2  40  0.00016251
3  40  0.00018861
4  40  0.00015010
5  40  0.00006530
6  40  0.00023077
7  40  0.00024395
8  40  0.00014223
9  40  0.00013668
10  40  0.00007738
11  40  0.00018128
12  40  0.00027782
13  40  0.00042559
14  40  0.00022547
15  40  0.00016364
16  40  0.00006689
17  40  0.00018003
18  40  0.00025073
19  40  0.00051131
20  40  0.00023282
21  40  0.00032111
22  40  0.00016909
23  40  0.00038650
24  40  0.00011880
25  40  0.00038694
26  40  0.00027284
27  40  0.00023918
28  40  0.00038862
29  40  0.00017820
30  40  0.00012240
31  40  0.00010151
32  40  0.00007710
33  40  0.00009852
34  40  0.00048781
35  40  0.00028764
36  40  0.00037753
37  40  0.00021381
38  40  0.00023750
39  40  0.00035251
40  40  0.00024856
41  40  0.00015817
42  40  0.00004935
43  40  0.00046563
44  40  0.00008721
45  40  0.00023774
46  40  0.00035084
47  40  0.00034346
48  40  0.00020785
49  40  0.00016247
50  40  0.00019612
51  40  0.00028087
52  40  0.00010714
53  40  0.00023985
54  40  0.00009100
55  40  0.00031213
56  40  0.00015453
57  40  0.00017449
58  40  0.00040186
59  40  0.00021296
60  40  0.00039443
61  40  0.00036362
62  40  0.00020891
63  40  0.00043112
0  41  0.00014162
1  41  0.00025834
2  41  0.00029937
3  41  0.00022639
4  41  0.00022886
5  41  0.00051815
6  41  0.00014212
7  41  0.00048947
8  41  0.00031080
9  41  0.00009837
10  41  0.00010270
11  41  0.00007749
12  41  0.00032589
13  41  0.00014425
14  41  0.00025899
15  41  0.00017423
16  41  0.00023987
17  41  0.00019197
18  41  0.00021271
19  41  0.00016153
20  41  0.00017702
21  41  0.00036845
22  41  0.00023873
23  41  0.00029087
24  41  0.00034430
25  41  0.00028355
26  41  0.00040297
27  41  0.00020737
28  41  0.00036670
29  41  0.00020360
30  41  0.00012027
31  41  0.00028874
32  41  0.00040303
33  41  0.00034109
34  41  0.00018703
35  41  0.00028563
36  41  0.00018656
37  41  0.00027247
38  41  0.00026969
39  41  0.00031194
40  41  0.00016015
41  41  0.00035464
42  41  0.00040584
43  41  0.00016108
44  41  0.00035940
45  41  0.00060562
46  41  0.00015476
47  41  0.00025163
48  41  0.00021897
49  41  0.00010918
50  41  0.00071054
51  41  0.00019579
52  41  0.00015124
53  41  0.00015743
54  41  0.00028240
55  41  0.00028211
56  41  0.00034529
57  41  0.00015544
58  41  0.00025820
59  41  0.00005998
60  41  0.00024033
61  41  0.00019807
62  41  0.00033462
63  41  0.00016105
0  42  0.00006428
1  42  0.00020011
2  42  0.00023249
3  42  0.00032965
4  42  0.00023623
5  42  0.00055593
6  42  0.00033119
7  42  0.00066840
8  42  0.00013927
9  42  0.00031760
10  42  0.00018575
11  42  0.00024188
12  42  0.00013394
13  42  0.00007334
14  42  0.00022012
15  42  0.00017688
16  42  0.00027439
17  42  0.00012146
18  42  0.00034720
19  42  0.00018199
20  42  0.00018910
21  42  0.00025794
22  42  0.00020093
23  42  0.00030530
24  42  0.00019361
25  42  0.00021157
26  42  0.00026842
27  42  0.00020855
28  42  0.00056924
29  42  0.00039807
30  42  0.00019699
31  42  0.00015955
32  42  0.00015533
33  42  0.00030268
34  42  0.00015143
35  42  0.00004304
36  42  0.00038605
37  42  0.00025214
38  42  0.00041710
39  42  0.00040694
40  42  0.00032244
41  42  0.00039435
42  42  0.00019641
43  42  0.00013616
44  42  0.00022772
45  42  0.00014538
46  42  0.00033584
47  42  0.00012258
48  42  0.00061651
49  42  0.00047994
50  42  0.00018057
51  42  0.00015149
52  42  0.00017886
53  42  0.00007009
54  42  0.00024707
55  42  0.00032507
56  42  0.00026681
57  42  0.00028066
58  42  0.00040853
59  42  0.00018685
60  42  0.00028477
61  42  0.00012592
62  42  0.00009002
63  42  0.00013333
0  43  0.00027013
1  43  0.00025083
2  43  0.00005347
3  43  0.00030399
4  43  0.00015501
5  43  0.00041663
6  43  0.00006730
7  43  0.00003837
8  43  0.00015334
9  43  0.00015671
10  43  0.00014085
11  43  0.00043077
12  43  0.00033091
13  43  0.00022669
14  43  0.00034593
15  43  0.00017269
16  43  0.00027850
17  43  0.00019759
18  43  0.00008065
19  43  0.00006855
20  43  0.00013464
21  43  0.00022534
22  43  0.00050039
23  43  0.00020783
24  43  0.00042564
25  43  0.00042619
26  43  0.00038106
27  43  0.00040647
28  43  0.00033120
29  43  0.00012494
30  43  0.00041408
31  43  0.00010793
32  43  0.00033609
33  43  0.00030603
34  43  0.00028271
35  43  0.00012608
36  43  0.00028883
37  43  0.00016825
38  43  0.00018667
39  43  0.00017953
40  43  0.00029612
41  43  0.00070751
42  43  0.00021582
43  43  0.00034611
44  43  0.00008514
45  43  0.00015158
46  43  0.00022568
47  43  0.00019134
48  43  0.00025705
49  43  0.00014399
50  43  0.00007236
51  43  0.00015171
52  43  0.00017769
53  43  0.00018955
54  43  0.00032405
55  43  0.00017623
56  43  0.00022913
57  43  0.00019957
58  43  0.00015490
59  43  0.00028233
60  43  0.00038212
61  43  0.00011992
62  43  0.00018660
63  43  0.00049509
0  44  0.00043482
1  44  0.00012085
2  44  0.00026377
3  44  0.00020944
4  44  0.00013882
5  44  0.00015140
6  44  0.00020502
7  44  0.00018699
8  44  0.00013202
9  44  0.00037120
10  44  0.00009533
11  44  0.00041885
12  44  0.00023830
13  44  0.00017593
14  44  0.00015175
15  44  0.00015112
16  44  0.00027401
17  44  0.00015302
18  44  0.00013773
19  44  0.00052384
20  44  0.00034573
21  44  0.00017034
22  44  0.00035144
23  44  0.00037558
24  44  0.00045532
25  44  0.00024246
26  44  0.00012098
27  44  0.00033143
28  44  0.00024867
29  44  0.00021079
30  44  0.00023603
31  44  0.00015204
32  44  0.00025907
33  44  0.00050971
34  44  0.00014859
35  44  0.00022362
36  44  0.00013762
37  44  0.00029123
38  44  0.00029024
39  44  0.00025225
40  44  0.00023928
41  44  0.00011261
42  44  0.00015888
43  44  0.00051400
44  44  0.00023554
45  44  0.00035169
46  44  0.00011289
47  44  0.00025303
48  44  0.00034085
49  44  0.00054662
50  44  0.00033280
51  44  0.00051163
52  44  0.00014419
53  44  0.00030827
54  44  0.00018610
55  44  0.00033119
56  44  0.00028305
57  44  0.00023895
58  44  0.00014157
59  44  0.00025259
60  44  0.00021165
61  44  0.00043788
62  44  0.00014371
63  44  0.00016890
0  45  0.00015296
1  45  0.00016908
2  45  0.00045917
3  45  0.00030721
4  45  0.00021797
5  45  0.00031542
6  45  0.00023070
7  45  0.00027815
8  45  0.00016495
9  45  0.00024704
10  45  0.00045322
11  45  0.00041685
12  45  0.00012079
13  45  0.00023092
14  45  0.00011820
15  45  0.00020126
16  45  0.00026867
17  45  0.00017207
18  45  0.00025333
19  45  0.00029481
20  45  0.00051129
21  45  0.00027938
22  45  0.00022635
23  45  0.00021673
24  45  0.00022710
25  45  0.00023149
26  45  0.00015369
27  45  0.00016894
28  45  0.00037361
29  45  0.00018062
30  45  0.00030233
31  45  0.00025705
32  45  0.00029607
33  45  0.00028918
34  45  0.00010564
35  45  0.00022621
36  45  0.00050318
37  45  0.00040923
38  45  0.00033797
39  45  0.00027314
40  45  0.00014923
41  45  0.00035999
42  45  0.00052427
43  45  0.00041099
44  45  0.00039163
45  45  0.00025051
46  45  0.00037685
47  45  0.00010856
48  45  0.00022407
49  45  0.00023968
50  45  0.00028170
51  45  0.00017316
52  45  0.00028210
53  45  0.00032266
54  45  0.00038462
55  45  0.00048013
56  45  0.00024301
57  45  0.00007856
58  45  0.00004718
59  45  0.00024378
60  45  0.00057783
61  45  0.00015940
62  45  0.00043116
63  45  0.00024587
0  46  0.00011124
1  46  0.00006730
2  46  0.00016592
3  46  0.00010083
4  46  0.00015919
5  46  0.00009315
6  46  0.00035315
7  46  0.00020946
8  46  0.00027113
9  46  0.00020260
10  46  0.00029390
11  46  0.00010399
12  46  0.00025492
13  46  0.00024220
14  46  0.00029169
15  46  0.00012211
16  46  0.00027757
17  46  0.00013617
18  46  0.00032804
19  46  0.00019198
20  46  0.00012888
21  46  0.00007755
22  46  0.00013317
23  46  0.00017603
24  46  0.00022153
25  46  0.00052514
26  46  0.00009290
27  46  0.00008517
28  46  0.00038373
29  46  0.00019529
30  46  0.00012283
31  46  0.00017027
32  46  0.00034421
33  46  0.00029301
34  46  0.00008981
35  46  0.00014210
36  46  0.00021484
37  46  0.00011147
38  46  0.00017433
39  46  0.00010744
40  46  0.00008256
41  46  0.00010877
42  46  0.00013864
43  46  0.00020756
44  46  0.00017031
45  46  0.00006286
46  46  0.00012504
47  46  0.00040788
48  46  0.00032720
49  46  0.00025430
50  46  0.00017563
51  46  0.00012907
52  46  0.00019261
53  46  0.00022057
54  46  0.00017876
55  46  0.00043694
56  46  0.00044171
57  46  0.00036514
58  46  0.00009505
59  46  0.00035963
60  46  0.00046793
61  46  0.00024193
62  46  0.00021772
63  46  0.00023112
0  47  0.00015721
1  47  0.00022935
2  47  0.00026316
3  47  0.00003433
4  47  0.00039003
5  47  0.00030226
6  47  0.00020831
7  47  0.00013746
8  47  0.00019255
9  47  0.00036951
10  47  0.00023199
11  47  0.00020471
12  47  0.00015026
13  47  0.00029868
14  47  0.00035085
15  47  0.00034306
16  47  0.00015821
17  47  0.00024939
18  47  0.00038361
19  47  0.00061065
20  47  0.00015296
21  47  0.00010342
22  47  0.00035120
23  47  0.00015641
24  47  0.00022928
25  47  0.00041875
26  47  0.00021450
27  47  0.00020899
28  47  0.00018446
29  47  0.00033809
30  47  0.00027032
31  47  0.00013720
32  47  0.00045579
33  47  0.00015323
34  47  0.00028052
35  47  0.00026774
36  47  0.00048675
37  47  0.00027413
38  47  0.00046795
39  47  0.00028982
40  47  0.00022190
41  47  0.00005902
42  47  0.00012343
43  47  0.00017190
44  47  0.00026442
45  47  0.00013675
46  47  0.00046823
47  47  0.00011108
48  47  0.00007765
49  47  0.00011428
50  47  0.00028593
51  47  0.00021678
52  47  0.00009765
53  47  0.00017500
54  47  0.00020091
55  47  0.00026481
56  47  0.00018432
57  47  0.00004670
58  47  0.00019178
59  47  0.00018417
60  47  0.00041829
61  47  0.00040218
62  47  0.00046317
63  47  0.00028786
0  48  0.00013545
1  48  0.00031079
2  48  0.00009503
3  48  0.00008648
4  48  0.00025180
5  48  0.00010922
6  48  0.00022907
7  48  0.00015397
8  48  0.00019647
9  48  0.00011830
10  48  0.00029147
11  48  0.00046800
12  48  0.00015927
13  48  0.00018470
14  48  0.00041099
15  48  0.00029904
16  48  0.00024704
17  48  0.00053803
18  48  0.00023349
19  48  0.00021873
20  48  0.00016470
21  48  0.00033800
22  48  0.00027805
23  48  0.00036906
24  48  0.00023639
25  48  0.00020805
26  48  0.00031019
27  48  0.00016169
28  48  0.00011191
29  48  0.00016550
30  48  0.00020359
31  48  0.00013302
32  48  0.00029042
33  48  0.00010495
34  48  0.00049160
35  48  0.00041094
36  48  0.00020511
37  48  0.00006236
38  48  0.00024318
39  48  0.00051464
40  48  0.00020694
41  48  0.00029074
42  48  0.00014277
43  48  0.00028659
44  48  0.00024602
45  48  0.00045614
46  48  0.00029791
47  48  0.00016456
48  48  0.00003881
49  48  0.00022203
50  48  0.00013734
51  48  0.00042928
52  48  0.00011416
53  48  0.00012911
54  48  0.00028241
55  48  0.00034018
56  48  0.00018234
57  48  0.00026260
58  48  0.00014438
59  48  0.00032886
60  48  0.00016010
61  48  0.00025746
62  48  0.00056635
63  48  0.00032295
0  49  0.00016246
1  49  0.00012988
2  49  0.00019866
3  49  0.00013311
4  49  0.00049541
5  49  0.00025521
6  49  0.00084381
7  49  0.00002580
8  49  0.00025725
9  49  0.00019056
10  49  0.00010323
11  49  0.00018069
12  49  0.00022691
13  49  0.00019322
14  49  0.00033026
15  49  0.00038254
16  49  0.00032539
17  49  0.00026393
18  49  0.00011242
19  49  0.00023136
20  49  0.00016952
21  49  0.00026180
22  49  0.00022307
23  49  0.00018446
24  49  0.00044491
25  49  0.00022273
26  49  0.00011851
27  49  0.00018540
28  49  0.00019905
29  49  0.00030424
30  49  0.00035848
31  49  0.00054047
32  49  0.00045483
33  49  0.00052604
34  49  0.00027371
35  49  0.00029842
36  49  0.00015836
37  49  0.00037939
38  49  0.00011502
39  49  0.00023155
40  49  0.00019107
41  49  0.00017840
42  49  0.00015068
43  49  0.00035071
44  49  0.00019623
45  49  0.00021117
46  49  0.00019717
47  49  0.00020397
48  49  0.00034011
49  49  0.00017921
50  49  0.00025320
51  49  0.00019823
52  49  0.00013441
53  49  0.00024532
54  49  0.00013019
55  49  0.00027309
56  49  0.00026386
57  49  0.00025611
58  49  0.00009373
59  49  0.00012008
60  49  0.00016481
61  49  0.00020732
62  49  0.00022196
63  49  0.00027508
0  50  0.00007143
1  50  0.00022569
2  50  0.00026457
3  50  0.00012196
4  50  0.00016584
5  50  0.00020124
6  50  0.00040345
7  50  0.00022635
8  50  0.00023546
9  50  0.00039408
10  50  0.00032115
11  50  0.00018294
12  50  0.00021199
13  50  0.00013038
14  50  0.00027341
15  50  0.00036019
16  50  0.00035729
17  50  0.00021059
18  50  0.00031352
19  50  0.00017920
20  50  0.00019746
21  50  0.00021156
22  50  0.00014620
23  50  0.00013992
24  50  0.00022460
25  50  0.00017357
26  50  0.00021078
27  50  0.00029477
28  50  0.00021282
29  50  0.00012595
30  50  0.00021527
31  50  0.00007641
32  50  0.00015151
33  50  0.00018188
34  50  0.00055885
35  50  0.00036062
36  50  0.00034374
37  50  0.00029681
38  50  0.00010988
39  50  0.00021141
40  50  0.00013552
41  50  0.00013098
42  50  0.00037628
43  50  0.00045857
44  50  0.00012240
45  50  0.00052367
46  50  0.00009281
47  50  0.00035158
48  50  0.00026154
49  50  0.00018277
50  50  0.00013274
51  50  0.00027808
52  50  0.00012700
53  50  0.00024425
54  50  0.00029704
55  50  0.00017734
56  50  0.00048461
57  50  0.00048337
58  50  0.00012792
59  50  0.00027314
60  50  0.00013342
61  50  0.00022405
62  50  0.00014206
63  50  0.00026343
0  51  0.00019018
1  51  0.00052360
2  51  0.00018422
3  51  0.00033792
4  51  0.00010659
5  51  0.00008032
6  51  0.00016159
7  51  0.00042395
8  51  0.00020861
9  51  0.00016327
10  51  0.00028242
11  51  0.00018287
12  51  0.00016600
13  51  0.00033413
14  51  0.00030617
15  51  0.00021994
16  51  0.00018129
17  51  0.00025600
18  51  0.00010996
19  51  0.00006682
20  51  0.00059493
21  51  0.00011621
22  51  0.00020992
23  51  0.00031947
24  51  0.00006785
25  51  0.00020525
26  51  0.00031497
27  51  0.00021037
28  51  0.00027830
29  51  0.00012912
30  51  0.00009074
31  51  0.00017683
32  51  0.00028287
33  51  0.00049538
34  51  0.00039027
35  51  0.00026732
36  51  0.00038898
37  51  0.00044784
38  51  0.00016385
39  51  0.00018075
40  51  0.00018829
41  51  0.00025988
42  51  0.00036359
43  51  0.00025236
44  51  0.00015553
45  51  0.00020667
46  51  0.00018410
47  51  0.00007215
48  51  0.00050056
49  51  0.00029057
50  51  0.00043088
51  51  0.00022126
52  51  0.00012924
53  51  0.00013103
54  51  0.00034720
55  51  0.00010841
56  51  0.00027180
57  51  0.00011374
58  51  0.00022314
59  51  0.00021323
60  51  0.00024386
61  51  0.00014004
62  51  0.00016512
63  51  0.00023703
0  52  0.00019045
1  52  0.00022227
2  52  0.00018360
3  52  0.00022271
4  52  0.00028770
5  52  0.00007888
6  52  0.00021774
7  52  0.00015021
8  52  0.00021376
9  52  0.00043009
10  52  0.00027086
11  52  0.00018174
12  52  0.00025522
13  52  0.00020713
14  52  0.00034567
15  52  0.00016564
16  52  0.00022710
17  52  0.00018538
18  52  0.00021667
19  52  0.00011890
20  52  0.00032795
21  52  0.00048562
22  52  0.00060825
23  52  0.00030342
24  52  0.00019779
25  52  0.00007677
26  52  0.00011999
27  52  0.00031583
28  52  0.00020531
29  52  0.00015871
30  52  0.00020671
31  52  0.00030003
32  52  0.00026235
33  52  0.00014149
34  52  0.00020959
35  52  0.00035974
36  52  0.00022932
37  52  0.00008416
38  52  0.00028042
39  52  0.00038678
40  52  0.00027528
41  52  0.00047722
42  52  0.00016373
43  52  0.00024075
44  52  0.00016019
45  52  0.00023221
46  52  0.00021159
47  52  0.00035000
48  52  0.00022692
49  52  0.00025342
50  52  0.00022353
51  52  0.00014240
52  52  0.00010254
53  52  0.00023163
54  52  0.00034226
55  52  0.00027023
56  52  0.00018971
57  52  0.00029274
58  52  0.00008328
59  52  0.00016067
60  52  0.00015472
61  52  0.00035040
62  52  0.00021991
63  52  0.00022966
0  53  0.00026142
1  53  0.00004465
2  53  0.00019873
3  53  0.00021916
4  53  0.00014273
5  53  0.00012647
6  53  0.00009417
7  53  0.00016085
8  53  0.00011961
9  53  0.00054279
10  53  0.00026795
11  53  0.00016473
12  53  0.00028902
13  53  0.00024400
14  53  0.00024392
15  53  0.00023488
16  53  0.00016566
17  53  0.00013114
18  53  0.00024512
19  53  0.00006940
20  53  0.00039809
21  53  0.00020002
22  53  0.00045831
23  53  0.00016131
24  53  0.00014756
25  53  0.00021572
26  53  0.00022337
27  53  0.00031752
28  53  0.00025371
29  53  0.00014741
30  53  0.00014125
31  53  0.00028980
32  53  0.00012777
33  53  0.00021032
34  53  0.00020463
35  53  0.00032614
36  53  0.00016102
37  53  0.00036472
38  53  0.00054883
39  53  0.00043386
40  53  0.00020871
41  53  0.00013385
42  53  0.00020114
43  53  0.00027293
44  53  0.00048428
45  53  0.00018923
46  53  0.00011033
47  53  0.00006409
48  53  0.00017382
49  53  0.00017209
50  53  0.00017179
51  53  0.00047584
52  53  0.00010083
53  53  0.00018387
54  53  0.00024628
55  53  0.00022604
56  53  0.00021579
57  53  0.00039132
58  53  0.00019309
59  53  0.00009899
60  53  0.00023055
61  53  0.00006213
62  53  0.00034746
63  53  0.00040498
0  54  0.00009443
1  54  0.00007428
2  54  0.00015509
3  54  0.00015121
4  54  0.00024834
5  54  0.00013713
6  54  0.00010249
7  54  0.00012104
8  54  0.00024943
9  54  0.00008110
10  54  0.00018927
11  54  0.00021556
12  54  0.00023492
13  54  0.00011557
14  54  0.00024899
15  54  0.00028526
16  54  0.00008242
17  54  0.00021335
18  54  0.00011981
19  54  0.00008546
20  54  0.00013309
21  54  0.00036226
22  54  0.00033683
23  54  0.00014346
24  54  0.00019185
25  54  0.00040399
26  54  0.00011753
27  54  0.00027431
28  54  0.00014996
29  54  0.00020256
30  54  0.00020580
31  54  0.00017551
32  54  0.00012322
33  54  0.00011201
34  54  0.00026075
35  54  0.00032174
36  54  0.00007278
37  54  0.00029470
38  54  0.00021293
39  54  0.00010865
40  54  0.00032069
41  54  0.00028793
42  54  0.00030976
43  54  0.00018089
44  54  0.00015779
45  54  0.00019547
46  54  0.00038633
47  54  0.00035429
48  54  0.00006137
49  54  0.00029422
50  54  0.00012654
51  54  0.00011366
52  54  0.00015534
53  54  0.00021550
54  54  0.00029255
55  54  0.00037895
56  54  0.00026938
57  54  0.00012189
58  54  0.00018952
59  54  0.00025671
60  54  0.00050142
61  54  0.00031910
62  54  0.00016129
63  54  0.00009830
0  55  0.00033046
1  55  0.00010112
2  55  0.00024216
3  55  0.00007747
4  55  0.00023242
5  55  0.00023218
6  55  0.00030243
7  55  0.00011767
8  55  0.00024584
9  55  0.00005795
10  55  0.00030168
11  55  0.00022627
12  55  0.00032712
13  55  0.00014270
14  55  0.00030016
15  55  0.00019632
16  55  0.00033425
17  55  0.00030386
18  55  0.00028472
19  55  0.00025252
20  55  0.00005839
21  55  0.00025722
22  55  0.00020677
23  55  0.00028349
24  55  0.00022940
25  55  0.00007749
26  55  0.00036549
27  55  0.00010164
28  55  0.00022512
29  55  0.00011410
30  55  0.00043794
31  55  0.00037556
32  55  0.00015659
33  55  0.00023578
34  55  0.00037895
35  55  0.00021985
36  55  0.00031872
37  55  0.00030760
38  55  0.00013188
39  55  0.00022196
40  55  0.00011873
41  55  0.00015099
42  55  0.00048099
43  55  0.00017034
44  55  0.00061348
45  55  0.00035774
46  55  0.00049193
47  55  0.00014763
48  55  0.00023634
49  55  0.00013000
50  55  0.00031699
51  55  0.00017391
52  55  0.00014146
53  55  0.00014089
54  55  0.00045117
55  55  0.00011731
56  55  0.00020307
57  55  0.00011514
58  55  0.00016459
59  55  0.00018463
60  55  0.00036812
61  55  0.00020137
62  55  0.00007582
63  55  0.00017265
0  56  0.00025689
1  56  0.00014763
2  56  0.00016528
3  56  0.00017116
4  56  0.00035439
5  56  0.00036350
6  56  0.00061044
7  56  0.00035038
8  56  0.00027191
9  56  0.00015907
10  56  0.00012270
11  56  0.00025394
12  56  0.00015705
13  56  0.00036263
14  56  0.00018818
15  56  0.00051517
16  56  0.00015264
17  56  0.00024901
18  56  0.00026668
19  56  0.00020455
20  56  0.00017774
21  56  0.00014444
22  56  0.00014098
23  56  0.00011158
24  56  0.00011451
25  56  0.00004635
26  56  0.00015935
27  56  0.00011835
28  56  0.00006390
29  56  0.00016986
30  56  0.00009277
31  56  0.00030057
32  56  0.00018121
33  56  0.00035761
34  56  0.00039267
35  56  0.00030730
36  56  0.00005532
37  56  0.00024640
38  56  0.00024082
39  56  0.00024289
40  56  0.00039641
41  56  0.00008476
42  56  0.00012381
43  56  0.00018186
44  56  0.00052220
45  56  0.00020677
46  56  0.00026868
47  56  0.00030159
48  56  0.00029611
49  56  0.00022340
50  56  0.00034417
51  56  0.00023747
52  56  0.00017349
53  56  0.00022913
54  56  0.00033339
55  56  0.00011879
56  56  0.00039278
57  56  0.00043178
58  56  0.00017729
59  56  0.00019534
60  56  0.00025277
61  56  0.00054229
62  56  0.00034552
63  56  0.00038495
0  57  0.00031993
1  57  0.00019210
2  57  0.00036605
3  57  0.00019810
4  57  0.00051476
5  57  0.00026196
6  57  0.00026635
7  57  0.00010685
8  57  0.00016658
9  57  0.00011478
10  57  0.00045902
11  57  0.00032866
12  57  0.00042944
13  57  0.00010375
14  57  0.00037795
15  57  0.00044202
16  57  0.00013701
17  57  0.00017903
18  57  0.00028155
19  57  0.00026353
20  57  0.00011358
21  57  0.00017414
22  57  0.00018400
23  57  0.00027921
24  57  0.00018041
25  57  0.00019233
26  57  0.00031809
27  57  0.00019642
28  57  0.00011669
29  57  0.00032099
30  57  0.00031252
31  57  0.00018807
32  57  0.00003855
33  57  0.00033502
34  57  0.00011103
35  57  0.00029323
36  57  0.00022824
37  57  0.00017390
38  57  0.00023927
39  57  0.00027709
40  57  0.00011858
41  57  0.00018368
42  57  0.00009121
43  57  0.00028154
44  57  0.00034237
45  57  0.00029728
46  57  0.00023109
47  57  0.00020626
48  57  0.00038202
49  57  0.00027329
50  57  0.00010404
51  57  0.00024143
52  57  0.00019851
53  57  0.00023856
54  57  0.00024886
55  57  0.00031223
56  57  0.00017516
57  57  0.00014934
58  57  0.00028971
59  57  0.00016854
60  57  0.00023008
61  57  0.00015695
62  57  0.00011153
63  57  0.00037159
0  58  0.00008763
1  58  0.00024514
2  58  0.00035008
3  58  0.00015981
4  58  0.00046081
5  58  0.00012574
6  58  0.00032784
7  58  0.00026963
8  58  0.00030231
9  58  0.00041505
10  58  0.00013948
11  58  0.00034300
12  58  0.00025065
13  58  0.00004956
14  58  0.00016689
15  58  0.00029332
16  58  0.00044719
17  58  0.00045891
18  58  0.00026907
19  58  0.00029767
20  58  0.00021812
21  58  0.00020028
22  58  0.00072118
23  58  0.00012311
24  58  0.00035636
25  58  0.00044463
26  58  0.00011904
27  58  0.00041766
28  58  0.00043704
29  58  0.00039645
30  58  0.00027879
31  58  0.00013296
32  58  0.00048560
33  58  0.00024518
34  58  0.00032827
35  58  0.00033771
36  58  0.00036881
37  58  0.00017956
38  58  0.00008318
39  58  0.00031112
40  58  0.00035037
41  58  0.00033729
42  58  0.00018930
43  58  0.00027749
44  58  0.00021894
45  58  0.00014520
46  58  0.00039553
47  58  0.00010943
48  58  0.00022199
49  58  0.00022707
50  58  0.00029330
51  58  0.00023329
52  58  0.00025658
53  58  0.00002646
54  58  0.00009833
55  58  0.00021596
56  58  0.00020983
57  58  0.00023788
58  58  0.00023655
59  58  0.00042248
60  58  0.00081689
61  58  0.00041416
62  58  0.00035190
63  58  0.00033032
0  59  0.00046434
1  59  0.00017989
2  59  0.00015417
3  59  0.00034925
4  59  0.00025092
5  59  0.00019854
6  59  0.00019120
7  59  0.00014472
8  59  0.00018234
9  59  0.00046867
10  59  0.00049410
11  59  0.00029766
12  59  0.00015609
13  59  0.00045765
14  59  0.00010487
15  59  0.00030604
16  59  0.00016529
17  59  0.00021228
18  59  0.00026289
19  59  0.00033014
20  59  0.00016745
21  59  0.00033831
22  59  0.00011381
23  59  0.00025409
24  59  0.00018069
25  59  0.00012793
26  59  0.00030759
27  59  0.00014689
28  59  0.00028965
29  59  0.00035311
30  59  0.00024124
31  59  0.00032303
32  59  0.00015980
33  59  0.00033260
34  59  0.00002847
35  59  0.00018188
36  59  0.00029524
37  59  0.00014552
38  59  0.00008230
39  59  0.00031283
40  59  0.00030817
41  59  0.00033597
42  59  0.00047826
43  59  0.00026314
44  59  0.00017099
45  59  0.00012243
46  59  0.00020378
47  59  0.00033849
48  59  0.00014188
49  59  0.00013739
50  59  0.00014736
51  59  0.00031871
52  59  0.00033667
53  59  0.00017828
54  59  0.00018463
55  59  0.00010113
56  59  0.00022620
57  59  0.00020846
58  59  0.00019383
59  59  0.00034403
60  59  0.00031236
61  59  0.00021518
62  59  0.00034573
63  59  0.00054914
0  60  0.00019031
1  60  0.00020950
2  60  0.00018480
3  60  0.00026452
4  60  0.00034857
5  60  0.00012716
6  60  0.00013538
7  60  0.00035814
8  60  0.00037288
9  60  0.00026099
10  60  0.00037075
11  60  0.00020156
12  60  0.00038872
13  60  0.00025148
14  60  0.00012387
15  60  0.00018943
16  60  0.00029201
17  60  0.00016425
18  60  0.00006816
19  60  0.00029738
20  60  0.00012320
21  60  0.00009261
22  60  0.00033273
23  60  0.00018197
24  60  0.00027439
25  60  0.00026408
26  60  0.00020140
27  60  0.00021166
28  60  0.00026962
29  60  0.00017668
30  60  0.00035922
31  60  0.00046313
32  60  0.00013699
33  60  0.00011499
34  60  0.00018962
35  60  0.00010988
36  60  0.00027507
37  60  0.00012414
38  60  0.00017585
39  60  0.00018133
40  60  0.00011847
41  60  0.00008744
42  60  0.00056935
43  60  0.00017692
44  60  0.00007679
45  60  0.00022138
46  60  0.00014324
47  60  0.00033480
48  60  0.00010440
49  60  0.00014586
50  60  0.00041411
51  60  0.00045074
52  60  0.00041979
53  60  0.00014110
54  60  0.00022469
55  60  0.00011593
56  60  0.00020553
57  60  0.00035114
58  60  0.00014729
59  60  0.00028824
60  60  0.00011943
61  60  0.00009564
62  60  0.00036553
63  60  0.00020725
0  61  0.00020391
1  61  0.00045288
2  61  0.00018367
3  61  0.00011137
4  61  0.00033813
5  61  0.00042541
6  61  0.00028534
7  61  0.00015189
8  61  0.00019826
9  61  0.00035287
10  61  0.00015482
11  61  0.00030090
12  61  0.00035495
13  61  0.00020814
14  61  0.00011990
15  61  0.00021529
16  61  0.00017315
17  61  0.00014736
18  61  0.00014068
19  61  0.00041076
20  61  0.00014438
21  61  0.00021195
22  61  0.00015124
23  61  0.00021629
24  61  0.00005340
25  61  0.00022856
26  61  0.00020284
27  61  0.00034753
28  61  0.00042414
29  61  0.00016452
30  61  0.00023847
31  61  0.00017237
32  61  0.00014760
33  61  0.00018341
34  61  0.00023385
35  61  0.00019424
36  61  0.00016338
37  61  0.00019792
38  61  0.00021747
39  61  0.00026985
40  61  0.00026088
41  61  0.00022164
42  61  0.00038274
43  61  0.00035665
44  61  0.00017419
45  61  0.00012336
46  61  0.00023931
47  61  0.00005071
48  61  0.00018178
49  61  0.00021669
50  61  0.00020178
51  61  0.00050044
52  61  0.00053452
53  61  0.00020836
54  61  0.00041411
55  61  0.00041988
56  61  0.00009358
57  61  0.00011498
58  61  0.00021699
59  61  0.00014872
60  61  0.00038560
61  61  0.00035961
62  61  0.00021806
63  61  0.00011342
0  62  0.00032104
1  62  0.00028525
2  62  0.00025381
3  62  0.00024390
4  62  0.00024102
5  62  0.00014784
6  62  0.00036128
7  62  0.00033774
8  62  0.00024663
9  62  0.00012630
10  62  0.00022001
11  62  0.00020767
12  62  0.00021358
13  62  0.00013890
14  62  0.00014310
15  62  0.00026803
16  62  0.00033989
17  62  0.00041692
18  62  0.00023047
19  62  0.00010254
20  62  0.00015072
21  62  0.00025895
22  62  0.00017933
23  62  0.00020151
24  62  0.00021949
25  62  0.00042575
26  62  0.00015239
27  62  0.00017221
28  62  0.00025950
29  62  0.00012920
30  62  0.00026582
31  62  0.00007662
32  62  0.00031368
33  62  0.00007514
34  62  0.00029691
35  62  0.00033156
36  62  0.00022790
37  62  0.00014606
38  62  0.00040597
39  62  0.00040953
40  62  0.00021106
41  62  0.00033845
42  62  0.00017162
43  62  0.00006900
44  62  0.00018920
45  62  0.00010748
46  62  0.00012818
47  62  0.00028948
48  62  0.00035845
49  62  0.00015237
50  62  0.00010249
51  62  0.00020275
52  62  0.00016422
53  62  0.00026833
54  62  0.00031163
55  62  0.00019395
56  62  0.00046281
57  62  0.00028827
58  62  0.00013448
59  62  0.00015008
60  62  0.00010747
61  62  0.00007705
62  62  0.00024687
63  62  0.00024545
0  63  0.00016269
1  63  0.00011925
2  63  0.00026558
3  63  0.00016236
4  63  0.00013068
5  63  0.00033712
6  63  0.00030673
7  63  0.00026067
8  63  0.00016837
9  63  0.00027518
10  63  0.00031512
11  63  0.00053687
12  63  0.00023770
13  63  0.00033668
14  63  0.00039484
15  63  0.00018016
16  63  0.00007122
17  63  0.00029982
18  63  0.00026849
19  63  0.00041868
20  63  0.00012565
21  63  0.00018677
22  63  0.00021918
23  63  0.00029624
24  63  0.00019380
25  63  0.00054628
26  63  0.00033556
27  63  0.00032328
28  63  0.00034675
29  63  0.00021487
30  63  0.00015704
31  63  0.00046157
32  63  0.00028130
33  63  0.00036280
34  63  0.00018969
35  63  0.00025955
36  63  0.00014317
37  63  0.00013490
38  63  0.00008180
39  63  0.00021409
40  63  0.00031663
41  63  0.00024655
42  63  0.00018770
43  63  0.00035668
44  63  0.00035863
45  63  0.00037619
46  63  0.00018093
47  63  0.00020401
48  63  0.00011658
49  63  0.00025896
50  63  0.00032109
51  63  0.00011451
52  63  0.00012985
53  63  0.00008558
54  63  0.00016749
55  63  0.00026942
56  63  0.00032366
57  63  0.00029490
58  63  0.00045154
59  63  0.00032441
60  63  0.00035826
61  63  0.00007179
62  63  0.00020063
63  63  0.00063483
