# Spinor density |Psi|^2 at t = 30 seconds
# Grid: 64 x 64
# Columns: x  y  density
0  0  0.00029352
1  0  0.00033601
2  0  0.00046852
3  0  0.00028658
4  0  0.00016729
5  0  0.00055203
6  0  0.00021739
7  0  0.00014902
8  0  0.00020041
9  0  0.00015473
10  0  0.00020238
11  0  0.00017553
12  0  0.00022291
13  0  0.00038941
14  0  0.00035797
15  0  0.00012745
16  0  0.00017482
17  0  0.00021483
18  0  0.00009232
19  0  0.00022118
20  0  0.00010219
21  0  0.00008271
22  0  0.00007880
23  0  0.00007806
24  0  0.00036881
25  0  0.00021809
26  0  0.00066234
27  0  0.00030874
28  0  0.00010250
29  0  0.00013358
30  0  0.00018432
31  0  0.00018522
32  0  0.00009687
33  0  0.00042024
34  0  0.00028674
35  0  0.00031844
36  0  0.00045429
37  0  0.00039124
38  0  0.00019815
39  0  0.00015623
40  0  0.00022624
41  0  0.00012237
42  0  0.00016955
43  0  0.00018943
44  0  0.00025251
45  0  0.00021007
46  0  0.00036998
47  0  0.00005601
48  0  0.00032635
49  0  0.00017249
50  0  0.00019002
51  0  0.00012170
52  0  0.00063739
53  0  0.00022488
54  0  0.00012136
55  0  0.00034528
56  0  0.00026720
57  0  0.00022766
58  0  0.00018171
59  0  0.00021108
60  0  0.00045343
61  0  0.00017374
62  0  0.00028392
63  0  0.00016092
0  1  0.00010202
1  1  0.00038641
2  1  0.00008335
3  1  0.00011088
4  1  0.00047578
5  1  0.00014511
6  1  0.00044569
7  1  0.00048795
8  1  0.00031441
9  1  0.00055227
10  1  0.00011777
11  1  0.00031870
12  1  0.00023916
13  1  0.00042117
14  1  0.00017681
15  1  0.00016028
16  1  0.00015313
17  1  0.00020045
18  1  0.00059239
19  1  0.00029142
20  1  0.00010634
21  1  0.00026515
22  1  0.00008604
23  1  0.00024876
24  1  0.00023861
25  1  0.00007289
26  1  0.00031622
27  1  0.00012370
28  1  0.00018236
29  1  0.00015191
30  1  0.00015565
31  1  0.00014246
32  1  0.00026885
33  1  0.00006597
34  1  0.00023686
35  1  0.00034382
36  1  0.00012956
37  1  0.00024027
38  1  0.00012751
39  1  0.00028336
40  1  0.00012820
41  1  0.00006658
42  1  0.00006623
43  1  0.00021636
44  1  0.00012402
45  1  0.00016150
46  1  0.00027264
47  1  0.00026502
48  1  0.00008492
49  1  0.00018090
50  1  0.00063352
51  1  0.00029975
52  1  0.00035867
53  1  0.00039925
54  1  0.00042584
55  1  0.00030326
56  1  0.00017733
57  1  0.00024650
58  1  0.00064043
59  1  0.00042096
60  1  0.00013513
61  1  0.00014798
62  1  0.00018685
63  1  0.00018536
0  2  0.00018412
1  2  0.00032305
2  2  0.00015846
3  2  0.00018967
4  2  0.00021732
5  2  0.00028014
6  2  0.00019922
7  2  0.00029495
8  2  0.00038475
9  2  0.00021081
10  2  0.00017920
11  2  0.00012684
12  2  0.00027397
13  2  0.00038693
14  2  0.00025834
15  2  0.00030185
16  2  0.00013419
17  2  0.00018437
18  2  0.00037352
19  2  0.00019251
20  2  0.00022422
21  2  0.00011353
22  2  0.00014639
23  2  0.00026101
24  2  0.00044268
25  2  0.00013635
26  2  0.00009643
27  2  0.00011880
28  2  0.00007462
29  2  0.00087256
30  2  0.00030564
31  2  0.00018555
32  2  0.00060459
33  2  0.00032140
34  2  0.00023605
35  2  0.00011928
36  2  0.00040210
37  2  0.00019818
38  2  0.00034450
39  2  0.00016681
40  2  0.00020869
41  2  0.00012984
42  2  0.00006231
43  2  0.00023197
44  2  0.00013917
45  2  0.00023624
46  2  0.00027614
47  2  0.00017187
48  2  0.00034720
49  2  0.00012491
50  2  0.00016535
51  2  0.00012731
52  2  0.00026640
53  2  0.00013332
54  2  0.00012123
55  2  0.00012232
56  2  0.00031288
57  2  0.00040135
58  2  0.00047226
59  2  0.00049965
60  2  0.00035631
61  2  0.00048319
62  2  0.00050483
63  2  0.00033969
0  3  0.00050833
1  3  0.00049127
2  3  0.00023767
3  3  0.00015964
4  3  0.00028981
5  3  0.00037834
6  3  0.00022158
7  3  0.00027689
8  3  0.00014885
9  3  0.00012187
10  3  0.00030709
11  3  0.00020260
12  3  0.00021771
13  3  0.00022497
14  3  0.00040012
15  3  0.00025569
16  3  0.00021637
17  3  0.00034504
18  3  0.00017329
19  3  0.00022473
20  3  0.00021376
21  3  0.00031643
22  3  0.00008748
23  3  0.00025049
24  3  0.00005158
25  3  0.00040226
26  3  0.00034136
27  3  0.00008441
28  3  0.00008273
29  3  0.00024647
30  3  0.00009919
31  3  0.00015013
32  3  0.00010969
33  3  0.00014581
34  3  0.00027324
35  3  0.00035164
36  3  0.00013534
37  3  0.00021640
38  3  0.00063957
39  3  0.00025353
40  3  0.00014862
41  3  0.00032047
42  3  0.00016923
43  3  0.00020268
44  3  0.00026779
45  3  0.00034673
46  3  0.00017452
47  3  0.00018476
48  3  0.00011462
49  3  0.00034907
50  3  0.00014523
51  3  0.00014789
52  3  0.00008935
53  3  0.00030506
54  3  0.00030482
55  3  0.00022896
56  3  0.00030881
57  3  0.00032236
58  3  0.00012490
59  3  0.00036904
60  3  0.00029524
61  3  0.00036031
62  3  0.00016639
63  3  0.00037416
0  4  0.00005920
1  4  0.00029020
2  4  0.00011470
3  4  0.00012228
4  4  0.00021120
5  4  0.00061249
6  4  0.00019570
7  4  0.00016548
8  4  0.00035257
9  4  0.00022115
10  4  0.00034166
11  4  0.00020940
12  4  0.00036041
13  4  0.00027075
14  4  0.00015838
15  4  0.00009234
16  4  0.00064693
17  4  0.00042924
18  4  0.00017510
19  4  0.00024253
20  4  0.00016234
21  4  0.00022879
22  4  0.00024158
23  4  0.00029258
24  4  0.00041811
25  4  0.00008741
26  4  0.00060039
27  4  0.00015594
28  4  0.00015704
29  4  0.00030747
30  4  0.00010497
31  4  0.00009490
32  4  0.00007212
33  4  0.00019592
34  4  0.00045599
35  4  0.00030910
36  4  0.00011323
37  4  0.00055705
38  4  0.00032354
39  4  0.00014490
40  4  0.00028478
41  4  0.00025570
42  4  0.00014985
43  4  0.00030182
44  4  0.00039526
45  4  0.00007630
46  4  0.00016925
47  4  0.00027970
48  4  0.00022032
49  4  0.00030022
50  4  0.00007291
51  4  0.00018421
52  4  0.00037275
53  4  0.00021283
54  4  0.00016833
55  4  0.00010424
56  4  0.00027542
57  4  0.00007706
58  4  0.00031193
59  4  0.00014857
60  4  0.00015942
61  4  0.00015209
62  4  0.00034048
63  4  0.00026575
0  5  0.00003950
1  5  0.00039238
2  5  0.00017679
3  5  0.00009771
4  5  0.00029877
5  5  0.00024564
6  5  0.00006974
7  5  0.00015783
8  5  0.00036919
9  5  0.00028583
10  5  0.00014295
11  5  0.00029214
12  5  0.00022536
13  5  0.00013352
14  5  0.00018391
15  5  0.00040914
16  5  0.00025485
17  5  0.00009954
18  5  0.00023182
19  5  0.00042208
20  5  0.00014794
21  5  0.00027423
22  5  0.00033828
23  5  0.00032803
24  5  0.00020775
25  5  0.00041644
26  5  0.00020825
27  5  0.00028502
28  5  0.00038455
29  5  0.00044518
30  5  0.00052483
31  5  0.00023616
32  5  0.00033893
33  5  0.00014926
34  5  0.00007838
35  5  0.00029914
36  5  0.00023752
37  5  0.00018610
38  5  0.00018006
39  5  0.00014098
40  5  0.00029865
41  5  0.00015097
42  5  0.00007228
43  5  0.00031243
44  5  0.00044650
45  5  0.00058587
46  5  0.00035908
47  5  0.00015819
48  5  0.00014910
49  5  0.00010190
50  5  0.00021510
51  5  0.00014231
52  5  0.00031704
53  5  0.00010969
54  5  0.00026289
55  5  0.00015404
56  5  0.00020447
57  5  0.00014532
58  5  0.00008107
59  5  0.00026316
60  5  0.00022324
61  5  0.00028011
62  5  0.00026975
63  5  0.00024379
0  6  0.00025484
1  6  0.00012840
2  6  0.00023151
3  6  0.00018989
4  6  0.00016797
5  6  0.00041091
6  6  0.00023558
7  6  0.00076749
8  6  0.00006594
9  6  0.00032206
10  6  0.00032479
11  6  0.00012046
12  6  0.00008544
13  6  0.00014644
14  6  0.00018847
15  6  0.00022302
16  6  0.00032425
17  6  0.00018327
18  6  0.00037850
19  6  0.00018026
20  6  0.00012532
21  6  0.00024265
22  6  0.00040478
23  6  0.00028476
24  6  0.00005080
25  6  0.00038931
26  6  0.00025141
27  6  0.00012041
28  6  0.00023302
29  6  0.00009604
30  6  0.00079238
31  6  0.00027883
32  6  0.00030991
33  6  0.00027102
34  6  0.00035574
35  6  0.00026830
36  6  0.00014184
37  6  0.00019390
38  6  0.00009131
39  6  0.00030658
40  6  0.00055452
41  6  0.00012953
42  6  0.00010779
43  6  0.00010616
44  6  0.00013679
45  6  0.00019415
46  6  0.00021364
47  6  0.00016768
48  6  0.00044103
49  6  0.00010726
50  6  0.00029730
51  6  0.00027253
52  6  0.00054073
53  6  0.00028666
54  6  0.00027914
55  6  0.00016352
56  6  0.00022914
57  6  0.00020792
58  6  0.00034240
59  6  0.00030009
60  6  0.00025827
61  6  0.00014349
62  6  0.00040262
63  6  0.00012435
0  7  0.00017859
1  7  0.00017000
2  7  0.00013827
3  7  0.00033070
4  7  0.00051180
5  7  0.00007782
6  7  0.00025722
7  7  0.00026423
8  7  0.00018702
9  7  0.00026409
10  7  0.00013953
11  7  0.00055797
12  7  0.00010386
13  7  0.00042214
14  7  0.00017744
15  7  0.00014775
16  7  0.00031096
17  7  0.00019393
18  7  0.00041703
19  7  0.00028680
20  7  0.00006083
21  7  0.00035872
22  7  0.00018463
23  7  0.00026137
24  7  0.00007618
25  7  0.00051541
26  7  0.00028061
27  7  0.00022856
28  7  0.00052385
29  7  0.00013814
30  7  0.00018076
31  7  0.00017923
32  7  0.00020315
33  7  0.00043739
34  7  0.00009753
35  7  0.00018647
36  7  0.00032306
37  7  0.00018612
38  7  0.00023545
39  7  0.00011477
40  7  0.00031424
41  7  0.00027796
42  7  0.00014942
43  7  0.00023478
44  7  0.00013341
45  7  0.00041874
46  7  0.00021151
47  7  0.00034996
48  7  0.00022395
49  7  0.00015959
50  7  0.00028374
51  7  0.00009016
52  7  0.00018427
53  7  0.00032304
54  7  0.00047812
55  7  0.00006682
56  7  0.00011710
57  7  0.00029032
58  7  0.00033263
59  7  0.00025936
60  7  0.00021383
61  7  0.00026750
62  7  0.00038756
63  7  0.00026222
0  8  0.00014547
1  8  0.00032676
2  8  0.00024466
3  8  0.00009642
4  8  0.00032217
5  8  0.00024424
6  8  0.00024616
7  8  0.00005206
8  8  0.00043809
9  8  0.00029082
10  8  0.00006192
11  8  0.00044591
12  8  0.00080205
13  8  0.00021233
14  8  0.00027582
15  8  0.00034418
16  8  0.00017770
17  8  0.00027669
18  8  0.00020584
19  8  0.00031273
20  8  0.00025797
21  8  0.00011676
22  8  0.00023738
23  8  0.00008753
24  8  0.00058429
25  8  0.00009744
26  8  0.00027234
27  8  0.00037543
28  8  0.00018169
29  8  0.00029921
30  8  0.00045322
31  8  0.00026975
32  8  0.00035472
33  8  0.00032490
34  8  0.00015650
35  8  0.00017120
36  8  0.00029122
37  8  0.00021619
38  8  0.00029998
39  8  0.00015983
40  8  0.00027700
41  8  0.00019525
42  8  0.00015423
43  8  0.00035154
44  8  0.00006965
45  8  0.00033617
46  8  0.00032456
47  8  0.00013216
48  8  0.00020529
49  8  0.00055430
50  8  0.00037526
51  8  0.00009120
52  8  0.00019876
53  8  0.00016087
54  8  0.00016902
55  8  0.00018377
56  8  0.00041381
57  8  0.00020255
58  8  0.00011407
59  8  0.00022528
60  8  0.00031690
61  8  0.00010976
62  8  0.00006648
63  8  0.00014661
0  9  0.00022659
1  9  0.00027975
2  9  0.00018940
3  9  0.00010982
4  9  0.00012078
5  9  0.00026458
6  9  0.00023893
7  9  0.00027347
8  9  0.00026868
9  9  0.00032728
10  9  0.00022727
11  9  0.00006841
12  9  0.00020474
13  9  0.00029883
14  9  0.00004890
15  9  0.00033930
16  9  0.00043507
17  9  0.00064751
18  9  0.00036312
19  9  0.00032018
20  9  0.00025010
21  9  0.00019728
22  9  0.00030047
23  9  0.00016280
24  9  0.00017812
25  9  0.00046891
26  9  0.00034196
27  9  0.00011160
28  9  0.00018640
29  9  0.00025036
30  9  0.00014785
31  9  0.00027837
32  9  0.00024518
33  9  0.00028188
34  9  0.00045034
35  9  0.00010287
36  9  0.00031053
37  9  0.00036618
38  9  0.00021182
39  9  0.00027232
40  9  0.00017030
41  9  0.00027135
42  9  0.00032848
43  9  0.00058324
44  9  0.00005419
45  9  0.00021357
46  9  0.00034474
47  9  0.00016565
48  9  0.00022689
49  9  0.00027666
50  9  0.00039255
51  9  0.00048068
52  9  0.00037136
53  9  0.00021545
54  9  0.00030199
55  9  0.00036365
56  9  0.00020187
57  9  0.00033313
58  9  0.00050338
59  9  0.00011520
60  9  0.00014347
61  9  0.00007560
62  9  0.00017885
63  9  0.00022444
0  10  0.00027305
1  10  0.00021101
2  10  0.00014927
3  10  0.00018698
4  10  0.00022131
5  10  0.00013987
6  10  0.00017949
7  10  0.00009432
8  10  0.00013347
9  10  0.00027289
10  10  0.00024412
11  10  0.00013594
12  10  0.00020301
13  10  0.00025538
14  10  0.00026070
15  10  0.00012816
16  10  0.00002376
17  10  0.00023916
18  10  0.00015065
19  10  0.00035572
20  10  0.00027707
21  10  0.00022380
22  10  0.00029593
23  10  0.00019305
24  10  0.00017363
25  10  0.00027821
26  10  0.00034634
27  10  0.00031708
28  10  0.00023792
29  10  0.00028499
30  10  0.00021436
31  10  0.00033773
32  10  0.00027657
33  10  0.00026305
34  10  0.00020913
35  10  0.00019900
36  10  0.00030753
37  10  0.00028761
38  10  0.00014959
39  10  0.00027249
40  10  0.00037003
41  10  0.00031011
42  10  0.00030078
43  10  0.00011283
44  10  0.00048577
45  10  0.00019972
46  10  0.00021359
47  10  0.00021600
48  10  0.00030870
49  10  0.00019213
50  10  0.00037244
51  10  0.00043415
52  10  0.00070661
53  10  0.00020956
54  10  0.00021503
55  10  0.00054707
56  10  0.00021974
57  10  0.00030015
58  10  0.00034818
59  10  0.00015945
60  10  0.00012564
61  10  0.00027038
62  10  0.00045433
63  10  0.00038777
0  11  0.00004746
1  11  0.00007211
2  11  0.00022656
3  11  0.00035393
4  11  0.00027991
5  11  0.00016964
6  11  0.00028109
7  11  0.00015809
8  11  0.00017747
9  11  0.00023739
10  11  0.00030249
11  11  0.00011874
12  11  0.00041523
13  11  0.00023644
14  11  0.00019153
15  11  0.00016305
16  11  0.00014620
17  11  0.00014803
18  11  0.00010322
19  11  0.00009004
20  11  0.00007550
21  11  0.00032697
22  11  0.00023081
23  11  0.00043852
24  11  0.00031315
25  11  0.00028676
26  11  0.00014220
27  11  0.00031594
28  11  0.00022306
29  11  0.00017270
30  11  0.00028603
31  11  0.00025125
32  11  0.00021684
33  11  0.00022281
34  11  0.00017097
35  11  0.00029865
36  11  0.00026139
37  11  0.00004861
38  11  0.00018883
39  11  0.00051875
40  11  0.00018977
41  11  0.00026683
42  11  0.00037161
43  11  0.00010372
44  11  0.00054721
45  11  0.00021031
46  11  0.00028937
47  11  0.00011951
48  11  0.00014777
49  11  0.00019302
50  11  0.00009747
51  11  0.00010048
52  11  0.00017777
53  11  0.00025875
54  11  0.00017634
55  11  0.00013173
56  11  0.00041670
57  11  0.00029686
58  11  0.00012295
59  11  0.00015902
60  11  0.00028982
61  11  0.00020995
62  11  0.00037704
63  11  0.00023950
0  12  0.00034471
1  12  0.00023575
2  12  0.00012204
3  12  0.00007537
4  12  0.00017009
5  12  0.00013735
6  12  0.00037339
7  12  0.00019438
8  12  0.00021950
9  12  0.00019344
10  12  0.00019582
11  12  0.00012383
12  12  0.00024445
13  12  0.00030460
14  12  0.00030431
15  12  0.00029003
16  12  0.00029624
17  12  0.00009181
18  12  0.00052061
19  12  0.00041916
20  12  0.00033714
21  12  0.00052812
22  12  0.00032118
23  12  0.00020428
24  12  0.00018121
25  12  0.00015657
26  12  0.00024181
27  12  0.00018302
28  12  0.00037456
29  12  0.00016142
30  12  0.00047510
31  12  0.00019111
32  12  0.00010234
33  12  0.00032343
34  12  0.00019769
35  12  0.00019194
36  12  0.00005721
37  12  0.00018599
38  12  0.00016955
39  12  0.00019502
40  12  0.00057300
41  12  0.00017803
42  12  0.00027385
43  12  0.00033834
44  12  0.00036439
45  12  0.00015704
46  12  0.00048666
47  12  0.00027664
48  12  0.00026245
49  12  0.00019188
50  12  0.00007544
51  12  0.00020810
52  12  0.00014600
53  12  0.00015635
54  12  0.00008247
55  12  0.00016030
56  12  0.00022900
57  12  0.00021956
58  12  0.00024984
59  12  0.00017304
60  12  0.00016040
61  12  0.00049290
62  12  0.00028472
63  12  0.00008670
0  13  0.00020013
1  13  0.00026062
2  13  0.00028195
3  13  0.00025540
4  13  0.00034181
5  13  0.00019569
6  13  0.00021849
7  13  0.00033474
8  13  0.00031244
9  13  0.00027796
10  13  0.00030824
11  13  0.00010287
12  13  0.00022822
13  13  0.00014342
14  13  0.00043420
15  13  0.00016007
16  13  0.00020843
17  13  0.00018740
18  13  0.00035682
19  13  0.00024982
20  13  0.00028747
21  13  0.00017626
22  13  0.00025278
23  13  0.00026300
24  13  0.00015851
25  13  0.00017793
26  13  0.00018550
27  13  0.00004063
28  13  0.00047253
29  13  0.00035003
30  13  0.00025591
31  13  0.00036361
32  13  0.00018883
33  13  0.00023271
34  13  0.00033728
35  13  0.00017982
36  13  0.00016283
37  13  0.00003873
38  13  0.00023822
39  13  0.00024684
40  13  0.00017196
41  13  0.00029630
42  13  0.00020376
43  13  0.00034808
44  13  0.00017230
45  13  0.00023288
46  13  0.00031644
47  13  0.00032092
48  13  0.00016711
49  13  0.00026517
50  13  0.00022554
51  13  0.00017727
52  13  0.00022387
53  13  0.00011589
54  13  0.00028198
55  13  0.00026466
56  13  0.00011952
57  13  0.00026599
58  13  0.00025198
59  13  0.00008840
60  13  0.00023501
61  13  0.00017958
62  13  0.00016468
63  13  0.00025215
0  14  0.00020785
1  14  0.00007316
2  14  0.00026636
3  14  0.00010254
4  14  0.00021880
5  14  0.00024555
6  14  0.00032632
7  14  0.00013707
8  14  0.00022449
9  14  0.00004864
10  14  0.00023701
11  14  0.00028721
12  14  0.00011097
13  14  0.00034481
14  14  0.00029325
15  14  0.00020123
16  14  0.00014076
17  14  0.00016293
18  14  0.00021752
19  14  0.00021924
20  14  0.00013437
21  14  0.00016772
22  14  0.00019718
23  14  0.00013927
24  14  0.00053876
25  14  0.00017501
26  14  0.00019949
27  14  0.00023480
28  14  0.00025971
29  14  0.00048874
30  14  0.00024628
31  14  0.00063546
32  14  0.00025185
33  14  0.00034155
34  14  0.00008613
35  14  0.00014990
36  14  0.00036412
37  14  0.00018705
38  14  0.00026765
39  14  0.00050691
40  14  0.00018660
41  14  0.00040822
42  14  0.00033190
43  14  0.00030195
44  14  0.00040881
45  14  0.00013984
46  14  0.00058157
47  14  0.00016471
48  14  0.00012897
49  14  0.00009640
50  14  0.00030275
51  14  0.00024525
52  14  0.00019662
53  14  0.00031688
54  14  0.00007790
55  14  0.00019361
56  14  0.00025054
57  14  0.00049857
58  14  0.00039512
59  14  0.00020956
60  14  0.00037259
61  14  0.00050562
62  14  0.00019782
63  14  0.00043089
0  15  0.00026145
1  15  0.00034601
2  15  0.00031156
3  15  0.00018391
4  15  0.00042975
5  15  0.00017251
6  15  0.00038359
7  15  0.00014688
8  15  0.00018783
9  15  0.00018733
10  15  0.00030180
11  15  0.00011037
12  15  0.00025904
13  15  0.00015972
14  15  0.00008121
15  15  0.00034470
16  15  0.00022145
17  15  0.00006680
18  15  0.00033939
19  15  0.00011476
20  15  0.00044791
21  15  0.00015983
22  15  0.00045922
23  15  0.00025816
24  15  0.00025797
25  15  0.00037807
26  15  0.00011917
27  15  0.00027818
28  15  0.00012808
29  15  0.00019666
30  15  0.00015212
31  15  0.00026260
32  15  0.00054025
33  15  0.00032913
34  15  0.00017804
35  15  0.00037590
36  15  0.00020127
37  15  0.00013430
38  15  0.00015350
39  15  0.00029989
40  15  0.00030823
41  15  0.00015721
42  15  0.00029354
43  15  0.00014147
44  15  0.00024179
45  15  0.00021515
46  15  0.00015004
47  15  0.00043043
48  15  0.00033598
49  15  0.00014625
50  15  0.00043344
51  15  0.00013328
52  15  0.00005924
53  15  0.00007905
54  15  0.00023290
55  15  0.00069594
56  15  0.00028257
57  15  0.00020188
58  15  0.00056805
59  15  0.00017650
60  15  0.00014881
61  15  0.00010188
62  15  0.00018115
63  15  0.00027395
0  16  0.00011478
1  16  0.00024979
2  16  0.00015987
3  16  0.00027165
4  16  0.00030507
5  16  0.00023184
6  16  0.00032411
7  16  0.00019326
8  16  0.00024751
9  16  0.00041747
10  16  0.00035139
11  16  0.00005498
12  16  0.00006639
13  16  0.00017054
14  16  0.00013181
15  16  0.00033307
16  16  0.00030885
17  16  0.00023233
18  16  0.00052846
19  16  0.00022686
20  16  0.00021480
21  16  0.00032502
22  16  0.00038375
23  16  0.00008146
24  16  0.00029968
25  16  0.00047722
26  16  0.00047593
27  16  0.00028155
28  16  0.00014592
29  16  0.00038075
30  16  0.00033638
31  16  0.00024972
32  16  0.00036235
33  16  0.00015408
34  16  0.00006899
35  16  0.00020434
36  16  0.00012734
37  16  0.00015761
38  16  0.00035528
39  16  0.00037591
40  16  0.00019809
41  16  0.00011027
42  16  0.00025855
43  16  0.00018797
44  16  0.00013938
45  16  0.00017104
46  16  0.00054918
47  16  0.00023664
48  16  0.00023603
49  16  0.00021237
50  16  0.00029875
51  16  0.00010031
52  16  0.00014421
53  16  0.00048710
54  16  0.00038920
55  16  0.00033230
56  16  0.00010362
57  16  0.00041153
58  16  0.00022273
59  16  0.00010763
60  16  0.00026442
61  16  0.00041593
62  16  0.00024242
63  16  0.00042095
0  17  0.00004248
1  17  0.00024074
2  17  0.00017484
3  17  0.00031689
4  17  0.00029495
5  17  0.00008172
6  17  0.00020606
7  17  0.00015625
8  17  0.00025967
9  17  0.00007661
10  17  0.00020162
11  17  0.00020494
12  17  0.00039867
13  17  0.00008770
14  17  0.00011456
15  17  0.00028509
16  17  0.00007142
17  17  0.00023081
18  17  0.00046104
19  17  0.00014168
20  17  0.00017831
21  17  0.00012303
22  17  0.00026139
23  17  0.00036786
24  17  0.00023410
25  17  0.00031134
26  17  0.00014160
27  17  0.00023071
28  17  0.00060187
29  17  0.00027469
30  17  0.00003475
31  17  0.00010300
32  17  0.00042364
33  17  0.00017928
34  17  0.00007233
35  17  0.00008866
36  17  0.00036343
37  17  0.00048738
38  17  0.00023895
39  17  0.00016409
40  17  0.00021711
41  17  0.00027102
42  17  0.00027745
43  17  0.00008565
44  17  0.00005872
45  17  0.00001827
46  17  0.00030269
47  17  0.00012085
48  17  0.00021533
49  17  0.00040122
50  17  0.00023769
51  17  0.00041035
52  17  0.00025375
53  17  0.00029406
54  17  0.00024602
55  17  0.00023987
56  17  0.00025225
57  17  0.00030796
58  17  0.00020886
59  17  0.00024085
60  17  0.00019308
61  17  0.00016525
62  17  0.00031418
63  17  0.00033753
0  18  0.00035620
1  18  0.00026489
2  18  0.00019137
3  18  0.00065558
4  18  0.00042165
5  18  0.00021314
6  18  0.00009767
7  18  0.00024228
8  18  0.00007439
9  18  0.00022095
10  18  0.00022382
11  18  0.00031933
12  18  0.00019456
13  18  0.00053081
14  18  0.00015737
15  18  0.00019150
16  18  0.00037772
17  18  0.00017405
18  18  0.00021696
19  18  0.00016827
20  18  0.00032812
21  18  0.00024041
22  18  0.00014385
23  18  0.00015783
24  18  0.00021471
25  18  0.00046176
26  18  0.00040554
27  18  0.00012862
28  18  0.00034398
29  18  0.00008826
30  18  0.00012757
31  18  0.00017845
32  18  0.00047031
33  18  0.00021250
34  18  0.00024146
35  18  0.00020178
36  18  0.00011754
37  18  0.00015833
38  18  0.00026259
39  18  0.00021007
40  18  0.00023364
41  18  0.00018588
42  18  0.00024791
43  18  0.00015680
44  18  0.00024879
45  18  0.00014729
46  18  0.00014108
47  18  0.00051229
48  18  0.00017162
49  18  0.00031569
50  18  0.00024025
51  18  0.00014083
52  18  0.00032398
53  18  0.00019637
54  18  0.00012292
55  18  0.00049981
56  18  0.00015132
57  18  0.00026141
58  18  0.00014909
59  18  0.00018646
60  18  0.00010242
61  18  0.00013679
62  18  0.00023154
63  18  0.00019306
0  19  0.00021227
1  19  0.00018954
2  19  0.00032312
3  19  0.00020718
4  19  0.00050541
5  19  0.00021196
6  19  0.00022516
7  19  0.00031595
8  19  0.00026931
9  19  0.00029263
10  19  0.00009992
11  19  0.00013184
12  19  0.00021549
13  19  0.00021969
14  19  0.00015764
15  19  0.00019636
16  19  0.00027131
17  19  0.00024731
18  19  0.00020473
19  19  0.00015141
20  19  0.00011682
21  19  0.00016842
22  19  0.00025544
23  19  0.00015096
24  19  0.00041766
25  19  0.00036573
26  19  0.00042730
27  19  0.00029178
28  19  0.00015094
29  19  0.00013421
30  19  0.00041161
31  19  0.00014777
32  19  0.00020627
33  19  0.00034067
34  19  0.00025036
35  19  0.00073124
36  19  0.00014211
37  19  0.00017816
38  19  0.00032530
39  19  0.00012071
40  19  0.00025433
41  19  0.00015669
42  19  0.00014874
43  19  0.00016618
44  19  0.00067674
45  19  0.00021504
46  19  0.00031220
47  19  0.00057267
48  19  0.00016993
49  19  0.00026519
50  19  0.00016276
51  19  0.00013051
52  19  0.00019028
53  19  0.00009910
54  19  0.00012083
55  19  0.00023979
56  19  0.00019613
57  19  0.00020884
58  19  0.00025456
59  19  0.00034043
60  19  0.00018558
61  19  0.00020808
62  19  0.00018193
63  19  0.00020604
0  20  0.00016604
1  20  0.00010858
2  20  0.00019282
3  20  0.00019743
4  20  0.00017255
5  20  0.00010443
6  20  0.00041613
7  20  0.00026203
8  20  0.00016469
9  20  0.00026213
10  20  0.00043455
11  20  0.00028083
12  20  0.00011995
13  20  0.00013691
14  20  0.00029726
15  20  0.00024448
16  20  0.00038544
17  20  0.00025698
18  20  0.00012403
19  20  0.00033671
20  20  0.00027214
21  20  0.00012822
22  20  0.00012515
23  20  0.00035371
24  20  0.00022809
25  20  0.00019052
26  20  0.00016040
27  20  0.00018710
28  20  0.00011246
29  20  0.00043226
30  20  0.00031421
31  20  0.00007663
32  20  0.00018395
33  20  0.00014808
34  20  0.00025349
35  20  0.00011924
36  20  0.00016932
37  20  0.00020050
38  20  0.00040212
39  20  0.00027987
40  20  0.00018436
41  20  0.00015175
42  20  0.00046175
43  20  0.00032131
44  20  0.00039661
45  20  0.00032879
46  20  0.00012679
47  20  0.00037359
48  20  0.00020460
49  20  0.00024241
50  20  0.00013720
51  20  0.00040103
52  20  0.00025658
53  20  0.00011825
54  20  0.00024345
55  20  0.00013611
56  20  0.00014232
57  20  0.00020632
58  20  0.00025432
59  20  0.00028506
60  20  0.00032183
61  20  0.00019521
62  20  0.00025828
63  20  0.00015954
0  21  0.00016471
1  21  0.00010521
2  21  0.00023052
3  21  0.00035359
4  21  0.00028515
5  21  0.00023119
6  21  0.00019037
7  21  0.00017456
8  21  0.00029183
9  21  0.00013694
10  21  0.00022132
11  21  0.00020682
12  21  0.00044392
13  21  0.00017874
14  21  0.00027484
15  21  0.00011621
16  21  0.00017576
17  21  0.00011935
18  21  0.00021789
19  21  0.00035197
20  21  0.00013237
21  21  0.00045540
22  21  0.00023073
23  21  0.00028829
24  21  0.00020910
25  21  0.00028461
26  21  0.00026307
27  21  0.00021438
28  21  0.00028883
29  21  0.00028666
30  21  0.00005587
31  21  0.00014405
32  21  0.00026455
33  21  0.00027253
34  21  0.00017140
35  21  0.00037563
36  21  0.00023218
37  21  0.00034782
38  21  0.00038184
39  21  0.00021612
40  21  0.00016833
41  21  0.00026097
42  21  0.00021504
43  21  0.00006583
44  21  0.00028123
45  21  0.00023107
46  21  0.00008956
47  21  0.00010712
48  21  0.00034188
49  21  0.00014171
50  21  0.00021390
51  21  0.00033208
52  21  0.00014596
53  21  0.00023519
54  21  0.00013594
55  21  0.00017915
56  21  0.00012827
57  21  0.00024951
58  21  0.00008807
59  21  0.00016887
60  21  0.00024435
61  21  0.00023486
62  21  0.00025154
63  21  0.00011425
0  22  0.00027972
1  22  0.00030135
2  22  0.00009900
3  22  0.00025281
4  22  0.00019207
5  22  0.00028703
6  22  0.00010034
7  22  0.00031235
8  22  0.00018528
9  22  0.00020254
10  22  0.00034837
11  22  0.00036963
12  22  0.00020235
13  22  0.00024556
14  22  0.00032576
15  22  0.00025965
16  22  0.00047741
17  22  0.00018846
18  22  0.00003758
19  22  0.00023499
20  22  0.00033613
21  22  0.00019953
22  22  0.00031572
23  22  0.00009578
24  22  0.00023970
25  22  0.00009091
26  22  0.00032978
27  22  0.00030860
28  22  0.00031815
29  22  0.00040266
30  22  0.00011770
31  22  0.00026068
32  22  0.00028639
33  22  0.00021121
34  22  0.00014178
35  22  0.00017484
36  22  0.00015452
37  22  0.00021135
38  22  0.00036747
39  22  0.00046035
40  22  0.00007497
41  22  0.00012016
42  22  0.00006685
43  22  0.00016349
44  22  0.00067475
45  22  0.00007963
46  22  0.00014116
47  22  0.00010440
48  22  0.00034295
49  22  0.00031460
50  22  0.00011529
51  22  0.00011273
52  22  0.00028245
53  22  0.00024771
54  22  0.00020299
55  22  0.00025447
56  22  0.00030183
57  22  0.00014329
58  22  0.00029787
59  22  0.00020921
60  22  0.00003011
61  22  0.00024176
62  22  0.00041081
63  22  0.00024909
0  23  0.00027075
1  23  0.00018966
2  23  0.00014760
3  23  0.00012661
4  23  0.00014530
5  23  0.00004668
6  23  0.00009076
7  23  0.00020486
8  23  0.00018537
9  23  0.00014345
10  23  0.00026478
11  23  0.00015794
12  23  0.00039498
13  23  0.00039859
14  23  0.00020111
15  23  0.00021056
16  23  0.00018194
17  23  0.00028567
18  23  0.00029678
19  23  0.00038687
20  23  0.00019714
21  23  0.00048833
22  23  0.00019314
23  23  0.00039041
24  23  0.00009969
25  23  0.00022091
26  23  0.00031936
27  23  0.00013961
28  23  0.00018834
29  23  0.00040988
30  23  0.00014013
31  23  0.00017605
32  23  0.00042292
33  23  0.00014509
34  23  0.00018988
35  23  0.00025054
36  23  0.00024394
37  23  0.00020927
38  23  0.00014063
39  23  0.00037176
40  23  0.00021109
41  23  0.00028366
42  23  0.00017746
43  23  0.00018673
44  23  0.00064653
45  23  0.00027438
46  23  0.00018771
47  23  0.00010504
48  23  0.00011869
49  23  0.00016820
50  23  0.00016470
51  23  0.00019698
52  23  0.00030313
53  23  0.00025814
54  23  0.00039738
55  23  0.00024527
56  23  0.00016276
57  23  0.00026318
58  23  0.00014873
59  23  0.00047970
60  23  0.00035686
61  23  0.00006974
62  23  0.00021960
63  23  0.00019001
0  24  0.00019028
1  24  0.00031186
2  24  0.00009849
3  24  0.00033689
4  24  0.00015617
5  24  0.00021038
6  24  0.00027454
7  24  0.00014531
8  24  0.00050406
9  24  0.00044907
10  24  0.00024359
11  24  0.00016191
12  24  0.00040300
13  24  0.00029692
14  24  0.00009361
15  24  0.00012462
16  24  0.00054776
17  24  0.00015128
18  24  0.00018801
19  24  0.00034667
20  24  0.00012299
21  24  0.00015111
22  24  0.00034752
23  24  0.00011921
24  24  0.00011173
25  24  0.00016158
26  24  0.00018223
27  24  0.00015451
28  24  0.00024816
29  24  0.00010189
30  24  0.00026776
31  24  0.00016017
32  24  0.00022870
33  24  0.00033473
34  24  0.00029955
35  24  0.00010351
36  24  0.00011012
37  24  0.00008048
38  24  0.00018868
39  24  0.00018830
40  24  0.00017038
41  24  0.00020352
42  24  0.00034219
43  24  0.00025129
44  24  0.00031248
45  24  0.00017788
46  24  0.00027631
47  24  0.00024616
48  24  0.00022197
49  24  0.00012470
50  24  0.00019039
51  24  0.00015105
52  24  0.00047991
53  24  0.00015750
54  24  0.00019718
55  24  0.00012938
56  24  0.00016414
57  24  0.00030156
58  24  0.00042565
59  24  0.00030223
60  24  0.00014967
61  24  0.00016226
62  24  0.00027224
63  24  0.00025625
0  25  0.00019567
1  25  0.00017077
2  25  0.00034092
3  25  0.00026653
4  25  0.00057886
5  25  0.00013394
6  25  0.00018673
7  25  0.00039604
8  25  0.00033628
9  25  0.00035518
10  25  0.00010608
11  25  0.00015052
12  25  0.00017869
13  25  0.00021887
14  25  0.00016480
15  25  0.00023055
16  25  0.00030012
17  25  0.00007237
18  25  0.00023029
19  25  0.00022729
20  25  0.00016572
21  25  0.00023817
22  25  0.00031585
23  25  0.00027445
24  25  0.00009812
25  25  0.00015307
26  25  0.00034775
27  25  0.00039626
28  25  0.00029868
29  25  0.00013958
30  25  0.00032531
31  25  0.00015420
32  25  0.00023227
33  25  0.00022372
34  25  0.00017930
35  25  0.00006765
36  25  0.00019221
37  25  0.00011878
38  25  0.00014350
39  25  0.00017915
40  25  0.00018033
41  25  0.00021999
42  25  0.00032979
43  25  0.00051723
44  25  0.00021204
45  25  0.00019575
46  25  0.00045048
47  25  0.00017154
48  25  0.00019243
49  25  0.00027787
50  25  0.00028097
51  25  0.00014015
52  25  0.00035076
53  25  0.00013232
54  25  0.00034458
55  25  0.00018541
56  25  0.00011202
57  25  0.00007100
58  25  0.00049326
59  25  0.00045340
60  25  0.00016838
61  25  0.00015604
62  25  0.00043709
63  25  0.00009192
0  26  0.00012307
1  26  0.00028429
2  26  0.00034790
3  26  0.00040022
4  26  0.00032676
5  26  0.00049320
6  26  0.00034598
7  26  0.00015423
8  26  0.00025824
9  26  0.00018836
10  26  0.00018550
11  26  0.00012616
12  26  0.00011685
13  26  0.00031324
14  26  0.00006186
15  26  0.00012729
16  26  0.00015188
17  26  0.00032997
18  26  0.00047820
19  26  0.00016839
20  26  0.00011763
21  26  0.00035656
22  26  0.00028959
23  26  0.00037551
24  26  0.00022092
25  26  0.00024692
26  26  0.00035595
27  26  0.00033999
28  26  0.00015903
29  26  0.00030026
30  26  0.00019171
31  26  0.00025124
32  26  0.00026865
33  26  0.00023691
34  26  0.00015178
35  26  0.00019483
36  26  0.00037849
37  26  0.00029075
38  26  0.00027850
39  26  0.00012546
40  26  0.00013882
41  26  0.00026867
42  26  0.00022918
43  26  0.00012531
44  26  0.00006280
45  26  0.00036930
46  26  0.00011484
47  26  0.00014784
48  26  0.00015546
49  26  0.00027410
50  26  0.00019082
51  26  0.00037442
52  26  0.00010860
53  26  0.00007989
54  26  0.00020892
55  26  0.00031266
56  26  0.00031366
57  26  0.00024840
58  26  0.00018708
59  26  0.00023733
60  26  0.00035446
61  26  0.00016679
62  26  0.00022943
63  26  0.00026028
0  27  0.00014452
1  27  0.00019980
2  27  0.00021627
3  27  0.00020750
4  27  0.00013335
5  27  0.00029475
6  27  0.00032085
7  27  0.00029202
8  27  0.00025959
9  27  0.00031321
10  27  0.00032407
11  27  0.00023159
12  27  0.00016024
13  27  0.00030761
14  27  0.00012661
15  27  0.00031578
16  27  0.00023655
17  27  0.00018919
18  27  0.00034585
19  27  0.00027614
20  27  0.00018095
21  27  0.00012151
22  27  0.00017320
23  27  0.00029546
24  27  0.00019538
25  27  0.00036438
26  27  0.00021167
27  27  0.00023670
28  27  0.00028359
29  27  0.00043359
30  27  0.00027930
31  27  0.00023175
32  27  0.00043888
33  27  0.00041690
34  27  0.00004805
35  27  0.00006893
36  27  0.00020307
37  27  0.00030489
38  27  0.00029625
39  27  0.00051219
40  27  0.00023410
41  27  0.00026288
42  27  0.00018411
43  27  0.00016215
44  27  0.00010366
45  27  0.00031490
46  27  0.00015341
47  27  0.00011320
48  27  0.00004548
49  27  0.00010859
50  27  0.00016011
51  27  0.00017548
52  27  0.00008388
53  27  0.00015301
54  27  0.00037451
55  27  0.00018126
56  27  0.00032175
57  27  0.00013955
58  27  0.00017912
59  27  0.00037298
60  27  0.00052407
61  27  0.00025487
62  27  0.00008701
63  27  0.00018428
0  28  0.00022921
1  28  0.00017614
2  28  0.00021262
3  28  0.00050107
4  28  0.00025193
5  28  0.00026942
6  28  0.00048192
7  28  0.00016836
8  28  0.00026995
9  28  0.00013336
10  28  0.00014113
11  28  0.00023278
12  28  0.00005236
13  28  0.00024380
14  28  0.00009387
15  28  0.00046366
16  28  0.00014411
17  28  0.00004987
18  28  0.00021570
19  28  0.00014482
20  28  0.00018576
21  28  0.00013835
22  28  0.00022730
23  28  0.00019179
24  28  0.00036848
25  28  0.00017424
26  28  0.00024789
27  28  0.00005445
28  28  0.00019328
29  28  0.00035702
30  28  0.00014432
31  28  0.00028838
32  28  0.00011497
33  28  0.00028292
34  28  0.00035764
35  28  0.00030339
36  28  0.00011792
37  28  0.00023953
38  28  0.00019378
39  28  0.00033688
40  28  0.00012840
41  28  0.00048974
42  28  0.00013486
43  28  0.00043400
44  28  0.00020320
45  28  0.00060900
46  28  0.00021592
47  28  0.00038676
48  28  0.00035874
49  28  0.00025224
50  28  0.00003665
51  28  0.00009434
52  28  0.00035401
53  28  0.00014144
54  28  0.00021190
55  28  0.00034194
56  28  0.00030144
57  28  0.00021161
58  28  0.00026880
59  28  0.00028585
60  28  0.00007933
61  28  0.00040340
62  28  0.00017264
63  28  0.00016948
0  29  0.00047007
1  29  0.00006872
2  29  0.00035250
3  29  0.00007617
4  29  0.00004970
5  29  0.00012406
6  29  0.00053873
7  29  0.00048616
8  29  0.00018680
9  29  0.00010109
10  29  0.00034190
11  29  0.00038458
12  29  0.00027769
13  29  0.00042702
14  29  0.00019082
15  29  0.00034108
16  29  0.00031028
17  29  0.00029031
18  29  0.00013496
19  29  0.00019311
20  29  0.00015055
21  29  0.00011820
22  29  0.00042404
23  29  0.00020591
24  29  0.00041959
25  29  0.00027543
26  29  0.00025634
27  29  0.00025726
28  29  0.00045301
29  29  0.00034476
30  29  0.00019137
31  29  0.00029757
32  29  0.00015777
33  29  0.00010304
34  29  0.00028827
35  29  0.00050185
36  29  0.00033782
37  29  0.00020053
38  29  0.00022467
39  29  0.00025095
40  29  0.00033797
41  29  0.00006684
42  29  0.00020607
43  29  0.00027842
44  29  0.00007919
45  29  0.00030840
46  29  0.00028040
47  29  0.00021294
48  29  0.00012090
49  29  0.00011810
50  29  0.00016710
51  29  0.00037729
52  29  0.00052311
53  29  0.00034249
54  29  0.00024224
55  29  0.00024924
56  29  0.00014959
57  29  0.00020130
58  29  0.00021727
59  29  0.00011089
60  29  0.00032130
61  29  0.00019259
62  29  0.00032875
63  29  0.00012896
0  30  0.00045089
1  30  0.00039576
2  30  0.00044844
3  30  0.00027701
4  30  0.00027971
5  30  0.00017838
6  30  0.00037409
7  30  0.00040580
8  30  0.00011409
9  30  0.00027911
10  30  0.00023141
11  30  0.00015394
12  30  0.00031514
13  30  0.00031358
14  30  0.00020205
15  30  0.00049127
16  30  0.00011448
17  30  0.00008307
18  30  0.00034062
19  30  0.00016585
20  30  0.00035239
21  30  0.00034332
22  30  0.00021979
23  30  0.00027825
24  30  0.00010624
25  30  0.00044073
26  30  0.00009948
27  30  0.00045130
28  30  0.00028852
29  30  0.00019919
30  30  0.00022956
31  30  0.00024276
32  30  0.00026666
33  30  0.00035522
34  30  0.00031567
35  30  0.00009420
36  30  0.00057757
37  30  0.00013615
38  30  0.00029174
39  30  0.00023182
40  30  0.00026222
41  30  0.00021274
42  30  0.00018678
43  30  0.00029237
44  30  0.00025025
45  30  0.00014154
46  30  0.00023386
47  30  0.00021062
48  30  0.00020864
49  30  0.00026500
50  30  0.00034835
51  30  0.00005640
52  30  0.00052158
53  30  0.00018945
54  30  0.00017670
55  30  0.00018669
56  30  0.00028738
57  30  0.00017592
58  30  0.00014092
59  30  0.00013430
60  30  0.00021812
61  30  0.00017393
62  30  0.00010675
63  30  0.00030600
0  31  0.00008526
1  31  0.00031691
2  31  0.00013220
3  31  0.00018688
4  31  0.00015218
5  31  0.00015676
6  31  0.00014571
7  31  0.00044875
8  31  0.00032071
9  31  0.00010672
10  31  0.00046207
11  31  0.00030108
12  31  0.00039908
13  31  0.00045068
14  31  0.00022925
15  31  0.00019470
16  31  0.00012573
17  31  0.00020425
18  31  0.00020659
19  31  0.00022864
20  31  0.00028735
21  31  0.00053186
22  31  0.00019450
23  31  0.00027909
24  31  0.00010410
25  31  0.00020351
26  31  0.00025693
27  31  0.00016165
28  31  0.00032547
29  31  0.00017656
30  31  0.00033117
31  31  0.00010402
32  31  0.00018663
33  31  0.00025396
34  31  0.00034471
35  31  0.00015314
36  31  0.00023688
37  31  0.00017814
38  31  0.00044271
39  31  0.00036208
40  31  0.00018642
41  31  0.00041516
42  31  0.00038191
43  31  0.00055967
44  31  0.00061103
45  31  0.00023250
46  31  0.00034054
47  31  0.00021808
48  31  0.00047805
49  31  0.00036094
50  31  0.00016544
51  31  0.00039848
52  31  0.00013362
53  31  0.00013320
54  31  0.00031014
55  31  0.00022772
56  31  0.00012958
57  31  0.00006830
58  31  0.00033657
59  31  0.00038099
60  31  0.00030597
61  31  0.00022562
62  31  0.00028367
63  31  0.00016558
0  32  0.00011437
1  32  0.00012782
2  32  0.00016730
3  32  0.00032620
4  32  0.00040248
5  32  0.00017710
6  32  0.00053018
7  32  0.00032589
8  32  0.00007079
9  32  0.00023993
10  32  0.00016035
11  32  0.00013136
12  32  0.00020229
13  32  0.00032516
14  32  0.00018500
15  32  0.00027094
16  32  0.00034105
17  32  0.00011406
18  32  0.00038528
19  32  0.00013912
20  32  0.00038844
21  32  0.00018385
22  32  0.00036754
23  32  0.00025852
24  32  0.00016161
25  32  0.00026601
26  32  0.00049153
27  32  0.00016704
28  32  0.00015770
29  32  0.00031849
30  32  0.00034654
31  32  0.00014317
32  32  0.00039222
33  32  0.00021772
34  32  0.00023911
35  32  0.00028126
36  32  0.00015545
37  32  0.00017807
38  32  0.00023376
39  32  0.00044995
40  32  0.00013226
41  32  0.00027679
42  32  0.00025180
43  32  0.00035739
44  32  0.00025768
45  32  0.00022620
46  32  0.00027925
47  32  0.00043523
48  32  0.00041934
49  32  0.00051889
50  32  0.00011189
51  32  0.00016719
52  32  0.00034410
53  32  0.00035520
54  32  0.00016633
55  32  0.00029236
56  32  0.00025550
57  32  0.00026704
58  32  0.00031951
59  32  0.00019714
60  32  0.00013567
61  32  0.00006080
62  32  0.00010945
63  32  0.00022354
0  33  0.00013540
1  33  0.00031133
2  33  0.00033623
3  33  0.00022434
4  33  0.00029079
5  33  0.00014717
6  33  0.00018106
7  33  0.00023212
8  33  0.00032128
9  33  0.00031716
10  33  0.00030307
11  33  0.00026012
12  33  0.00023865
13  33  0.00027720
14  33  0.00018900
15  33  0.00021551
16  33  0.00014943
17  33  0.00032565
18  33  0.00022143
19  33  0.00049384
20  33  0.00030967
21  33  0.00003799
22  33  0.00028347
23  33  0.00016846
24  33  0.00026146
25  33  0.00018836
26  33  0.00014022
27  33  0.00019627
28  33  0.00011341
29  33  0.00022927
30  33  0.00018183
31  33  0.00012176
32  33  0.00047522
33  33  0.00022582
34  33  0.00043812
35  33  0.00011578
36  33  0.00016996
37  33  0.00011724
38  33  0.00038507
39  33  0.00012512
40  33  0.00017612
41  33  0.00015499
42  33  0.00019855
43  33  0.00021882
44  33  0.00013687
45  33  0.00021415
46  33  0.00033470
47  33  0.00012264
48  33  0.00007426
49  33  0.00044110
50  33  0.00016284
51  33  0.00040324
52  33  0.00045210
53  33  0.00019350
54  33  0.00021562
55  33  0.00010681
56  33  0.00007095
57  33  0.00023894
58  33  0.00014664
59  33  0.00022415
60  33  0.00024416
61  33  0.00056657
62  33  0.00022889
63  33  0.00009412
0  34  0.00011151
1  34  0.00007726
2  34  0.00041554
3  34  0.00009798
4  34  0.00016610
5  34  0.00051098
6  34  0.00013493
7  34  0.00023138
8  34  0.00019277
9  34  0.00020631
10  34  0.00018207
11  34  0.00047550
12  34  0.00024407
13  34  0.00012771
14  34  0.00023827
15  34  0.00028959
16  34  0.00014187
17  34  0.00018982
18  34  0.00007974
19  34  0.00026292
20  34  0.00019939
21  34  0.00011754
22  34  0.00017065
23  34  0.00016928
24  34  0.00025986
25  34  0.00023821
26  34  0.00012298
27  34  0.00027142
28  34  0.00019927
29  34  0.00015576
30  34  0.00028115
31  34  0.00013445
32  34  0.00025705
33  34  0.00027708
34  34  0.00019667
35  34  0.00022913
36  34  0.00013835
37  34  0.00013443
38  34  0.00026788
39  34  0.00039188
40  34  0.00013363
41  34  0.00010287
42  34  0.00033425
43  34  0.00014591
44  34  0.00008914
45  34  0.00028872
46  34  0.00026503
47  34  0.00054879
48  34  0.00027320
49  34  0.00018512
50  34  0.00032025
51  34  0.00022611
52  34  0.00021977
53  34  0.00026818
54  34  0.00056943
55  34  0.00013519
56  34  0.00023239
57  34  0.00044683
58  34  0.00009882
59  34  0.00014309
60  34  0.00023107
61  34  0.00019591
62  34  0.00026083
63  34  0.00028719
0  35  0.00010196
1  35  0.00032575
2  35  0.00043635
3  35  0.00020721
4  35  0.00013911
5  35  0.00027690
6  35  0.00014372
7  35  0.00031362
8  35  0.00015436
9  35  0.00012721
10  35  0.00015729
11  35  0.00036641
12  35  0.00028604
13  35  0.00032054
14  35  0.00062061
15  35  0.00022295
16  35  0.00018367
17  35  0.00009769
18  35  0.00012773
19  35  0.00031576
20  35  0.00033758
21  35  0.00033721
22  35  0.00009821
23  35  0.00011042
24  35  0.00029977
25  35  0.00010789
26  35  0.00033807
27  35  0.00022255
28  35  0.00010787
29  35  0.00011102
30  35  0.00050920
31  35  0.00020240
32  35  0.00025210
33  35  0.00014925
34  35  0.00053130
35  35  0.00032244
36  35  0.00012186
37  35  0.00020948
38  35  0.00022593
39  35  0.00022390
40  35  0.00022365
41  35  0.00047286
42  35  0.00025504
43  35  0.00026794
44  35  0.00021974
45  35  0.00010124
46  35  0.00019153
47  35  0.00028470
48  35  0.00036356
49  35  0.00019782
50  35  0.00032473
51  35  0.00031968
52  35  0.00033400
53  35  0.00020170
54  35  0.00052738
55  35  0.00032313
56  35  0.00014990
57  35  0.00060764
58  35  0.00042997
59  35  0.00009688
60  35  0.00021100
61  35  0.00016349
62  35  0.00010944
63  35  0.00073629
0  36  0.00035268
1  36  0.00012858
2  36  0.00018411
3  36  0.00003588
4  36  0.00037901
5  36  0.00009983
6  36  0.00019285
7  36  0.00012547
8  36  0.00008749
9  36  0.00028838
10  36  0.00027273
11  36  0.00032335
12  36  0.00021113
13  36  0.00022104
14  36  0.00035092
15  36  0.00029731
16  36  0.00025864
17  36  0.00047723
18  36  0.00031794
19  36  0.00018585
20  36  0.00020781
21  36  0.00028402
22  36  0.00035370
23  36  0.00027524
24  36  0.00008750
25  36  0.00033705
26  36  0.00033657
27  36  0.00031119
28  36  0.00011190
29  36  0.00028093
30  36  0.00024281
31  36  0.00028321
32  36  0.00017262
33  36  0.00026082
34  36  0.00021551
35  36  0.00014817
36  36  0.00009072
37  36  0.00030574
38  36  0.00028348
39  36  0.00020562
40  36  0.00029137
41  36  0.00024555
42  36  0.00032495
43  36  0.00018267
44  36  0.00071644
45  36  0.00017955
46  36  0.00032862
47  36  0.00014577
48  36  0.00041386
49  36  0.00027407
50  36  0.00013082
51  36  0.00009344
52  36  0.00018418
53  36  0.00020188
54  36  0.00016554
55  36  0.00014327
56  36  0.00005445
57  36  0.00020974
58  36  0.00017317
59  36  0.00026915
60  36  0.00029185
61  36  0.00014161
62  36  0.00037539
63  36  0.00038524
0  37  0.00004926
1  37  0.00032401
2  37  0.00034020
3  37  0.00039892
4  37  0.00013371
5  37  0.00014008
6  37  0.00022911
7  37  0.00055120
8  37  0.00012926
9  37  0.00016727
10  37  0.00013732
11  37  0.00011345
12  37  0.00023873
13  37  0.00023887
14  37  0.00024137
15  37  0.00024617
16  37  0.00012580
17  37  0.00033560
18  37  0.00019812
19  37  0.00010852
20  37  0.00042582
21  37  0.00016421
22  37  0.00011598
23  37  0.00028574
24  37  0.00043243
25  37  0.00040636
26  37  0.00015645
27  37  0.00029628
28  37  0.00019937
29  37  0.00030616
30  37  0.00008730
31  37  0.00039912
32  37  0.00053446
33  37  0.00025773
34  37  0.00052747
35  37  0.00033493
36  37  0.00034153
37  37  0.00027385
38  37  0.00039349
39  37  0.00017182
40  37  0.00010741
41  37  0.00013988
42  37  0.00018387
43  37  0.00024836
44  37  0.00028595
45  37  0.00034236
46  37  0.00018629
47  37  0.00032461
48  37  0.00011087
49  37  0.00023522
50  37  0.00036576
51  37  0.00031314
52  37  0.00023631
53  37  0.00024353
54  37  0.00021540
55  37  0.00032446
56  37  0.00014169
57  37  0.00015858
58  37  0.00029823
59  37  0.00027194
60  37  0.00012065
61  37  0.00019656
62  37  0.00040902
63  37  0.00016904
0  38  0.00015246
1  38  0.00040114
2  38  0.00005307
3  38  0.00046473
4  38  0.00031313
5  38  0.00033739
6  38  0.00011721
7  38  0.00033761
8  38  0.00017463
9  38  0.00014267
10  38  0.00014061
11  38  0.00014504
12  38  0.00009443
13  38  0.00027815
14  38  0.00024156
15  38  0.00014329
16  38  0.00031389
17  38  0.00018891
18  38  0.00004027
19  38  0.00050903
20  38  0.00008281
21  38  0.00021357
22  38  0.00044296
23  38  0.00022475
24  38  0.00022006
25  38  0.00005482
26  38  0.00023716
27  38  0.00023840
28  38  0.00023939
29  38  0.00025278
30  38  0.00015868
31  38  0.00039066
32  38  0.00045894
33  38  0.00060543
34  38  0.00010480
35  38  0.00017047
36  38  0.00019717
37  38  0.00015788
38  38  0.00015249
39  38  0.00017444
40  38  0.00021076
41  38  0.00015832
42  38  0.00019608
43  38  0.00029282
44  38  0.00011849
45  38  0.00027559
46  38  0.00013755
47  38  0.00014252
48  38  0.00012186
49  38  0.00030146
50  38  0.00036310
51  38  0.00024830
52  38  0.00006702
53  38  0.00022793
54  38  0.00028754
55  38  0.00010316
56  38  0.00018877
57  38  0.00012228
58  38  0.00014632
59  38  0.00038062
60  38  0.00022659
61  38  0.00016930
62  38  0.00017035
63  38  0.00033904
0  39  0.00022920
1  39  0.00007083
2  39  0.00019451
3  39  0.00016321
4  39  0.00033877
5  39  0.00023009
6  39  0.00007829
7  39  0.00025370
8  39  0.00016698
9  39  0.00032043
10  39  0.00019747
11  39  0.00011463
12  39  0.00019871
13  39  0.00015906
14  39  0.00033507
15  39  0.00012963
16  39  0.00025485
17  39  0.00020183
18  39  0.00019355
19  39  0.00029243
20  39  0.00029559
21  39  0.00009952
22  39  0.00018361
23  39  0.00010826
24  39  0.00024233
25  39  0.00030427
26  39  0.00027105
27  39  0.00029492
28  39  0.00009859
29  39  0.00015785
30  39  0.00039733
31  39  0.00011253
32  39  0.00043368
33  39  0.00015073
34  39  0.00052274
35  39  0.00035633
36  39  0.00008580
37  39  0.00041956
38  39  0.00030037
39  39  0.00023861
40  39  0.00026481
41  39  0.00022976
42  39  0.00016674
43  39  0.00015299
44  39  0.00019036
45  39  0.00006844
46  39  0.00019612
47  39  0.00016470
48  39  0.00024476
49  39  0.00019719
50  39  0.00028497
51  39  0.00046640
52  39  0.00001862
53  39  0.00042265
54  39  0.00009765
55  39  0.00059449
56  39  0.00013434
57  39  0.00020668
58  39  0.00022639
59  39  0.00023410
60  39  0.00020992
61  39  0.00062511
62  39  0.00024141
63  39  0.00046283
0  40  0.00024453
1  40  0.00030907
2  40  0.00053286
3  40  0.00030609
4  40  0.00028122
5  40  0.00036095
6  40  0.00005370
7  40  0.00019698
8  40  0.00022329
9  40  0.00020487
10  40  0.00055410
11  40  0.00006014
12  40  0.00013713
13  40  0.00036347
14  40  0.00019541
15  40  0.00035928
16  40  0.00054810
17  40  0.00022936
18  40  0.00034951
19  40  0.00014117
20  40  0.00013789
21  40  0.00020606
22  40  0.00038627
23  40  0.00031755
24  40  0.00012874
25  40  0.00022133
26  40  0.00012692
27  40  0.00031285
28  40  0.00022549
29  40  0.00027364
30  40  0.00023779
31  40  0.00013386
32  40  0.00031003
33  40  0.00008196
34  40  0.00019719
35  40  0.00050534
36  40  0.00014721
37  40  0.00041606
38  40  0.00029956
39  40  0.00017498
40  40  0.00037766
41  40  0.00022386
42  40  0.00025995
43  40  0.00013046
44  40  0.00021666
45  40  0.00007447
46  40  0.00020854
47  40  0.00019969
48  40  0.00025722
49  40  0.00016668
50  40  0.00012770
51  40  0.00027485
52  40  0.00003765
53  40  0.00023221
54  40  0.00039367
55  40  0.00027296
56  40  0.00020604
57  40  0.00010078
58  40  0.00024446
59  40  0.00022164
60  40  0.00017737
61  40  0.00016462
62  40  0.00020235
63  40  0.00035433
0  41  0.00034881
1  41  0.00030573
2  41  0.00019506
3  41  0.00019883
4  41  0.00032038
5  41  0.00022267
6  41  0.00015619
7  41  0.00024781
8  41  0.00009695
9  41  0.00014244
10  41  0.00017080
11  41  0.00031708
12  41  0.00020393
13  41  0.00060458
14  41  0.00010112
15  41  0.00010491
16  41  0.00031471
17  41  0.00015650
18  41  0.00027891
19  41  0.00016633
20  41  0.00035976
21  41  0.00017076
22  41  0.00007593
23  41  0.00025912
24  41  0.00020511
25  41  0.00007201
26  41  0.00032434
27  41  0.00035981
28  41  0.00032481
29  41  0.00020269
30  41  0.00027516
31  41  0.00012174
32  41  0.00019476
33  41  0.00044092
34  41  0.00022750
35  41  0.00033472
36  41  0.00004908
37  41  0.00019462
38  41  0.00027784
39  41  0.00010036
40  41  0.00036351
41  41  0.00033995
42  41  0.00022968
43  41  0.00020866
44  41  0.00004308
45  41  0.00024585
46  41  0.00013885
47  41  0.00019263
48  41  0.00023902
49  41  0.00019908
50  41  0.00025578
51  41  0.00011392
52  41  0.00012574
53  41  0.00022329
54  41  0.00016124
55  41  0.00039458
56  41  0.00019323
57  41  0.00021815
58  41  0.00020851
59  41  0.00032298
60  41  0.00012521
61  41  0.00020452
62  41  0.00019400
63  41  0.00020114
0  42  0.00018737
1  42  0.00014193
2  42  0.00030628
3  42  0.00011773
4  42  0.00009285
5  42  0.00025103
6  42  0.00011800
7  42  0.00014532
8  42  0.00017248
9  42  0.00017807
10  42  0.00026094
11  42  0.00015294
12  42  0.00037058
13  42  0.00012188
14  42  0.00016071
15  42  0.00010266
16  42  0.00008332
17  42  0.00018541
18  42  0.00014894
19  42  0.00013553
20  42  0.00064981
21  42  0.00007909
22  42  0.00020770
23  42  0.00037447
24  42  0.00030667
25  42  0.00040157
26  42  0.00038230
27  42  0.00019733
28  42  0.00027595
29  42  0.00030183
30  42  0.00004500
31  42  0.00037738
32  42  0.00021128
33  42  0.00019332
34  42  0.00021604
35  42  0.00007177
36  42  0.00007139
37  42  0.00031357
38  42  0.00011506
39  42  0.00031389
40  42  0.00023677
41  42  0.00018404
42  42  0.00011355
43  42  0.00022133
44  42  0.00066870
45  42  0.00030793
46  42  0.00024916
47  42  0.00023807
48  42  0.00014365
49  42  0.00084170
50  42  0.00020011
51  42  0.00009662
52  42  0.00021108
53  42  0.00029165
54  42  0.00002289
55  42  0.00009441
56  42  0.00025236
57  42  0.00013866
58  42  0.00017431
59  42  0.00022372
60  42  0.00024585
61  42  0.00052883
62  42  0.00008619
63  42  0.00007030
0  43  0.00045300
1  43  0.00032884
2  43  0.00010300
3  43  0.00023337
4  43  0.00022023
5  43  0.00017645
6  43  0.00023286
7  43  0.00025660
8  43  0.00019222
9  43  0.00022007
10  43  0.00028088
11  43  0.00010380
12  43  0.00018012
13  43  0.00022121
14  43  0.00024232
15  43  0.00043608
16  43  0.00030563
17  43  0.00040843
18  43  0.00068919
19  43  0.00016766
20  43  0.00020486
21  43  0.00013766
22  43  0.00017978
23  43  0.00005832
24  43  0.00036206
25  43  0.00014108
26  43  0.00019344
27  43  0.00014339
28  43  0.00010444
29  43  0.00013056
30  43  0.00010054
31  43  0.00031087
32  43  0.00026694
33  43  0.00030677
34  43  0.00021673
35  43  0.00026881
36  43  0.00016302
37  43  0.00023472
38  43  0.00027246
39  43  0.00010661
40  43  0.00011484
41  43  0.00014291
42  43  0.00044651
43  43  0.00021109
44  43  0.00012396
45  43  0.00022482
46  43  0.00014621
47  43  0.00036149
48  43  0.00046962
49  43  0.00016566
50  43  0.00018687
51  43  0.00008472
52  43  0.00051413
53  43  0.00021994
54  43  0.00025847
55  43  0.00026106
56  43  0.00053836
57  43  0.00022587
58  43  0.00027315
59  43  0.00011862
60  43  0.00017625
61  43  0.00033370
62  43  0.00025922
63  43  0.00051333
0  44  0.00051739
1  44  0.00015454
2  44  0.00014533
3  44  0.00012555
4  44  0.00014362
5  44  0.00021623
6  44  0.00022233
7  44  0.00020423
8  44  0.00008614
9  44  0.00026619
10  44  0.00026484
11  44  0.00025826
12  44  0.00029707
13  44  0.00017907
14  44  0.00010005
15  44  0.00033309
16  44  0.00035919
17  44  0.00016400
18  44  0.00022930
19  44  0.00018775
20  44  0.00012930
21  44  0.00043694
22  44  0.00020333
23  44  0.00035168
24  44  0.00035308
25  44  0.00026514
26  44  0.00030985
27  44  0.00037297
28  44  0.00019151
29  44  0.00027995
30  44  0.00014912
31  44  0.00025087
32  44  0.00025836
33  44  0.00021079
34  44  0.00026427
35  44  0.00020957
36  44  0.00045319
37  44  0.00013486
38  44  0.00021866
39  44  0.00021230
40  44  0.00011373
41  44  0.00030749
42  44  0.00066862
43  44  0.00024460
44  44  0.00024851
45  44  0.00026646
46  44  0.00008054
47  44  0.00045656
48  44  0.00018469
49  44  0.00065487
50  44  0.00044966
51  44  0.00045130
52  44  0.00037800
53  44  0.00019848
54  44  0.00041950
55  44  0.00040950
56  44  0.00028065
57  44  0.00020202
58  44  0.00032275
59  44  0.00013330
60  44  0.00024104
61  44  0.00011136
62  44  0.00015160
63  44  0.00015658
0  45  0.00014170
1  45  0.00056476
2  45  0.00020365
3  45  0.00027643
4  45  0.00015398
5  45  0.00021494
6  45  0.00020968
7  45  0.00011281
8  45  0.00008067
9  45  0.00002133
10  45  0.00013089
11  45  0.00036647
12  45  0.00010329
13  45  0.00010317
14  45  0.00033068
15  45  0.00025921
16  45  0.00006729
17  45  0.00023695
18  45  0.00006751
19  45  0.00013511
20  45  0.00038686
21  45  0.00030101
22  45  0.00009903
23  45  0.00039866
24  45  0.00015776
25  45  0.00027040
26  45  0.00028087
27  45  0.00029814
28  45  0.00025711
29  45  0.00028123
30  45  0.00023033
31  45  0.00037203
32  45  0.00022984
33  45  0.00035034
34  45  0.00015846
35  45  0.00025324
36  45  0.00041154
37  45  0.00002752
38  45  0.00026459
39  45  0.00033790
40  45  0.00047875
41  45  0.00047417
42  45  0.00017198
43  45  0.00035711
44  45  0.00032422
45  45  0.00017133
46  45  0.00016085
47  45  0.00024426
48  45  0.00037624
49  45  0.00014903
50  45  0.00015730
51  45  0.00009816
52  45  0.00025048
53  45  0.00026009
54  45  0.00044275
55  45  0.00023354
56  45  0.00039509
57  45  0.00012152
58  45  0.00022345
59  45  0.00027288
60  45  0.00036239
61  45  0.00024722
62  45  0.00025756
63  45  0.00011811
0  46  0.00015795
1  46  0.00032220
2  46  0.00011384
3  46  0.00040585
4  46  0.00012116
5  46  0.00024207
6  46  0.00007879
7  46  0.00026747
8  46  0.00031520
9  46  0.00023274
10  46  0.00049592
11  46  0.00017957
12  46  0.00025883
13  46  0.00019170
14  46  0.00040026
15  46  0.00014857
16  46  0.00016345
17  46  0.00005967
18  46  0.00044630
19  46  0.00014540
20  46  0.00029150
21  46  0.00075291
22  46  0.00015833
23  46  0.00034238
24  46  0.00018672
25  46  0.00029198
26  46  0.00038001
27  46  0.00015594
28  46  0.00011110
29  46  0.00040145
30  46  0.00023264
31  46  0.00017110
32  46  0.00045257
33  46  0.00014911
34  46  0.00019065
35  46  0.00026830
36  46  0.00026387
37  46  0.00020641
38  46  0.00015988
39  46  0.00013704
40  46  0.00007781
41  46  0.00055167
42  46  0.00054343
43  46  0.00015599
44  46  0.00029744
45  46  0.00036110
46  46  0.00084604
47  46  0.00019660
48  46  0.00004993
49  46  0.00028376
50  46  0.00036500
51  46  0.00009070
52  46  0.00022173
53  46  0.00029069
54  46  0.00029932
55  46  0.00032511
56  46  0.00029834
57  46  0.00018992
58  46  0.00036664
59  46  0.00008911
60  46  0.00048459
61  46  0.00018813
62  46  0.00008020
63  46  0.00020995
0  47  0.00002956
1  47  0.00010461
2  47  0.00035044
3  47  0.00035085
4  47  0.00014072
5  47  0.00006583
6  47  0.00024702
7  47  0.00025708
8  47  0.00013803
9  47  0.00014367
10  47  0.00022064
11  47  0.00032334
12  47  0.00014368
13  47  0.00004827
14  47  0.00010289
15  47  0.00020794
16  47  0.00020868
17  47  0.00033145
18  47  0.00033213
19  47  0.00019428
20  47  0.00006184
21  47  0.00022573
22  47  0.00029404
23  47  0.00027985
24  47  0.00016878
25  47  0.00010533
26  47  0.00020367
27  47  0.00023754
28  47  0.00013652
29  47  0.00036032
30  47  0.00020695
31  47  0.00014994
32  47  0.00036604
33  47  0.00012080
34  47  0.00021068
35  47  0.00006019
36  47  0.00028562
37  47  0.00029133
38  47  0.00011947
39  47  0.00034657
40  47  0.00017243
41  47  0.00008667
42  47  0.00028914
43  47  0.00035982
44  47  0.00017625
45  47  0.00012777
46  47  0.00009905
47  47  0.00023806
48  47  0.00017118
49  47  0.00018377
50  47  0.00013123
51  47  0.00023176
52  47  0.00023730
53  47  0.00035188
54  47  0.00016784
55  47  0.00013602
56  47  0.00029719
57  47  0.00017535
58  47  0.00015441
59  47  0.00020467
60  47  0.00013492
61  47  0.00026027
62  47  0.00008398
63  47  0.00044615
0  48  0.00004777
1  48  0.00031271
2  48  0.00017970
3  48  0.00048318
4  48  0.00023504
5  48  0.00022668
6  48  0.00021345
7  48  0.00033360
8  48  0.00013609
9  48  0.00012365
10  48  0.00025441
11  48  0.00009701
12  48  0.00016826
13  48  0.00013461
14  48  0.00022469
15  48  0.00018004
16  48  0.00048055
17  48  0.00044325
18  48  0.00008871
19  48  0.00013889
20  48  0.00011311
21  48  0.00036406
22  48  0.00018945
23  48  0.00014872
24  48  0.00022901
25  48  0.00037060
26  48  0.00018500
27  48  0.00021118
28  48  0.00024383
29  48  0.00010807
30  48  0.00020184
31  48  0.00020131
32  48  0.00025023
33  48  0.00012612
34  48  0.00033996
35  48  0.00042064
36  48  0.00022705
37  48  0.00026460
38  48  0.00068325
39  48  0.00022217
40  48  0.00012903
41  48  0.00016662
42  48  0.00028208
43  48  0.00013620
44  48  0.00028377
45  48  0.00030093
46  48  0.00007766
47  48  0.00023852
48  48  0.00011759
49  48  0.00010621
50  48  0.00029804
51  48  0.00018473
52  48  0.00033052
53  48  0.00012812
54  48  0.00001803
55  48  0.00030317
56  48  0.00034267
57  48  0.00017041
58  48  0.00012660
59  48  0.00009484
60  48  0.00015732
61  48  0.00036678
62  48  0.00012420
63  48  0.00013719
0  49  0.00022196
1  49  0.00031798
2  49  0.00008608
3  49  0.00018880
4  49  0.00021369
5  49  0.00013392
6  49  0.00029834
7  49  0.00042266
8  49  0.00025766
9  49  0.00015804
10  49  0.00029710
11  49  0.00009218
12  49  0.00015322
13  49  0.00017673
14  49  0.00052544
15  49  0.00029366
16  49  0.00031460
17  49  0.00008665
18  49  0.00028288
19  49  0.00036077
20  49  0.00010572
21  49  0.00017306
22  49  0.00019324
23  49  0.00012758
24  49  0.00013424
25  49  0.00035502
26  49  0.00015603
27  49  0.00021890
28  49  0.00005367
29  49  0.00039169
30  49  0.00011316
31  49  0.00037783
32  49  0.00013079
33  49  0.00026408
34  49  0.00048344
35  49  0.00010499
36  49  0.00025889
37  49  0.00015386
38  49  0.00020730
39  49  0.00011147
40  49  0.00036196
41  49  0.00065795
42  49  0.00024598
43  49  0.00036742
44  49  0.00026862
45  49  0.00017607
46  49  0.00023093
47  49  0.00041666
48  49  0.00031066
49  49  0.00013621
50  49  0.00034891
51  49  0.00025403
52  49  0.00032668
53  49  0.00010435
54  49  0.00006255
55  49  0.00037175
56  49  0.00041416
57  49  0.00023577
58  49  0.00021549
59  49  0.00023342
60  49  0.00039638
61  49  0.00051599
62  49  0.00014955
63  49  0.00005802
0  50  0.00021892
1  50  0.00023984
2  50  0.00023054
3  50  0.00019898
4  50  0.00024349
5  50  0.00049372
6  50  0.00021435
7  50  0.00016553
8  50  0.00012953
9  50  0.00012597
10  50  0.00013610
11  50  0.00024597
12  50  0.00024800
13  50  0.00017586
14  50  0.00028144
15  50  0.00021879
16  50  0.00047180
17  50  0.00010136
18  50  0.00006407
19  50  0.00036698
20  50  0.00036918
21  50  0.00020970
22  50  0.00028283
23  50  0.00031867
24  50  0.00020159
25  50  0.00017670
26  50  0.00017028
27  50  0.00021092
28  50  0.00025284
29  50  0.00025470
30  50  0.00023138
31  50  0.00014974
32  50  0.00012970
33  50  0.00027786
34  50  0.00030477
35  50  0.00027445
36  50  0.00026561
37  50  0.00029959
38  50  0.00008898
39  50  0.00030160
40  50  0.00008021
41  50  0.00032430
42  50  0.00024619
43  50  0.00058574
44  50  0.00036068
45  50  0.00025117
46  50  0.00020899
47  50  0.00017491
48  50  0.00026092
49  50  0.00034532
50  50  0.00026922
51  50  0.00022214
52  50  0.00019467
53  50  0.00013856
54  50  0.00012788
55  50  0.00009645
56  50  0.00016899
57  50  0.00017226
58  50  0.00031258
59  50  0.00022872
60  50  0.00054802
61  50  0.00013035
62  50  0.00051141
63  50  0.00043764
0  51  0.00032155
1  51  0.00018408
2  51  0.00014820
3  51  0.00019821
4  51  0.00026625
5  51  0.00045433
6  51  0.00053824
7  51  0.00036339
8  51  0.00018981
9  51  0.00019133
10  51  0.00010346
11  51  0.00030066
12  51  0.00015736
13  51  0.00029378
14  51  0.00020272
15  51  0.00021713
16  51  0.00013867
17  51  0.00016732
18  51  0.00030658
19  51  0.00020512
20  51  0.00010665
21  51  0.00027486
22  51  0.00024431
23  51  0.00017520
24  51  0.00014423
25  51  0.00017069
26  51  0.00039422
27  51  0.00034772
28  51  0.00026539
29  51  0.00025203
30  51  0.00025081
31  51  0.00012455
32  51  0.00013678
33  51  0.00046170
34  51  0.00024700
35  51  0.00007832
36  51  0.00010834
37  51  0.00018693
38  51  0.00015133
39  51  0.00039941
40  51  0.00017858
41  51  0.00006784
42  51  0.00013958
43  51  0.00030633
44  51  0.00012666
45  51  0.00048318
46  51  0.00030538
47  51  0.00052011
48  51  0.00039594
49  51  0.00018308
50  51  0.00024612
51  51  0.00024607
52  51  0.00032652
53  51  0.00013011
54  51  0.00028782
55  51  0.00034651
56  51  0.00014438
57  51  0.00040860
58  51  0.00054017
59  51  0.00016831
60  51  0.00029933
61  51  0.00018677
62  51  0.00021523
63  51  0.00013401
0  52  0.00051592
1  52  0.00012412
2  52  0.00049763
3  52  0.00049228
4  52  0.00030930
5  52  0.00063918
6  52  0.00021620
7  52  0.00029828
8  52  0.00028100
9  52  0.00031577
10  52  0.00010773
11  52  0.00011439
12  52  0.00070812
13  52  0.00019417
14  52  0.00023065
15  52  0.00030605
16  52  0.00022872
17  52  0.00031808
18  52  0.00016453
19  52  0.00024470
20  52  0.00022728
21  52  0.00011249
22  52  0.00011990
23  52  0.00022861
24  52  0.00022824
25  52  0.00019333
26  52  0.00019436
27  52  0.00008857
28  52  0.00019472
29  52  0.00007940
30  52  0.00013162
31  52  0.00027848
32  52  0.00029421
33  52  0.00013290
34  52  0.00013250
35  52  0.00009019
36  52  0.00024080
37  52  0.00042864
38  52  0.00035150
39  52  0.00042094
40  52  0.00010550
41  52  0.00016775
42  52  0.00041657
43  52  0.00032074
44  52  0.00008934
45  52  0.00024990
46  52  0.00008159
47  52  0.00018912
48  52  0.00042009
49  52  0.00051234
50  52  0.00032258
51  52  0.00025812
52  52  0.00024359
53  52  0.00023661
54  52  0.00008339
55  52  0.00024407
56  52  0.00047886
57  52  0.00031352
58  52  0.00041391
59  52  0.00015296
60  52  0.00022751
61  52  0.00023048
62  52  0.00030425
63  52  0.00019694
0  53  0.00023474
1  53  0.00042472
2  53  0.00022582
3  53  0.00039608
4  53  0.00019939
5  53  0.00031317
6  53  0.00007357
7  53  0.00017453
8  53  0.00015760
9  53  0.00066411
10  53  0.00013179
11  53  0.00016197
12  53  0.00017125
13  53  0.00042656
14  53  0.00022223
15  53  0.00023499
16  53  0.00034577
17  53  0.00029372
18  53  0.00009858
19  53  0.00040806
20  53  0.00036166
21  53  0.00017240
22  53  0.00020965
23  53  0.00046559
24  53  0.00008427
25  53  0.00017259
26  53  0.00040320
27  53  0.00024278
28  53  0.00035669
29  53  0.00015297
30  53  0.00032768
31  53  0.00027385
32  53  0.00020074
33  53  0.00040561
34  53  0.00013415
35  53  0.00014800
36  53  0.00029137
37  53  0.00006334
38  53  0.00007956
39  53  0.00010243
40  53  0.00040277
41  53  0.00009582
42  53  0.00017172
43  53  0.00016203
44  53  0.00016912
45  53  0.00015387
46  53  0.00031075
47  53  0.00019858
48  53  0.00030108
49  53  0.00025849
50  53  0.00037647
51  53  0.00017633
52  53  0.00023658
53  53  0.00031393
54  53  0.00065366
55  53  0.00027165
56  53  0.00008953
57  53  0.00031036
58  53  0.00031176
59  53  0.00020818
60  53  0.00018012
61  53  0.00027283
62  53  0.00034219
63  53  0.00023166
0  54  0.00007672
1  54  0.00014122
2  54  0.00010519
3  54  0.00012882
4  54  0.00020423
5  54  0.00057799
6  54  0.00018304
7  54  0.00024940
8  54  0.00015630
9  54  0.00048681
10  54  0.00017239
11  54  0.00017900
12  54  0.00028115
13  54  0.00015003
14  54  0.00032959
15  54  0.00018028
16  54  0.00008530
17  54  0.00020502
18  54  0.00033570
19  54  0.00017074
20  54  0.00022000
21  54  0.00004753
22  54  0.00012895
23  54  0.00035124
24  54  0.00020558
25  54  0.00014358
26  54  0.00010661
27  54  0.00062694
28  54  0.00015519
29  54  0.00018099
30  54  0.00016015
31  54  0.00048777
32  54  0.00008512
33  54  0.00019525
34  54  0.00019035
35  54  0.00020261
36  54  0.00045775
37  54  0.00010774
38  54  0.00026934
39  54  0.00029047
40  54  0.00048603
41  54  0.00044569
42  54  0.00018074
43  54  0.00009616
44  54  0.00009441
45  54  0.00048322
46  54  0.00016622
47  54  0.00014483
48  54  0.00005618
49  54  0.00017869
50  54  0.00021759
51  54  0.00015911
52  54  0.00014890
53  54  0.00017091
54  54  0.00018724
55  54  0.00007073
56  54  0.00042679
57  54  0.00044018
58  54  0.00005495
59  54  0.00037002
60  54  0.00032398
61  54  0.00034677
62  54  0.00008748
63  54  0.00020313
0  55  0.00005333
1  55  0.00027248
2  55  0.00027654
3  55  0.00026823
4  55  0.00020822
5  55  0.00021968
6  55  0.00015299
7  55  0.00018507
8  55  0.00006538
9  55  0.00030704
10  55  0.00024514
11  55  0.00023422
12  55  0.00011714
13  55  0.00019387
14  55  0.00011594
15  55  0.00034754
16  55  0.00033228
17  55  0.00017115
18  55  0.00022485
19  55  0.00027165
20  55  0.00033771
21  55  0.00004947
22  55  0.00017536
23  55  0.00034203
24  55  0.00031596
25  55  0.00023936
26  55  0.00010281
27  55  0.00041957
28  55  0.00024801
29  55  0.00012420
30  55  0.00011798
31  55  0.00007274
32  55  0.00020381
33  55  0.00010100
34  55  0.00048974
35  55  0.00055274
36  55  0.00012273
37  55  0.00044725
38  55  0.00017864
39  55  0.00030708
40  55  0.00038257
41  55  0.00024143
42  55  0.00037405
43  55  0.00016679
44  55  0.00011373
45  55  0.00043404
46  55  0.00013980
47  55  0.00054756
48  55  0.00022167
49  55  0.00048741
50  55  0.00028018
51  55  0.00022043
52  55  0.00046202
53  55  0.00019353
54  55  0.00024174
55  55  0.00033424
56  55  0.00008578
57  55  0.00027501
58  55  0.00036003
59  55  0.00014487
60  55  0.00025935
61  55  0.00025056
62  55  0.00021475
63  55  0.00050511
0  56  0.00017945
1  56  0.00011100
2  56  0.00048625
3  56  0.00020948
4  56  0.00061528
5  56  0.00019564
6  56  0.00027786
7  56  0.00024327
8  56  0.00015093
9  56  0.00024489
10  56  0.00028261
11  56  0.00035760
12  56  0.00041757
13  56  0.00033307
14  56  0.00020435
15  56  0.00012469
16  56  0.00050385
17  56  0.00014525
18  56  0.00021208
19  56  0.00033809
20  56  0.00009105
21  56  0.00011790
22  56  0.00039188
23  56  0.00051175
24  56  0.00011662
25  56  0.00028530
26  56  0.00013354
27  56  0.00025912
28  56  0.00017255
29  56  0.00038363
30  56  0.00014187
31  56  0.00012242
32  56  0.00029662
33  56  0.00012669
34  56  0.00031111
35  56  0.00014133
36  56  0.00044673
37  56  0.00024057
38  56  0.00036521
39  56  0.00049566
40  56  0.00022059
41  56  0.00030717
42  56  0.00053854
43  56  0.00029863
44  56  0.00058495
45  56  0.00024463
46  56  0.00014241
47  56  0.00023753
48  56  0.00027558
49  56  0.00003641
50  56  0.00032551
51  56  0.00019273
52  56  0.00033272
53  56  0.00018919
54  56  0.00049700
55  56  0.00025676
56  56  0.00033342
57  56  0.00042369
58  56  0.00025694
59  56  0.00016987
60  56  0.00024279
61  56  0.00022566
62  56  0.00014765
63  56  0.00004741
0  57  0.00026801
1  57  0.00039480
2  57  0.00009287
3  57  0.00041488
4  57  0.00021597
5  57  0.00007054
6  57  0.00014787
7  57  0.00010214
8  57  0.00035183
9  57  0.00010446
10  57  0.00013921
11  57  0.00058753
12  57  0.00013458
13  57  0.00048559
14  57  0.00004336
15  57  0.00016652
16  57  0.00017173
17  57  0.00009769
18  57  0.00037093
19  57  0.00022723
20  57  0.00028800
21  57  0.00025169
22  57  0.00036063
23  57  0.00043094
24  57  0.00014991
25  57  0.00035780
26  57  0.00011445
27  57  0.00016532
28  57  0.00042270
29  57  0.00033362
30  57  0.00015132
31  57  0.00025080
32  57  0.00027817
33  57  0.00013538
34  57  0.00032840
35  57  0.00041587
36  57  0.00024222
37  57  0.00013782
38  57  0.00028422
39  57  0.00022801
40  57  0.00009442
41  57  0.00020899
42  57  0.00018521
43  57  0.00012055
44  57  0.00034830
45  57  0.00040364
46  57  0.00038577
47  57  0.00071795
48  57  0.00015551
49  57  0.00007696
50  57  0.00023137
51  57  0.00011311
52  57  0.00017958
53  57  0.00011908
54  57  0.00021292
55  57  0.00042674
56  57  0.00046429
57  57  0.00048483
58  57  0.00023768
59  57  0.00015971
60  57  0.00019405
61  57  0.00030016
62  57  0.00023038
63  57  0.00004686
0  58  0.00032418
1  58  0.00051283
2  58  0.00007266
3  58  0.00017654
4  58  0.00010061
5  58  0.00030231
6  58  0.00029095
7  58  0.00008386
8  58  0.00017060
9  58  0.00026075
10  58  0.00023851
11  58  0.00009730
12  58  0.00016101
13  58  0.00022714
14  58  0.00017901
15  58  0.00014413
16  58  0.00035783
17  58  0.00030047
18  58  0.00026485
19  58  0.00021738
20  58  0.00016654
21  58  0.00030233
22  58  0.00040743
23  58  0.00014804
24  58  0.00025630
25  58  0.00023599
26  58  0.00009549
27  58  0.00026891
28  58  0.00015323
29  58  0.00028307
30  58  0.00011000
31  58  0.00026476
32  58  0.00031602
33  58  0.00018686
34  58  0.00032311
35  58  0.00013269
36  58  0.00027354
37  58  0.00029771
38  58  0.00004967
39  58  0.00027832
40  58  0.00033384
41  58  0.00056325
42  58  0.00037017
43  58  0.00040461
44  58  0.00011106
45  58  0.00024452
46  58  0.00074991
47  58  0.00032213
48  58  0.00029091
49  58  0.00017753
50  58  0.00010993
51  58  0.00025837
52  58  0.00022900
53  58  0.00031693
54  58  0.00009643
55  58  0.00021819
56  58  0.00016443
57  58  0.00022825
58  58  0.00026324
59  58  0.00011335
60  58  0.00022803
61  58  0.00038259
62  58  0.00044612
63  58  0.00006173
0  59  0.00064036
1  59  0.00041474
2  59  0.00046938
3  59  0.00029729
4  59  0.00033724
5  59  0.00026507
6  59  0.00017762
7  59  0.00025192
8  59  0.00025190
9  59  0.00021443
10  59  0.00036660
11  59  0.00022584
12  59  0.00010226
13  59  0.00023536
14  59  0.00029577
15  59  0.00030473
16  59  0.00024107
17  59  0.00020466
18  59  0.00040429
19  59  0.00023263
20  59  0.00039395
21  59  0.00008404
22  59  0.00018398
23  59  0.00016499
24  59  0.00015866
25  59  0.00019811
26  59  0.00029843
27  59  0.00022990
28  59  0.00016466
29  59  0.00024002
30  59  0.00023121
31  59  0.00019357
32  59  0.00018292
33  59  0.00013919
34  59  0.00021790
35  59  0.00012784
36  59  0.00025105
37  59  0.00005347
38  59  0.00028633
39  59  0.00016450
40  59  0.00020071
41  59  0.00026092
42  59  0.00016074
43  59  0.00011606
44  59  0.00017179
45  59  0.00011160
46  59  0.00015451
47  59  0.00012797
48  59  0.00013993
49  59  0.00004899
50  59  0.00039163
51  59  0.00020774
52  59  0.00011759
53  59  0.00009744
54  59  0.00019762
55  59  0.00039649
56  59  0.00012768
57  59  0.00013549
58  59  0.00010129
59  59  0.00020764
60  59  0.00025292
61  59  0.00016149
62  59  0.00007200
63  59  0.00024412
0  60  0.00022199
1  60  0.00018533
2  60  0.00030246
3  60  0.00026641
4  60  0.00018642
5  60  0.00019372
6  60  0.00019992
7  60  0.00010816
8  60  0.00019447
9  60  0.00015607
10  60  0.00028919
11  60  0.00007192
12  60  0.00025501
13  60  0.00040482
14  60  0.00034264
15  60  0.00014970
16  60  0.00027032
17  60  0.00018110
18  60  0.00027414
19  60  0.00013479
20  60  0.00032644
21  60  0.00017516
22  60  0.00026328
23  60  0.00049603
24  60  0.00029848
25  60  0.00018379
26  60  0.00017457
27  60  0.00007476
28  60  0.00028692
29  60  0.00015019
30  60  0.00033172
31  60  0.00024666
32  60  0.00038790
33  60  0.00019543
34  60  0.00029682
35  60  0.00019660
36  60  0.00032506
37  60  0.00020557
38  60  0.00026856
39  60  0.00063585
40  60  0.00019441
41  60  0.00019309
42  60  0.00028652
43  60  0.00034978
44  60  0.00015987
45  60  0.00027798
46  60  0.00056701
47  60  0.00007394
48  60  0.00010994
49  60  0.00009650
50  60  0.00018644
51  60  0.00024367
52  60  0.00020601
53  60  0.00026089
54  60  0.00009049
55  60  0.00015653
56  60  0.00018498
57  60  0.00030890
58  60  0.00019719
59  60  0.00015768
60  60  0.00009045
61  60  0.00004719
62  60  0.00036767
63  60  0.00006975
0  61  0.00023582
1  61  0.00028383
2  61  0.00025579
3  61  0.00019476
4  61  0.00023590
5  61  0.00030111
6  61  0.00008996
7  61  0.00012532
8  61  0.00024404
9  61  0.00010687
10  61  0.00008303
11  61  0.00032433
12  61  0.00013825
13  61  0.00017881
14  61  0.00022994
15  61  0.00038490
16  61  0.00054290
17  61  0.00040990
18  61  0.00009909
19  61  0.00015723
20  61  0.00010782
21  61  0.00035188
22  61  0.00022026
23  61  0.00026915
24  61  0.00007257
25  61  0.00026067
26  61  0.00024835
27  61  0.00040271
28  61  0.00047987
29  61  0.00010940
30  61  0.00017160
31  61  0.00022845
32  61  0.00028706
33  61  0.00028333
34  61  0.00028849
35  61  0.00007283
36  61  0.00059233
37  61  0.00034575
38  61  0.00051027
39  61  0.00024648
40  61  0.00015655
41  61  0.00053080
42  61  0.00003419
43  61  0.00016303
44  61  0.00011566
45  61  0.00034799
46  61  0.00024383
47  61  0.00004544
48  61  0.00020853
49  61  0.00020249
50  61  0.00058296
51  61  0.00020892
52  61  0.00016384
53  61  0.00016263
54  61  0.00011654
55  61  0.00058269
56  61  0.00036173
57  61  0.00015866
58  61  0.00027387
59  61  0.00027024
60  61  0.00048187
61  61  0.00041116
62  61  0.00027687
63  61  0.00028792
0  62  0.00025189
1  62  0.00003877
2  62  0.00025897
3  62  0.00022961
4  62  0.00017050
5  62  0.00017682
6  62  0.00014612
7  62  0.00022240
8  62  0.00020448
9  62  0.00032565
10  62  0.00014285
11  62  0.00007815
12  62  0.00011216
13  62  0.00038094
14  62  0.00011917
15  62  0.00035400
16  62  0.00016820
17  62  0.00012423
18  62  0.00047049
19  62  0.00017275
20  62  0.00013725
21  62  0.00031441
22  62  0.00017196
23  62  0.00030933
24  62  0.00014285
25  62  0.00027608
26  62  0.00019281
27  62  0.00015648
28  62  0.00042848
29  62  0.00021472
30  62  0.00021334
31  62  0.00013706
32  62  0.00025334
33  62  0.00034058
34  62  0.00012249
35  62  0.00004549
36  62  0.00012333
37  62  0.00016984
38  62  0.00020879
39  62  0.00038796
40  62  0.00035477
41  62  0.00016637
42  62  0.00035770
43  62  0.00021101
44  62  0.00043365
45  62  0.00028737
46  62  0.00028636
47  62  0.00026042
48  62  0.00064478
49  62  0.00024462
50  62  0.00043072
51  62  0.00009298
52  62  0.00024494
53  62  0.00030439
54  62  0.00043495
55  62  0.00026153
56  62  0.00026312
57  62  0.00010787
58  62  0.00017834
59  62  0.00031089
60  62  0.00029068
61  62  0.00057841
62  62  0.00027702
63  62  0.00057292
0  63  0.00042325
1  63  0.00010380
2  63  0.00017189
3  63  0.00012922
4  63  0.00038069
5  63  0.00027145
6  63  0.00047157
7  63  0.00024476
8  63  0.00020093
9  63  0.00024139
10  63  0.00020325
11  63  0.00043089
12  63  0.00032089
13  63  0.00030506
14  63  0.00031219
15  63  0.00039881
16  63  0.00012493
17  63  0.00006613
18  63  0.00030234
19  63  0.00016925
20  63  0.00018954
21  63  0.00033678
22  63  0.00014447
23  63  0.00033604
24  63  0.00027770
25  63  0.00060142
26  63  0.00062240
27  63  0.00011299
28  63  0.00015852
29  63  0.00010522
30  63  0.00015464
31  63  0.00017782
32  63  0.00025530
33  63  0.00047182
34  63  0.00023300
35  63  0.00011753
36  63  0.00032637
37  63  0.00016839
38  63  0.00038787
39  63  0.00009037
40  63  0.00020614
41  63  0.00018772
42  63  0.00038521
43  63  0.00042070
44  63  0.00023123
45  63  0.00027967
46  63  0.00043158
47  63  0.00048047
48  63  0.00014431
49  63  0.00018183
50  63  0.00013133
51  63  0.00013174
52  63  0.00045207
53  63  0.00014820
54  63  0.00021155
55  63  0.00025958
56  63  0.00036347
57  63  0.00030078
58  63  0.00036948
59  63  0.00035921
60  63  0.00019072
61  63  0.00044933
62  63  0.00038205
63  63  0.00026390
