# Spinor density |Psi|^2 at t = 100 seconds
# Grid: 64 x 64
# Columns: x  y  density
0  0  0.00018011
1  0  0.00011942
2  0  0.00018041
3  0  0.00019131
4  0  0.00065103
5  0  0.00016210
6  0  0.00035437
7  0  0.00025601
8  0  0.00027806
9  0  0.00017113
10  0  0.00016135
11  0  0.00006285
12  0  0.00018744
13  0  0.00030740
14  0  0.00016116
15  0  0.00017832
16  0  0.00033452
17  0  0.00009830
18  0  0.00008651
19  0  0.00019779
20  0  0.00019236
21  0  0.00012908
22  0  0.00019234
23  0  0.00014106
24  0  0.00043814
25  0  0.00027928
26  0  0.00015924
27  0  0.00033046
28  0  0.00023282
29  0  0.00035020
30  0  0.00035939
31  0  0.00016037
32  0  0.00026166
33  0  0.00010662
34  0  0.00020948
35  0  0.00032763
36  0  0.00040539
37  0  0.00014519
38  0  0.00020748
39  0  0.00043805
40  0  0.00015309
41  0  0.00026711
42  0  0.00011552
43  0  0.00026211
44  0  0.00024758
45  0  0.00008473
46  0  0.00007814
47  0  0.00042083
48  0  0.00067278
49  0  0.00012262
50  0  0.00032143
51  0  0.00007244
52  0  0.00017406
53  0  0.00016482
54  0  0.00010645
55  0  0.00020915
56  0  0.00003716
57  0  0.00024260
58  0  0.00016366
59  0  0.00040972
60  0  0.00028886
61  0  0.00022967
62  0  0.00032161
63  0  0.00017884
0  1  0.00034825
1  1  0.00051440
2  1  0.00016635
3  1  0.00021858
4  1  0.00024570
5  1  0.00015555
6  1  0.00013464
7  1  0.00023752
8  1  0.00029915
9  1  0.00016863
10  1  0.00007836
11  1  0.00015711
12  1  0.00016145
13  1  0.00018778
14  1  0.00027954
15  1  0.00008775
16  1  0.00015216
17  1  0.00020968
18  1  0.00010725
19  1  0.00039170
20  1  0.00003525
21  1  0.00014044
22  1  0.00010658
23  1  0.00020843
24  1  0.00022814
25  1  0.00028729
26  1  0.00023410
27  1  0.00019794
28  1  0.00012567
29  1  0.00015538
30  1  0.00031936
31  1  0.00059115
32  1  0.00034163
33  1  0.00006968
34  1  0.00030149
35  1  0.00023307
36  1  0.00038136
37  1  0.00032954
38  1  0.00017079
39  1  0.00071655
40  1  0.00013103
41  1  0.00014267
42  1  0.00011774
43  1  0.00014402
44  1  0.00031651
45  1  0.00040096
46  1  0.00026522
47  1  0.00005350
48  1  0.00023557
49  1  0.00014986
50  1  0.00025245
51  1  0.00014106
52  1  0.00004336
53  1  0.00008884
54  1  0.00009744
55  1  0.00034388
56  1  0.00022248
57  1  0.00025762
58  1  0.00023646
59  1  0.00032802
60  1  0.00020050
61  1  0.00030549
62  1  0.00041659
63  1  0.00016766
0  2  0.00028427
1  2  0.00032054
2  2  0.00055851
3  2  0.00023017
4  2  0.00012541
5  2  0.00028368
6  2  0.00010024
7  2  0.00019996
8  2  0.00012846
9  2  0.00044779
10  2  0.00020124
11  2  0.00012602
12  2  0.00013978
13  2  0.00017944
14  2  0.00033863
15  2  0.00029740
16  2  0.00038155
17  2  0.00018919
18  2  0.00024232
19  2  0.00027764
20  2  0.00006887
21  2  0.00018857
22  2  0.00009824
23  2  0.00011093
24  2  0.00033026
25  2  0.00028253
26  2  0.00024217
27  2  0.00051844
28  2  0.00007270
29  2  0.00018034
30  2  0.00031605
31  2  0.00026041
32  2  0.00029749
33  2  0.00047063
34  2  0.00016193
35  2  0.00040290
36  2  0.00033250
37  2  0.00028613
38  2  0.00017267
39  2  0.00024302
40  2  0.00037929
41  2  0.00015301
42  2  0.00022540
43  2  0.00025978
44  2  0.00033806
45  2  0.00024570
46  2  0.00023687
47  2  0.00021206
48  2  0.00030051
49  2  0.00017655
50  2  0.00013437
51  2  0.00038599
52  2  0.00021914
53  2  0.00023655
54  2  0.00028066
55  2  0.00045098
56  2  0.00010971
57  2  0.00016901
58  2  0.00045446
59  2  0.00040877
60  2  0.00003260
61  2  0.00026927
62  2  0.00011044
63  2  0.00016606
0  3  0.00026311
1  3  0.00017723
2  3  0.00026996
3  3  0.00012151
4  3  0.00019269
5  3  0.00011134
6  3  0.00043723
7  3  0.00010053
8  3  0.00012863
9  3  0.00027640
10  3  0.00025265
11  3  0.00009629
12  3  0.00022992
13  3  0.00032326
14  3  0.00017442
15  3  0.00012111
16  3  0.00027593
17  3  0.00030340
18  3  0.00011256
19  3  0.00032767
20  3  0.00022117
21  3  0.00017359
22  3  0.00040950
23  3  0.00024031
24  3  0.00029881
25  3  0.00024352
26  3  0.00013375
27  3  0.00045853
28  3  0.00024042
29  3  0.00004682
30  3  0.00024198
31  3  0.00022961
32  3  0.00024870
33  3  0.00012865
34  3  0.00019837
35  3  0.00014433
36  3  0.00068507
37  3  0.00013774
38  3  0.00027876
39  3  0.00026816
40  3  0.00014236
41  3  0.00023759
42  3  0.00034239
43  3  0.00040611
44  3  0.00023860
45  3  0.00058935
46  3  0.00020379
47  3  0.00025551
48  3  0.00037799
49  3  0.00014022
50  3  0.00029572
51  3  0.00020519
52  3  0.00008468
53  3  0.00011553
54  3  0.00022640
55  3  0.00013303
56  3  0.00033398
57  3  0.00016033
58  3  0.00021794
59  3  0.00009209
60  3  0.00016312
61  3  0.00045732
62  3  0.00038832
63  3  0.00015754
0  4  0.00033818
1  4  0.00034053
2  4  0.00031045
3  4  0.00019890
4  4  0.00021207
5  4  0.00018085
6  4  0.00024532
7  4  0.00037639
8  4  0.00012827
9  4  0.00024331
10  4  0.00029360
11  4  0.00035131
12  4  0.00042355
13  4  0.00019859
14  4  0.00035272
15  4  0.00024576
16  4  0.00052084
17  4  0.00008602
18  4  0.00027241
19  4  0.00026113
20  4  0.00016546
21  4  0.00014172
22  4  0.00015198
23  4  0.00034162
24  4  0.00030238
25  4  0.00023800
26  4  0.00016112
27  4  0.00020720
28  4  0.00030668
29  4  0.00037652
30  4  0.00019565
31  4  0.00031604
32  4  0.00017609
33  4  0.00010190
34  4  0.00015128
35  4  0.00025727
36  4  0.00012489
37  4  0.00043245
38  4  0.00046195
39  4  0.00016817
40  4  0.00022568
41  4  0.00020847
42  4  0.00008300
43  4  0.00020380
44  4  0.00029731
45  4  0.00027090
46  4  0.00017264
47  4  0.00016026
48  4  0.00034219
49  4  0.00014049
50  4  0.00011586
51  4  0.00026543
52  4  0.00055559
53  4  0.00013116
54  4  0.00008280
55  4  0.00012530
56  4  0.00013041
57  4  0.00012333
58  4  0.00024745
59  4  0.00011129
60  4  0.00030382
61  4  0.00010730
62  4  0.00037934
63  4  0.00039695
0  5  0.00016937
1  5  0.00024421
2  5  0.00027705
3  5  0.00034814
4  5  0.00015232
5  5  0.00009124
6  5  0.00014727
7  5  0.00004157
8  5  0.00049173
9  5  0.00008203
10  5  0.00019358
11  5  0.00007097
12  5  0.00028132
13  5  0.00015443
14  5  0.00014750
15  5  0.00029913
16  5  0.00039319
17  5  0.00006374
18  5  0.00011319
19  5  0.00008670
20  5  0.00039980
21  5  0.00018097
22  5  0.00021046
23  5  0.00022133
24  5  0.00007710
25  5  0.00024891
26  5  0.00018152
27  5  0.00024942
28  5  0.00026565
29  5  0.00053577
30  5  0.00028732
31  5  0.00037068
32  5  0.00035031
33  5  0.00019638
34  5  0.00023801
35  5  0.00017678
36  5  0.00012825
37  5  0.00011820
38  5  0.00035713
39  5  0.00020722
40  5  0.00036471
41  5  0.00022023
42  5  0.00047182
43  5  0.00017580
44  5  0.00008453
45  5  0.00035077
46  5  0.00027780
47  5  0.00037698
48  5  0.00020536
49  5  0.00020858
50  5  0.00034327
51  5  0.00025219
52  5  0.00021038
53  5  0.00011147
54  5  0.00018552
55  5  0.00043299
56  5  0.00029345
57  5  0.00035852
58  5  0.00026957
59  5  0.00039679
60  5  0.00027485
61  5  0.00041436
62  5  0.00011936
63  5  0.00033702
0  6  0.00013415
1  6  0.00014646
2  6  0.00017425
3  6  0.00003818
4  6  0.00022437
5  6  0.00021362
6  6  0.00057729
7  6  0.00023712
8  6  0.00018937
9  6  0.00009798
10  6  0.00022932
11  6  0.00017301
12  6  0.00036804
13  6  0.00030986
14  6  0.00029549
15  6  0.00009069
16  6  0.00025140
17  6  0.00029627
18  6  0.00009045
19  6  0.00056907
20  6  0.00018454
21  6  0.00039942
22  6  0.00022078
23  6  0.00033517
24  6  0.00010879
25  6  0.00025093
26  6  0.00023442
27  6  0.00036928
28  6  0.00032339
29  6  0.00029587
30  6  0.00009654
31  6  0.00019920
32  6  0.00021037
33  6  0.00026291
34  6  0.00046663
35  6  0.00074204
36  6  0.00031309
37  6  0.00056623
38  6  0.00019095
39  6  0.00027692
40  6  0.00018304
41  6  0.00009809
42  6  0.00030316
43  6  0.00020293
44  6  0.00018112
45  6  0.00020180
46  6  0.00026704
47  6  0.00027012
48  6  0.00021439
49  6  0.00048760
50  6  0.00035350
51  6  0.00028178
52  6  0.00039065
53  6  0.00024825
54  6  0.00020982
55  6  0.00028148
56  6  0.00017229
57  6  0.00012114
58  6  0.00047882
59  6  0.00028274
60  6  0.00025672
61  6  0.00006861
62  6  0.00014503
63  6  0.00049977
0  7  0.00021703
1  7  0.00020854
2  7  0.00008810
3  7  0.00032205
4  7  0.00039168
5  7  0.00008135
6  7  0.00013711
7  7  0.00020802
8  7  0.00017955
9  7  0.00014203
10  7  0.00009150
11  7  0.00023840
12  7  0.00019936
13  7  0.00006436
14  7  0.00023087
15  7  0.00029674
16  7  0.00014964
17  7  0.00009998
18  7  0.00016474
19  7  0.00031943
20  7  0.00015086
21  7  0.00010887
22  7  0.00034329
23  7  0.00017755
24  7  0.00030050
25  7  0.00029553
26  7  0.00031352
27  7  0.00040315
28  7  0.00014538
29  7  0.00021307
30  7  0.00019930
31  7  0.00024184
32  7  0.00016488
33  7  0.00023786
34  7  0.00014350
35  7  0.00016866
36  7  0.00034197
37  7  0.00030700
38  7  0.00018857
39  7  0.00019897
40  7  0.00021034
41  7  0.00018653
42  7  0.00011521
43  7  0.00019512
44  7  0.00049947
45  7  0.00017429
46  7  0.00032072
47  7  0.00051743
48  7  0.00034984
49  7  0.00024345
50  7  0.00020426
51  7  0.00040044
52  7  0.00050760
53  7  0.00005013
54  7  0.00015841
55  7  0.00017761
56  7  0.00015639
57  7  0.00038036
58  7  0.00023179
59  7  0.00031616
60  7  0.00015901
61  7  0.00015274
62  7  0.00054936
63  7  0.00011159
0  8  0.00008699
1  8  0.00012100
2  8  0.00043712
3  8  0.00024277
4  8  0.00034191
5  8  0.00024292
6  8  0.00013787
7  8  0.00036952
8  8  0.00019632
9  8  0.00020755
10  8  0.00052827
11  8  0.00016332
12  8  0.00017740
13  8  0.00046796
14  8  0.00031459
15  8  0.00014410
16  8  0.00016672
17  8  0.00026930
18  8  0.00018422
19  8  0.00019813
20  8  0.00037306
21  8  0.00015450
22  8  0.00039866
23  8  0.00018925
24  8  0.00023069
25  8  0.00030968
26  8  0.00016479
27  8  0.00036186
28  8  0.00020573
29  8  0.00009120
30  8  0.00012729
31  8  0.00009570
32  8  0.00010701
33  8  0.00011525
34  8  0.00006419
35  8  0.00049932
36  8  0.00004736
37  8  0.00017373
38  8  0.00044087
39  8  0.00018551
40  8  0.00022357
41  8  0.00009064
42  8  0.00010493
43  8  0.00005377
44  8  0.00044844
45  8  0.00015343
46  8  0.00015290
47  8  0.00007161
48  8  0.00037917
49  8  0.00042155
50  8  0.00022399
51  8  0.00011020
52  8  0.00037076
53  8  0.00013689
54  8  0.00035273
55  8  0.00021903
56  8  0.00017030
57  8  0.00007571
58  8  0.00011959
59  8  0.00020606
60  8  0.00010417
61  8  0.00043683
62  8  0.00028063
63  8  0.00008608
0  9  0.00017641
1  9  0.00043054
2  9  0.00025709
3  9  0.00021388
4  9  0.00021266
5  9  0.00045475
6  9  0.00023209
7  9  0.00014346
8  9  0.00026999
9  9  0.00005591
10  9  0.00015204
11  9  0.00004547
12  9  0.00032710
13  9  0.00006872
14  9  0.00024012
15  9  0.00007030
16  9  0.00028232
17  9  0.00045856
18  9  0.00021877
19  9  0.00027305
20  9  0.00030292
21  9  0.00011417
22  9  0.00020293
23  9  0.00022336
24  9  0.00027191
25  9  0.00008924
26  9  0.00035939
27  9  0.00014005
28  9  0.00014143
29  9  0.00028006
30  9  0.00020407
31  9  0.00017673
32  9  0.00032304
33  9  0.00014865
34  9  0.00018370
35  9  0.00022313
36  9  0.00006620
37  9  0.00028638
38  9  0.00031119
39  9  0.00021167
40  9  0.00021708
41  9  0.00015122
42  9  0.00002107
43  9  0.00057476
44  9  0.00018837
45  9  0.00013479
46  9  0.00023972
47  9  0.00078963
48  9  0.00016992
49  9  0.00032187
50  9  0.00036767
51  9  0.00008922
52  9  0.00033548
53  9  0.00030979
54  9  0.00017425
55  9  0.00019679
56  9  0.00055839
57  9  0.00021846
58  9  0.00024532
59  9  0.00016362
60  9  0.00016052
61  9  0.00027105
62  9  0.00008690
63  9  0.00018846
0  10  0.00039655
1  10  0.00020436
2  10  0.00012035
3  10  0.00010204
4  10  0.00011162
5  10  0.00018365
6  10  0.00026788
7  10  0.00022122
8  10  0.00030958
9  10  0.00026241
10  10  0.00003361
11  10  0.00006526
12  10  0.00019138
13  10  0.00015841
14  10  0.00029333
15  10  0.00018724
16  10  0.00011839
17  10  0.00006063
18  10  0.00032553
19  10  0.00045843
20  10  0.00022322
21  10  0.00031813
22  10  0.00019251
23  10  0.00080842
24  10  0.00012889
25  10  0.00025427
26  10  0.00020312
27  10  0.00058054
28  10  0.00009432
29  10  0.00052463
30  10  0.00022588
31  10  0.00018402
32  10  0.00040520
33  10  0.00021195
34  10  0.00042512
35  10  0.00023272
36  10  0.00015424
37  10  0.00018502
38  10  0.00010171
39  10  0.00021183
40  10  0.00024394
41  10  0.00013174
42  10  0.00012814
43  10  0.00022565
44  10  0.00024286
45  10  0.00013388
46  10  0.00021029
47  10  0.00027417
48  10  0.00017286
49  10  0.00047293
50  10  0.00017445
51  10  0.00026176
52  10  0.00022977
53  10  0.00004530
54  10  0.00022902
55  10  0.00022930
56  10  0.00010423
57  10  0.00024737
58  10  0.00010534
59  10  0.00022038
60  10  0.00044033
61  10  0.00015158
62  10  0.00052597
63  10  0.00023002
0  11  0.00045081
1  11  0.00009023
2  11  0.00019505
3  11  0.00020952
4  11  0.00019147
5  11  0.00011844
6  11  0.00008616
7  11  0.00004841
8  11  0.00034179
9  11  0.00019559
10  11  0.00025513
11  11  0.00020055
12  11  0.00061551
13  11  0.00035958
14  11  0.00016380
15  11  0.00009117
16  11  0.00049378
17  11  0.00014861
18  11  0.00019550
19  11  0.00040624
20  11  0.00017134
21  11  0.00005852
22  11  0.00052053
23  11  0.00012467
24  11  0.00030577
25  11  0.00031040
26  11  0.00025873
27  11  0.00014818
28  11  0.00023303
29  11  0.00012822
30  11  0.00030877
31  11  0.00020110
32  11  0.00021221
33  11  0.00013566
34  11  0.00019122
35  11  0.00033612
36  11  0.00037331
37  11  0.00005029
38  11  0.00023307
39  11  0.00019624
40  11  0.00012885
41  11  0.00027122
42  11  0.00011251
43  11  0.00026910
44  11  0.00026316
45  11  0.00035949
46  11  0.00017307
47  11  0.00015530
48  11  0.00018078
49  11  0.00006177
50  11  0.00018251
51  11  0.00026056
52  11  0.00016539
53  11  0.00036991
54  11  0.00031278
55  11  0.00024435
56  11  0.00015057
57  11  0.00036081
58  11  0.00032428
59  11  0.00019351
60  11  0.00029686
61  11  0.00027648
62  11  0.00028249
63  11  0.00012252
0  12  0.00005312
1  12  0.00035275
2  12  0.00018891
3  12  0.00015940
4  12  0.00016871
5  12  0.00033759
6  12  0.00015415
7  12  0.00034886
8  12  0.00019036
9  12  0.00022813
10  12  0.00023032
11  12  0.00038287
12  12  0.00020756
13  12  0.00062940
14  12  0.00025167
15  12  0.00071931
16  12  0.00007052
17  12  0.00016785
18  12  0.00033661
19  12  0.00022355
20  12  0.00034411
21  12  0.00008342
22  12  0.00008137
23  12  0.00032109
24  12  0.00010461
25  12  0.00079610
26  12  0.00019220
27  12  0.00012276
28  12  0.00022589
29  12  0.00028824
30  12  0.00020127
31  12  0.00037831
32  12  0.00008700
33  12  0.00018504
34  12  0.00024018
35  12  0.00012087
36  12  0.00019584
37  12  0.00013129
38  12  0.00033283
39  12  0.00031764
40  12  0.00034875
41  12  0.00040614
42  12  0.00014248
43  12  0.00015465
44  12  0.00017815
45  12  0.00021794
46  12  0.00025192
47  12  0.00017824
48  12  0.00009364
49  12  0.00042523
50  12  0.00002807
51  12  0.00021041
52  12  0.00027986
53  12  0.00008895
54  12  0.00030919
55  12  0.00015383
56  12  0.00014855
57  12  0.00039200
58  12  0.00020732
59  12  0.00027240
60  12  0.00023209
61  12  0.00010864
62  12  0.00007702
63  12  0.00022457
0  13  0.00015659
1  13  0.00055145
2  13  0.00032432
3  13  0.00025231
4  13  0.00016303
5  13  0.00020802
6  13  0.00018638
7  13  0.00012061
8  13  0.00061904
9  13  0.00017420
10  13  0.00035387
11  13  0.00032873
12  13  0.00044952
13  13  0.00015929
14  13  0.00030042
15  13  0.00027008
16  13  0.00028513
17  13  0.00018324
18  13  0.00010191
19  13  0.00018994
20  13  0.00004952
21  13  0.00014711
22  13  0.00031378
23  13  0.00002297
24  13  0.00030958
25  13  0.00029858
26  13  0.00013823
27  13  0.00029461
28  13  0.00039143
29  13  0.00026411
30  13  0.00012240
31  13  0.00040566
32  13  0.00033790
33  13  0.00034694
34  13  0.00019625
35  13  0.00022118
36  13  0.00035907
37  13  0.00022194
38  13  0.00011637
39  13  0.00015788
40  13  0.00004355
41  13  0.00009344
42  13  0.00032769
43  13  0.00022079
44  13  0.00029828
45  13  0.00012172
46  13  0.00061395
47  13  0.00019817
48  13  0.00018533
49  13  0.00020439
50  13  0.00013639
51  13  0.00013058
52  13  0.00018299
53  13  0.00014670
54  13  0.00010679
55  13  0.00034799
56  13  0.00023021
57  13  0.00026548
58  13  0.00035743
59  13  0.00013793
60  13  0.00013635
61  13  0.00026436
62  13  0.00013662
63  13  0.00013031
0  14  0.00020263
1  14  0.00100994
2  14  0.00065392
3  14  0.00025455
4  14  0.00019320
5  14  0.00029642
6  14  0.00033756
7  14  0.00025297
8  14  0.00014041
9  14  0.00006205
10  14  0.00007212
11  14  0.00041835
12  14  0.00012132
13  14  0.00018871
14  14  0.00016069
15  14  0.00020598
16  14  0.00023040
17  14  0.00012284
18  14  0.00029787
19  14  0.00014401
20  14  0.00020210
21  14  0.00026685
22  14  0.00028043
23  14  0.00012571
24  14  0.00018298
25  14  0.00027251
26  14  0.00021681
27  14  0.00009193
28  14  0.00031795
29  14  0.00026072
30  14  0.00033400
31  14  0.00019209
32  14  0.00011511
33  14  0.00010212
34  14  0.00024331
35  14  0.00036792
36  14  0.00040135
37  14  0.00021600
38  14  0.00041602
39  14  0.00016329
40  14  0.00058047
41  14  0.00021720
42  14  0.00014387
43  14  0.00028495
44  14  0.00038594
45  14  0.00031618
46  14  0.00010501
47  14  0.00012622
48  14  0.00022519
49  14  0.00034797
50  14  0.00021607
51  14  0.00035115
52  14  0.00027139
53  14  0.00016334
54  14  0.00011591
55  14  0.00020344
56  14  0.00006887
57  14  0.00017894
58  14  0.00013364
59  14  0.00025567
60  14  0.00032122
61  14  0.00031197
62  14  0.00055595
63  14  0.00030452
0  15  0.00048419
1  15  0.00040703
2  15  0.00042143
3  15  0.00041716
4  15  0.00012223
5  15  0.00011317
6  15  0.00010143
7  15  0.00015620
8  15  0.00018133
9  15  0.00022934
10  15  0.00012935
11  15  0.00040298
12  15  0.00015754
13  15  0.00011457
14  15  0.00013653
15  15  0.00010429
16  15  0.00011874
17  15  0.00021694
18  15  0.00005186
19  15  0.00019713
20  15  0.00024252
21  15  0.00033578
22  15  0.00031713
23  15  0.00011306
24  15  0.00007535
25  15  0.00017504
26  15  0.00021948
27  15  0.00016315
28  15  0.00019302
29  15  0.00014219
30  15  0.00031057
31  15  0.00011054
32  15  0.00012890
33  15  0.00023546
34  15  0.00027616
35  15  0.00011657
36  15  0.00008073
37  15  0.00049182
38  15  0.00061014
39  15  0.00015530
40  15  0.00027611
41  15  0.00013919
42  15  0.00018671
43  15  0.00018607
44  15  0.00020498
45  15  0.00013181
46  15  0.00015007
47  15  0.00022607
48  15  0.00027365
49  15  0.00023838
50  15  0.00043530
51  15  0.00003233
52  15  0.00019686
53  15  0.00021961
54  15  0.00023439
55  15  0.00022009
56  15  0.00028660
57  15  0.00039029
58  15  0.00041086
59  15  0.00014577
60  15  0.00031712
61  15  0.00021840
62  15  0.00021179
63  15  0.00038739
0  16  0.00008098
1  16  0.00015361
2  16  0.00068064
3  16  0.00013796
4  16  0.00013385
5  16  0.00009895
6  16  0.00020534
7  16  0.00010851
8  16  0.00010263
9  16  0.00011614
10  16  0.00036557
11  16  0.00025808
12  16  0.00034038
13  16  0.00023979
14  16  0.00012840
15  16  0.00012477
16  16  0.00015796
17  16  0.00023035
18  16  0.00005405
19  16  0.00038614
20  16  0.00051193
21  16  0.00027514
22  16  0.00031659
23  16  0.00027330
24  16  0.00033556
25  16  0.00020262
26  16  0.00013342
27  16  0.00051383
28  16  0.00047100
29  16  0.00011343
30  16  0.00013293
31  16  0.00027988
32  16  0.00018876
33  16  0.00034868
34  16  0.00031522
35  16  0.00023040
36  16  0.00028025
37  16  0.00016233
38  16  0.00026722
39  16  0.00022560
40  16  0.00033596
41  16  0.00037895
42  16  0.00027835
43  16  0.00040437
44  16  0.00019418
45  16  0.00027983
46  16  0.00009788
47  16  0.00042812
48  16  0.00041868
49  16  0.00022049
50  16  0.00028448
51  16  0.00021191
52  16  0.00043350
53  16  0.00023429
54  16  0.00038899
55  16  0.00036776
56  16  0.00016662
57  16  0.00011026
58  16  0.00022239
59  16  0.00009955
60  16  0.00024499
61  16  0.00006676
62  16  0.00021831
63  16  0.00024698
0  17  0.00019531
1  17  0.00037821
2  17  0.00030791
3  17  0.00020898
4  17  0.00013717
5  17  0.00036515
6  17  0.00015456
7  17  0.00018359
8  17  0.00013854
9  17  0.00023177
10  17  0.00008158
11  17  0.00023508
12  17  0.00018334
13  17  0.00008799
14  17  0.00019712
15  17  0.00031127
16  17  0.00019027
17  17  0.00037296
18  17  0.00039383
19  17  0.00036218
20  17  0.00013683
21  17  0.00022739
22  17  0.00054414
23  17  0.00032955
24  17  0.00013112
25  17  0.00011021
26  17  0.00025913
27  17  0.00025869
28  17  0.00022498
29  17  0.00028073
30  17  0.00030619
31  17  0.00005569
32  17  0.00031988
33  17  0.00010377
34  17  0.00015797
35  17  0.00038953
36  17  0.00033806
37  17  0.00017135
38  17  0.00019668
39  17  0.00025532
40  17  0.00050267
41  17  0.00019637
42  17  0.00024829
43  17  0.00018097
44  17  0.00018651
45  17  0.00063963
46  17  0.00032628
47  17  0.00028126
48  17  0.00021350
49  17  0.00036687
50  17  0.00014910
51  17  0.00020014
52  17  0.00013479
53  17  0.00011605
54  17  0.00023985
55  17  0.00012638
56  17  0.00033097
57  17  0.00027374
58  17  0.00020399
59  17  0.00013516
60  17  0.00023777
61  17  0.00023890
62  17  0.00028650
63  17  0.00020709
0  18  0.00036334
1  18  0.00031265
2  18  0.00022704
3  18  0.00017565
4  18  0.00027318
5  18  0.00026436
6  18  0.00014776
7  18  0.00035109
8  18  0.00026887
9  18  0.00016826
10  18  0.00058362
11  18  0.00037978
12  18  0.00017717
13  18  0.00016798
14  18  0.00038697
15  18  0.00030669
16  18  0.00009118
17  18  0.00016731
18  18  0.00024239
19  18  0.00017970
20  18  0.00023855
21  18  0.00018342
22  18  0.00052423
23  18  0.00033423
24  18  0.00036294
25  18  0.00022658
26  18  0.00042176
27  18  0.00018817
28  18  0.00026711
29  18  0.00036824
30  18  0.00015047
31  18  0.00056933
32  18  0.00048611
33  18  0.00019227
34  18  0.00015521
35  18  0.00021997
36  18  0.00034261
37  18  0.00040727
38  18  0.00042767
39  18  0.00030795
40  18  0.00005087
41  18  0.00024055
42  18  0.00027609
43  18  0.00036144
44  18  0.00038785
45  18  0.00030177
46  18  0.00047783
47  18  0.00061944
48  18  0.00019980
49  18  0.00013447
50  18  0.00008718
51  18  0.00005793
52  18  0.00017412
53  18  0.00019521
54  18  0.00014334
55  18  0.00012837
56  18  0.00040061
57  18  0.00028341
58  18  0.00018768
59  18  0.00034727
60  18  0.00013198
61  18  0.00016851
62  18  0.00020329
63  18  0.00011610
0  19  0.00018341
1  19  0.00020944
2  19  0.00028580
3  19  0.00028859
4  19  0.00026917
5  19  0.00024462
6  19  0.00010991
7  19  0.00007871
8  19  0.00007149
9  19  0.00010302
10  19  0.00023567
11  19  0.00020397
12  19  0.00028985
13  19  0.00014874
14  19  0.00024241
15  19  0.00019659
16  19  0.00035934
17  19  0.00022770
18  19  0.00013378
19  19  0.00032708
20  19  0.00026549
21  19  0.00032177
22  19  0.00018344
23  19  0.00027906
24  19  0.00020483
25  19  0.00021370
26  19  0.00025186
27  19  0.00029076
28  19  0.00012372
29  19  0.00024525
30  19  0.00022682
31  19  0.00040435
32  19  0.00042215
33  19  0.00029758
34  19  0.00019602
35  19  0.00011312
36  19  0.00018663
37  19  0.00011627
38  19  0.00011986
39  19  0.00027338
40  19  0.00035194
41  19  0.00012955
42  19  0.00029835
43  19  0.00025284
44  19  0.00010209
45  19  0.00017507
46  19  0.00027666
47  19  0.00024833
48  19  0.00035473
49  19  0.00019153
50  19  0.00014008
51  19  0.00012965
52  19  0.00047359
53  19  0.00027535
54  19  0.00031719
55  19  0.00011432
56  19  0.00040975
57  19  0.00041936
58  19  0.00028757
59  19  0.00059236
60  19  0.00024788
61  19  0.00031234
62  19  0.00023781
63  19  0.00036436
0  20  0.00020894
1  20  0.00014410
2  20  0.00031314
3  20  0.00029531
4  20  0.00009626
5  20  0.00019895
6  20  0.00027638
7  20  0.00048587
8  20  0.00028667
9  20  0.00012203
10  20  0.00026130
11  20  0.00009899
12  20  0.00041252
13  20  0.00050635
14  20  0.00038422
15  20  0.00009473
16  20  0.00012836
17  20  0.00058665
18  20  0.00010474
19  20  0.00026831
20  20  0.00024807
21  20  0.00033331
22  20  0.00044446
23  20  0.00029765
24  20  0.00010946
25  20  0.00017056
26  20  0.00019502
27  20  0.00017697
28  20  0.00030820
29  20  0.00020479
30  20  0.00027186
31  20  0.00013015
32  20  0.00032002
33  20  0.00017157
34  20  0.00008186
35  20  0.00010711
36  20  0.00024400
37  20  0.00026679
38  20  0.00013558
39  20  0.00022013
40  20  0.00033604
41  20  0.00017020
42  20  0.00031865
43  20  0.00015511
44  20  0.00024206
45  20  0.00022689
46  20  0.00010175
47  20  0.00018730
48  20  0.00057515
49  20  0.00015326
50  20  0.00027901
51  20  0.00023850
52  20  0.00018919
53  20  0.00035033
54  20  0.00015662
55  20  0.00046758
56  20  0.00016653
57  20  0.00012816
58  20  0.00022395
59  20  0.00034330
60  20  0.00025503
61  20  0.00012341
62  20  0.00026190
63  20  0.00012283
0  21  0.00014972
1  21  0.00035135
2  21  0.00012702
3  21  0.00013913
4  21  0.00012845
5  21  0.00009996
6  21  0.00018922
7  21  0.00023825
8  21  0.00020318
9  21  0.00017391
10  21  0.00010130
11  21  0.00015102
12  21  0.00022288
13  21  0.00010353
14  21  0.00018111
15  21  0.00014305
16  21  0.00017166
17  21  0.00019217
18  21  0.00008115
19  21  0.00033982
20  21  0.00009198
21  21  0.00029753
22  21  0.00039210
23  21  0.00011964
24  21  0.00017400
25  21  0.00005810
26  21  0.00004550
27  21  0.00023552
28  21  0.00021821
29  21  0.00015220
30  21  0.00015869
31  21  0.00013852
32  21  0.00034644
33  21  0.00018308
34  21  0.00013549
35  21  0.00046454
36  21  0.00052595
37  21  0.00022123
38  21  0.00002899
39  21  0.00035938
40  21  0.00015719
41  21  0.00018738
42  21  0.00007127
43  21  0.00034838
44  21  0.00036416
45  21  0.00022682
46  21  0.00027268
47  21  0.00019389
48  21  0.00023239
49  21  0.00032728
50  21  0.00006514
51  21  0.00019937
52  21  0.00013032
53  21  0.00058007
54  21  0.00027884
55  21  0.00017147
56  21  0.00017613
57  21  0.00027121
58  21  0.00028857
59  21  0.00013011
60  21  0.00035785
61  21  0.00017114
62  21  0.00011039
63  21  0.00027286
0  22  0.00023519
1  22  0.00024918
2  22  0.00018446
3  22  0.00066460
4  22  0.00034520
5  22  0.00027440
6  22  0.00016238
7  22  0.00015137
8  22  0.00009515
9  22  0.00030483
10  22  0.00015637
11  22  0.00031518
12  22  0.00014992
13  22  0.00027026
14  22  0.00027633
15  22  0.00026013
16  22  0.00019276
17  22  0.00034512
18  22  0.00017607
19  22  0.00020987
20  22  0.00020813
21  22  0.00034367
22  22  0.00036024
23  22  0.00026332
24  22  0.00016081
25  22  0.00006200
26  22  0.00043497
27  22  0.00007419
28  22  0.00018416
29  22  0.00022362
30  22  0.00050469
31  22  0.00034404
32  22  0.00013329
33  22  0.00048764
34  22  0.00024404
35  22  0.00010834
36  22  0.00026796
37  22  0.00018314
38  22  0.00026682
39  22  0.00012125
40  22  0.00031567
41  22  0.00037783
42  22  0.00017203
43  22  0.00027525
44  22  0.00018030
45  22  0.00016444
46  22  0.00009843
47  22  0.00035405
48  22  0.00024134
49  22  0.00007991
50  22  0.00031293
51  22  0.00053320
52  22  0.00019748
53  22  0.00017057
54  22  0.00007541
55  22  0.00016794
56  22  0.00015075
57  22  0.00015233
58  22  0.00006945
59  22  0.00014039
60  22  0.00024916
61  22  0.00030858
62  22  0.00031819
63  22  0.00015778
0  23  0.00013070
1  23  0.00016178
2  23  0.00040523
3  23  0.00029149
4  23  0.00024699
5  23  0.00008231
6  23  0.00017072
7  23  0.00021050
8  23  0.00037619
9  23  0.00006411
10  23  0.00063733
11  23  0.00030283
12  23  0.00029187
13  23  0.00014900
14  23  0.00044857
15  23  0.00025602
16  23  0.00042086
17  23  0.00016486
18  23  0.00029646
19  23  0.00027721
20  23  0.00028318
21  23  0.00020358
22  23  0.00005852
23  23  0.00035801
24  23  0.00018784
25  23  0.00023616
26  23  0.00033730
27  23  0.00024566
28  23  0.00015825
29  23  0.00007994
30  23  0.00014882
31  23  0.00019688
32  23  0.00027434
33  23  0.00013632
34  23  0.00010709
35  23  0.00015373
36  23  0.00027787
37  23  0.00037606
38  23  0.00013164
39  23  0.00038242
40  23  0.00026523
41  23  0.00012308
42  23  0.00041234
43  23  0.00019277
44  23  0.00034763
45  23  0.00022079
46  23  0.00011329
47  23  0.00032036
48  23  0.00016324
49  23  0.00016625
50  23  0.00039232
51  23  0.00013340
52  23  0.00026058
53  23  0.00015919
54  23  0.00030230
55  23  0.00020238
56  23  0.00036496
57  23  0.00011902
58  23  0.00005048
59  23  0.00014878
60  23  0.00004947
61  23  0.00015210
62  23  0.00018853
63  23  0.00009637
0  24  0.00017634
1  24  0.00018837
2  24  0.00007588
3  24  0.00013894
4  24  0.00023790
5  24  0.00007054
6  24  0.00008903
7  24  0.00017857
8  24  0.00014303
9  24  0.00015213
10  24  0.00047590
11  24  0.00019015
12  24  0.00026348
13  24  0.00030300
14  24  0.00008644
15  24  0.00022915
16  24  0.00037036
17  24  0.00013788
18  24  0.00027652
19  24  0.00017736
20  24  0.00017413
21  24  0.00011196
22  24  0.00020689
23  24  0.00015008
24  24  0.00036427
25  24  0.00017809
26  24  0.00021994
27  24  0.00015111
28  24  0.00015639
29  24  0.00013648
30  24  0.00031946
31  24  0.00045262
32  24  0.00055091
33  24  0.00045686
34  24  0.00018336
35  24  0.00027057
36  24  0.00015102
37  24  0.00037229
38  24  0.00026024
39  24  0.00036117
40  24  0.00017025
41  24  0.00022384
42  24  0.00025760
43  24  0.00011743
44  24  0.00030542
45  24  0.00034651
46  24  0.00010500
47  24  0.00010480
48  24  0.00019544
49  24  0.00037173
50  24  0.00059797
51  24  0.00047055
52  24  0.00021097
53  24  0.00017219
54  24  0.00011946
55  24  0.00016743
56  24  0.00023188
57  24  0.00052949
58  24  0.00029091
59  24  0.00029822
60  24  0.00028418
61  24  0.00043792
62  24  0.00012413
63  24  0.00038959
0  25  0.00009791
1  25  0.00025131
2  25  0.00039008
3  25  0.00024820
4  25  0.00029642
5  25  0.00033716
6  25  0.00031180
7  25  0.00012091
8  25  0.00030746
9  25  0.00022769
10  25  0.00011418
11  25  0.00030508
12  25  0.00019701
13  25  0.00018417
14  25  0.00040825
15  25  0.00033851
16  25  0.00021236
17  25  0.00012353
18  25  0.00028400
19  25  0.00019927
20  25  0.00015990
21  25  0.00010031
22  25  0.00016170
23  25  0.00024570
24  25  0.00038416
25  25  0.00013332
26  25  0.00028596
27  25  0.00019516
28  25  0.00024862
29  25  0.00021944
30  25  0.00030787
31  25  0.00007079
32  25  0.00052385
33  25  0.00022707
34  25  0.00005501
35  25  0.00019249
36  25  0.00052857
37  25  0.00018390
38  25  0.00049497
39  25  0.00026842
40  25  0.00024255
41  25  0.00010980
42  25  0.00022413
43  25  0.00030491
44  25  0.00010161
45  25  0.00017934
46  25  0.00027158
47  25  0.00010830
48  25  0.00033563
49  25  0.00016453
50  25  0.00011274
51  25  0.00021593
52  25  0.00023801
53  25  0.00021813
54  25  0.00026470
55  25  0.00013663
56  25  0.00014047
57  25  0.00022889
58  25  0.00022632
59  25  0.00023728
60  25  0.00023952
61  25  0.00035306
62  25  0.00030763
63  25  0.00025072
0  26  0.00012360
1  26  0.00011526
2  26  0.00036909
3  26  0.00030181
4  26  0.00023071
5  26  0.00043179
6  26  0.00027153
7  26  0.00036362
8  26  0.00018691
9  26  0.00038738
10  26  0.00011852
11  26  0.00004422
12  26  0.00042264
13  26  0.00019928
14  26  0.00030166
15  26  0.00012825
16  26  0.00012095
17  26  0.00035636
18  26  0.00030327
19  26  0.00016669
20  26  0.00020166
21  26  0.00018550
22  26  0.00030909
23  26  0.00021912
24  26  0.00027116
25  26  0.00021619
26  26  0.00022387
27  26  0.00014829
28  26  0.00018932
29  26  0.00022165
30  26  0.00033266
31  26  0.00006604
32  26  0.00018542
33  26  0.00011618
34  26  0.00013999
35  26  0.00009541
36  26  0.00017108
37  26  0.00024138
38  26  0.00017407
39  26  0.00006809
40  26  0.00026988
41  26  0.00013705
42  26  0.00023907
43  26  0.00012467
44  26  0.00036640
45  26  0.00029328
46  26  0.00026698
47  26  0.00022570
48  26  0.00030898
49  26  0.00019105
50  26  0.00009975
51  26  0.00027083
52  26  0.00017761
53  26  0.00020676
54  26  0.00008724
55  26  0.00040921
56  26  0.00043839
57  26  0.00015486
58  26  0.00029581
59  26  0.00029394
60  26  0.00041494
61  26  0.00007709
62  26  0.00019492
63  26  0.00052577
0  27  0.00031962
1  27  0.00018545
2  27  0.00014977
3  27  0.00022152
4  27  0.00037922
5  27  0.00007778
6  27  0.00030501
7  27  0.00015936
8  27  0.00019012
9  27  0.00009189
10  27  0.00022214
11  27  0.00058453
12  27  0.00021251
13  27  0.00025856
14  27  0.00020640
15  27  0.00041554
16  27  0.00056254
17  27  0.00031407
18  27  0.00009794
19  27  0.00008211
20  27  0.00008903
21  27  0.00017516
22  27  0.00020304
23  27  0.00017347
24  27  0.00027216
25  27  0.00031451
26  27  0.00024382
27  27  0.00024225
28  27  0.00028307
29  27  0.00041314
30  27  0.00024339
31  27  0.00006981
32  27  0.00023100
33  27  0.00019309
34  27  0.00020982
35  27  0.00009020
36  27  0.00051487
37  27  0.00047986
38  27  0.00014439
39  27  0.00027416
40  27  0.00012012
41  27  0.00009061
42  27  0.00004402
43  27  0.00041378
44  27  0.00019926
45  27  0.00034241
46  27  0.00012290
47  27  0.00024171
48  27  0.00039698
49  27  0.00033423
50  27  0.00018123
51  27  0.00024920
52  27  0.00054450
53  27  0.00007119
54  27  0.00015351
55  27  0.00015343
56  27  0.00027227
57  27  0.00026354
58  27  0.00040141
59  27  0.00034570
60  27  0.00023312
61  27  0.00029402
62  27  0.00017412
63  27  0.00069162
0  28  0.00030684
1  28  0.00014298
2  28  0.00045756
3  28  0.00004243
4  28  0.00045595
5  28  0.00017320
6  28  0.00033126
7  28  0.00018646
8  28  0.00023185
9  28  0.00024914
10  28  0.00026417
11  28  0.00025331
12  28  0.00015116
13  28  0.00023761
14  28  0.00050051
15  28  0.00027983
16  28  0.00001593
17  28  0.00017833
18  28  0.00038660
19  28  0.00031090
20  28  0.00022598
21  28  0.00013437
22  28  0.00021175
23  28  0.00020495
24  28  0.00026644
25  28  0.00025809
26  28  0.00006315
27  28  0.00032460
28  28  0.00010411
29  28  0.00011625
30  28  0.00017986
31  28  0.00009185
32  28  0.00017437
33  28  0.00015643
34  28  0.00038712
35  28  0.00023252
36  28  0.00035612
37  28  0.00023941
38  28  0.00012925
39  28  0.00023969
40  28  0.00050979
41  28  0.00021592
42  28  0.00057408
43  28  0.00041229
44  28  0.00021597
45  28  0.00025806
46  28  0.00026224
47  28  0.00018545
48  28  0.00013665
49  28  0.00025459
50  28  0.00022061
51  28  0.00014745
52  28  0.00035005
53  28  0.00026832
54  28  0.00023729
55  28  0.00021847
56  28  0.00017154
57  28  0.00043754
58  28  0.00015009
59  28  0.00007795
60  28  0.00029103
61  28  0.00008877
62  28  0.00057442
63  28  0.00034166
0  29  0.00016810
1  29  0.00066087
2  29  0.00021957
3  29  0.00029409
4  29  0.00024820
5  29  0.00027364
6  29  0.00027909
7  29  0.00031074
8  29  0.00018495
9  29  0.00020203
10  29  0.00015961
11  29  0.00008133
12  29  0.00021900
13  29  0.00046236
14  29  0.00040066
15  29  0.00028667
16  29  0.00029099
17  29  0.00033837
18  29  0.00025512
19  29  0.00031362
20  29  0.00006754
21  29  0.00028891
22  29  0.00022479
23  29  0.00040426
24  29  0.00024812
25  29  0.00037482
26  29  0.00060754
27  29  0.00024807
28  29  0.00043781
29  29  0.00023805
30  29  0.00019289
31  29  0.00018511
32  29  0.00010843
33  29  0.00015472
34  29  0.00006322
35  29  0.00012259
36  29  0.00021392
37  29  0.00021014
38  29  0.00019845
39  29  0.00008648
40  29  0.00035636
41  29  0.00014652
42  29  0.00021036
43  29  0.00020764
44  29  0.00031931
45  29  0.00022477
46  29  0.00007687
47  29  0.00029860
48  29  0.00038796
49  29  0.00006116
50  29  0.00036747
51  29  0.00009398
52  29  0.00043745
53  29  0.00023858
54  29  0.00038286
55  29  0.00037685
56  29  0.00047592
57  29  0.00035156
58  29  0.00019102
59  29  0.00014844
60  29  0.00007696
61  29  0.00020867
62  29  0.00029224
63  29  0.00020826
0  30  0.00040373
1  30  0.00019613
2  30  0.00024511
3  30  0.00023359
4  30  0.00027383
5  30  0.00037926
6  30  0.00049453
7  30  0.00021805
8  30  0.00048441
9  30  0.00011175
10  30  0.00027490
11  30  0.00015446
12  30  0.00021771
13  30  0.00013922
14  30  0.00021150
15  30  0.00034187
16  30  0.00022595
17  30  0.00025223
18  30  0.00015578
19  30  0.00052332
20  30  0.00007566
21  30  0.00008971
22  30  0.00024401
23  30  0.00013061
24  30  0.00036862
25  30  0.00015165
26  30  0.00035564
27  30  0.00021536
28  30  0.00011625
29  30  0.00026495
30  30  0.00027713
31  30  0.00014593
32  30  0.00023849
33  30  0.00030466
34  30  0.00027867
35  30  0.00016045
36  30  0.00028143
37  30  0.00010715
38  30  0.00009471
39  30  0.00013237
40  30  0.00036245
41  30  0.00005734
42  30  0.00025733
43  30  0.00034153
44  30  0.00030643
45  30  0.00021344
46  30  0.00004578
47  30  0.00036804
48  30  0.00024932
49  30  0.00027284
50  30  0.00022017
51  30  0.00045960
52  30  0.00027617
53  30  0.00011451
54  30  0.00026783
55  30  0.00047968
56  30  0.00047177
57  30  0.00040539
58  30  0.00013298
59  30  0.00012795
60  30  0.00032202
61  30  0.00027406
62  30  0.00032838
63  30  0.00011892
0  31  0.00021832
1  31  0.00027602
2  31  0.00017049
3  31  0.00033062
4  31  0.00010141
5  31  0.00024350
6  31  0.00030692
7  31  0.00027704
8  31  0.00015715
9  31  0.00023856
10  31  0.00014011
11  31  0.00023511
12  31  0.00028647
13  31  0.00009309
14  31  0.00022495
15  31  0.00006679
16  31  0.00042778
17  31  0.00026378
18  31  0.00035193
19  31  0.00029181
20  31  0.00015077
21  31  0.00023913
22  31  0.00024059
23  31  0.00017857
24  31  0.00012104
25  31  0.00019251
26  31  0.00021124
27  31  0.00031308
28  31  0.00029877
29  31  0.00033990
30  31  0.00023388
31  31  0.00018817
32  31  0.00038276
33  31  0.00047675
34  31  0.00035783
35  31  0.00022973
36  31  0.00022801
37  31  0.00022368
38  31  0.00016221
39  31  0.00043647
40  31  0.00015762
41  31  0.00039322
42  31  0.00017330
43  31  0.00021708
44  31  0.00016674
45  31  0.00010843
46  31  0.00030162
47  31  0.00035381
48  31  0.00025876
49  31  0.00024080
50  31  0.00029080
51  31  0.00036194
52  31  0.00043962
53  31  0.00036258
54  31  0.00013157
55  31  0.00013238
56  31  0.00025474
57  31  0.00022293
58  31  0.00022235
59  31  0.00020333
60  31  0.00014487
61  31  0.00024255
62  31  0.00034068
63  31  0.00030695
0  32  0.00028034
1  32  0.00023310
2  32  0.00011949
3  32  0.00024512
4  32  0.00016207
5  32  0.00015047
6  32  0.00011399
7  32  0.00046115
8  32  0.00026591
9  32  0.00011781
10  32  0.00015277
11  32  0.00021703
12  32  0.00015591
13  32  0.00028923
14  32  0.00024282
15  32  0.00023577
16  32  0.00041788
17  32  0.00005598
18  32  0.00019077
19  32  0.00010833
20  32  0.00030666
21  32  0.00035826
22  32  0.00040447
23  32  0.00031600
24  32  0.00014672
25  32  0.00022254
26  32  0.00013733
27  32  0.00037681
28  32  0.00019639
29  32  0.00042467
30  32  0.00023780
31  32  0.00009040
32  32  0.00049704
33  32  0.00023555
34  32  0.00030969
35  32  0.00027074
36  32  0.00028427
37  32  0.00027218
38  32  0.00007802
39  32  0.00028465
40  32  0.00026162
41  32  0.00021056
42  32  0.00033369
43  32  0.00046856
44  32  0.00033858
45  32  0.00014561
46  32  0.00023201
47  32  0.00041618
48  32  0.00024964
49  32  0.00037857
50  32  0.00019241
51  32  0.00014956
52  32  0.00014643
53  32  0.00026078
54  32  0.00029768
55  32  0.00018581
56  32  0.00022183
57  32  0.00019635
58  32  0.00011981
59  32  0.00014855
60  32  0.00023125
61  32  0.00027729
62  32  0.00016530
63  32  0.00035155
0  33  0.00040098
1  33  0.00020436
2  33  0.00032353
3  33  0.00022415
4  33  0.00024672
5  33  0.00014697
6  33  0.00020774
7  33  0.00056536
8  33  0.00017970
9  33  0.00031369
10  33  0.00022901
11  33  0.00042705
12  33  0.00042548
13  33  0.00023200
14  33  0.00024142
15  33  0.00010461
16  33  0.00022732
17  33  0.00016518
18  33  0.00010713
19  33  0.00016768
20  33  0.00005993
21  33  0.00002982
22  33  0.00010514
23  33  0.00032007
24  33  0.00045454
25  33  0.00013078
26  33  0.00026879
27  33  0.00044174
28  33  0.00013443
29  33  0.00042964
30  33  0.00022504
31  33  0.00012005
32  33  0.00030305
33  33  0.00025927
34  33  0.00008155
35  33  0.00017110
36  33  0.00008050
37  33  0.00013969
38  33  0.00026213
39  33  0.00027641
40  33  0.00027262
41  33  0.00019280
42  33  0.00018054
43  33  0.00009007
44  33  0.00006234
45  33  0.00024285
46  33  0.00015348
47  33  0.00010654
48  33  0.00017470
49  33  0.00038890
50  33  0.00016413
51  33  0.00021370
52  33  0.00017902
53  33  0.00033950
54  33  0.00021535
55  33  0.00015665
56  33  0.00021771
57  33  0.00009220
58  33  0.00001576
59  33  0.00033939
60  33  0.00026434
61  33  0.00027235
62  33  0.00038880
63  33  0.00033942
0  34  0.00026042
1  34  0.00011026
2  34  0.00033328
3  34  0.00025904
4  34  0.00025759
5  34  0.00045906
6  34  0.00022913
7  34  0.00023352
8  34  0.00019048
9  34  0.00023121
10  34  0.00013838
11  34  0.00014613
12  34  0.00026557
13  34  0.00023314
14  34  0.00019779
15  34  0.00046515
16  34  0.00007624
17  34  0.00019312
18  34  0.00026272
19  34  0.00015086
20  34  0.00008462
21  34  0.00011522
22  34  0.00027897
23  34  0.00013655
24  34  0.00032881
25  34  0.00041035
26  34  0.00051010
27  34  0.00027852
28  34  0.00043789
29  34  0.00018058
30  34  0.00005836
31  34  0.00021094
32  34  0.00028862
33  34  0.00044420
34  34  0.00037557
35  34  0.00027117
36  34  0.00036963
37  34  0.00010463
38  34  0.00008876
39  34  0.00028837
40  34  0.00019441
41  34  0.00027432
42  34  0.00010296
43  34  0.00043229
44  34  0.00043632
45  34  0.00033602
46  34  0.00040447
47  34  0.00021884
48  34  0.00021919
49  34  0.00037850
50  34  0.00020615
51  34  0.00016974
52  34  0.00023554
53  34  0.00006719
54  34  0.00018886
55  34  0.00045992
56  34  0.00049060
57  34  0.00049344
58  34  0.00016469
59  34  0.00018072
60  34  0.00019897
61  34  0.00024652
62  34  0.00012949
63  34  0.00014692
0  35  0.00036356
1  35  0.00012610
2  35  0.00027715
3  35  0.00012811
4  35  0.00029617
5  35  0.00030195
6  35  0.00027966
7  35  0.00014370
8  35  0.00015229
9  35  0.00018297
10  35  0.00035524
11  35  0.00017983
12  35  0.00021465
13  35  0.00030079
14  35  0.00018380
15  35  0.00023013
16  35  0.00073562
17  35  0.00021961
18  35  0.00042863
19  35  0.00030086
20  35  0.00041634
21  35  0.00042151
22  35  0.00024353
23  35  0.00024081
24  35  0.00034938
25  35  0.00020866
26  35  0.00020992
27  35  0.00014438
28  35  0.00036178
29  35  0.00041271
30  35  0.00037521
31  35  0.00038134
32  35  0.00030132
33  35  0.00049839
34  35  0.00028501
35  35  0.00019012
36  35  0.00024432
37  35  0.00021762
38  35  0.00010458
39  35  0.00049235
40  35  0.00046972
41  35  0.00074219
42  35  0.00029139
43  35  0.00014604
44  35  0.00035562
45  35  0.00022001
46  35  0.00019113
47  35  0.00026181
48  35  0.00038467
49  35  0.00039385
50  35  0.00028249
51  35  0.00015731
52  35  0.00014748
53  35  0.00058025
54  35  0.00012598
55  35  0.00016416
56  35  0.00018654
57  35  0.00019732
58  35  0.00074874
59  35  0.00015134
60  35  0.00040256
61  35  0.00007760
62  35  0.00033435
63  35  0.00041670
0  36  0.00012463
1  36  0.00022611
2  36  0.00013279
3  36  0.00015389
4  36  0.00063250
5  36  0.00031539
6  36  0.00035530
7  36  0.00037412
8  36  0.00009047
9  36  0.00007022
10  36  0.00030249
11  36  0.00030015
12  36  0.00025370
13  36  0.00030866
14  36  0.00027841
15  36  0.00011206
16  36  0.00009477
17  36  0.00020285
18  36  0.00030727
19  36  0.00019410
20  36  0.00029174
21  36  0.00035495
22  36  0.00032932
23  36  0.00006403
24  36  0.00025223
25  36  0.00008718
26  36  0.00017177
27  36  0.00030071
28  36  0.00012764
29  36  0.00028575
30  36  0.00018855
31  36  0.00016854
32  36  0.00008186
33  36  0.00040299
34  36  0.00006351
35  36  0.00011380
36  36  0.00026202
37  36  0.00056793
38  36  0.00020475
39  36  0.00026903
40  36  0.00028062
41  36  0.00030786
42  36  0.00023319
43  36  0.00022204
44  36  0.00012337
45  36  0.00033328
46  36  0.00030321
47  36  0.00009425
48  36  0.00019078
49  36  0.00021762
50  36  0.00014055
51  36  0.00013741
52  36  0.00024465
53  36  0.00018559
54  36  0.00034285
55  36  0.00010204
56  36  0.00015544
57  36  0.00022502
58  36  0.00009570
59  36  0.00017003
60  36  0.00007864
61  36  0.00032263
62  36  0.00009191
63  36  0.00006574
0  37  0.00020426
1  37  0.00026634
2  37  0.00042827
3  37  0.00019811
4  37  0.00036497
5  37  0.00012214
6  37  0.00027238
7  37  0.00019392
8  37  0.00022057
9  37  0.00027336
10  37  0.00010921
11  37  0.00018463
12  37  0.00026490
13  37  0.00028188
14  37  0.00029430
15  37  0.00013931
16  37  0.00064156
17  37  0.00011308
18  37  0.00024465
19  37  0.00017449
20  37  0.00045924
21  37  0.00037122
22  37  0.00030487
23  37  0.00023517
24  37  0.00040828
25  37  0.00016597
26  37  0.00015474
27  37  0.00010878
28  37  0.00019495
29  37  0.00015131
30  37  0.00016405
31  37  0.00020247
32  37  0.00025830
33  37  0.00016781
34  37  0.00014754
35  37  0.00012125
36  37  0.00020977
37  37  0.00034243
38  37  0.00012331
39  37  0.00025402
40  37  0.00013390
41  37  0.00032780
42  37  0.00016574
43  37  0.00008501
44  37  0.00012610
45  37  0.00014297
46  37  0.00028106
47  37  0.00028976
48  37  0.00053607
49  37  0.00009464
50  37  0.00011984
51  37  0.00014557
52  37  0.00007422
53  37  0.00024406
54  37  0.00041335
55  37  0.00023243
56  37  0.00045746
57  37  0.00021889
58  37  0.00017601
59  37  0.00016969
60  37  0.00035470
61  37  0.00044849
62  37  0.00009890
63  37  0.00022415
0  38  0.00032700
1  38  0.00030052
2  38  0.00026529
3  38  0.00018055
4  38  0.00027450
5  38  0.00030807
6  38  0.00023630
7  38  0.00022291
8  38  0.00016849
9  38  0.00023035
10  38  0.00018906
11  38  0.00012549
12  38  0.00036206
13  38  0.00026536
14  38  0.00060995
15  38  0.00045611
16  38  0.00033535
17  38  0.00012191
18  38  0.00024813
19  38  0.00012831
20  38  0.00039310
21  38  0.00015448
22  38  0.00031108
23  38  0.00031353
24  38  0.00006961
25  38  0.00004662
26  38  0.00018877
27  38  0.00008694
28  38  0.00012395
29  38  0.00016557
30  38  0.00020666
31  38  0.00026611
32  38  0.00011751
33  38  0.00016525
34  38  0.00007373
35  38  0.00042012
36  38  0.00020247
37  38  0.00019312
38  38  0.00017632
39  38  0.00028030
40  38  0.00013178
41  38  0.00025925
42  38  0.00014343
43  38  0.00025621
44  38  0.00014306
45  38  0.00026760
46  38  0.00028074
47  38  0.00031123
48  38  0.00039372
49  38  0.00038174
50  38  0.00035784
51  38  0.00024279
52  38  0.00043713
53  38  0.00054919
54  38  0.00015119
55  38  0.00050372
56  38  0.00017556
57  38  0.00047929
58  38  0.00027958
59  38  0.00029784
60  38  0.00059310
61  38  0.00019855
62  38  0.00038180
63  38  0.00010936
0  39  0.00031394
1  39  0.00018025
2  39  0.00019421
3  39  0.00044333
4  39  0.00021921
5  39  0.00027551
6  39  0.00016369
7  39  0.00022949
8  39  0.00005748
9  39  0.00024426
10  39  0.00026313
11  39  0.00013935
12  39  0.00025093
13  39  0.00007089
14  39  0.00079189
15  39  0.00017939
16  39  0.00025967
17  39  0.00017860
18  39  0.00025876
19  39  0.00009145
20  39  0.00023595
21  39  0.00012995
22  39  0.00031490
23  39  0.00023933
24  39  0.00051612
25  39  0.00031471
26  39  0.00025472
27  39  0.00027167
28  39  0.00021291
29  39  0.00019488
30  39  0.00034302
31  39  0.00010463
32  39  0.00018051
33  39  0.00012544
34  39  0.00016607
35  39  0.00011175
36  39  0.00016543
37  39  0.00019491
38  39  0.00017679
39  39  0.00047868
40  39  0.00044026
41  39  0.00019720
42  39  0.00051246
43  39  0.00049038
44  39  0.00005705
45  39  0.00025851
46  39  0.00044406
47  39  0.00043712
48  39  0.00031667
49  39  0.00023645
50  39  0.00029862
51  39  0.00013675
52  39  0.00034418
53  39  0.00025930
54  39  0.00024254
55  39  0.00027587
56  39  0.00024612
57  39  0.00012631
58  39  0.00016765
59  39  0.00010756
60  39  0.00023133
61  39  0.00015954
62  39  0.00009168
63  39  0.00041063
0  40  0.00016555
1  40  0.00034316
2  40  0.00034021
3  40  0.00043714
4  40  0.00007960
5  40  0.00017158
6  40  0.00018864
7  40  0.00017501
8  40  0.00042468
9  40  0.00019839
10  40  0.00032962
11  40  0.00011072
12  40  0.00034328
13  40  0.00047922
14  40  0.00010101
15  40  0.00024265
16  40  0.00046482
17  40  0.00007013
18  40  0.00008059
19  40  0.00027564
20  40  0.00025097
21  40  0.00015361
22  40  0.00006222
23  40  0.00013722
24  40  0.00008065
25  40  0.00008464
26  40  0.00016001
27  40  0.00015530
28  40  0.00023772
29  40  0.00017886
30  40  0.00010260
31  40  0.00013974
32  40  0.00026240
33  40  0.00017866
34  40  0.00029816
35  40  0.00003461
36  40  0.00038141
37  40  0.00014510
38  40  0.00027997
39  40  0.00020090
40  40  0.00017202
41  40  0.00016707
42  40  0.00032242
43  40  0.00021441
44  40  0.00027128
45  40  0.00004996
46  40  0.00027754
47  40  0.00016107
48  40  0.00018606
49  40  0.00015376
50  40  0.00030000
51  40  0.00032647
52  40  0.00013997
53  40  0.00028287
54  40  0.00008400
55  40  0.00023483
56  40  0.00011210
57  40  0.00013878
58  40  0.00042586
59  40  0.00022111
60  40  0.00015080
61  40  0.00015641
62  40  0.00023131
63  40  0.00027004
0  41  0.00013291
1  41  0.00024065
2  41  0.00019847
3  41  0.00017262
4  41  0.00018525
5  41  0.00020213
6  41  0.00033069
7  41  0.00012876
8  41  0.00051372
9  41  0.00012186
10  41  0.00020805
11  41  0.00031387
12  41  0.00046398
13  41  0.00022897
14  41  0.00022709
15  41  0.00017057
16  41  0.00010026
17  41  0.00017170
18  41  0.00023517
19  41  0.00006757
20  41  0.00007886
21  41  0.00036809
22  41  0.00049929
23  41  0.00020848
24  41  0.00007645
25  41  0.00012882
26  41  0.00016179
27  41  0.00049067
28  41  0.00017130
29  41  0.00030662
30  41  0.00024162
31  41  0.00035365
32  41  0.00024553
33  41  0.00017286
34  41  0.00037484
35  41  0.00010715
36  41  0.00019842
37  41  0.00022281
38  41  0.00023335
39  41  0.00014345
40  41  0.00035288
41  41  0.00040524
42  41  0.00022162
43  41  0.00030471
44  41  0.00016227
45  41  0.00048563
46  41  0.00024133
47  41  0.00030698
48  41  0.00024480
49  41  0.00046972
50  41  0.00007550
51  41  0.00019735
52  41  0.00038622
53  41  0.00014491
54  41  0.00013665
55  41  0.00008312
56  41  0.00036698
57  41  0.00004394
58  41  0.00016223
59  41  0.00012741
60  41  0.00015093
61  41  0.00016944
62  41  0.00033009
63  41  0.00042222
0  42  0.00011034
1  42  0.00027687
2  42  0.00025984
3  42  0.00005575
4  42  0.00016797
5  42  0.00023307
6  42  0.00021893
7  42  0.00030597
8  42  0.00039031
9  42  0.00030346
10  42  0.00030678
11  42  0.00030380
12  42  0.00015207
13  42  0.00034901
14  42  0.00025964
15  42  0.00028070
16  42  0.00026326
17  42  0.00013966
18  42  0.00017607
19  42  0.00051491
20  42  0.00021189
21  42  0.00012422
22  42  0.00009673
23  42  0.00020808
24  42  0.00008917
25  42  0.00016016
26  42  0.00005482
27  42  0.00020542
28  42  0.00008047
29  42  0.00011560
30  42  0.00063859
31  42  0.00010189
32  42  0.00035825
33  42  0.00012931
34  42  0.00051706
35  42  0.00024668
36  42  0.00046763
37  42  0.00020709
38  42  0.00024083
39  42  0.00042575
40  42  0.00032260
41  42  0.00035306
42  42  0.00023326
43  42  0.00043405
44  42  0.00038145
45  42  0.00019947
46  42  0.00021558
47  42  0.00048276
48  42  0.00043633
49  42  0.00010478
50  42  0.00009181
51  42  0.00006718
52  42  0.00024270
53  42  0.00057745
54  42  0.00031657
55  42  0.00015257
56  42  0.00023949
57  42  0.00025667
58  42  0.00036566
59  42  0.00013280
60  42  0.00021639
61  42  0.00049186
62  42  0.00068289
63  42  0.00034140
0  43  0.00029487
1  43  0.00066578
2  43  0.00015902
3  43  0.00013221
4  43  0.00013154
5  43  0.00027684
6  43  0.00029464
7  43  0.00018390
8  43  0.00030252
9  43  0.00035424
10  43  0.00004438
11  43  0.00024584
12  43  0.00035850
13  43  0.00057409
14  43  0.00043125
15  43  0.00021503
16  43  0.00044831
17  43  0.00014847
18  43  0.00022369
19  43  0.00019337
20  43  0.00049405
21  43  0.00021831
22  43  0.00012489
23  43  0.00010409
24  43  0.00046710
25  43  0.00014572
26  43  0.00058359
27  43  0.00030583
28  43  0.00018961
29  43  0.00020969
30  43  0.00025913
31  43  0.00022920
32  43  0.00022677
33  43  0.00019062
34  43  0.00011038
35  43  0.00021081
36  43  0.00011039
37  43  0.00023391
38  43  0.00009171
39  43  0.00022058
40  43  0.00030320
41  43  0.00031531
42  43  0.00007107
43  43  0.00020696
44  43  0.00033669
45  43  0.00027043
46  43  0.00025180
47  43  0.00015337
48  43  0.00013151
49  43  0.00015526
50  43  0.00016908
51  43  0.00019368
52  43  0.00027530
53  43  0.00031812
54  43  0.00017300
55  43  0.00023895
56  43  0.00023020
57  43  0.00017448
58  43  0.00028392
59  43  0.00024798
60  43  0.00032806
61  43  0.00065291
62  43  0.00017229
63  43  0.00037756
0  44  0.00014172
1  44  0.00032822
2  44  0.00049582
3  44  0.00043141
4  44  0.00028973
5  44  0.00047292
6  44  0.00038491
7  44  0.00023896
8  44  0.00006980
9  44  0.00021258
10  44  0.00022308
11  44  0.00030708
12  44  0.00052055
13  44  0.00012513
14  44  0.00030533
15  44  0.00019883
16  44  0.00015459
17  44  0.00030642
18  44  0.00048137
19  44  0.00013990
20  44  0.00014730
21  44  0.00039969
22  44  0.00013572
23  44  0.00027130
24  44  0.00037642
25  44  0.00015661
26  44  0.00039035
27  44  0.00017973
28  44  0.00045550
29  44  0.00009102
30  44  0.00039302
31  44  0.00035231
32  44  0.00041101
33  44  0.00022074
34  44  0.00007981
35  44  0.00009036
36  44  0.00049771
37  44  0.00033460
38  44  0.00020022
39  44  0.00021375
40  44  0.00014973
41  44  0.00058399
42  44  0.00032667
43  44  0.00031642
44  44  0.00023616
45  44  0.00029729
46  44  0.00020399
47  44  0.00019375
48  44  0.00017403
49  44  0.00024423
50  44  0.00030828
51  44  0.00005636
52  44  0.00014403
53  44  0.00017647
54  44  0.00020261
55  44  0.00027640
56  44  0.00012535
57  44  0.00031184
58  44  0.00012766
59  44  0.00032855
60  44  0.00026802
61  44  0.00007349
62  44  0.00010771
63  44  0.00005750
0  45  0.00030424
1  45  0.00045953
2  45  0.00030661
3  45  0.00030550
4  45  0.00062047
5  45  0.00018267
6  45  0.00007911
7  45  0.00017211
8  45  0.00011823
9  45  0.00014388
10  45  0.00044892
11  45  0.00021465
12  45  0.00040056
13  45  0.00025687
14  45  0.00023928
15  45  0.00029890
16  45  0.00015346
17  45  0.00036652
18  45  0.00022637
19  45  0.00026476
20  45  0.00007035
21  45  0.00031328
22  45  0.00021514
23  45  0.00024838
24  45  0.00014783
25  45  0.00020002
26  45  0.00024101
27  45  0.00008267
28  45  0.00041619
29  45  0.00022808
30  45  0.00018578
31  45  0.00010414
32  45  0.00037239
33  45  0.00023162
34  45  0.00021692
35  45  0.00007649
36  45  0.00020635
37  45  0.00024317
38  45  0.00056768
39  45  0.00009837
40  45  0.00039991
41  45  0.00016100
42  45  0.00039110
43  45  0.00029445
44  45  0.00036543
45  45  0.00022343
46  45  0.00030620
47  45  0.00022170
48  45  0.00025270
49  45  0.00019853
50  45  0.00018753
51  45  0.00010776
52  45  0.00033384
53  45  0.00049493
54  45  0.00019663
55  45  0.00017658
56  45  0.00022448
57  45  0.00017159
58  45  0.00013910
59  45  0.00030574
60  45  0.00034233
61  45  0.00009150
62  45  0.00027571
63  45  0.00039747
0  46  0.00023140
1  46  0.00013316
2  46  0.00033211
3  46  0.00020616
4  46  0.00044737
5  46  0.00034882
6  46  0.00034347
7  46  0.00056476
8  46  0.00035500
9  46  0.00012493
10  46  0.00017258
11  46  0.00006562
12  46  0.00017638
13  46  0.00006275
14  46  0.00022089
15  46  0.00010717
16  46  0.00010444
17  46  0.00021747
18  46  0.00011605
19  46  0.00054425
20  46  0.00019582
21  46  0.00037784
22  46  0.00014096
23  46  0.00036847
24  46  0.00024495
25  46  0.00015525
26  46  0.00052311
27  46  0.00041917
28  46  0.00028260
29  46  0.00010376
30  46  0.00013854
31  46  0.00032781
32  46  0.00028702
33  46  0.00032130
34  46  0.00030520
35  46  0.00018420
36  46  0.00012926
37  46  0.00037926
38  46  0.00011547
39  46  0.00015558
40  46  0.00038752
41  46  0.00029738
42  46  0.00028394
43  46  0.00023587
44  46  0.00015054
45  46  0.00018310
46  46  0.00021857
47  46  0.00009245
48  46  0.00051926
49  46  0.00026797
50  46  0.00018906
51  46  0.00045841
52  46  0.00015579
53  46  0.00019722
54  46  0.00023314
55  46  0.00032953
56  46  0.00017879
57  46  0.00025291
58  46  0.00006456
59  46  0.00030942
60  46  0.00013470
61  46  0.00018107
62  46  0.00012643
63  46  0.00030687
0  47  0.00013748
1  47  0.00023357
2  47  0.00024669
3  47  0.00008658
4  47  0.00037618
5  47  0.00028508
6  47  0.00036462
7  47  0.00025224
8  47  0.00023797
9  47  0.00021834
10  47  0.00023223
11  47  0.00021350
12  47  0.00023565
13  47  0.00070933
14  47  0.00021383
15  47  0.00022840
16  47  0.00032613
17  47  0.00030738
18  47  0.00017675
19  47  0.00037255
20  47  0.00025191
21  47  0.00011139
22  47  0.00039624
23  47  0.00024626
24  47  0.00033522
25  47  0.00023007
26  47  0.00032044
27  47  0.00060711
28  47  0.00029118
29  47  0.00033437
30  47  0.00010743
31  47  0.00037185
32  47  0.00026533
33  47  0.00014018
34  47  0.00033792
35  47  0.00009487
36  47  0.00020555
37  47  0.00015747
38  47  0.00014614
39  47  0.00035502
40  47  0.00025798
41  47  0.00013331
42  47  0.00019485
43  47  0.00019786
44  47  0.00005886
45  47  0.00018303
46  47  0.00013914
47  47  0.00032273
48  47  0.00025469
49  47  0.00033880
50  47  0.00023093
51  47  0.00010527
52  47  0.00016885
53  47  0.00007678
54  47  0.00031694
55  47  0.00047103
56  47  0.00029473
57  47  0.00027601
58  47  0.00024583
59  47  0.00026172
60  47  0.00043844
61  47  0.00059465
62  47  0.00013439
63  47  0.00038614
0  48  0.00015960
1  48  0.00019402
2  48  0.00019001
3  48  0.00038797
4  48  0.00020112
5  48  0.00035661
6  48  0.00023619
7  48  0.00023476
8  48  0.00023054
9  48  0.00023414
10  48  0.00044821
11  48  0.00012763
12  48  0.00015275
13  48  0.00021106
14  48  0.00019719
15  48  0.00028777
16  48  0.00014755
17  48  0.00026598
18  48  0.00011393
19  48  0.00011914
20  48  0.00003717
21  48  0.00014537
22  48  0.00009003
23  48  0.00013186
24  48  0.00021580
25  48  0.00029212
26  48  0.00029654
27  48  0.00035776
28  48  0.00025139
29  48  0.00011622
30  48  0.00006556
31  48  0.00029516
32  48  0.00007245
33  48  0.00008260
34  48  0.00016031
35  48  0.00007175
36  48  0.00028950
37  48  0.00009947
38  48  0.00014142
39  48  0.00020330
40  48  0.00038167
41  48  0.00039200
42  48  0.00032034
43  48  0.00053547
44  48  0.00027186
45  48  0.00050856
46  48  0.00034433
47  48  0.00030085
48  48  0.00018694
49  48  0.00023586
50  48  0.00031470
51  48  0.00052102
52  48  0.00032953
53  48  0.00027009
54  48  0.00018951
55  48  0.00022873
56  48  0.00038984
57  48  0.00037712
58  48  0.00008302
59  48  0.00009406
60  48  0.00042434
61  48  0.00018899
62  48  0.00009530
63  48  0.00022482
0  49  0.00031346
1  49  0.00018757
2  49  0.00030178
3  49  0.00020863
4  49  0.00042911
5  49  0.00012365
6  49  0.00016979
7  49  0.00030907
8  49  0.00009095
9  49  0.00029470
10  49  0.00029624
11  49  0.00053042
12  49  0.00040617
13  49  0.00017800
14  49  0.00007338
15  49  0.00025535
16  49  0.00014559
17  49  0.00021776
18  49  0.00013521
19  49  0.00024134
20  49  0.00034881
21  49  0.00007412
22  49  0.00013133
23  49  0.00023469
24  49  0.00034094
25  49  0.00014677
26  49  0.00027290
27  49  0.00029159
28  49  0.00010368
29  49  0.00006799
30  49  0.00021899
31  49  0.00020724
32  49  0.00024216
33  49  0.00018147
34  49  0.00013513
35  49  0.00025541
36  49  0.00025924
37  49  0.00014042
38  49  0.00010532
39  49  0.00027082
40  49  0.00023375
41  49  0.00013807
42  49  0.00010742
43  49  0.00015513
44  49  0.00028249
45  49  0.00009176
46  49  0.00024914
47  49  0.00009871
48  49  0.00021021
49  49  0.00008401
50  49  0.00006375
51  49  0.00010409
52  49  0.00035044
53  49  0.00014163
54  49  0.00028247
55  49  0.00016081
56  49  0.00028442
57  49  0.00050707
58  49  0.00009416
59  49  0.00018094
60  49  0.00031692
61  49  0.00029774
62  49  0.00027630
63  49  0.00014806
0  50  0.00018262
1  50  0.00030809
2  50  0.00020774
3  50  0.00023033
4  50  0.00050679
5  50  0.00040070
6  50  0.00031652
7  50  0.00011175
8  50  0.00035539
9  50  0.00023114
10  50  0.00014345
11  50  0.00016898
12  50  0.00041946
13  50  0.00034742
14  50  0.00034931
15  50  0.00013772
16  50  0.00022544
17  50  0.00015341
18  50  0.00037609
19  50  0.00055333
20  50  0.00030929
21  50  0.00046475
22  50  0.00013236
23  50  0.00023260
24  50  0.00010658
25  50  0.00037193
26  50  0.00015196
27  50  0.00027456
28  50  0.00028398
29  50  0.00039363
30  50  0.00028990
31  50  0.00014192
32  50  0.00010775
33  50  0.00029370
34  50  0.00020585
35  50  0.00020443
36  50  0.00025696
37  50  0.00020280
38  50  0.00050474
39  50  0.00036208
40  50  0.00018746
41  50  0.00012664
42  50  0.00021583
43  50  0.00027782
44  50  0.00011109
45  50  0.00007621
46  50  0.00032688
47  50  0.00039981
48  50  0.00022525
49  50  0.00016254
50  50  0.00032672
51  50  0.00016221
52  50  0.00024592
53  50  0.00040014
54  50  0.00054940
55  50  0.00017838
56  50  0.00015223
57  50  0.00009971
58  50  0.00021868
59  50  0.00014594
60  50  0.00036342
61  50  0.00011257
62  50  0.00013035
63  50  0.00022419
0  51  0.00025893
1  51  0.00021883
2  51  0.00060035
3  51  0.00045520
4  51  0.00018604
5  51  0.00026355
6  51  0.00010632
7  51  0.00005668
8  51  0.00008785
9  51  0.00037553
10  51  0.00023545
11  51  0.00020936
12  51  0.00023023
13  51  0.00015033
14  51  0.00015982
15  51  0.00013923
16  51  0.00020379
17  51  0.00009922
18  51  0.00020596
19  51  0.00024137
20  51  0.00012473
21  51  0.00015766
22  51  0.00017383
23  51  0.00030821
24  51  0.00030209
25  51  0.00031526
26  51  0.00030489
27  51  0.00030975
28  51  0.00043411
29  51  0.00039613
30  51  0.00045795
31  51  0.00052618
32  51  0.00031440
33  51  0.00040156
34  51  0.00021881
35  51  0.00029184
36  51  0.00023660
37  51  0.00007296
38  51  0.00010893
39  51  0.00017929
40  51  0.00015628
41  51  0.00011693
42  51  0.00025371
43  51  0.00016990
44  51  0.00018036
45  51  0.00041966
46  51  0.00047809
47  51  0.00029048
48  51  0.00064729
49  51  0.00012020
50  51  0.00047630
51  51  0.00034746
52  51  0.00047438
53  51  0.00042041
54  51  0.00008454
55  51  0.00064401
56  51  0.00010040
57  51  0.00028462
58  51  0.00030258
59  51  0.00022887
60  51  0.00020842
61  51  0.00021152
62  51  0.00025828
63  51  0.00020112
0  52  0.00036268
1  52  0.00024848
2  52  0.00029497
3  52  0.00013214
4  52  0.00025424
5  52  0.00037680
6  52  0.00018794
7  52  0.00043419
8  52  0.00043219
9  52  0.00018503
10  52  0.00026667
11  52  0.00021277
12  52  0.00050439
13  52  0.00033161
14  52  0.00016639
15  52  0.00018543
16  52  0.00021552
17  52  0.00027105
18  52  0.00032889
19  52  0.00019723
20  52  0.00044111
21  52  0.00073240
22  52  0.00022695
23  52  0.00015844
24  52  0.00051654
25  52  0.00065692
26  52  0.00031159
27  52  0.00029368
28  52  0.00042704
29  52  0.00011954
30  52  0.00023971
31  52  0.00007355
32  52  0.00014978
33  52  0.00008510
34  52  0.00014254
35  52  0.00020793
36  52  0.00012806
37  52  0.00031786
38  52  0.00048452
39  52  0.00055765
40  52  0.00008779
41  52  0.00030954
42  52  0.00014505
43  52  0.00024382
44  52  0.00029696
45  52  0.00023176
46  52  0.00008297
47  52  0.00037390
48  52  0.00025609
49  52  0.00017897
50  52  0.00029746
51  52  0.00004640
52  52  0.00014435
53  52  0.00024678
54  52  0.00018673
55  52  0.00044402
56  52  0.00044451
57  52  0.00025337
58  52  0.00022470
59  52  0.00012082
60  52  0.00006794
61  52  0.00018812
62  52  0.00027534
63  52  0.00015948
0  53  0.00005532
1  53  0.00022945
2  53  0.00011851
3  53  0.00010785
4  53  0.00031209
5  53  0.00031046
6  53  0.00016753
7  53  0.00037679
8  53  0.00019765
9  53  0.00015909
10  53  0.00058092
11  53  0.00020052
12  53  0.00032961
13  53  0.00014215
14  53  0.00015499
15  53  0.00019678
16  53  0.00008836
17  53  0.00010420
18  53  0.00019557
19  53  0.00031458
20  53  0.00017226
21  53  0.00016136
22  53  0.00013078
23  53  0.00019040
24  53  0.00021703
25  53  0.00021032
26  53  0.00043503
27  53  0.00028237
28  53  0.00007654
29  53  0.00044440
30  53  0.00019762
31  53  0.00011454
32  53  0.00041131
33  53  0.00035417
34  53  0.00017379
35  53  0.00011096
36  53  0.00023976
37  53  0.00019422
38  53  0.00019818
39  53  0.00025464
40  53  0.00025291
41  53  0.00028109
42  53  0.00027840
43  53  0.00030942
44  53  0.00015747
45  53  0.00012911
46  53  0.00036177
47  53  0.00011263
48  53  0.00048467
49  53  0.00015137
50  53  0.00016789
51  53  0.00026098
52  53  0.00015226
53  53  0.00025095
54  53  0.00034330
55  53  0.00007283
56  53  0.00046459
57  53  0.00039331
58  53  0.00029429
59  53  0.00031761
60  53  0.00035312
61  53  0.00030465
62  53  0.00034682
63  53  0.00013454
0  54  0.00013480
1  54  0.00013760
2  54  0.00012955
3  54  0.00020795
4  54  0.00019259
5  54  0.00021831
6  54  0.00006583
7  54  0.00023967
8  54  0.00013333
9  54  0.00019033
10  54  0.00026776
11  54  0.00015392
12  54  0.00030183
13  54  0.00019523
14  54  0.00026803
15  54  0.00018118
16  54  0.00036249
17  54  0.00012489
18  54  0.00032781
19  54  0.00026116
20  54  0.00021266
21  54  0.00033825
22  54  0.00028971
23  54  0.00010132
24  54  0.00014328
25  54  0.00002369
26  54  0.00039931
27  54  0.00021864
28  54  0.00014875
29  54  0.00011567
30  54  0.00039185
31  54  0.00013123
32  54  0.00029276
33  54  0.00011824
34  54  0.00033935
35  54  0.00031292
36  54  0.00041687
37  54  0.00018032
38  54  0.00028825
39  54  0.00004856
40  54  0.00041343
41  54  0.00041812
42  54  0.00026551
43  54  0.00018115
44  54  0.00014394
45  54  0.00029780
46  54  0.00033940
47  54  0.00012151
48  54  0.00017493
49  54  0.00024272
50  54  0.00016385
51  54  0.00011300
52  54  0.00007496
53  54  0.00030832
54  54  0.00022357
55  54  0.00012551
56  54  0.00022947
57  54  0.00016378
58  54  0.00017778
59  54  0.00020252
60  54  0.00025871
61  54  0.00004495
62  54  0.00037259
63  54  0.00007495
0  55  0.00015498
1  55  0.00013135
2  55  0.00043564
3  55  0.00018007
4  55  0.00039702
5  55  0.00013905
6  55  0.00026767
7  55  0.00031664
8  55  0.00027142
9  55  0.00019810
10  55  0.00039175
11  55  0.00018898
12  55  0.00011145
13  55  0.00016345
14  55  0.00013154
15  55  0.00024947
16  55  0.00044726
17  55  0.00014212
18  55  0.00019571
19  55  0.00018983
20  55  0.00021426
21  55  0.00028143
22  55  0.00014595
23  55  0.00005949
24  55  0.00031998
25  55  0.00019284
26  55  0.00012986
27  55  0.00019947
28  55  0.00020888
29  55  0.00026350
30  55  0.00023961
31  55  0.00006031
32  55  0.00014128
33  55  0.00025754
34  55  0.00027773
35  55  0.00016556
36  55  0.00019363
37  55  0.00028359
38  55  0.00019759
39  55  0.00013986
40  55  0.00016737
41  55  0.00029489
42  55  0.00017069
43  55  0.00008708
44  55  0.00042759
45  55  0.00008006
46  55  0.00026147
47  55  0.00020300
48  55  0.00017531
49  55  0.00012430
50  55  0.00027254
51  55  0.00026265
52  55  0.00032475
53  55  0.00043527
54  55  0.00044635
55  55  0.00031477
56  55  0.00027352
57  55  0.00009037
58  55  0.00071335
59  55  0.00035798
60  55  0.00013068
61  55  0.00013011
62  55  0.00005758
63  55  0.00022449
0  56  0.00028927
1  56  0.00065109
2  56  0.00012019
3  56  0.00037522
4  56  0.00011872
5  56  0.00016429
6  56  0.00041141
7  56  0.00012494
8  56  0.00026390
9  56  0.00012239
10  56  0.00020143
11  56  0.00029949
12  56  0.00030301
13  56  0.00010818
14  56  0.00014246
15  56  0.00037305
16  56  0.00011799
17  56  0.00009478
18  56  0.00023692
19  56  0.00035034
20  56  0.00031169
21  56  0.00011974
22  56  0.00046797
23  56  0.00028301
24  56  0.00011424
25  56  0.00007890
26  56  0.00016696
27  56  0.00050410
28  56  0.00035070
29  56  0.00063056
30  56  0.00043874
31  56  0.00018424
32  56  0.00036602
33  56  0.00013203
34  56  0.00006748
35  56  0.00029311
36  56  0.00056310
37  56  0.00030719
38  56  0.00018888
39  56  0.00039038
40  56  0.00015330
41  56  0.00040779
42  56  0.00010626
43  56  0.00028075
44  56  0.00021391
45  56  0.00053905
46  56  0.00014683
47  56  0.00020494
48  56  0.00026119
49  56  0.00018950
50  56  0.00034433
51  56  0.00067130
52  56  0.00031406
53  56  0.00025733
54  56  0.00013237
55  56  0.00030355
56  56  0.00019519
57  56  0.00014363
58  56  0.00019514
59  56  0.00018319
60  56  0.00019601
61  56  0.00030744
62  56  0.00009402
63  56  0.00006159
0  57  0.00034617
1  57  0.00019354
2  57  0.00025215
3  57  0.00022699
4  57  0.00015270
5  57  0.00013818
6  57  0.00036848
7  57  0.00015620
8  57  0.00013044
9  57  0.00017447
10  57  0.00010928
11  57  0.00060866
12  57  0.00012472
13  57  0.00010863
14  57  0.00026829
15  57  0.00030171
16  57  0.00009304
17  57  0.00025326
18  57  0.00018804
19  57  0.00024831
20  57  0.00020639
21  57  0.00033822
22  57  0.00037576
23  57  0.00027838
24  57  0.00024625
25  57  0.00032468
26  57  0.00018528
27  57  0.00029718
28  57  0.00025455
29  57  0.00014332
30  57  0.00025151
31  57  0.00047917
32  57  0.00036183
33  57  0.00022029
34  57  0.00016965
35  57  0.00033965
36  57  0.00017200
37  57  0.00014752
38  57  0.00017595
39  57  0.00010319
40  57  0.00025835
41  57  0.00032203
42  57  0.00008789
43  57  0.00024260
44  57  0.00031327
45  57  0.00034124
46  57  0.00053151
47  57  0.00034860
48  57  0.00013736
49  57  0.00022595
50  57  0.00036349
51  57  0.00027405
52  57  0.00006172
53  57  0.00016340
54  57  0.00019841
55  57  0.00014669
56  57  0.00030383
57  57  0.00011496
58  57  0.00017912
59  57  0.00026015
60  57  0.00026135
61  57  0.00022606
62  57  0.00042828
63  57  0.00038915
0  58  0.00030952
1  58  0.00018241
2  58  0.00054189
3  58  0.00026123
4  58  0.00032763
5  58  0.00014747
6  58  0.00010933
7  58  0.00051110
8  58  0.00016026
9  58  0.00025419
10  58  0.00034948
11  58  0.00022754
12  58  0.00016218
13  58  0.00037954
14  58  0.00017959
15  58  0.00027003
16  58  0.00031743
17  58  0.00017387
18  58  0.00033381
19  58  0.00017365
20  58  0.00028824
21  58  0.00005469
22  58  0.00027746
23  58  0.00027301
24  58  0.00007867
25  58  0.00018696
26  58  0.00008838
27  58  0.00012134
28  58  0.00013242
29  58  0.00067959
30  58  0.00017390
31  58  0.00016205
32  58  0.00010507
33  58  0.00045243
34  58  0.00014926
35  58  0.00032833
36  58  0.00020442
37  58  0.00034926
38  58  0.00028949
39  58  0.00026142
40  58  0.00016567
41  58  0.00023687
42  58  0.00009609
43  58  0.00016401
44  58  0.00016892
45  58  0.00019305
46  58  0.00023743
47  58  0.00007570
48  58  0.00025306
49  58  0.00075976
50  58  0.00021646
51  58  0.00026958
52  58  0.00043331
53  58  0.00055363
54  58  0.00012974
55  58  0.00030188
56  58  0.00047078
57  58  0.00024793
58  58  0.00036020
59  58  0.00022951
60  58  0.00021026
61  58  0.00020596
62  58  0.00028231
63  58  0.00019300
0  59  0.00017313
1  59  0.00031684
2  59  0.00018333
3  59  0.00040205
4  59  0.00022928
5  59  0.00034802
6  59  0.00014146
7  59  0.00038887
8  59  0.00035417
9  59  0.00018722
10  59  0.00032265
11  59  0.00040741
12  59  0.00005911
13  59  0.00014380
14  59  0.00048298
15  59  0.00016023
16  59  0.00011360
17  59  0.00036470
18  59  0.00018234
19  59  0.00022399
20  59  0.00013547
21  59  0.00015072
22  59  0.00013774
23  59  0.00018106
24  59  0.00056120
25  59  0.00027282
26  59  0.00030462
27  59  0.00036221
28  59  0.00051879
29  59  0.00032934
30  59  0.00013674
31  59  0.00020131
32  59  0.00035267
33  59  0.00016085
34  59  0.00010851
35  59  0.00016960
36  59  0.00015789
37  59  0.00033859
38  59  0.00012063
39  59  0.00018093
40  59  0.00007669
41  59  0.00016511
42  59  0.00019575
43  59  0.00026071
44  59  0.00039854
45  59  0.00037506
46  59  0.00009167
47  59  0.00023117
48  59  0.00033737
49  59  0.00040740
50  59  0.00030822
51  59  0.00019549
52  59  0.00025118
53  59  0.00021909
54  59  0.00011223
55  59  0.00008114
56  59  0.00013978
57  59  0.00037275
58  59  0.00029668
59  59  0.00025656
60  59  0.00025572
61  59  0.00053709
62  59  0.00011402
63  59  0.00034197
0  60  0.00007769
1  60  0.00025305
2  60  0.00006511
3  60  0.00024278
4  60  0.00011251
5  60  0.00019563
6  60  0.00031966
7  60  0.00013912
8  60  0.00022852
9  60  0.00017880
10  60  0.00023960
11  60  0.00020105
12  60  0.00021543
13  60  0.00015006
14  60  0.00008908
15  60  0.00016251
16  60  0.00016663
17  60  0.00014110
18  60  0.00024380
19  60  0.00018085
20  60  0.00032600
21  60  0.00029888
22  60  0.00020376
23  60  0.00019600
24  60  0.00023781
25  60  0.00008329
26  60  0.00010206
27  60  0.00016671
28  60  0.00021070
29  60  0.00042786
30  60  0.00012517
31  60  0.00026589
32  60  0.00012358
33  60  0.00027883
34  60  0.00021201
35  60  0.00034070
36  60  0.00024380
37  60  0.00028104
38  60  0.00037393
39  60  0.00026186
40  60  0.00013118
41  60  0.00014992
42  60  0.00034350
43  60  0.00011259
44  60  0.00009484
45  60  0.00014587
46  60  0.00020772
47  60  0.00033233
48  60  0.00022019
49  60  0.00015259
50  60  0.00026363
51  60  0.00012929
52  60  0.00013149
53  60  0.00027310
54  60  0.00022340
55  60  0.00045280
56  60  0.00018288
57  60  0.00018908
58  60  0.00038639
59  60  0.00017418
60  60  0.00024406
61  60  0.00030454
62  60  0.00013299
63  60  0.00041510
0  61  0.00030869
1  61  0.00021989
2  61  0.00018423
3  61  0.00013316
4  61  0.00040953
5  61  0.00048164
6  61  0.00011482
7  61  0.00034880
8  61  0.00025463
9  61  0.00019653
10  61  0.00011862
11  61  0.00039475
12  61  0.00019192
13  61  0.00032109
14  61  0.00027792
15  61  0.00022387
16  61  0.00036895
17  61  0.00037431
18  61  0.00020125
19  61  0.00014561
20  61  0.00048115
21  61  0.00032988
22  61  0.00015264
23  61  0.00025480
24  61  0.00022705
25  61  0.00022985
26  61  0.00064893
27  61  0.00039955
28  61  0.00015225
29  61  0.00019307
30  61  0.00027656
31  61  0.00033703
32  61  0.00026204
33  61  0.00015051
34  61  0.00036281
35  61  0.00013225
36  61  0.00034494
37  61  0.00028394
38  61  0.00023326
39  61  0.00018775
40  61  0.00035677
41  61  0.00040839
42  61  0.00022875
43  61  0.00041471
44  61  0.00057254
45  61  0.00023674
46  61  0.00030896
47  61  0.00011526
48  61  0.00010875
49  61  0.00033149
50  61  0.00028501
51  61  0.00016645
52  61  0.00020838
53  61  0.00023536
54  61  0.00019919
55  61  0.00020192
56  61  0.00029553
57  61  0.00006196
58  61  0.00016161
59  61  0.00022788
60  61  0.00006495
61  61  0.00006257
62  61  0.00011753
63  61  0.00016515
0  62  0.00017832
1  62  0.00037465
2  62  0.00019978
3  62  0.00014547
4  62  0.00025849
5  62  0.00027695
6  62  0.00025380
7  62  0.00011277
8  62  0.00023872
9  62  0.00043866
10  62  0.00014300
11  62  0.00017838
12  62  0.00010084
13  62  0.00031641
14  62  0.00020018
15  62  0.00019016
16  62  0.00014597
17  62  0.00026356
18  62  0.00024453
19  62  0.00031820
20  62  0.00028687
21  62  0.00028186
22  62  0.00059641
23  62  0.00023023
24  62  0.00063142
25  62  0.00014802
26  62  0.00011508
27  62  0.00029705
28  62  0.00025549
29  62  0.00016886
30  62  0.00040542
31  62  0.00030486
32  62  0.00024513
33  62  0.00027722
34  62  0.00034619
35  62  0.00017655
36  62  0.00018677
37  62  0.00012340
38  62  0.00033468
39  62  0.00016240
40  62  0.00042198
41  62  0.00027045
42  62  0.00044554
43  62  0.00009664
44  62  0.00022048
45  62  0.00016424
46  62  0.00024662
47  62  0.00035316
48  62  0.00027223
49  62  0.00030190
50  62  0.00016809
51  62  0.00014081
52  62  0.00010906
53  62  0.00035489
54  62  0.00036115
55  62  0.00028367
56  62  0.00018499
57  62  0.00016287
58  62  0.00037560
59  62  0.00038306
60  62  0.00028727
61  62  0.00021808
62  62  0.00020737
63  62  0.00027102
0  63  0.00019051
1  63  0.00025212
2  63  0.00055437
3  63  0.00040272
4  63  0.00024955
5  63  0.00034078
6  63  0.00022124
7  63  0.00039209
8  63  0.00035117
9  63  0.00008937
10  63  0.00014594
11  63  0.00032384
12  63  0.00016148
13  63  0.00048111
14  63  0.00018968
15  63  0.00015437
16  63  0.00008691
17  63  0.00021298
18  63  0.00027101
19  63  0.00040133
20  63  0.00026887
21  63  0.00036688
22  63  0.00025401
23  63  0.00026031
24  63  0.00011229
25  63  0.00026103
26  63  0.00025373
27  63  0.00047920
28  63  0.00029114
29  63  0.00033761
30  63  0.00013547
31  63  0.00044540
32  63  0.00008698
33  63  0.00025401
34  63  0.00016247
35  63  0.00015530
36  63  0.00021283
37  63  0.00014184
38  63  0.00022928
39  63  0.00035869
40  63  0.00020228
41  63  0.00011415
42  63  0.00022542
43  63  0.00025777
44  63  0.00037376
45  63  0.00023777
46  63  0.00016244
47  63  0.00038965
48  63  0.00015494
49  63  0.00023311
50  63  0.00025801
51  63  0.00025242
52  63  0.00009102
53  63  0.00039911
54  63  0.00042676
55  63  0.00026049
56  63  0.00026336
57  63  0.00023834
58  63  0.00004651
59  63  0.00019461
60  63  0.00008370
61  63  0.00022336
62  63  0.00037155
63  63  0.00029867
