# Spinor density |Psi|^2 at t = 10 seconds
# Grid: 64 x 64
# Columns: x  y  density
0  0  0.00035578
1  0  0.00014801
2  0  0.00024903
3  0  0.00036847
4  0  0.00006244
5  0  0.00010621
6  0  0.00030440
7  0  0.00031686
8  0  0.00040418
9  0  0.00030697
10  0  0.00016812
11  0  0.00033872
12  0  0.00010393
13  0  0.00011719
14  0  0.00051420
15  0  0.00032727
16  0  0.00003911
17  0  0.00034352
18  0  0.00027374
19  0  0.00021114
20  0  0.00021251
21  0  0.00026557
22  0  0.00034978
23  0  0.00026190
24  0  0.00032083
25  0  0.00015847
26  0  0.00054741
27  0  0.00047757
28  0  0.00011142
29  0  0.00037472
30  0  0.00043803
31  0  0.00022508
32  0  0.00036464
33  0  0.00039482
34  0  0.00016169
35  0  0.00024932
36  0  0.00026362
37  0  0.00035853
38  0  0.00040282
39  0  0.00028583
40  0  0.00037505
41  0  0.00007967
42  0  0.00015152
43  0  0.00010890
44  0  0.00007686
45  0  0.00030506
46  0  0.00056203
47  0  0.00015411
48  0  0.00014655
49  0  0.00039270
50  0  0.00019600
51  0  0.00039088
52  0  0.00034878
53  0  0.00014616
54  0  0.00084786
55  0  0.00009267
56  0  0.00014367
57  0  0.00014665
58  0  0.00021383
59  0  0.00014660
60  0  0.00032476
61  0  0.00076042
62  0  0.00024365
63  0  0.00021109
0  1  0.00009653
1  1  0.00016696
2  1  0.00015066
3  1  0.00037388
4  1  0.00013010
5  1  0.00026909
6  1  0.00017287
7  1  0.00013610
8  1  0.00022595
9  1  0.00042597
10  1  0.00027236
11  1  0.00011567
12  1  0.00018016
13  1  0.00005312
14  1  0.00036186
15  1  0.00041801
16  1  0.00017549
17  1  0.00007716
18  1  0.00026364
19  1  0.00006987
20  1  0.00016174
21  1  0.00017551
22  1  0.00030372
23  1  0.00009504
24  1  0.00029911
25  1  0.00019336
26  1  0.00016360
27  1  0.00014457
28  1  0.00027847
29  1  0.00007489
30  1  0.00053226
31  1  0.00032697
32  1  0.00011215
33  1  0.00021166
34  1  0.00020587
35  1  0.00019112
36  1  0.00008900
37  1  0.00023669
38  1  0.00024476
39  1  0.00024164
40  1  0.00019019
41  1  0.00006747
42  1  0.00020125
43  1  0.00005720
44  1  0.00025337
45  1  0.00010396
46  1  0.00013964
47  1  0.00010630
48  1  0.00023066
49  1  0.00038355
50  1  0.00021414
51  1  0.00033133
52  1  0.00021513
53  1  0.00038954
54  1  0.00021417
55  1  0.00053094
56  1  0.00016983
57  1  0.00010631
58  1  0.00015947
59  1  0.00024737
60  1  0.00024051
61  1  0.00013648
62  1  0.00030730
63  1  0.00011228
0  2  0.00016419
1  2  0.00020398
2  2  0.00018804
3  2  0.00012969
4  2  0.00026894
5  2  0.00017265
6  2  0.00008492
7  2  0.00027301
8  2  0.00016106
9  2  0.00007547
10  2  0.00028640
11  2  0.00006423
12  2  0.00029261
13  2  0.00048571
14  2  0.00034097
15  2  0.00025644
16  2  0.00019293
17  2  0.00018742
18  2  0.00017233
19  2  0.00042499
20  2  0.00018524
21  2  0.00030916
22  2  0.00017134
23  2  0.00019365
24  2  0.00015946
25  2  0.00014047
26  2  0.00017785
27  2  0.00047584
28  2  0.00022391
29  2  0.00047604
30  2  0.00017552
31  2  0.00048657
32  2  0.00029309
33  2  0.00016328
34  2  0.00024752
35  2  0.00008727
36  2  0.00025053
37  2  0.00030172
38  2  0.00028050
39  2  0.00023855
40  2  0.00023318
41  2  0.00014335
42  2  0.00021049
43  2  0.00032443
44  2  0.00009391
45  2  0.00037267
46  2  0.00010630
47  2  0.00027941
48  2  0.00025375
49  2  0.00015563
50  2  0.00031435
51  2  0.00016965
52  2  0.00021480
53  2  0.00012668
54  2  0.00020970
55  2  0.00009381
56  2  0.00018891
57  2  0.00035434
58  2  0.00029985
59  2  0.00020495
60  2  0.00027635
61  2  0.00029025
62  2  0.00014938
63  2  0.00027309
0  3  0.00009270
1  3  0.00033741
2  3  0.00024754
3  3  0.00036283
4  3  0.00024210
5  3  0.00028453
6  3  0.00035414
7  3  0.00023670
8  3  0.00032126
9  3  0.00013397
10  3  0.00037770
11  3  0.00018890
12  3  0.00031084
13  3  0.00030706
14  3  0.00029183
15  3  0.00011450
16  3  0.00007874
17  3  0.00014565
18  3  0.00029149
19  3  0.00012918
20  3  0.00025877
21  3  0.00031089
22  3  0.00019984
23  3  0.00033354
24  3  0.00019901
25  3  0.00017828
26  3  0.00012500
27  3  0.00015289
28  3  0.00041774
29  3  0.00015643
30  3  0.00028349
31  3  0.00014088
32  3  0.00033040
33  3  0.00033778
34  3  0.00019866
35  3  0.00038192
36  3  0.00022966
37  3  0.00024628
38  3  0.00007958
39  3  0.00021670
40  3  0.00023809
41  3  0.00032616
42  3  0.00053325
43  3  0.00005248
44  3  0.00041273
45  3  0.00013533
46  3  0.00041844
47  3  0.00034899
48  3  0.00013760
49  3  0.00011215
50  3  0.00033271
51  3  0.00044675
52  3  0.00014189
53  3  0.00028916
54  3  0.00011256
55  3  0.00016642
56  3  0.00025194
57  3  0.00026081
58  3  0.00012246
59  3  0.00021764
60  3  0.00023702
61  3  0.00011272
62  3  0.00046090
63  3  0.00016218
0  4  0.00031983
1  4  0.00028310
2  4  0.00014684
3  4  0.00005421
4  4  0.00026337
5  4  0.00018395
6  4  0.00059743
7  4  0.00057961
8  4  0.00017644
9  4  0.00008345
10  4  0.00018991
11  4  0.00042822
12  4  0.00018329
13  4  0.00019401
14  4  0.00037099
15  4  0.00024494
16  4  0.00024796
17  4  0.00016046
18  4  0.00034425
19  4  0.00052909
20  4  0.00010518
21  4  0.00026880
22  4  0.00024894
23  4  0.00018351
24  4  0.00042701
25  4  0.00029765
26  4  0.00024712
27  4  0.00027393
28  4  0.00025225
29  4  0.00022877
30  4  0.00015145
31  4  0.00015766
32  4  0.00013071
33  4  0.00023281
34  4  0.00026551
35  4  0.00032519
36  4  0.00021296
37  4  0.00031940
38  4  0.00020495
39  4  0.00042094
40  4  0.00043170
41  4  0.00040625
42  4  0.00023952
43  4  0.00022411
44  4  0.00020970
45  4  0.00013167
46  4  0.00015805
47  4  0.00032470
48  4  0.00035729
49  4  0.00029066
50  4  0.00016472
51  4  0.00024871
52  4  0.00012275
53  4  0.00022928
54  4  0.00023207
55  4  0.00016355
56  4  0.00009921
57  4  0.00045788
58  4  0.00025992
59  4  0.00035844
60  4  0.00009311
61  4  0.00010782
62  4  0.00013574
63  4  0.00010729
0  5  0.00021382
1  5  0.00022624
2  5  0.00017444
3  5  0.00031741
4  5  0.00027598
5  5  0.00034529
6  5  0.00008957
7  5  0.00043173
8  5  0.00019064
9  5  0.00007464
10  5  0.00065067
11  5  0.00008478
12  5  0.00029124
13  5  0.00042403
14  5  0.00016142
15  5  0.00039924
16  5  0.00029297
17  5  0.00042272
18  5  0.00005259
19  5  0.00016877
20  5  0.00028082
21  5  0.00023116
22  5  0.00012850
23  5  0.00021961
24  5  0.00045490
25  5  0.00015100
26  5  0.00026743
27  5  0.00014724
28  5  0.00048350
29  5  0.00041258
30  5  0.00010966
31  5  0.00045999
32  5  0.00032304
33  5  0.00055345
34  5  0.00016153
35  5  0.00011963
36  5  0.00011584
37  5  0.00046406
38  5  0.00032075
39  5  0.00045860
40  5  0.00031619
41  5  0.00025413
42  5  0.00019585
43  5  0.00025484
44  5  0.00005545
45  5  0.00029001
46  5  0.00021605
47  5  0.00030626
48  5  0.00032338
49  5  0.00034880
50  5  0.00019124
51  5  0.00037558
52  5  0.00018738
53  5  0.00040408
54  5  0.00050767
55  5  0.00026662
56  5  0.00032184
57  5  0.00017785
58  5  0.00027015
59  5  0.00040704
60  5  0.00049546
61  5  0.00031291
62  5  0.00011838
63  5  0.00012349
0  6  0.00019810
1  6  0.00024423
2  6  0.00014509
3  6  0.00009598
4  6  0.00071202
5  6  0.00025246
6  6  0.00043719
7  6  0.00013470
8  6  0.00013393
9  6  0.00011533
10  6  0.00019653
11  6  0.00008643
12  6  0.00023123
13  6  0.00031457
14  6  0.00036335
15  6  0.00012291
16  6  0.00020583
17  6  0.00040093
18  6  0.00040305
19  6  0.00009041
20  6  0.00036711
21  6  0.00015763
22  6  0.00022261
23  6  0.00037134
24  6  0.00017538
25  6  0.00005853
26  6  0.00034001
27  6  0.00020911
28  6  0.00016972
29  6  0.00014604
30  6  0.00019491
31  6  0.00028612
32  6  0.00050826
33  6  0.00011411
34  6  0.00010005
35  6  0.00022706
36  6  0.00033804
37  6  0.00040039
38  6  0.00023764
39  6  0.00047945
40  6  0.00033406
41  6  0.00009369
42  6  0.00014302
43  6  0.00022783
44  6  0.00034879
45  6  0.00051719
46  6  0.00040643
47  6  0.00025944
48  6  0.00027164
49  6  0.00010072
50  6  0.00033238
51  6  0.00016708
52  6  0.00031521
53  6  0.00030223
54  6  0.00029101
55  6  0.00022648
56  6  0.00016361
57  6  0.00033469
58  6  0.00014924
59  6  0.00007555
60  6  0.00066714
61  6  0.00027086
62  6  0.00062411
63  6  0.00020923
0  7  0.00047348
1  7  0.00022996
2  7  0.00012617
3  7  0.00018800
4  7  0.00028010
5  7  0.00029459
6  7  0.00019022
7  7  0.00012768
8  7  0.00016388
9  7  0.00039047
10  7  0.00022113
11  7  0.00026285
12  7  0.00014749
13  7  0.00027102
14  7  0.00043253
15  7  0.00021090
16  7  0.00041795
17  7  0.00019935
18  7  0.00030449
19  7  0.00011268
20  7  0.00027341
21  7  0.00009087
22  7  0.00037589
23  7  0.00015586
24  7  0.00014236
25  7  0.00013350
26  7  0.00026398
27  7  0.00039963
28  7  0.00029166
29  7  0.00016901
30  7  0.00008635
31  7  0.00020723
32  7  0.00015800
33  7  0.00010019
34  7  0.00023807
35  7  0.00032821
36  7  0.00013424
37  7  0.00028705
38  7  0.00016778
39  7  0.00011216
40  7  0.00019399
41  7  0.00033387
42  7  0.00008946
43  7  0.00043838
44  7  0.00025894
45  7  0.00040299
46  7  0.00038026
47  7  0.00027074
48  7  0.00018169
49  7  0.00008477
50  7  0.00011510
51  7  0.00028605
52  7  0.00033267
53  7  0.00014139
54  7  0.00040958
55  7  0.00023709
56  7  0.00015028
57  7  0.00020032
58  7  0.00031787
59  7  0.00042098
60  7  0.00019705
61  7  0.00023564
62  7  0.00048071
63  7  0.00021631
0  8  0.00034725
1  8  0.00021846
2  8  0.00009260
3  8  0.00019213
4  8  0.00019404
5  8  0.00033692
6  8  0.00041130
7  8  0.00032414
8  8  0.00018763
9  8  0.00021221
10  8  0.00019008
11  8  0.00033472
12  8  0.00003896
13  8  0.00007963
14  8  0.00012597
15  8  0.00009472
16  8  0.00046314
17  8  0.00028174
18  8  0.00013038
19  8  0.00012370
20  8  0.00029125
21  8  0.00028212
22  8  0.00015893
23  8  0.00038319
24  8  0.00012622
25  8  0.00025723
26  8  0.00029176
27  8  0.00027863
28  8  0.00037276
29  8  0.00015740
30  8  0.00025662
31  8  0.00025070
32  8  0.00021769
33  8  0.00036065
34  8  0.00013762
35  8  0.00049349
36  8  0.00029452
37  8  0.00015278
38  8  0.00022033
39  8  0.00021638
40  8  0.00014304
41  8  0.00029162
42  8  0.00020402
43  8  0.00013840
44  8  0.00023735
45  8  0.00033122
46  8  0.00028358
47  8  0.00005123
48  8  0.00026542
49  8  0.00052991
50  8  0.00014086
51  8  0.00045463
52  8  0.00004842
53  8  0.00020168
54  8  0.00021731
55  8  0.00026689
56  8  0.00021691
57  8  0.00011870
58  8  0.00027168
59  8  0.00019204
60  8  0.00025206
61  8  0.00014689
62  8  0.00010032
63  8  0.00023810
0  9  0.00036238
1  9  0.00032999
2  9  0.00023361
3  9  0.00018284
4  9  0.00014947
5  9  0.00011411
6  9  0.00035352
7  9  0.00018446
8  9  0.00013438
9  9  0.00027801
10  9  0.00004751
11  9  0.00014487
12  9  0.00010789
13  9  0.00009472
14  9  0.00005676
15  9  0.00026083
16  9  0.00035717
17  9  0.00012369
18  9  0.00036141
19  9  0.00017475
20  9  0.00017698
21  9  0.00060275
22  9  0.00015481
23  9  0.00019433
24  9  0.00008302
25  9  0.00067319
26  9  0.00022840
27  9  0.00013129
28  9  0.00012255
29  9  0.00012105
30  9  0.00021144
31  9  0.00010389
32  9  0.00022561
33  9  0.00025026
34  9  0.00043634
35  9  0.00010733
36  9  0.00027760
37  9  0.00042272
38  9  0.00025941
39  9  0.00024261
40  9  0.00009716
41  9  0.00045439
42  9  0.00023196
43  9  0.00050548
44  9  0.00024977
45  9  0.00021563
46  9  0.00018403
47  9  0.00025664
48  9  0.00021304
49  9  0.00017230
50  9  0.00030362
51  9  0.00027590
52  9  0.00018710
53  9  0.00030395
54  9  0.00007573
55  9  0.00017718
56  9  0.00022524
57  9  0.00057489
58  9  0.00036277
59  9  0.00024848
60  9  0.00030731
61  9  0.00023309
62  9  0.00011536
63  9  0.00027441
0  10  0.00017875
1  10  0.00001583
2  10  0.00007079
3  10  0.00016328
4  10  0.00037222
5  10  0.00032298
6  10  0.00022005
7  10  0.00007034
8  10  0.00059400
9  10  0.00017032
10  10  0.00002391
11  10  0.00012834
12  10  0.00024806
13  10  0.00011275
14  10  0.00011494
15  10  0.00017863
16  10  0.00028621
17  10  0.00018892
18  10  0.00028841
19  10  0.00024935
20  10  0.00016096
21  10  0.00039606
22  10  0.00031650
23  10  0.00031858
24  10  0.00021162
25  10  0.00021289
26  10  0.00009500
27  10  0.00016293
28  10  0.00017280
29  10  0.00019110
30  10  0.00012898
31  10  0.00078930
32  10  0.00020632
33  10  0.00067898
34  10  0.00021603
35  10  0.00034464
36  10  0.00037034
37  10  0.00028058
38  10  0.00019228
39  10  0.00014117
40  10  0.00034519
41  10  0.00026689
42  10  0.00013238
43  10  0.00021670
44  10  0.00027665
45  10  0.00009109
46  10  0.00028961
47  10  0.00025530
48  10  0.00020858
49  10  0.00016105
50  10  0.00013861
51  10  0.00008952
52  10  0.00017190
53  10  0.00008461
54  10  0.00011527
55  10  0.00008056
56  10  0.00019391
57  10  0.00040103
58  10  0.00023243
59  10  0.00026098
60  10  0.00014127
61  10  0.00022178
62  10  0.00011706
63  10  0.00014212
0  11  0.00018798
1  11  0.00034024
2  11  0.00014902
3  11  0.00014894
4  11  0.00033457
5  11  0.00021544
6  11  0.00092091
7  11  0.00037237
8  11  0.00020393
9  11  0.00022884
10  11  0.00011815
11  11  0.00062995
12  11  0.00019615
13  11  0.00018518
14  11  0.00019739
15  11  0.00048130
16  11  0.00016463
17  11  0.00007768
18  11  0.00021569
19  11  0.00024736
20  11  0.00027629
21  11  0.00018902
22  11  0.00016526
23  11  0.00018338
24  11  0.00047716
25  11  0.00018730
26  11  0.00041870
27  11  0.00018698
28  11  0.00042191
29  11  0.00016634
30  11  0.00022846
31  11  0.00033505
32  11  0.00018509
33  11  0.00044930
34  11  0.00023726
35  11  0.00033727
36  11  0.00031299
37  11  0.00024035
38  11  0.00026647
39  11  0.00014252
40  11  0.00015156
41  11  0.00005819
42  11  0.00026628
43  11  0.00015949
44  11  0.00026452
45  11  0.00015331
46  11  0.00015028
47  11  0.00051276
48  11  0.00036492
49  11  0.00024447
50  11  0.00031493
51  11  0.00007292
52  11  0.00037092
53  11  0.00022990
54  11  0.00020826
55  11  0.00024070
56  11  0.00021136
57  11  0.00023390
58  11  0.00016303
59  11  0.00026019
60  11  0.00047947
61  11  0.00029259
62  11  0.00008633
63  11  0.00013672
0  12  0.00022675
1  12  0.00015417
2  12  0.00023910
3  12  0.00007348
4  12  0.00040431
5  12  0.00023629
6  12  0.00006898
7  12  0.00010257
8  12  0.00046247
9  12  0.00039861
10  12  0.00066413
11  12  0.00012258
12  12  0.00032532
13  12  0.00018877
14  12  0.00021172
15  12  0.00015665
16  12  0.00013443
17  12  0.00049760
18  12  0.00011771
19  12  0.00012372
20  12  0.00017076
21  12  0.00017502
22  12  0.00013821
23  12  0.00007613
24  12  0.00011181
25  12  0.00040603
26  12  0.00028955
27  12  0.00023804
28  12  0.00052431
29  12  0.00042752
30  12  0.00027497
31  12  0.00048450
32  12  0.00030222
33  12  0.00032250
34  12  0.00045419
35  12  0.00018400
36  12  0.00018027
37  12  0.00009033
38  12  0.00026125
39  12  0.00035534
40  12  0.00021856
41  12  0.00023885
42  12  0.00035888
43  12  0.00021387
44  12  0.00007555
45  12  0.00022784
46  12  0.00035934
47  12  0.00022662
48  12  0.00021070
49  12  0.00030655
50  12  0.00012723
51  12  0.00023812
52  12  0.00040423
53  12  0.00034754
54  12  0.00033856
55  12  0.00016758
56  12  0.00012305
57  12  0.00010853
58  12  0.00021577
59  12  0.00030953
60  12  0.00010135
61  12  0.00011339
62  12  0.00028448
63  12  0.00011102
0  13  0.00037355
1  13  0.00022542
2  13  0.00018234
3  13  0.00023581
4  13  0.00020418
5  13  0.00010958
6  13  0.00012804
7  13  0.00050254
8  13  0.00035703
9  13  0.00018908
10  13  0.00007441
11  13  0.00052091
12  13  0.00027764
13  13  0.00007274
14  13  0.00009453
15  13  0.00004245
16  13  0.00020189
17  13  0.00022711
18  13  0.00023403
19  13  0.00018118
20  13  0.00032756
21  13  0.00033952
22  13  0.00012948
23  13  0.00018013
24  13  0.00024344
25  13  0.00033526
26  13  0.00023873
27  13  0.00015736
28  13  0.00021233
29  13  0.00018517
30  13  0.00032176
31  13  0.00027742
32  13  0.00014262
33  13  0.00042329
34  13  0.00052004
35  13  0.00019567
36  13  0.00017780
37  13  0.00034687
38  13  0.00020506
39  13  0.00018162
40  13  0.00023188
41  13  0.00009362
42  13  0.00046509
43  13  0.00011397
44  13  0.00013289
45  13  0.00027543
46  13  0.00040166
47  13  0.00032515
48  13  0.00039515
49  13  0.00021261
50  13  0.00030381
51  13  0.00023257
52  13  0.00009841
53  13  0.00017393
54  13  0.00016194
55  13  0.00016056
56  13  0.00021637
57  13  0.00011682
58  13  0.00013710
59  13  0.00026389
60  13  0.00013153
61  13  0.00008530
62  13  0.00010126
63  13  0.00013270
0  14  0.00029610
1  14  0.00010784
2  14  0.00027118
3  14  0.00031518
4  14  0.00019011
5  14  0.00045544
6  14  0.00052870
7  14  0.00020222
8  14  0.00014654
9  14  0.00020806
10  14  0.00030479
11  14  0.00044279
12  14  0.00036419
13  14  0.00007636
14  14  0.00019018
15  14  0.00007550
16  14  0.00056262
17  14  0.00020094
18  14  0.00034759
19  14  0.00036557
20  14  0.00045472
21  14  0.00039106
22  14  0.00015773
23  14  0.00018140
24  14  0.00014488
25  14  0.00063051
26  14  0.00058437
27  14  0.00034094
28  14  0.00013859
29  14  0.00030664
30  14  0.00029496
31  14  0.00025851
32  14  0.00019150
33  14  0.00029687
34  14  0.00010649
35  14  0.00009312
36  14  0.00027093
37  14  0.00033315
38  14  0.00047544
39  14  0.00021554
40  14  0.00022364
41  14  0.00027739
42  14  0.00015272
43  14  0.00038189
44  14  0.00022054
45  14  0.00025873
46  14  0.00018487
47  14  0.00027149
48  14  0.00035248
49  14  0.00026010
50  14  0.00054728
51  14  0.00030583
52  14  0.00027441
53  14  0.00020259
54  14  0.00013875
55  14  0.00033762
56  14  0.00014888
57  14  0.00033390
58  14  0.00022151
59  14  0.00032090
60  14  0.00016181
61  14  0.00034119
62  14  0.00023629
63  14  0.00057314
0  15  0.00025428
1  15  0.00008006
2  15  0.00014672
3  15  0.00044833
4  15  0.00024500
5  15  0.00040499
6  15  0.00026489
7  15  0.00017526
8  15  0.00071282
9  15  0.00009529
10  15  0.00028852
11  15  0.00023320
12  15  0.00031663
13  15  0.00035113
14  15  0.00021367
15  15  0.00010407
16  15  0.00041853
17  15  0.00046817
18  15  0.00015265
19  15  0.00006691
20  15  0.00050764
21  15  0.00022102
22  15  0.00035776
23  15  0.00025777
24  15  0.00016586
25  15  0.00016203
26  15  0.00008862
27  15  0.00024486
28  15  0.00041694
29  15  0.00004834
30  15  0.00016656
31  15  0.00007032
32  15  0.00019058
33  15  0.00005183
34  15  0.00023228
35  15  0.00009292
36  15  0.00028985
37  15  0.00022732
38  15  0.00009049
39  15  0.00013277
40  15  0.00017720
41  15  0.00015703
42  15  0.00060038
43  15  0.00006544
44  15  0.00015641
45  15  0.00015748
46  15  0.00036596
47  15  0.00010746
48  15  0.00019613
49  15  0.00016676
50  15  0.00014014
51  15  0.00047070
52  15  0.00003778
53  15  0.00015683
54  15  0.00011610
55  15  0.00019084
56  15  0.00015987
57  15  0.00014703
58  15  0.00018331
59  15  0.00053728
60  15  0.00045667
61  15  0.00013365
62  15  0.00041061
63  15  0.00034205
0  16  0.00011412
1  16  0.00032957
2  16  0.00013852
3  16  0.00012534
4  16  0.00031848
5  16  0.00020836
6  16  0.00029808
7  16  0.00010356
8  16  0.00024899
9  16  0.00040251
10  16  0.00018991
11  16  0.00049990
12  16  0.00009086
13  16  0.00036630
14  16  0.00019897
15  16  0.00031299
16  16  0.00022669
17  16  0.00025179
18  16  0.00019065
19  16  0.00015269
20  16  0.00059848
21  16  0.00016766
22  16  0.00009839
23  16  0.00028139
24  16  0.00029998
25  16  0.00026430
26  16  0.00020968
27  16  0.00018654
28  16  0.00030833
29  16  0.00005900
30  16  0.00017487
31  16  0.00029855
32  16  0.00036891
33  16  0.00021449
34  16  0.00014422
35  16  0.00032171
36  16  0.00004936
37  16  0.00026071
38  16  0.00024051
39  16  0.00024418
40  16  0.00015260
41  16  0.00040869
42  16  0.00023073
43  16  0.00024754
44  16  0.00032308
45  16  0.00027995
46  16  0.00027311
47  16  0.00010049
48  16  0.00037397
49  16  0.00022011
50  16  0.00006750
51  16  0.00018537
52  16  0.00035227
53  16  0.00013585
54  16  0.00039659
55  16  0.00004485
56  16  0.00053392
57  16  0.00017314
58  16  0.00029301
59  16  0.00023869
60  16  0.00031276
61  16  0.00011631
62  16  0.00038107
63  16  0.00015941
0  17  0.00030942
1  17  0.00014194
2  17  0.00008341
3  17  0.00007820
4  17  0.00013514
5  17  0.00015122
6  17  0.00030680
7  17  0.00022115
8  17  0.00031418
9  17  0.00011574
10  17  0.00032081
11  17  0.00015613
12  17  0.00022950
13  17  0.00019817
14  17  0.00029180
15  17  0.00022818
16  17  0.00023280
17  17  0.00031228
18  17  0.00012717
19  17  0.00030768
20  17  0.00011149
21  17  0.00023803
22  17  0.00023564
23  17  0.00013232
24  17  0.00018701
25  17  0.00013883
26  17  0.00026601
27  17  0.00022004
28  17  0.00040826
29  17  0.00017223
30  17  0.00019340
31  17  0.00018651
32  17  0.00023904
33  17  0.00021859
34  17  0.00032674
35  17  0.00014482
36  17  0.00015315
37  17  0.00015895
38  17  0.00013831
39  17  0.00027306
40  17  0.00052052
41  17  0.00022201
42  17  0.00024495
43  17  0.00030207
44  17  0.00050447
45  17  0.00016805
46  17  0.00015646
47  17  0.00031297
48  17  0.00036309
49  17  0.00014194
50  17  0.00010629
51  17  0.00019570
52  17  0.00024591
53  17  0.00011608
54  17  0.00008734
55  17  0.00009542
56  17  0.00019866
57  17  0.00010009
58  17  0.00014715
59  17  0.00025512
60  17  0.00021713
61  17  0.00010968
62  17  0.00023560
63  17  0.00019549
0  18  0.00023766
1  18  0.00029100
2  18  0.00060957
3  18  0.00033615
4  18  0.00021646
5  18  0.00015075
6  18  0.00032301
7  18  0.00020541
8  18  0.00019976
9  18  0.00016452
10  18  0.00012712
11  18  0.00015233
12  18  0.00014065
13  18  0.00022309
14  18  0.00019096
15  18  0.00018335
16  18  0.00019873
17  18  0.00017756
18  18  0.00033808
19  18  0.00032059
20  18  0.00037731
21  18  0.00021986
22  18  0.00016872
23  18  0.00008114
24  18  0.00012911
25  18  0.00037580
26  18  0.00012004
27  18  0.00027277
28  18  0.00016374
29  18  0.00027570
30  18  0.00026158
31  18  0.00019591
32  18  0.00023751
33  18  0.00027586
34  18  0.00014935
35  18  0.00015953
36  18  0.00025868
37  18  0.00039048
38  18  0.00015088
39  18  0.00036440
40  18  0.00021488
41  18  0.00012463
42  18  0.00037234
43  18  0.00024953
44  18  0.00016770
45  18  0.00022365
46  18  0.00015906
47  18  0.00027959
48  18  0.00025818
49  18  0.00014204
50  18  0.00019145
51  18  0.00026893
52  18  0.00022411
53  18  0.00019307
54  18  0.00039261
55  18  0.00023800
56  18  0.00066233
57  18  0.00022607
58  18  0.00024194
59  18  0.00019721
60  18  0.00028916
61  18  0.00009953
62  18  0.00032592
63  18  0.00009042
0  19  0.00032748
1  19  0.00022339
2  19  0.00025596
3  19  0.00032106
4  19  0.00026393
5  19  0.00015539
6  19  0.00025435
7  19  0.00055256
8  19  0.00028082
9  19  0.00010972
10  19  0.00017296
11  19  0.00030882
12  19  0.00018941
13  19  0.00015567
14  19  0.00011192
15  19  0.00026715
16  19  0.00018717
17  19  0.00011311
18  19  0.00009783
19  19  0.00035694
20  19  0.00032966
21  19  0.00026067
22  19  0.00052717
23  19  0.00029261
24  19  0.00027601
25  19  0.00059902
26  19  0.00023014
27  19  0.00031156
28  19  0.00039450
29  19  0.00008665
30  19  0.00002750
31  19  0.00024627
32  19  0.00030636
33  19  0.00032806
34  19  0.00017485
35  19  0.00032093
36  19  0.00030312
37  19  0.00026741
38  19  0.00018377
39  19  0.00039757
40  19  0.00024748
41  19  0.00012426
42  19  0.00022155
43  19  0.00013667
44  19  0.00009397
45  19  0.00016624
46  19  0.00021008
47  19  0.00028461
48  19  0.00022115
49  19  0.00026587
50  19  0.00017212
51  19  0.00026952
52  19  0.00026195
53  19  0.00034068
54  19  0.00022397
55  19  0.00040977
56  19  0.00022475
57  19  0.00010558
58  19  0.00010836
59  19  0.00024029
60  19  0.00011758
61  19  0.00022034
62  19  0.00019140
63  19  0.00020086
0  20  0.00014144
1  20  0.00013019
2  20  0.00013449
3  20  0.00040742
4  20  0.00018683
5  20  0.00015765
6  20  0.00021541
7  20  0.00059670
8  20  0.00028932
9  20  0.00021307
10  20  0.00026658
11  20  0.00012616
12  20  0.00022044
13  20  0.00010306
14  20  0.00006354
15  20  0.00030059
16  20  0.00015767
17  20  0.00010465
18  20  0.00007270
19  20  0.00008907
20  20  0.00016105
21  20  0.00028647
22  20  0.00031870
23  20  0.00015223
24  20  0.00004964
25  20  0.00013928
26  20  0.00025646
27  20  0.00022355
28  20  0.00015658
29  20  0.00033170
30  20  0.00030409
31  20  0.00035813
32  20  0.00030877
33  20  0.00030907
34  20  0.00048932
35  20  0.00033899
36  20  0.00039592
37  20  0.00001038
38  20  0.00061665
39  20  0.00013072
40  20  0.00032517
41  20  0.00027650
42  20  0.00013887
43  20  0.00008948
44  20  0.00020221
45  20  0.00038445
46  20  0.00022467
47  20  0.00076463
48  20  0.00004507
49  20  0.00045926
50  20  0.00044985
51  20  0.00014718
52  20  0.00022686
53  20  0.00019003
54  20  0.00040929
55  20  0.00021716
56  20  0.00017308
57  20  0.00032189
58  20  0.00029455
59  20  0.00014607
60  20  0.00023615
61  20  0.00034266
62  20  0.00019408
63  20  0.00022156
0  21  0.00065305
1  21  0.00015581
2  21  0.00024794
3  21  0.00032327
4  21  0.00026604
5  21  0.00014484
6  21  0.00014622
7  21  0.00020213
8  21  0.00025447
9  21  0.00022317
10  21  0.00032529
11  21  0.00015747
12  21  0.00013483
13  21  0.00015906
14  21  0.00034235
15  21  0.00015746
16  21  0.00028807
17  21  0.00013831
18  21  0.00015658
19  21  0.00016149
20  21  0.00008170
21  21  0.00032369
22  21  0.00030834
23  21  0.00027023
24  21  0.00031962
25  21  0.00043614
26  21  0.00041068
27  21  0.00017960
28  21  0.00063843
29  21  0.00005288
30  21  0.00036239
31  21  0.00031114
32  21  0.00012227
33  21  0.00018989
34  21  0.00031861
35  21  0.00017447
36  21  0.00022670
37  21  0.00022296
38  21  0.00011986
39  21  0.00010063
40  21  0.00018352
41  21  0.00053416
42  21  0.00020668
43  21  0.00017476
44  21  0.00013984
45  21  0.00053490
46  21  0.00024137
47  21  0.00031326
48  21  0.00050212
49  21  0.00021725
50  21  0.00030699
51  21  0.00027782
52  21  0.00025148
53  21  0.00019009
54  21  0.00016484
55  21  0.00026291
56  21  0.00022424
57  21  0.00017487
58  21  0.00013893
59  21  0.00012215
60  21  0.00018759
61  21  0.00022076
62  21  0.00016796
63  21  0.00020735
0  22  0.00015882
1  22  0.00024516
2  22  0.00015555
3  22  0.00017790
4  22  0.00012302
5  22  0.00003830
6  22  0.00019591
7  22  0.00018421
8  22  0.00026645
9  22  0.00022938
10  22  0.00046347
11  22  0.00034660
12  22  0.00021467
13  22  0.00038131
14  22  0.00011853
15  22  0.00024463
16  22  0.00009464
17  22  0.00035190
18  22  0.00021160
19  22  0.00033290
20  22  0.00013308
21  22  0.00037160
22  22  0.00019509
23  22  0.00017171
24  22  0.00034588
25  22  0.00024988
26  22  0.00022774
27  22  0.00031310
28  22  0.00025443
29  22  0.00029740
30  22  0.00026566
31  22  0.00015512
32  22  0.00013902
33  22  0.00033350
34  22  0.00019185
35  22  0.00022833
36  22  0.00023841
37  22  0.00024575
38  22  0.00009992
39  22  0.00021255
40  22  0.00007375
41  22  0.00012281
42  22  0.00007059
43  22  0.00018754
44  22  0.00016428
45  22  0.00012787
46  22  0.00007178
47  22  0.00037451
48  22  0.00038945
49  22  0.00014660
50  22  0.00010880
51  22  0.00034204
52  22  0.00032229
53  22  0.00018911
54  22  0.00039691
55  22  0.00009552
56  22  0.00013537
57  22  0.00005424
58  22  0.00030902
59  22  0.00013462
60  22  0.00029818
61  22  0.00024933
62  22  0.00052997
63  22  0.00020581
0  23  0.00042111
1  23  0.00026235
2  23  0.00044802
3  23  0.00041958
4  23  0.00009359
5  23  0.00011908
6  23  0.00032768
7  23  0.00008965
8  23  0.00052712
9  23  0.00032320
10  23  0.00011279
11  23  0.00024844
12  23  0.00017398
13  23  0.00025625
14  23  0.00013030
15  23  0.00033137
16  23  0.00028570
17  23  0.00019085
18  23  0.00008553
19  23  0.00018132
20  23  0.00013101
21  23  0.00019199
22  23  0.00016304
23  23  0.00043567
24  23  0.00021697
25  23  0.00043373
26  23  0.00036691
27  23  0.00012708
28  23  0.00021987
29  23  0.00043845
30  23  0.00007916
31  23  0.00013162
32  23  0.00049991
33  23  0.00016020
34  23  0.00022399
35  23  0.00021436
36  23  0.00041389
37  23  0.00014043
38  23  0.00002330
39  23  0.00025226
40  23  0.00020550
41  23  0.00015910
42  23  0.00032573
43  23  0.00016951
44  23  0.00009486
45  23  0.00016133
46  23  0.00037641
47  23  0.00024462
48  23  0.00022650
49  23  0.00008595
50  23  0.00028710
51  23  0.00044314
52  23  0.00022417
53  23  0.00028035
54  23  0.00024794
55  23  0.00030683
56  23  0.00015375
57  23  0.00028627
58  23  0.00023468
59  23  0.00053107
60  23  0.00046900
61  23  0.00012704
62  23  0.00037227
63  23  0.00022778
0  24  0.00021317
1  24  0.00005490
2  24  0.00025831
3  24  0.00058013
4  24  0.00025543
5  24  0.00018704
6  24  0.00024131
7  24  0.00015273
8  24  0.00017239
9  24  0.00026836
10  24  0.00018656
11  24  0.00011620
12  24  0.00051143
13  24  0.00028615
14  24  0.00020704
15  24  0.00039691
16  24  0.00029772
17  24  0.00013880
18  24  0.00008921
19  24  0.00040188
20  24  0.00022584
21  24  0.00023895
22  24  0.00024966
23  24  0.00025862
24  24  0.00026760
25  24  0.00009803
26  24  0.00036638
27  24  0.00024989
28  24  0.00009392
29  24  0.00017128
30  24  0.00021681
31  24  0.00007561
32  24  0.00014410
33  24  0.00017910
34  24  0.00014248
35  24  0.00016417
36  24  0.00025931
37  24  0.00021419
38  24  0.00027291
39  24  0.00018699
40  24  0.00014078
41  24  0.00025162
42  24  0.00032726
43  24  0.00031872
44  24  0.00023398
45  24  0.00041277
46  24  0.00032410
47  24  0.00025604
48  24  0.00025102
49  24  0.00013308
50  24  0.00024595
51  24  0.00010287
52  24  0.00026371
53  24  0.00034444
54  24  0.00016709
55  24  0.00012578
56  24  0.00022701
57  24  0.00031857
58  24  0.00012379
59  24  0.00022606
60  24  0.00012266
61  24  0.00010588
62  24  0.00013602
63  24  0.00008756
0  25  0.00025640
1  25  0.00011782
2  25  0.00027514
3  25  0.00038865
4  25  0.00044252
5  25  0.00052157
6  25  0.00037471
7  25  0.00007970
8  25  0.00005371
9  25  0.00042143
10  25  0.00030294
11  25  0.00057123
12  25  0.00016533
13  25  0.00017617
14  25  0.00014748
15  25  0.00016818
16  25  0.00022619
17  25  0.00033589
18  25  0.00023112
19  25  0.00025287
20  25  0.00006788
21  25  0.00015384
22  25  0.00007273
23  25  0.00008880
24  25  0.00013953
25  25  0.00027354
26  25  0.00012620
27  25  0.00017968
28  25  0.00011874
29  25  0.00024025
30  25  0.00008403
31  25  0.00008685
32  25  0.00026177
33  25  0.00031007
34  25  0.00023904
35  25  0.00021887
36  25  0.00031558
37  25  0.00017245
38  25  0.00011294
39  25  0.00016692
40  25  0.00037790
41  25  0.00017326
42  25  0.00030267
43  25  0.00039256
44  25  0.00027233
45  25  0.00021006
46  25  0.00054585
47  25  0.00024545
48  25  0.00029448
49  25  0.00027422
50  25  0.00043588
51  25  0.00016153
52  25  0.00004890
53  25  0.00016833
54  25  0.00048151
55  25  0.00013672
56  25  0.00016905
57  25  0.00025143
58  25  0.00030817
59  25  0.00019141
60  25  0.00026869
61  25  0.00043079
62  25  0.00024554
63  25  0.00018891
0  26  0.00007398
1  26  0.00044108
2  26  0.00027826
3  26  0.00021923
4  26  0.00015346
5  26  0.00029291
6  26  0.00031282
7  26  0.00022993
8  26  0.00004417
9  26  0.00009229
10  26  0.00011281
11  26  0.00022772
12  26  0.00031684
13  26  0.00043902
14  26  0.00048483
15  26  0.00019418
16  26  0.00032504
17  26  0.00006911
18  26  0.00003550
19  26  0.00026215
20  26  0.00007789
21  26  0.00033489
22  26  0.00019022
23  26  0.00016075
24  26  0.00027405
25  26  0.00009195
26  26  0.00032897
27  26  0.00023580
28  26  0.00034217
29  26  0.00024144
30  26  0.00007407
31  26  0.00043493
32  26  0.00094733
33  26  0.00014103
34  26  0.00018378
35  26  0.00052563
36  26  0.00020106
37  26  0.00050218
38  26  0.00013417
39  26  0.00017903
40  26  0.00017795
41  26  0.00011999
42  26  0.00052249
43  26  0.00053415
44  26  0.00009401
45  26  0.00040236
46  26  0.00047072
47  26  0.00008345
48  26  0.00038539
49  26  0.00026454
50  26  0.00018158
51  26  0.00014196
52  26  0.00011182
53  26  0.00034489
54  26  0.00015412
55  26  0.00024755
56  26  0.00018191
57  26  0.00016835
58  26  0.00015962
59  26  0.00028296
60  26  0.00017749
61  26  0.00051139
62  26  0.00037750
63  26  0.00030842
0  27  0.00032993
1  27  0.00015886
2  27  0.00025800
3  27  0.00027654
4  27  0.00020448
5  27  0.00010339
6  27  0.00028148
7  27  0.00025733
8  27  0.00033944
9  27  0.00013779
10  27  0.00016756
11  27  0.00016783
12  27  0.00016245
13  27  0.00013710
14  27  0.00013470
15  27  0.00035485
16  27  0.00019593
17  27  0.00029608
18  27  0.00011877
19  27  0.00031354
20  27  0.00037552
21  27  0.00017649
22  27  0.00012629
23  27  0.00018260
24  27  0.00057781
25  27  0.00029841
26  27  0.00032452
27  27  0.00043378
28  27  0.00031564
29  27  0.00018774
30  27  0.00017819
31  27  0.00048328
32  27  0.00014720
33  27  0.00015390
34  27  0.00017601
35  27  0.00011769
36  27  0.00038611
37  27  0.00032706
38  27  0.00017616
39  27  0.00023601
40  27  0.00023042
41  27  0.00010850
42  27  0.00032756
43  27  0.00008407
44  27  0.00008823
45  27  0.00010391
46  27  0.00024704
47  27  0.00014900
48  27  0.00018600
49  27  0.00012329
50  27  0.00036987
51  27  0.00022531
52  27  0.00014240
53  27  0.00018075
54  27  0.00016040
55  27  0.00036854
56  27  0.00036608
57  27  0.00051646
58  27  0.00062159
59  27  0.00022026
60  27  0.00010868
61  27  0.00013586
62  27  0.00023510
63  27  0.00022397
0  28  0.00029298
1  28  0.00019081
2  28  0.00020057
3  28  0.00022430
4  28  0.00013048
5  28  0.00014865
6  28  0.00029953
7  28  0.00014558
8  28  0.00015989
9  28  0.00002156
10  28  0.00041427
11  28  0.00026719
12  28  0.00027548
13  28  0.00016169
14  28  0.00035636
15  28  0.00029979
16  28  0.00040294
17  28  0.00023362
18  28  0.00024692
19  28  0.00015569
20  28  0.00020860
21  28  0.00021770
22  28  0.00030310
23  28  0.00027875
24  28  0.00022394
25  28  0.00049540
26  28  0.00025885
27  28  0.00017403
28  28  0.00037961
29  28  0.00020335
30  28  0.00018237
31  28  0.00058020
32  28  0.00017572
33  28  0.00018734
34  28  0.00064146
35  28  0.00025989
36  28  0.00033751
37  28  0.00025975
38  28  0.00009927
39  28  0.00031928
40  28  0.00044660
41  28  0.00019207
42  28  0.00042127
43  28  0.00017810
44  28  0.00029752
45  28  0.00014383
46  28  0.00034276
47  28  0.00024634
48  28  0.00046881
49  28  0.00032076
50  28  0.00012578
51  28  0.00014615
52  28  0.00021273
53  28  0.00015350
54  28  0.00005909
55  28  0.00027813
56  28  0.00029266
57  28  0.00021779
58  28  0.00035404
59  28  0.00033354
60  28  0.00016665
61  28  0.00008617
62  28  0.00022342
63  28  0.00009135
0  29  0.00012015
1  29  0.00029019
2  29  0.00022200
3  29  0.00021242
4  29  0.00028484
5  29  0.00022896
6  29  0.00011767
7  29  0.00018077
8  29  0.00021446
9  29  0.00019438
10  29  0.00023667
11  29  0.00010576
12  29  0.00032051
13  29  0.00015677
14  29  0.00019532
15  29  0.00029806
16  29  0.00029760
17  29  0.00016727
18  29  0.00030263
19  29  0.00015004
20  29  0.00022848
21  29  0.00018780
22  29  0.00027566
23  29  0.00023415
24  29  0.00013683
25  29  0.00005897
26  29  0.00019570
27  29  0.00019514
28  29  0.00031595
29  29  0.00016722
30  29  0.00025908
31  29  0.00024554
32  29  0.00024830
33  29  0.00043249
34  29  0.00026954
35  29  0.00030644
36  29  0.00016764
37  29  0.00014307
38  29  0.00028025
39  29  0.00012667
40  29  0.00027213
41  29  0.00014932
42  29  0.00013341
43  29  0.00016253
44  29  0.00021020
45  29  0.00021297
46  29  0.00012727
47  29  0.00032898
48  29  0.00026088
49  29  0.00023793
50  29  0.00017025
51  29  0.00022262
52  29  0.00047081
53  29  0.00021383
54  29  0.00025450
55  29  0.00052587
56  29  0.00014853
57  29  0.00033024
58  29  0.00014694
59  29  0.00025737
60  29  0.00017235
61  29  0.00017577
62  29  0.00019643
63  29  0.00018173
0  30  0.00023660
1  30  0.00014939
2  30  0.00017643
3  30  0.00013015
4  30  0.00028763
5  30  0.00024035
6  30  0.00023774
7  30  0.00021145
8  30  0.00018358
9  30  0.00018094
10  30  0.00032861
11  30  0.00014105
12  30  0.00017522
13  30  0.00030191
14  30  0.00008642
15  30  0.00016666
16  30  0.00016967
17  30  0.00029749
18  30  0.00020166
19  30  0.00011139
20  30  0.00006177
21  30  0.00013792
22  30  0.00027099
23  30  0.00024579
24  30  0.00034383
25  30  0.00056087
26  30  0.00030008
27  30  0.00013313
28  30  0.00009697
29  30  0.00036204
30  30  0.00047184
31  30  0.00010316
32  30  0.00025045
33  30  0.00016543
34  30  0.00032175
35  30  0.00027193
36  30  0.00024543
37  30  0.00015129
38  30  0.00022351
39  30  0.00016659
40  30  0.00030835
41  30  0.00021570
42  30  0.00011885
43  30  0.00027459
44  30  0.00023253
45  30  0.00030991
46  30  0.00018927
47  30  0.00008054
48  30  0.00009390
49  30  0.00010645
50  30  0.00020154
51  30  0.00015734
52  30  0.00015748
53  30  0.00033954
54  30  0.00009912
55  30  0.00014888
56  30  0.00034019
57  30  0.00054001
58  30  0.00026714
59  30  0.00016552
60  30  0.00010152
61  30  0.00056565
62  30  0.00033503
63  30  0.00029340
0  31  0.00033604
1  31  0.00023513
2  31  0.00025542
3  31  0.00032057
4  31  0.00005378
5  31  0.00021167
6  31  0.00021812
7  31  0.00009421
8  31  0.00009505
9  31  0.00021615
10  31  0.00044350
11  31  0.00009615
12  31  0.00027346
13  31  0.00015373
14  31  0.00023792
15  31  0.00024248
16  31  0.00013388
17  31  0.00038729
18  31  0.00014511
19  31  0.00038280
20  31  0.00039593
21  31  0.00023687
22  31  0.00036315
23  31  0.00020397
24  31  0.00008385
25  31  0.00028673
26  31  0.00028293
27  31  0.00014987
28  31  0.00022860
29  31  0.00027987
30  31  0.00024123
31  31  0.00026780
32  31  0.00032427
33  31  0.00018987
34  31  0.00012257
35  31  0.00005102
36  31  0.00026806
37  31  0.00018553
38  31  0.00004789
39  31  0.00035341
40  31  0.00024225
41  31  0.00012184
42  31  0.00031957
43  31  0.00025126
44  31  0.00025762
45  31  0.00015576
46  31  0.00026089
47  31  0.00021950
48  31  0.00013684
49  31  0.00045821
50  31  0.00014624
51  31  0.00013567
52  31  0.00023118
53  31  0.00014862
54  31  0.00012035
55  31  0.00034481
56  31  0.00015432
57  31  0.00025802
58  31  0.00018138
59  31  0.00050295
60  31  0.00017297
61  31  0.00009268
62  31  0.00046373
63  31  0.00035410
0  32  0.00009592
1  32  0.00026271
2  32  0.00022728
3  32  0.00015086
4  32  0.00017332
5  32  0.00007875
6  32  0.00013756
7  32  0.00028983
8  32  0.00018343
9  32  0.00018111
10  32  0.00025361
11  32  0.00040755
12  32  0.00009535
13  32  0.00016132
14  32  0.00008702
15  32  0.00002964
16  32  0.00029948
17  32  0.00016959
18  32  0.00022068
19  32  0.00016730
20  32  0.00056271
21  32  0.00019612
22  32  0.00029074
23  32  0.00041349
24  32  0.00022787
25  32  0.00025521
26  32  0.00013770
27  32  0.00029851
28  32  0.00061894
29  32  0.00017003
30  32  0.00047385
31  32  0.00056385
32  32  0.00030342
33  32  0.00062622
34  32  0.00060885
35  32  0.00037660
36  32  0.00028606
37  32  0.00018437
38  32  0.00012905
39  32  0.00007484
40  32  0.00015432
41  32  0.00018306
42  32  0.00013999
43  32  0.00027020
44  32  0.00012644
45  32  0.00032755
46  32  0.00036332
47  32  0.00036228
48  32  0.00015104
49  32  0.00016049
50  32  0.00024351
51  32  0.00007239
52  32  0.00045718
53  32  0.00021919
54  32  0.00026868
55  32  0.00020695
56  32  0.00018330
57  32  0.00033471
58  32  0.00025389
59  32  0.00017136
60  32  0.00007315
61  32  0.00007983
62  32  0.00019423
63  32  0.00021036
0  33  0.00008959
1  33  0.00025609
2  33  0.00018645
3  33  0.00024932
4  33  0.00015715
5  33  0.00046781
6  33  0.00012375
7  33  0.00032138
8  33  0.00017033
9  33  0.00032547
10  33  0.00031896
11  33  0.00028711
12  33  0.00037486
13  33  0.00010251
14  33  0.00009870
15  33  0.00021384
16  33  0.00026312
17  33  0.00008951
18  33  0.00029930
19  33  0.00008416
20  33  0.00041389
21  33  0.00014799
22  33  0.00018482
23  33  0.00020136
24  33  0.00024357
25  33  0.00041932
26  33  0.00005185
27  33  0.00015614
28  33  0.00021257
29  33  0.00011470
30  33  0.00014918
31  33  0.00030971
32  33  0.00048113
33  33  0.00025926
34  33  0.00018532
35  33  0.00028662
36  33  0.00020698
37  33  0.00011790
38  33  0.00021015
39  33  0.00012049
40  33  0.00023448
41  33  0.00015031
42  33  0.00019592
43  33  0.00052881
44  33  0.00045345
45  33  0.00022075
46  33  0.00029391
47  33  0.00025406
48  33  0.00031267
49  33  0.00043163
50  33  0.00024968
51  33  0.00016158
52  33  0.00007634
53  33  0.00040155
54  33  0.00029902
55  33  0.00013382
56  33  0.00032183
57  33  0.00016725
58  33  0.00037134
59  33  0.00045697
60  33  0.00034479
61  33  0.00022603
62  33  0.00009458
63  33  0.00022807
0  34  0.00019904
1  34  0.00025546
2  34  0.00009321
3  34  0.00019592
4  34  0.00014582
5  34  0.00029233
6  34  0.00011285
7  34  0.00037139
8  34  0.00040838
9  34  0.00033673
10  34  0.00051059
11  34  0.00030401
12  34  0.00017174
13  34  0.00031795
14  34  0.00006536
15  34  0.00030533
16  34  0.00015826
17  34  0.00013470
18  34  0.00012724
19  34  0.00021498
20  34  0.00018497
21  34  0.00030704
22  34  0.00020804
23  34  0.00045855
24  34  0.00016736
25  34  0.00035161
26  34  0.00014482
27  34  0.00014056
28  34  0.00006953
29  34  0.00027932
30  34  0.00007949
31  34  0.00010374
32  34  0.00041020
33  34  0.00042838
34  34  0.00010079
35  34  0.00017396
36  34  0.00019528
37  34  0.00041569
38  34  0.00023044
39  34  0.00012076
40  34  0.00038548
41  34  0.00016640
42  34  0.00042018
43  34  0.00053088
44  34  0.00012776
45  34  0.00033987
46  34  0.00036753
47  34  0.00034409
48  34  0.00008396
49  34  0.00024239
50  34  0.00013822
51  34  0.00013289
52  34  0.00023629
53  34  0.00025899
54  34  0.00030572
55  34  0.00016227
56  34  0.00037670
57  34  0.00019940
58  34  0.00034551
59  34  0.00024135
60  34  0.00009826
61  34  0.00020174
62  34  0.00022999
63  34  0.00017925
0  35  0.00023338
1  35  0.00025148
2  35  0.00015761
3  35  0.00028567
4  35  0.00007630
5  35  0.00034537
6  35  0.00021949
7  35  0.00031063
8  35  0.00014221
9  35  0.00038504
10  35  0.00031895
11  35  0.00010176
12  35  0.00022165
13  35  0.00046107
14  35  0.00029707
15  35  0.00011398
16  35  0.00021819
17  35  0.00039135
18  35  0.00012469
19  35  0.00044888
20  35  0.00018799
21  35  0.00033459
22  35  0.00063853
23  35  0.00032674
24  35  0.00012176
25  35  0.00058144
26  35  0.00017227
27  35  0.00016775
28  35  0.00009609
29  35  0.00010025
30  35  0.00054052
31  35  0.00029224
32  35  0.00021880
33  35  0.00038296
34  35  0.00021048
35  35  0.00036719
36  35  0.00019666
37  35  0.00019741
38  35  0.00013713
39  35  0.00008687
40  35  0.00025631
41  35  0.00022617
42  35  0.00013793
43  35  0.00032424
44  35  0.00027379
45  35  0.00046679
46  35  0.00028872
47  35  0.00024898
48  35  0.00012521
49  35  0.00037957
50  35  0.00018336
51  35  0.00031756
52  35  0.00024869
53  35  0.00040508
54  35  0.00046918
55  35  0.00033151
56  35  0.00026454
57  35  0.00022317
58  35  0.00029087
59  35  0.00026702
60  35  0.00025765
61  35  0.00026446
62  35  0.00025953
63  35  0.00017399
0  36  0.00012841
1  36  0.00025840
2  36  0.00022593
3  36  0.00032064
4  36  0.00025286
5  36  0.00023070
6  36  0.00006888
7  36  0.00032546
8  36  0.00022669
9  36  0.00025586
10  36  0.00021116
11  36  0.00018713
12  36  0.00014916
13  36  0.00015900
14  36  0.00014966
15  36  0.00013514
16  36  0.00016853
17  36  0.00017071
18  36  0.00022148
19  36  0.00023872
20  36  0.00041830
21  36  0.00025495
22  36  0.00010386
23  36  0.00029495
24  36  0.00020416
25  36  0.00013971
26  36  0.00007039
27  36  0.00032535
28  36  0.00032856
29  36  0.00031243
30  36  0.00014745
31  36  0.00019080
32  36  0.00025330
33  36  0.00011484
34  36  0.00041200
35  36  0.00033927
36  36  0.00019772
37  36  0.00017070
38  36  0.00029914
39  36  0.00016124
40  36  0.00038254
41  36  0.00021600
42  36  0.00025076
43  36  0.00046072
44  36  0.00033587
45  36  0.00031088
46  36  0.00020989
47  36  0.00028217
48  36  0.00029392
49  36  0.00043039
50  36  0.00019256
51  36  0.00008405
52  36  0.00019956
53  36  0.00021610
54  36  0.00004598
55  36  0.00011347
56  36  0.00019114
57  36  0.00029571
58  36  0.00012128
59  36  0.00025735
60  36  0.00039612
61  36  0.00021126
62  36  0.00039812
63  36  0.00016798
0  37  0.00014947
1  37  0.00034022
2  37  0.00038649
3  37  0.00019964
4  37  0.00013322
5  37  0.00039477
6  37  0.00035704
7  37  0.00012850
8  37  0.00046053
9  37  0.00022561
10  37  0.00023064
11  37  0.00039212
12  37  0.00051951
13  37  0.00023225
14  37  0.00023732
15  37  0.00020302
16  37  0.00010656
17  37  0.00026978
18  37  0.00016715
19  37  0.00024474
20  37  0.00041446
21  37  0.00026025
22  37  0.00019065
23  37  0.00024514
24  37  0.00012894
25  37  0.00042127
26  37  0.00021655
27  37  0.00014091
28  37  0.00024172
29  37  0.00031052
30  37  0.00016779
31  37  0.00031195
32  37  0.00024029
33  37  0.00025970
34  37  0.00040582
35  37  0.00044545
36  37  0.00028736
37  37  0.00015435
38  37  0.00013699
39  37  0.00031891
40  37  0.00021145
41  37  0.00036964
42  37  0.00035333
43  37  0.00031320
44  37  0.00009060
45  37  0.00015410
46  37  0.00031882
47  37  0.00029079
48  37  0.00024474
49  37  0.00021973
50  37  0.00009492
51  37  0.00025250
52  37  0.00038863
53  37  0.00021740
54  37  0.00012954
55  37  0.00035250
56  37  0.00020136
57  37  0.00033374
58  37  0.00033775
59  37  0.00030838
60  37  0.00040787
61  37  0.00020221
62  37  0.00023689
63  37  0.00041184
0  38  0.00015826
1  38  0.00022070
2  38  0.00013544
3  38  0.00034532
4  38  0.00026186
5  38  0.00014781
6  38  0.00022307
7  38  0.00022543
8  38  0.00018534
9  38  0.00041888
10  38  0.00007436
11  38  0.00021828
12  38  0.00040081
13  38  0.00019509
14  38  0.00029022
15  38  0.00022652
16  38  0.00034285
17  38  0.00016642
18  38  0.00040477
19  38  0.00020540
20  38  0.00034345
21  38  0.00027274
22  38  0.00023788
23  38  0.00021372
24  38  0.00032685
25  38  0.00014095
26  38  0.00009894
27  38  0.00020533
28  38  0.00030411
29  38  0.00024147
30  38  0.00020302
31  38  0.00014035
32  38  0.00036484
33  38  0.00026665
34  38  0.00017756
35  38  0.00044796
36  38  0.00022410
37  38  0.00011776
38  38  0.00012675
39  38  0.00021106
40  38  0.00032855
41  38  0.00042512
42  38  0.00029442
43  38  0.00027221
44  38  0.00014670
45  38  0.00021405
46  38  0.00022004
47  38  0.00016727
48  38  0.00040722
49  38  0.00049128
50  38  0.00022114
51  38  0.00024291
52  38  0.00045719
53  38  0.00041768
54  38  0.00016216
55  38  0.00050514
56  38  0.00038877
57  38  0.00024182
58  38  0.00028215
59  38  0.00038153
60  38  0.00037857
61  38  0.00035925
62  38  0.00030907
63  38  0.00025651
0  39  0.00020561
1  39  0.00012589
2  39  0.00049109
3  39  0.00034691
4  39  0.00040724
5  39  0.00035682
6  39  0.00015251
7  39  0.00005284
8  39  0.00026017
9  39  0.00006013
10  39  0.00016939
11  39  0.00028444
12  39  0.00010687
13  39  0.00040365
14  39  0.00008049
15  39  0.00038360
16  39  0.00025375
17  39  0.00023660
18  39  0.00044422
19  39  0.00027707
20  39  0.00026162
21  39  0.00018835
22  39  0.00045750
23  39  0.00022952
24  39  0.00008931
25  39  0.00024466
26  39  0.00017613
27  39  0.00005341
28  39  0.00011584
29  39  0.00015813
30  39  0.00015800
31  39  0.00044564
32  39  0.00013389
33  39  0.00020665
34  39  0.00025616
35  39  0.00044705
36  39  0.00026274
37  39  0.00040558
38  39  0.00033686
39  39  0.00039043
40  39  0.00012030
41  39  0.00009228
42  39  0.00030750
43  39  0.00017525
44  39  0.00026115
45  39  0.00005056
46  39  0.00014919
47  39  0.00021996
48  39  0.00009776
49  39  0.00030305
50  39  0.00024864
51  39  0.00011254
52  39  0.00048773
53  39  0.00019150
54  39  0.00053328
55  39  0.00022898
56  39  0.00029560
57  39  0.00013149
58  39  0.00030115
59  39  0.00027149
60  39  0.00022826
61  39  0.00022880
62  39  0.00050111
63  39  0.00040585
0  40  0.00006868
1  40  0.00021793
2  40  0.00012110
3  40  0.00032708
4  40  0.00038005
5  40  0.00014765
6  40  0.00023475
7  40  0.00050708
8  40  0.00017550
9  40  0.00018599
10  40  0.00031108
11  40  0.00005325
12  40  0.00016492
13  40  0.00041204
14  40  0.00029254
15  40  0.00023072
16  40  0.00024797
17  40  0.00033584
18  40  0.00022195
19  40  0.00011356
20  40  0.00071067
21  40  0.00019235
22  40  0.00023704
23  40  0.00025016
24  40  0.00033389
25  40  0.00033311
26  40  0.00027148
27  40  0.00022708
28  40  0.00021265
29  40  0.00025074
30  40  0.00008208
31  40  0.00011752
32  40  0.00057774
33  40  0.00017009
34  40  0.00025956
35  40  0.00012662
36  40  0.00029586
37  40  0.00007645
38  40  0.00022133
39  40  0.00013839
40  40  0.00034039
41  40  0.00049871
42  40  0.00016927
43  40  0.00014886
44  40  0.00044026
45  40  0.00026519
46  40  0.00029315
47  40  0.00021624
48  40  0.00036966
49  40  0.00070713
50  40  0.00013632
51  40  0.00011346
52  40  0.00014009
53  40  0.00007924
54  40  0.00024358
55  40  0.00023235
56  40  0.00013058
57  40  0.00015801
58  40  0.00006434
59  40  0.00018197
60  40  0.00024218
61  40  0.00026299
62  40  0.00012715
63  40  0.00023465
0  41  0.00041813
1  41  0.00016315
2  41  0.00023678
3  41  0.00018925
4  41  0.00017634
5  41  0.00021632
6  41  0.00009104
7  41  0.00060165
8  41  0.00009282
9  41  0.00019723
10  41  0.00038249
11  41  0.00011907
12  41  0.00026220
13  41  0.00034709
14  41  0.00032919
15  41  0.00017611
16  41  0.00035299
17  41  0.00023415
18  41  0.00025575
19  41  0.00019307
20  41  0.00031688
21  41  0.00049699
22  41  0.00025334
23  41  0.00013352
24  41  0.00025888
25  41  0.00023585
26  41  0.00022914
27  41  0.00035187
28  41  0.00022291
29  41  0.00036213
30  41  0.00020509
31  41  0.00015128
32  41  0.00024017
33  41  0.00025566
34  41  0.00020666
35  41  0.00017802
36  41  0.00028045
37  41  0.00024121
38  41  0.00025238
39  41  0.00013734
40  41  0.00062473
41  41  0.00019340
42  41  0.00043621
43  41  0.00014666
44  41  0.00032007
45  41  0.00026676
46  41  0.00019551
47  41  0.00024679
48  41  0.00039292
49  41  0.00020430
50  41  0.00004819
51  41  0.00014558
52  41  0.00020952
53  41  0.00024392
54  41  0.00026694
55  41  0.00032855
56  41  0.00017477
57  41  0.00036814
58  41  0.00028296
59  41  0.00036433
60  41  0.00022297
61  41  0.00063492
62  41  0.00035894
63  41  0.00023141
0  42  0.00011825
1  42  0.00026158
2  42  0.00023444
3  42  0.00022958
4  42  0.00024338
5  42  0.00026940
6  42  0.00034883
7  42  0.00032068
8  42  0.00016455
9  42  0.00013892
10  42  0.00046929
11  42  0.00020317
12  42  0.00014533
13  42  0.00022898
14  42  0.00040143
15  42  0.00019149
16  42  0.00019815
17  42  0.00024236
18  42  0.00021710
19  42  0.00038467
20  42  0.00031208
21  42  0.00014020
22  42  0.00013395
23  42  0.00021312
24  42  0.00032597
25  42  0.00039690
26  42  0.00029452
27  42  0.00022979
28  42  0.00017788
29  42  0.00023186
30  42  0.00038571
31  42  0.00015937
32  42  0.00013277
33  42  0.00009232
34  42  0.00019340
35  42  0.00024757
36  42  0.00016096
37  42  0.00023549
38  42  0.00042981
39  42  0.00020328
40  42  0.00030794
41  42  0.00019416
42  42  0.00019815
43  42  0.00029912
44  42  0.00029522
45  42  0.00031303
46  42  0.00007760
47  42  0.00022710
48  42  0.00036049
49  42  0.00020533
50  42  0.00034225
51  42  0.00039740
52  42  0.00022261
53  42  0.00039071
54  42  0.00024122
55  42  0.00029779
56  42  0.00005282
57  42  0.00044309
58  42  0.00033410
59  42  0.00040054
60  42  0.00041205
61  42  0.00044249
62  42  0.00009836
63  42  0.00014271
0  43  0.00050611
1  43  0.00021240
2  43  0.00031033
3  43  0.00013563
4  43  0.00006005
5  43  0.00036419
6  43  0.00026013
7  43  0.00021760
8  43  0.00015980
9  43  0.00020352
10  43  0.00015322
11  43  0.00016102
12  43  0.00035268
13  43  0.00010079
14  43  0.00036219
15  43  0.00003148
16  43  0.00027416
17  43  0.00021428
18  43  0.00018465
19  43  0.00008207
20  43  0.00025841
21  43  0.00062070
22  43  0.00013389
23  43  0.00038238
24  43  0.00005898
25  43  0.00035311
26  43  0.00041180
27  43  0.00025513
28  43  0.00022044
29  43  0.00024306
30  43  0.00019421
31  43  0.00029265
32  43  0.00020973
33  43  0.00013426
34  43  0.00017348
35  43  0.00031618
36  43  0.00025876
37  43  0.00034017
38  43  0.00018099
39  43  0.00012335
40  43  0.00032349
41  43  0.00021889
42  43  0.00011752
43  43  0.00040871
44  43  0.00019727
45  43  0.00036124
46  43  0.00044910
47  43  0.00027301
48  43  0.00032865
49  43  0.00012475
50  43  0.00005250
51  43  0.00018001
52  43  0.00007786
53  43  0.00022582
54  43  0.00050776
55  43  0.00015090
56  43  0.00023238
57  43  0.00016713
58  43  0.00041656
59  43  0.00055091
60  43  0.00013045
61  43  0.00006457
62  43  0.00040317
63  43  0.00025328
0  44  0.00023455
1  44  0.00038272
2  44  0.00013495
3  44  0.00015926
4  44  0.00030327
5  44  0.00006247
6  44  0.00021111
7  44  0.00032079
8  44  0.00024400
9  44  0.00010989
10  44  0.00021560
11  44  0.00017270
12  44  0.00035333
13  44  0.00019519
14  44  0.00039601
15  44  0.00017408
16  44  0.00017808
17  44  0.00029888
18  44  0.00013439
19  44  0.00041148
20  44  0.00005423
21  44  0.00023595
22  44  0.00014293
23  44  0.00011796
24  44  0.00020389
25  44  0.00018422
26  44  0.00004377
27  44  0.00012964
28  44  0.00024715
29  44  0.00015169
30  44  0.00042820
31  44  0.00022177
32  44  0.00008853
33  44  0.00023230
34  44  0.00016585
35  44  0.00020020
36  44  0.00026030
37  44  0.00023167
38  44  0.00021859
39  44  0.00028751
40  44  0.00042982
41  44  0.00012633
42  44  0.00001926
43  44  0.00035926
44  44  0.00032496
45  44  0.00037069
46  44  0.00022414
47  44  0.00043654
48  44  0.00022746
49  44  0.00009060
50  44  0.00015076
51  44  0.00021162
52  44  0.00024942
53  44  0.00036998
54  44  0.00015449
55  44  0.00026121
56  44  0.00036805
57  44  0.00017826
58  44  0.00011484
59  44  0.00008366
60  44  0.00016215
61  44  0.00030621
62  44  0.00017648
63  44  0.00021864
0  45  0.00014505
1  45  0.00013694
2  45  0.00037454
3  45  0.00024807
4  45  0.00039944
5  45  0.00022627
6  45  0.00042201
7  45  0.00023965
8  45  0.00023718
9  45  0.00012674
10  45  0.00006759
11  45  0.00017208
12  45  0.00059224
13  45  0.00033681
14  45  0.00015777
15  45  0.00012413
16  45  0.00018869
17  45  0.00029309
18  45  0.00023220
19  45  0.00022291
20  45  0.00010678
21  45  0.00020443
22  45  0.00017425
23  45  0.00039015
24  45  0.00042231
25  45  0.00024252
26  45  0.00041609
27  45  0.00023700
28  45  0.00039147
29  45  0.00046529
30  45  0.00039308
31  45  0.00019727
32  45  0.00023125
33  45  0.00028048
34  45  0.00031190
35  45  0.00025706
36  45  0.00028357
37  45  0.00023075
38  45  0.00029280
39  45  0.00021774
40  45  0.00023662
41  45  0.00009274
42  45  0.00010455
43  45  0.00011120
44  45  0.00007920
45  45  0.00017042
46  45  0.00039936
47  45  0.00047937
48  45  0.00024971
49  45  0.00023613
50  45  0.00029616
51  45  0.00014105
52  45  0.00033256
53  45  0.00021688
54  45  0.00012345
55  45  0.00017871
56  45  0.00017910
57  45  0.00021453
58  45  0.00028767
59  45  0.00015189
60  45  0.00026192
61  45  0.00017266
62  45  0.00017495
63  45  0.00034434
0  46  0.00042014
1  46  0.00013590
2  46  0.00027794
3  46  0.00006735
4  46  0.00026214
5  46  0.00017590
6  46  0.00029715
7  46  0.00022027
8  46  0.00018900
9  46  0.00018229
10  46  0.00016904
11  46  0.00010520
12  46  0.00035370
13  46  0.00018985
14  46  0.00022013
15  46  0.00027432
16  46  0.00016422
17  46  0.00051633
18  46  0.00026042
19  46  0.00022751
20  46  0.00021462
21  46  0.00024581
22  46  0.00024941
23  46  0.00022254
24  46  0.00019936
25  46  0.00023731
26  46  0.00026723
27  46  0.00020812
28  46  0.00016600
29  46  0.00035288
30  46  0.00024509
31  46  0.00024980
32  46  0.00018758
33  46  0.00021404
34  46  0.00018804
35  46  0.00007297
36  46  0.00041895
37  46  0.00046451
38  46  0.00021065
39  46  0.00029091
40  46  0.00028072
41  46  0.00027028
42  46  0.00021293
43  46  0.00007794
44  46  0.00024854
45  46  0.00015782
46  46  0.00035307
47  46  0.00018507
48  46  0.00022632
49  46  0.00019406
50  46  0.00015226
51  46  0.00030417
52  46  0.00014891
53  46  0.00030177
54  46  0.00015900
55  46  0.00027793
56  46  0.00032763
57  46  0.00020447
58  46  0.00039281
59  46  0.00015761
60  46  0.00006654
61  46  0.00043598
62  46  0.00024589
63  46  0.00028324
0  47  0.00027302
1  47  0.00058523
2  47  0.00039666
3  47  0.00022307
4  47  0.00027321
5  47  0.00013360
6  47  0.00034325
7  47  0.00030630
8  47  0.00017814
9  47  0.00045607
10  47  0.00027758
11  47  0.00014537
12  47  0.00021254
13  47  0.00036584
14  47  0.00053192
15  47  0.00031811
16  47  0.00016323
17  47  0.00017677
18  47  0.00015833
19  47  0.00017421
20  47  0.00029763
21  47  0.00020157
22  47  0.00011205
23  47  0.00053031
24  47  0.00041607
25  47  0.00013253
26  47  0.00013220
27  47  0.00019855
28  47  0.00014015
29  47  0.00031793
30  47  0.00018934
31  47  0.00019748
32  47  0.00034800
33  47  0.00008627
34  47  0.00018447
35  47  0.00006581
36  47  0.00015569
37  47  0.00009768
38  47  0.00021396
39  47  0.00006983
40  47  0.00021030
41  47  0.00019085
42  47  0.00044500
43  47  0.00035319
44  47  0.00016256
45  47  0.00026165
46  47  0.00029589
47  47  0.00042241
48  47  0.00033660
49  47  0.00015973
50  47  0.00032177
51  47  0.00041103
52  47  0.00029765
53  47  0.00028459
54  47  0.00025561
55  47  0.00015440
56  47  0.00014245
57  47  0.00020634
58  47  0.00026782
59  47  0.00023766
60  47  0.00027843
61  47  0.00029258
62  47  0.00046707
63  47  0.00013153
0  48  0.00037515
1  48  0.00026240
2  48  0.00012322
3  48  0.00010226
4  48  0.00018448
5  48  0.00020762
6  48  0.00024185
7  48  0.00047965
8  48  0.00018355
9  48  0.00031107
10  48  0.00058429
11  48  0.00019260
12  48  0.00021426
13  48  0.00021510
14  48  0.00023394
15  48  0.00010208
16  48  0.00019941
17  48  0.00031920
18  48  0.00047241
19  48  0.00014521
20  48  0.00008356
21  48  0.00024279
22  48  0.00021897
23  48  0.00012295
24  48  0.00009902
25  48  0.00022576
26  48  0.00024021
27  48  0.00019949
28  48  0.00012941
29  48  0.00023139
30  48  0.00020012
31  48  0.00013006
32  48  0.00012282
33  48  0.00035359
34  48  0.00018459
35  48  0.00032303
36  48  0.00017635
37  48  0.00017101
38  48  0.00007836
39  48  0.00007161
40  48  0.00021423
41  48  0.00041317
42  48  0.00013075
43  48  0.00016102
44  48  0.00007256
45  48  0.00005808
46  48  0.00012414
47  48  0.00029589
48  48  0.00022864
49  48  0.00038587
50  48  0.00016384
51  48  0.00015573
52  48  0.00007880
53  48  0.00016556
54  48  0.00022595
55  48  0.00020835
56  48  0.00012247
57  48  0.00010585
58  48  0.00029805
59  48  0.00023730
60  48  0.00004403
61  48  0.00028122
62  48  0.00038241
63  48  0.00025541
0  49  0.00010096
1  49  0.00021903
2  49  0.00035802
3  49  0.00016474
4  49  0.00027048
5  49  0.00015139
6  49  0.00046755
7  49  0.00026795
8  49  0.00019488
9  49  0.00021416
10  49  0.00014676
11  49  0.00015016
12  49  0.00027612
13  49  0.00044129
14  49  0.00016456
15  49  0.00036293
16  49  0.00010539
17  49  0.00034039
18  49  0.00037363
19  49  0.00027637
20  49  0.00028364
21  49  0.00019643
22  49  0.00012823
23  49  0.00008005
24  49  0.00016911
25  49  0.00012785
26  49  0.00056887
27  49  0.00011721
28  49  0.00029824
29  49  0.00047854
30  49  0.00017694
31  49  0.00030838
32  49  0.00011123
33  49  0.00011925
34  49  0.00057281
35  49  0.00041184
36  49  0.00046524
37  49  0.00031329
38  49  0.00025630
39  49  0.00016824
40  49  0.00021889
41  49  0.00013452
42  49  0.00032210
43  49  0.00054525
44  49  0.00033083
45  49  0.00025492
46  49  0.00019658
47  49  0.00021471
48  49  0.00046109
49  49  0.00040385
50  49  0.00018504
51  49  0.00007843
52  49  0.00006519
53  49  0.00040065
54  49  0.00015400
55  49  0.00019412
56  49  0.00041795
57  49  0.00020861
58  49  0.00035244
59  49  0.00034236
60  49  0.00005150
61  49  0.00024761
62  49  0.00011161
63  49  0.00023772
0  50  0.00007510
1  50  0.00015377
2  50  0.00028027
3  50  0.00021668
4  50  0.00059670
5  50  0.00019765
6  50  0.00012477
7  50  0.00068978
8  50  0.00023544
9  50  0.00024736
10  50  0.00026587
11  50  0.00047550
12  50  0.00035926
13  50  0.00033518
14  50  0.00052922
15  50  0.00009154
16  50  0.00017775
17  50  0.00018765
18  50  0.00021001
19  50  0.00012680
20  50  0.00018555
21  50  0.00033695
22  50  0.00026306
23  50  0.00026085
24  50  0.00020586
25  50  0.00019829
26  50  0.00014921
27  50  0.00017288
28  50  0.00024893
29  50  0.00025965
30  50  0.00005429
31  50  0.00022548
32  50  0.00008434
33  50  0.00015063
34  50  0.00014421
35  50  0.00028278
36  50  0.00014628
37  50  0.00060240
38  50  0.00005700
39  50  0.00033346
40  50  0.00010817
41  50  0.00027543
42  50  0.00039930
43  50  0.00018545
44  50  0.00053919
45  50  0.00020068
46  50  0.00013418
47  50  0.00025246
48  50  0.00013803
49  50  0.00019102
50  50  0.00013473
51  50  0.00015873
52  50  0.00069494
53  50  0.00022871
54  50  0.00027738
55  50  0.00041499
56  50  0.00011358
57  50  0.00026725
58  50  0.00011462
59  50  0.00038939
60  50  0.00031689
61  50  0.00026834
62  50  0.00022088
63  50  0.00022831
0  51  0.00020589
1  51  0.00004987
2  51  0.00044233
3  51  0.00022268
4  51  0.00029251
5  51  0.00016114
6  51  0.00021187
7  51  0.00031507
8  51  0.00032499
9  51  0.00015229
10  51  0.00014486
11  51  0.00026080
12  51  0.00014772
13  51  0.00054290
14  51  0.00040681
15  51  0.00028377
16  51  0.00008484
17  51  0.00015706
18  51  0.00016472
19  51  0.00023687
20  51  0.00023544
21  51  0.00027101
22  51  0.00038337
23  51  0.00038246
24  51  0.00013705
25  51  0.00016559
26  51  0.00042218
27  51  0.00027117
28  51  0.00030007
29  51  0.00032778
30  51  0.00012602
31  51  0.00018268
32  51  0.00025663
33  51  0.00034007
34  51  0.00025999
35  51  0.00010673
36  51  0.00010026
37  51  0.00009971
38  51  0.00021565
39  51  0.00037854
40  51  0.00006900
41  51  0.00028824
42  51  0.00005492
43  51  0.00027745
44  51  0.00016020
45  51  0.00013724
46  51  0.00010914
47  51  0.00030931
48  51  0.00007704
49  51  0.00011116
50  51  0.00034235
51  51  0.00040472
52  51  0.00034974
53  51  0.00024760
54  51  0.00019324
55  51  0.00028327
56  51  0.00025510
57  51  0.00018143
58  51  0.00016057
59  51  0.00015593
60  51  0.00039641
61  51  0.00013227
62  51  0.00004974
63  51  0.00029989
0  52  0.00020864
1  52  0.00007933
2  52  0.00020934
3  52  0.00029973
4  52  0.00008042
5  52  0.00014848
6  52  0.00008038
7  52  0.00021816
8  52  0.00046615
9  52  0.00010325
10  52  0.00012112
11  52  0.00020263
12  52  0.00017000
13  52  0.00020579
14  52  0.00024726
15  52  0.00036176
16  52  0.00023474
17  52  0.00018743
18  52  0.00030086
19  52  0.00019168
20  52  0.00022585
21  52  0.00027467
22  52  0.00019526
23  52  0.00031808
24  52  0.00025336
25  52  0.00009544
26  52  0.00040281
27  52  0.00015775
28  52  0.00033766
29  52  0.00009219
30  52  0.00032751
31  52  0.00013459
32  52  0.00016982
33  52  0.00053325
34  52  0.00016794
35  52  0.00021784
36  52  0.00017754
37  52  0.00023358
38  52  0.00024478
39  52  0.00020675
40  52  0.00011158
41  52  0.00020807
42  52  0.00018736
43  52  0.00040400
44  52  0.00034927
45  52  0.00019637
46  52  0.00026777
47  52  0.00008436
48  52  0.00038527
49  52  0.00019395
50  52  0.00022436
51  52  0.00003871
52  52  0.00012287
53  52  0.00010536
54  52  0.00017812
55  52  0.00010820
56  52  0.00016225
57  52  0.00023212
58  52  0.00009916
59  52  0.00014609
60  52  0.00019873
61  52  0.00035595
62  52  0.00019037
63  52  0.00025328
0  53  0.00015629
1  53  0.00027464
2  53  0.00032759
3  53  0.00017102
4  53  0.00034553
5  53  0.00034146
6  53  0.00013504
7  53  0.00018986
8  53  0.00059688
9  53  0.00036924
10  53  0.00023275
11  53  0.00042169
12  53  0.00032554
13  53  0.00014655
14  53  0.00012281
15  53  0.00037201
16  53  0.00039679
17  53  0.00030423
18  53  0.00035438
19  53  0.00033285
20  53  0.00024134
21  53  0.00016436
22  53  0.00009692
23  53  0.00017681
24  53  0.00022243
25  53  0.00014438
26  53  0.00014142
27  53  0.00015741
28  53  0.00012780
29  53  0.00016356
30  53  0.00035067
31  53  0.00037017
32  53  0.00024522
33  53  0.00017977
34  53  0.00063813
35  53  0.00013056
36  53  0.00025352
37  53  0.00030275
38  53  0.00047185
39  53  0.00020893
40  53  0.00056943
41  53  0.00008754
42  53  0.00044107
43  53  0.00026232
44  53  0.00012165
45  53  0.00031536
46  53  0.00012730
47  53  0.00044707
48  53  0.00018408
49  53  0.00036011
50  53  0.00025250
51  53  0.00015537
52  53  0.00036182
53  53  0.00040700
54  53  0.00036245
55  53  0.00048580
56  53  0.00024347
57  53  0.00020076
58  53  0.00022731
59  53  0.00020651
60  53  0.00028427
61  53  0.00012311
62  53  0.00023653
63  53  0.00016354
0  54  0.00013029
1  54  0.00016415
2  54  0.00016523
3  54  0.00016719
4  54  0.00009822
5  54  0.00021521
6  54  0.00036648
7  54  0.00055590
8  54  0.00023190
9  54  0.00031495
10  54  0.00013589
11  54  0.00017143
12  54  0.00022175
13  54  0.00021079
14  54  0.00023279
15  54  0.00025038
16  54  0.00024820
17  54  0.00006244
18  54  0.00008886
19  54  0.00030187
20  54  0.00026404
21  54  0.00010725
22  54  0.00006466
23  54  0.00027052
24  54  0.00011908
25  54  0.00023635
26  54  0.00005646
27  54  0.00012005
28  54  0.00026650
29  54  0.00020018
30  54  0.00010052
31  54  0.00033690
32  54  0.00014423
33  54  0.00013692
34  54  0.00006254
35  54  0.00030525
36  54  0.00008489
37  54  0.00033033
38  54  0.00028265
39  54  0.00032519
40  54  0.00035958
41  54  0.00021544
42  54  0.00026221
43  54  0.00023197
44  54  0.00019750
45  54  0.00025974
46  54  0.00006257
47  54  0.00022707
48  54  0.00055766
49  54  0.00025840
50  54  0.00034890
51  54  0.00023195
52  54  0.00022134
53  54  0.00005950
54  54  0.00014440
55  54  0.00034336
56  54  0.00032376
57  54  0.00011902
58  54  0.00036862
59  54  0.00046497
60  54  0.00024427
61  54  0.00024941
62  54  0.00027756
63  54  0.00017103
0  55  0.00014835
1  55  0.00032877
2  55  0.00019356
3  55  0.00037999
4  55  0.00018131
5  55  0.00031213
6  55  0.00008422
7  55  0.00021635
8  55  0.00036942
9  55  0.00020600
10  55  0.00013712
11  55  0.00030983
12  55  0.00045253
13  55  0.00018004
14  55  0.00044275
15  55  0.00059153
16  55  0.00035599
17  55  0.00029316
18  55  0.00032325
19  55  0.00028490
20  55  0.00014724
21  55  0.00016790
22  55  0.00026531
23  55  0.00003951
24  55  0.00058166
25  55  0.00009342
26  55  0.00020295
27  55  0.00011619
28  55  0.00035299
29  55  0.00014317
30  55  0.00039589
31  55  0.00017199
32  55  0.00004046
33  55  0.00024990
34  55  0.00036917
35  55  0.00015106
36  55  0.00043192
37  55  0.00015928
38  55  0.00041445
39  55  0.00015816
40  55  0.00009640
41  55  0.00010749
42  55  0.00039785
43  55  0.00024312
44  55  0.00037373
45  55  0.00032272
46  55  0.00022893
47  55  0.00036039
48  55  0.00042759
49  55  0.00009337
50  55  0.00040391
51  55  0.00013820
52  55  0.00021824
53  55  0.00013374
54  55  0.00026591
55  55  0.00017832
56  55  0.00022842
57  55  0.00038594
58  55  0.00020413
59  55  0.00020015
60  55  0.00028893
61  55  0.00023325
62  55  0.00034498
63  55  0.00042371
0  56  0.00015246
1  56  0.00013977
2  56  0.00027117
3  56  0.00031194
4  56  0.00041241
5  56  0.00018025
6  56  0.00023523
7  56  0.00014229
8  56  0.00025901
9  56  0.00015594
10  56  0.00008489
11  56  0.00023512
12  56  0.00032177
13  56  0.00021879
14  56  0.00042032
15  56  0.00023448
16  56  0.00013047
17  56  0.00047514
18  56  0.00023369
19  56  0.00009140
20  56  0.00032920
21  56  0.00017525
22  56  0.00009833
23  56  0.00026004
24  56  0.00011655
25  56  0.00028854
26  56  0.00005277
27  56  0.00023640
28  56  0.00025628
29  56  0.00018787
30  56  0.00024924
31  56  0.00018102
32  56  0.00012864
33  56  0.00024431
34  56  0.00022713
35  56  0.00008811
36  56  0.00029923
37  56  0.00019817
38  56  0.00043234
39  56  0.00031929
40  56  0.00024069
41  56  0.00019345
42  56  0.00018790
43  56  0.00028246
44  56  0.00016877
45  56  0.00032130
46  56  0.00007473
47  56  0.00017893
48  56  0.00013985
49  56  0.00042206
50  56  0.00009474
51  56  0.00034460
52  56  0.00023428
53  56  0.00025863
54  56  0.00035559
55  56  0.00013961
56  56  0.00014140
57  56  0.00051353
58  56  0.00021363
59  56  0.00039027
60  56  0.00029530
61  56  0.00016128
62  56  0.00019767
63  56  0.00021383
0  57  0.00011350
1  57  0.00026105
2  57  0.00041248
3  57  0.00025683
4  57  0.00010944
5  57  0.00026527
6  57  0.00011375
7  57  0.00027221
8  57  0.00043041
9  57  0.00029367
10  57  0.00023075
11  57  0.00025391
12  57  0.00027755
13  57  0.00019251
14  57  0.00035232
15  57  0.00018456
16  57  0.00019680
17  57  0.00034832
18  57  0.00008621
19  57  0.00017297
20  57  0.00021859
21  57  0.00021102
22  57  0.00016097
23  57  0.00021865
24  57  0.00015754
25  57  0.00023581
26  57  0.00022859
27  57  0.00008588
28  57  0.00056359
29  57  0.00037536
30  57  0.00059260
31  57  0.00046563
32  57  0.00017373
33  57  0.00050492
34  57  0.00029562
35  57  0.00006692
36  57  0.00022096
37  57  0.00035358
38  57  0.00030660
39  57  0.00020131
40  57  0.00033173
41  57  0.00042239
42  57  0.00008966
43  57  0.00058129
44  57  0.00003964
45  57  0.00041514
46  57  0.00053617
47  57  0.00021942
48  57  0.00018890
49  57  0.00017415
50  57  0.00014195
51  57  0.00010858
52  57  0.00022839
53  57  0.00025645
54  57  0.00023652
55  57  0.00037136
56  57  0.00013835
57  57  0.00029006
58  57  0.00011732
59  57  0.00020909
60  57  0.00018643
61  57  0.00012649
62  57  0.00017792
63  57  0.00034300
0  58  0.00025415
1  58  0.00006623
2  58  0.00033195
3  58  0.00021658
4  58  0.00021075
5  58  0.00028582
6  58  0.00036415
7  58  0.00015449
8  58  0.00049571
9  58  0.00011002
10  58  0.00018482
11  58  0.00015061
12  58  0.00020972
13  58  0.00023469
14  58  0.00068439
15  58  0.00027368
16  58  0.00042563
17  58  0.00027885
18  58  0.00033001
19  58  0.00017004
20  58  0.00015763
21  58  0.00021442
22  58  0.00015064
23  58  0.00007632
24  58  0.00021342
25  58  0.00033380
26  58  0.00020501
27  58  0.00038105
28  58  0.00011521
29  58  0.00017076
30  58  0.00039718
31  58  0.00037475
32  58  0.00018744
33  58  0.00017908
34  58  0.00028962
35  58  0.00015948
36  58  0.00005302
37  58  0.00084682
38  58  0.00013323
39  58  0.00016857
40  58  0.00021956
41  58  0.00046474
42  58  0.00014913
43  58  0.00023214
44  58  0.00019313
45  58  0.00014550
46  58  0.00039171
47  58  0.00020092
48  58  0.00020502
49  58  0.00044246
50  58  0.00040826
51  58  0.00029967
52  58  0.00027664
53  58  0.00025206
54  58  0.00013595
55  58  0.00011224
56  58  0.00008848
57  58  0.00065561
58  58  0.00013522
59  58  0.00029041
60  58  0.00029287
61  58  0.00012657
62  58  0.00024173
63  58  0.00033838
0  59  0.00002645
1  59  0.00028782
2  59  0.00033409
3  59  0.00017725
4  59  0.00049700
5  59  0.00014838
6  59  0.00029628
7  59  0.00040848
8  59  0.00021000
9  59  0.00012984
10  59  0.00007184
11  59  0.00016288
12  59  0.00008503
13  59  0.00015512
14  59  0.00030887
15  59  0.00021925
16  59  0.00015395
17  59  0.00035433
18  59  0.00009566
19  59  0.00011349
20  59  0.00013115
21  59  0.00015696
22  59  0.00017603
23  59  0.00013055
24  59  0.00034426
25  59  0.00025903
26  59  0.00019048
27  59  0.00014629
28  59  0.00027053
29  59  0.00015129
30  59  0.00020481
31  59  0.00016393
32  59  0.00012923
33  59  0.00035273
34  59  0.00014882
35  59  0.00026525
36  59  0.00017073
37  59  0.00029447
38  59  0.00013359
39  59  0.00027614
40  59  0.00048976
41  59  0.00020843
42  59  0.00018303
43  59  0.00024444
44  59  0.00024089
45  59  0.00020050
46  59  0.00022122
47  59  0.00028020
48  59  0.00052457
49  59  0.00011697
50  59  0.00019932
51  59  0.00011283
52  59  0.00020754
53  59  0.00019074
54  59  0.00037327
55  59  0.00020032
56  59  0.00025621
57  59  0.00044584
58  59  0.00030006
59  59  0.00030877
60  59  0.00010521
61  59  0.00037831
62  59  0.00025605
63  59  0.00016839
0  60  0.00017419
1  60  0.00019938
2  60  0.00038685
3  60  0.00036818
4  60  0.00035510
5  60  0.00028861
6  60  0.00036670
7  60  0.00006976
8  60  0.00030713
9  60  0.00039848
10  60  0.00027450
11  60  0.00023317
12  60  0.00035565
13  60  0.00016352
14  60  0.00020891
15  60  0.00032457
16  60  0.00012670
17  60  0.00020415
18  60  0.00038199
19  60  0.00023141
20  60  0.00018880
21  60  0.00017150
22  60  0.00010884
23  60  0.00057273
24  60  0.00032483
25  60  0.00047937
26  60  0.00011825
27  60  0.00014808
28  60  0.00021788
29  60  0.00008508
30  60  0.00006066
31  60  0.00026351
32  60  0.00016819
33  60  0.00019623
34  60  0.00015736
35  60  0.00023685
36  60  0.00019436
37  60  0.00024337
38  60  0.00037178
39  60  0.00011237
40  60  0.00040439
41  60  0.00043191
42  60  0.00038343
43  60  0.00025637
44  60  0.00018720
45  60  0.00029629
46  60  0.00015058
47  60  0.00024496
48  60  0.00015481
49  60  0.00045592
50  60  0.00038720
51  60  0.00014313
52  60  0.00025893
53  60  0.00006215
54  60  0.00024562
55  60  0.00039624
56  60  0.00021288
57  60  0.00024728
58  60  0.00024779
59  60  0.00056489
60  60  0.00072168
61  60  0.00027212
62  60  0.00022530
63  60  0.00059678
0  61  0.00013664
1  61  0.00007362
2  61  0.00033369
3  61  0.00026143
4  61  0.00006287
5  61  0.00039902
6  61  0.00016269
7  61  0.00022476
8  61  0.00036292
9  61  0.00031521
10  61  0.00023301
11  61  0.00017415
12  61  0.00021996
13  61  0.00018251
14  61  0.00017301
15  61  0.00068129
16  61  0.00020234
17  61  0.00016410
18  61  0.00016649
19  61  0.00022521
20  61  0.00036363
21  61  0.00019199
22  61  0.00032595
23  61  0.00013206
24  61  0.00015464
25  61  0.00015151
26  61  0.00020238
27  61  0.00043203
28  61  0.00019675
29  61  0.00022080
30  61  0.00016001
31  61  0.00022643
32  61  0.00012509
33  61  0.00013935
34  61  0.00019530
35  61  0.00030829
36  61  0.00003436
37  61  0.00016849
38  61  0.00033355
39  61  0.00009446
40  61  0.00023656
41  61  0.00025164
42  61  0.00009276
43  61  0.00016564
44  61  0.00041628
45  61  0.00040246
46  61  0.00007904
47  61  0.00029426
48  61  0.00034863
49  61  0.00027908
50  61  0.00015716
51  61  0.00034345
52  61  0.00035849
53  61  0.00020380
54  61  0.00030336
55  61  0.00008366
56  61  0.00021475
57  61  0.00029193
58  61  0.00037792
59  61  0.00018481
60  61  0.00032818
61  61  0.00030996
62  61  0.00018323
63  61  0.00029375
0  62  0.00055470
1  62  0.00009258
2  62  0.00022087
3  62  0.00004174
4  62  0.00019690
5  62  0.00017108
6  62  0.00018477
7  62  0.00017695
8  62  0.00012051
9  62  0.00024371
10  62  0.00013463
11  62  0.00023424
12  62  0.00005154
13  62  0.00018651
14  62  0.00065459
15  62  0.00008230
16  62  0.00023461
17  62  0.00029321
18  62  0.00022878
19  62  0.00020333
20  62  0.00031397
21  62  0.00024148
22  62  0.00012144
23  62  0.00038965
24  62  0.00020493
25  62  0.00029993
26  62  0.00012396
27  62  0.00040016
28  62  0.00008223
29  62  0.00016168
30  62  0.00036912
31  62  0.00020164
32  62  0.00012845
33  62  0.00039309
34  62  0.00035722
35  62  0.00023420
36  62  0.00045053
37  62  0.00060405
38  62  0.00004412
39  62  0.00012003
40  62  0.00020164
41  62  0.00041216
42  62  0.00039792
43  62  0.00029604
44  62  0.00030334
45  62  0.00012234
46  62  0.00008238
47  62  0.00032903
48  62  0.00047299
49  62  0.00018336
50  62  0.00030889
51  62  0.00009042
52  62  0.00013351
53  62  0.00035274
54  62  0.00021611
55  62  0.00020750
56  62  0.00014576
57  62  0.00028800
58  62  0.00009439
59  62  0.00030780
60  62  0.00021312
61  62  0.00047731
62  62  0.00026765
63  62  0.00007237
0  63  0.00019454
1  63  0.00025353
2  63  0.00028815
3  63  0.00028414
4  63  0.00015797
5  63  0.00013724
6  63  0.00006480
7  63  0.00047601
8  63  0.00020771
9  63  0.00017431
10  63  0.00021266
11  63  0.00008469
12  63  0.00021966
13  63  0.00035281
14  63  0.00025378
15  63  0.00039952
16  63  0.00019219
17  63  0.00016500
18  63  0.00026280
19  63  0.00017458
20  63  0.00016818
21  63  0.00036643
22  63  0.00028971
23  63  0.00012562
24  63  0.00016818
25  63  0.00021380
26  63  0.00024419
27  63  0.00021752
28  63  0.00011159
29  63  0.00022091
30  63  0.00014821
31  63  0.00015638
32  63  0.00024865
33  63  0.00030827
34  63  0.00012492
35  63  0.00018868
36  63  0.00014820
37  63  0.00018547
38  63  0.00011018
39  63  0.00007548
40  63  0.00012045
41  63  0.00027380
42  63  0.00018628
43  63  0.00021457
44  63  0.00047824
45  63  0.00026273
46  63  0.00031113
47  63  0.00022652
48  63  0.00025203
49  63  0.00049557
50  63  0.00007732
51  63  0.00025177
52  63  0.00037735
53  63  0.00026590
54  63  0.00018117
55  63  0.00012192
56  63  0.00032749
57  63  0.00004634
58  63  0.00021976
59  63  0.00029296
60  63  0.00002756
61  63  0.00040408
62  63  0.00039201
63  63  0.00017574
