# Spinor density |Psi|^2 at t = 40 seconds
# Grid: 64 x 64
# Columns: x  y  density
0  0  0.00025003
1  0  0.00038164
2  0  0.00020389
3  0  0.00013104
4  0  0.00027226
5  0  0.00008120
6  0  0.00022174
7  0  0.00013216
8  0  0.00016478
9  0  0.00019010
10  0  0.00015761
11  0  0.00021456
12  0  0.00024878
13  0  0.00012407
14  0  0.00021095
15  0  0.00026590
16  0  0.00029615
17  0  0.00008945
18  0  0.00016801
19  0  0.00012509
20  0  0.00055699
21  0  0.00011266
22  0  0.00037099
23  0  0.00027536
24  0  0.00020891
25  0  0.00011003
26  0  0.00021076
27  0  0.00013438
28  0  0.00025454
29  0  0.00031873
30  0  0.00028788
31  0  0.00059333
32  0  0.00044675
33  0  0.00026706
34  0  0.00029317
35  0  0.00038624
36  0  0.00003516
37  0  0.00015998
38  0  0.00009102
39  0  0.00048646
40  0  0.00020858
41  0  0.00022770
42  0  0.00026020
43  0  0.00039081
44  0  0.00030499
45  0  0.00033413
46  0  0.00031681
47  0  0.00017040
48  0  0.00033999
49  0  0.00024143
50  0  0.00017731
51  0  0.00007591
52  0  0.00025699
53  0  0.00015282
54  0  0.00020644
55  0  0.00022239
56  0  0.00008404
57  0  0.00045061
58  0  0.00049410
59  0  0.00023671
60  0  0.00035237
61  0  0.00023997
62  0  0.00013139
63  0  0.00018769
0  1  0.00024049
1  1  0.00047959
2  1  0.00013743
3  1  0.00022951
4  1  0.00027685
5  1  0.00015201
6  1  0.00015930
7  1  0.00009317
8  1  0.00043432
9  1  0.00048493
10  1  0.00026551
11  1  0.00016445
12  1  0.00017690
13  1  0.00032880
14  1  0.00021045
15  1  0.00015468
16  1  0.00020079
17  1  0.00023997
18  1  0.00012479
19  1  0.00015797
20  1  0.00008753
21  1  0.00009290
22  1  0.00012076
23  1  0.00012626
24  1  0.00039361
25  1  0.00039011
26  1  0.00036102
27  1  0.00020101
28  1  0.00014048
29  1  0.00009735
30  1  0.00039522
31  1  0.00051373
32  1  0.00015155
33  1  0.00024332
34  1  0.00016680
35  1  0.00015702
36  1  0.00013506
37  1  0.00017252
38  1  0.00027851
39  1  0.00041794
40  1  0.00011212
41  1  0.00007198
42  1  0.00055280
43  1  0.00031993
44  1  0.00013111
45  1  0.00023961
46  1  0.00018898
47  1  0.00017781
48  1  0.00009009
49  1  0.00039658
50  1  0.00023237
51  1  0.00025115
52  1  0.00020514
53  1  0.00029172
54  1  0.00046160
55  1  0.00035390
56  1  0.00016568
57  1  0.00010682
58  1  0.00016398
59  1  0.00024480
60  1  0.00024302
61  1  0.00011019
62  1  0.00015499
63  1  0.00029307
0  2  0.00046640
1  2  0.00017880
2  2  0.00036622
3  2  0.00040389
4  2  0.00048056
5  2  0.00037307
6  2  0.00016388
7  2  0.00018640
8  2  0.00045076
9  2  0.00031558
10  2  0.00026630
11  2  0.00019073
12  2  0.00015277
13  2  0.00016260
14  2  0.00013175
15  2  0.00012906
16  2  0.00060830
17  2  0.00014097
18  2  0.00034903
19  2  0.00022002
20  2  0.00018140
21  2  0.00022955
22  2  0.00026770
23  2  0.00017495
24  2  0.00015099
25  2  0.00020204
26  2  0.00031693
27  2  0.00007376
28  2  0.00025125
29  2  0.00029462
30  2  0.00008788
31  2  0.00035468
32  2  0.00038835
33  2  0.00014416
34  2  0.00013136
35  2  0.00009800
36  2  0.00019796
37  2  0.00011759
38  2  0.00036719
39  2  0.00020889
40  2  0.00006828
41  2  0.00014964
42  2  0.00055815
43  2  0.00007089
44  2  0.00011324
45  2  0.00031070
46  2  0.00012005
47  2  0.00011949
48  2  0.00018619
49  2  0.00038522
50  2  0.00009120
51  2  0.00011500
52  2  0.00032559
53  2  0.00024952
54  2  0.00038674
55  2  0.00021575
56  2  0.00026763
57  2  0.00014279
58  2  0.00012402
59  2  0.00007849
60  2  0.00016163
61  2  0.00036038
62  2  0.00008026
63  2  0.00030052
0  3  0.00026996
1  3  0.00008288
2  3  0.00032395
3  3  0.00037462
4  3  0.00041310
5  3  0.00028759
6  3  0.00039961
7  3  0.00030489
8  3  0.00041252
9  3  0.00014540
10  3  0.00015097
11  3  0.00033883
12  3  0.00038468
13  3  0.00020547
14  3  0.00025415
15  3  0.00025396
16  3  0.00022037
17  3  0.00024065
18  3  0.00019789
19  3  0.00010732
20  3  0.00014961
21  3  0.00044436
22  3  0.00030916
23  3  0.00017069
24  3  0.00016065
25  3  0.00030347
26  3  0.00020595
27  3  0.00052147
28  3  0.00018666
29  3  0.00038333
30  3  0.00039163
31  3  0.00011478
32  3  0.00006018
33  3  0.00014728
34  3  0.00026211
35  3  0.00025913
36  3  0.00038325
37  3  0.00024182
38  3  0.00035752
39  3  0.00021144
40  3  0.00022803
41  3  0.00011868
42  3  0.00025989
43  3  0.00012086
44  3  0.00024917
45  3  0.00006438
46  3  0.00024622
47  3  0.00018620
48  3  0.00019140
49  3  0.00013848
50  3  0.00016246
51  3  0.00019773
52  3  0.00019771
53  3  0.00022788
54  3  0.00041706
55  3  0.00047736
56  3  0.00021781
57  3  0.00034895
58  3  0.00015527
59  3  0.00035952
60  3  0.00019493
61  3  0.00012601
62  3  0.00012904
63  3  0.00026940
0  4  0.00022925
1  4  0.00015694
2  4  0.00031751
3  4  0.00030826
4  4  0.00020128
5  4  0.00032813
6  4  0.00025090
7  4  0.00026076
8  4  0.00058835
9  4  0.00037755
10  4  0.00016586
11  4  0.00018449
12  4  0.00008593
13  4  0.00065028
14  4  0.00019949
15  4  0.00044352
16  4  0.00013562
17  4  0.00020093
18  4  0.00023547
19  4  0.00043181
20  4  0.00012538
21  4  0.00011527
22  4  0.00056493
23  4  0.00016088
24  4  0.00025308
25  4  0.00031268
26  4  0.00013051
27  4  0.00060646
28  4  0.00030296
29  4  0.00025191
30  4  0.00013917
31  4  0.00011896
32  4  0.00021645
33  4  0.00019175
34  4  0.00022449
35  4  0.00038409
36  4  0.00011604
37  4  0.00032473
38  4  0.00038423
39  4  0.00003618
40  4  0.00017035
41  4  0.00016697
42  4  0.00035420
43  4  0.00021729
44  4  0.00007955
45  4  0.00015420
46  4  0.00042292
47  4  0.00019684
48  4  0.00047174
49  4  0.00044830
50  4  0.00012230
51  4  0.00022414
52  4  0.00038619
53  4  0.00056700
54  4  0.00017536
55  4  0.00016258
56  4  0.00020093
57  4  0.00032699
58  4  0.00020665
59  4  0.00011588
60  4  0.00025086
61  4  0.00006788
62  4  0.00036021
63  4  0.00031525
0  5  0.00046318
1  5  0.00040432
2  5  0.00015392
3  5  0.00029128
4  5  0.00020445
5  5  0.00026125
6  5  0.00018178
7  5  0.00031357
8  5  0.00005358
9  5  0.00009920
10  5  0.00016911
11  5  0.00039861
12  5  0.00023826
13  5  0.00027951
14  5  0.00030987
15  5  0.00043686
16  5  0.00012157
17  5  0.00017852
18  5  0.00022031
19  5  0.00029803
20  5  0.00024982
21  5  0.00023612
22  5  0.00033178
23  5  0.00037569
24  5  0.00021612
25  5  0.00036122
26  5  0.00034627
27  5  0.00021405
28  5  0.00006516
29  5  0.00024598
30  5  0.00010923
31  5  0.00049340
32  5  0.00013903
33  5  0.00019230
34  5  0.00031423
35  5  0.00028554
36  5  0.00029755
37  5  0.00030636
38  5  0.00054758
39  5  0.00030606
40  5  0.00023876
41  5  0.00014453
42  5  0.00011596
43  5  0.00029670
44  5  0.00026911
45  5  0.00008662
46  5  0.00018327
47  5  0.00018432
48  5  0.00032033
49  5  0.00027565
50  5  0.00025967
51  5  0.00008856
52  5  0.00018145
53  5  0.00038853
54  5  0.00027030
55  5  0.00028684
56  5  0.00026081
57  5  0.00010777
58  5  0.00021448
59  5  0.00029063
60  5  0.00011268
61  5  0.00029055
62  5  0.00013594
63  5  0.00028753
0  6  0.00024275
1  6  0.00013631
2  6  0.00033116
3  6  0.00035014
4  6  0.00025975
5  6  0.00020605
6  6  0.00013142
7  6  0.00007951
8  6  0.00013038
9  6  0.00041676
10  6  0.00025989
11  6  0.00023294
12  6  0.00035151
13  6  0.00025775
14  6  0.00025829
15  6  0.00030721
16  6  0.00025666
17  6  0.00051673
18  6  0.00020494
19  6  0.00047588
20  6  0.00009457
21  6  0.00016933
22  6  0.00036476
23  6  0.00021758
24  6  0.00027304
25  6  0.00040921
26  6  0.00019956
27  6  0.00023298
28  6  0.00020438
29  6  0.00017891
30  6  0.00039303
31  6  0.00020987
32  6  0.00020872
33  6  0.00020524
34  6  0.00026401
35  6  0.00032436
36  6  0.00015616
37  6  0.00012343
38  6  0.00023717
39  6  0.00038384
40  6  0.00033113
41  6  0.00020744
42  6  0.00011249
43  6  0.00015214
44  6  0.00021883
45  6  0.00054432
46  6  0.00025908
47  6  0.00023117
48  6  0.00009436
49  6  0.00015340
50  6  0.00022402
51  6  0.00021212
52  6  0.00018264
53  6  0.00015742
54  6  0.00020340
55  6  0.00023773
56  6  0.00025949
57  6  0.00026646
58  6  0.00031565
59  6  0.00025323
60  6  0.00032718
61  6  0.00005563
62  6  0.00049309
63  6  0.00011612
0  7  0.00017611
1  7  0.00012153
2  7  0.00068585
3  7  0.00027518
4  7  0.00018184
5  7  0.00030292
6  7  0.00017129
7  7  0.00022095
8  7  0.00019055
9  7  0.00012687
10  7  0.00017882
11  7  0.00009225
12  7  0.00016947
13  7  0.00022698
14  7  0.00007615
15  7  0.00022337
16  7  0.00020796
17  7  0.00016428
18  7  0.00024762
19  7  0.00016302
20  7  0.00038961
21  7  0.00023029
22  7  0.00045144
23  7  0.00030078
24  7  0.00036302
25  7  0.00020513
26  7  0.00009569
27  7  0.00009563
28  7  0.00017678
29  7  0.00020311
30  7  0.00027837
31  7  0.00017625
32  7  0.00029956
33  7  0.00021615
34  7  0.00016393
35  7  0.00035832
36  7  0.00034318
37  7  0.00023013
38  7  0.00034063
39  7  0.00008270
40  7  0.00027325
41  7  0.00010438
42  7  0.00018060
43  7  0.00026856
44  7  0.00011618
45  7  0.00023644
46  7  0.00030025
47  7  0.00026407
48  7  0.00011571
49  7  0.00025192
50  7  0.00018888
51  7  0.00006728
52  7  0.00021544
53  7  0.00023892
54  7  0.00021527
55  7  0.00035245
56  7  0.00018542
57  7  0.00027461
58  7  0.00044310
59  7  0.00036028
60  7  0.00029353
61  7  0.00004101
62  7  0.00048633
63  7  0.00036359
0  8  0.00015553
1  8  0.00044173
2  8  0.00020458
3  8  0.00014050
4  8  0.00043538
5  8  0.00015843
6  8  0.00031386
7  8  0.00028005
8  8  0.00006576
9  8  0.00024693
10  8  0.00007907
11  8  0.00015208
12  8  0.00016728
13  8  0.00015057
14  8  0.00011111
15  8  0.00017882
16  8  0.00020504
17  8  0.00009961
18  8  0.00017367
19  8  0.00037472
20  8  0.00015070
21  8  0.00003824
22  8  0.00022409
23  8  0.00011134
24  8  0.00017030
25  8  0.00032533
26  8  0.00008270
27  8  0.00005658
28  8  0.00027351
29  8  0.00033891
30  8  0.00025943
31  8  0.00029408
32  8  0.00007386
33  8  0.00011942
34  8  0.00024736
35  8  0.00017677
36  8  0.00032637
37  8  0.00019568
38  8  0.00007733
39  8  0.00028611
40  8  0.00031967
41  8  0.00029757
42  8  0.00016765
43  8  0.00023191
44  8  0.00023273
45  8  0.00031930
46  8  0.00016548
47  8  0.00026941
48  8  0.00024589
49  8  0.00036168
50  8  0.00015035
51  8  0.00017370
52  8  0.00017104
53  8  0.00035865
54  8  0.00022601
55  8  0.00018509
56  8  0.00019114
57  8  0.00032619
58  8  0.00025415
59  8  0.00032512
60  8  0.00039631
61  8  0.00027344
62  8  0.00013899
63  8  0.00033794
0  9  0.00019080
1  9  0.00019065
2  9  0.00006658
3  9  0.00026961
4  9  0.00025990
5  9  0.00043336
6  9  0.00038548
7  9  0.00022147
8  9  0.00022176
9  9  0.00018211
10  9  0.00037248
11  9  0.00006047
12  9  0.00050851
13  9  0.00020633
14  9  0.00024237
15  9  0.00028001
16  9  0.00013085
17  9  0.00013401
18  9  0.00015669
19  9  0.00061386
20  9  0.00034125
21  9  0.00031502
22  9  0.00012360
23  9  0.00003387
24  9  0.00013125
25  9  0.00035442
26  9  0.00045283
27  9  0.00002117
28  9  0.00014182
29  9  0.00037875
30  9  0.00009507
31  9  0.00021245
32  9  0.00020060
33  9  0.00005955
34  9  0.00019311
35  9  0.00041210
36  9  0.00018000
37  9  0.00033719
38  9  0.00013750
39  9  0.00014876
40  9  0.00019665
41  9  0.00013725
42  9  0.00009369
43  9  0.00038140
44  9  0.00017329
45  9  0.00012587
46  9  0.00024647
47  9  0.00015922
48  9  0.00035542
49  9  0.00018313
50  9  0.00026024
51  9  0.00040671
52  9  0.00025711
53  9  0.00012465
54  9  0.00038618
55  9  0.00026739
56  9  0.00016794
57  9  0.00033245
58  9  0.00033264
59  9  0.00008401
60  9  0.00018964
61  9  0.00025245
62  9  0.00027746
63  9  0.00022547
0  10  0.00043248
1  10  0.00011942
2  10  0.00027141
3  10  0.00014748
4  10  0.00017422
5  10  0.00038200
6  10  0.00020173
7  10  0.00041380
8  10  0.00005745
9  10  0.00019340
10  10  0.00034900
11  10  0.00019096
12  10  0.00024294
13  10  0.00045636
14  10  0.00005307
15  10  0.00014880
16  10  0.00024077
17  10  0.00007755
18  10  0.00015142
19  10  0.00013958
20  10  0.00036944
21  10  0.00016427
22  10  0.00019063
23  10  0.00042359
24  10  0.00009243
25  10  0.00038363
26  10  0.00010234
27  10  0.00033567
28  10  0.00035620
29  10  0.00011991
30  10  0.00061161
31  10  0.00038415
32  10  0.00026929
33  10  0.00024871
34  10  0.00037057
35  10  0.00022105
36  10  0.00024181
37  10  0.00029371
38  10  0.00012552
39  10  0.00030279
40  10  0.00011975
41  10  0.00033101
42  10  0.00028875
43  10  0.00023548
44  10  0.00034518
45  10  0.00018730
46  10  0.00042907
47  10  0.00036836
48  10  0.00009764
49  10  0.00023582
50  10  0.00023635
51  10  0.00027711
52  10  0.00030926
53  10  0.00014568
54  10  0.00028462
55  10  0.00015840
56  10  0.00031701
57  10  0.00042976
58  10  0.00003621
59  10  0.00021904
60  10  0.00039155
61  10  0.00015760
62  10  0.00018772
63  10  0.00043394
0  11  0.00015421
1  11  0.00030425
2  11  0.00020086
3  11  0.00036446
4  11  0.00018322
5  11  0.00032951
6  11  0.00010131
7  11  0.00006122
8  11  0.00032950
9  11  0.00010231
10  11  0.00055477
11  11  0.00031770
12  11  0.00026286
13  11  0.00039420
14  11  0.00036825
15  11  0.00005781
16  11  0.00014698
17  11  0.00031410
18  11  0.00009202
19  11  0.00016035
20  11  0.00014993
21  11  0.00028312
22  11  0.00014941
23  11  0.00021811
24  11  0.00014678
25  11  0.00031557
26  11  0.00052086
27  11  0.00030832
28  11  0.00012729
29  11  0.00015617
30  11  0.00031800
31  11  0.00019496
32  11  0.00007070
33  11  0.00022646
34  11  0.00017036
35  11  0.00047148
36  11  0.00043107
37  11  0.00020009
38  11  0.00016666
39  11  0.00007085
40  11  0.00067263
41  11  0.00034024
42  11  0.00010011
43  11  0.00008813
44  11  0.00012954
45  11  0.00007568
46  11  0.00025372
47  11  0.00023617
48  11  0.00057132
49  11  0.00016127
50  11  0.00026031
51  11  0.00018488
52  11  0.00037232
53  11  0.00031502
54  11  0.00018739
55  11  0.00029257
56  11  0.00012974
57  11  0.00035935
58  11  0.00022974
59  11  0.00005037
60  11  0.00029916
61  11  0.00021811
62  11  0.00015847
63  11  0.00021854
0  12  0.00011527
1  12  0.00014165
2  12  0.00029858
3  12  0.00016775
4  12  0.00017057
5  12  0.00038128
6  12  0.00022279
7  12  0.00015629
8  12  0.00020759
9  12  0.00050274
10  12  0.00006403
11  12  0.00016527
12  12  0.00020861
13  12  0.00030622
14  12  0.00015394
15  12  0.00016665
16  12  0.00007766
17  12  0.00024613
18  12  0.00036031
19  12  0.00008096
20  12  0.00013285
21  12  0.00061241
22  12  0.00001930
23  12  0.00018032
24  12  0.00011712
25  12  0.00016442
26  12  0.00027489
27  12  0.00023478
28  12  0.00017158
29  12  0.00012236
30  12  0.00024291
31  12  0.00013999
32  12  0.00019561
33  12  0.00016015
34  12  0.00035366
35  12  0.00028728
36  12  0.00014479
37  12  0.00015264
38  12  0.00010826
39  12  0.00013992
40  12  0.00008563
41  12  0.00013702
42  12  0.00022506
43  12  0.00012141
44  12  0.00026869
45  12  0.00028768
46  12  0.00016381
47  12  0.00045356
48  12  0.00021816
49  12  0.00024151
50  12  0.00051537
51  12  0.00015251
52  12  0.00031276
53  12  0.00042139
54  12  0.00033667
55  12  0.00027560
56  12  0.00069483
57  12  0.00002737
58  12  0.00029626
59  12  0.00042877
60  12  0.00018174
61  12  0.00014720
62  12  0.00039790
63  12  0.00020846
0  13  0.00029127
1  13  0.00019427
2  13  0.00028503
3  13  0.00026088
4  13  0.00018812
5  13  0.00018400
6  13  0.00034343
7  13  0.00046706
8  13  0.00024197
9  13  0.00042020
10  13  0.00028595
11  13  0.00017219
12  13  0.00013828
13  13  0.00028207
14  13  0.00035444
15  13  0.00064212
16  13  0.00041394
17  13  0.00010965
18  13  0.00030563
19  13  0.00034916
20  13  0.00065252
21  13  0.00024799
22  13  0.00009595
23  13  0.00017564
24  13  0.00036983
25  13  0.00025333
26  13  0.00028326
27  13  0.00033755
28  13  0.00013954
29  13  0.00037559
30  13  0.00027723
31  13  0.00012328
32  13  0.00027940
33  13  0.00030122
34  13  0.00010333
35  13  0.00033404
36  13  0.00032499
37  13  0.00040957
38  13  0.00007467
39  13  0.00006497
40  13  0.00047410
41  13  0.00055822
42  13  0.00058699
43  13  0.00039726
44  13  0.00025616
45  13  0.00026337
46  13  0.00019981
47  13  0.00016043
48  13  0.00014536
49  13  0.00050278
50  13  0.00034924
51  13  0.00025782
52  13  0.00008828
53  13  0.00014009
54  13  0.00019219
55  13  0.00029103
56  13  0.00024593
57  13  0.00030726
58  13  0.00027242
59  13  0.00008757
60  13  0.00016365
61  13  0.00022337
62  13  0.00018067
63  13  0.00019392
0  14  0.00025049
1  14  0.00032947
2  14  0.00050152
3  14  0.00039190
4  14  0.00027516
5  14  0.00036730
6  14  0.00013094
7  14  0.00013840
8  14  0.00030866
9  14  0.00048512
10  14  0.00027238
11  14  0.00010186
12  14  0.00047861
13  14  0.00036330
14  14  0.00010428
15  14  0.00012673
16  14  0.00017973
17  14  0.00025712
18  14  0.00008618
19  14  0.00043832
20  14  0.00017415
21  14  0.00030081
22  14  0.00019646
23  14  0.00037746
24  14  0.00008273
25  14  0.00039925
26  14  0.00010326
27  14  0.00020668
28  14  0.00023171
29  14  0.00023926
30  14  0.00013837
31  14  0.00007093
32  14  0.00009715
33  14  0.00044598
34  14  0.00006583
35  14  0.00032933
36  14  0.00012743
37  14  0.00053381
38  14  0.00022734
39  14  0.00020541
40  14  0.00029790
41  14  0.00016214
42  14  0.00021433
43  14  0.00035983
44  14  0.00020423
45  14  0.00021432
46  14  0.00059546
47  14  0.00033638
48  14  0.00033236
49  14  0.00009295
50  14  0.00043008
51  14  0.00031498
52  14  0.00025124
53  14  0.00024935
54  14  0.00050033
55  14  0.00041395
56  14  0.00007972
57  14  0.00023863
58  14  0.00027876
59  14  0.00034759
60  14  0.00015345
61  14  0.00025264
62  14  0.00018154
63  14  0.00012619
0  15  0.00016258
1  15  0.00029830
2  15  0.00016248
3  15  0.00054266
4  15  0.00028903
5  15  0.00025212
6  15  0.00034350
7  15  0.00047866
8  15  0.00042170
9  15  0.00030439
10  15  0.00028305
11  15  0.00020872
12  15  0.00009188
13  15  0.00027258
14  15  0.00027494
15  15  0.00017506
16  15  0.00013338
17  15  0.00008963
18  15  0.00039446
19  15  0.00027196
20  15  0.00033766
21  15  0.00011152
22  15  0.00011825
23  15  0.00019517
24  15  0.00021876
25  15  0.00035203
26  15  0.00023951
27  15  0.00020575
28  15  0.00010877
29  15  0.00008870
30  15  0.00029623
31  15  0.00020660
32  15  0.00037232
33  15  0.00038710
34  15  0.00016089
35  15  0.00031521
36  15  0.00014108
37  15  0.00011171
38  15  0.00022403
39  15  0.00027572
40  15  0.00027460
41  15  0.00048433
42  15  0.00007531
43  15  0.00003567
44  15  0.00024655
45  15  0.00017774
46  15  0.00029539
47  15  0.00016628
48  15  0.00024551
49  15  0.00024502
50  15  0.00011826
51  15  0.00012597
52  15  0.00018974
53  15  0.00011939
54  15  0.00026792
55  15  0.00019387
56  15  0.00019088
57  15  0.00013518
58  15  0.00032932
59  15  0.00034021
60  15  0.00028440
61  15  0.00011947
62  15  0.00053870
63  15  0.00056235
0  16  0.00017646
1  16  0.00025873
2  16  0.00029460
3  16  0.00027501
4  16  0.00014041
5  16  0.00043142
6  16  0.00022035
7  16  0.00024170
8  16  0.00012403
9  16  0.00017748
10  16  0.00031442
11  16  0.00033695
12  16  0.00021509
13  16  0.00025365
14  16  0.00016573
15  16  0.00026987
16  16  0.00005629
17  16  0.00038967
18  16  0.00045658
19  16  0.00031522
20  16  0.00027367
21  16  0.00015673
22  16  0.00012331
23  16  0.00035371
24  16  0.00050796
25  16  0.00016577
26  16  0.00025726
27  16  0.00014876
28  16  0.00011401
29  16  0.00038263
30  16  0.00022695
31  16  0.00015223
32  16  0.00013749
33  16  0.00028422
34  16  0.00034763
35  16  0.00049355
36  16  0.00018626
37  16  0.00043020
38  16  0.00008757
39  16  0.00025298
40  16  0.00024289
41  16  0.00040063
42  16  0.00009504
43  16  0.00036826
44  16  0.00034393
45  16  0.00019946
46  16  0.00015489
47  16  0.00025668
48  16  0.00019961
49  16  0.00029920
50  16  0.00014910
51  16  0.00046780
52  16  0.00005727
53  16  0.00011792
54  16  0.00030072
55  16  0.00009924
56  16  0.00026869
57  16  0.00022162
58  16  0.00028708
59  16  0.00043708
60  16  0.00042959
61  16  0.00020051
62  16  0.00027770
63  16  0.00032235
0  17  0.00028942
1  17  0.00020845
2  17  0.00033625
3  17  0.00009739
4  17  0.00007948
5  17  0.00019272
6  17  0.00045898
7  17  0.00015663
8  17  0.00022177
9  17  0.00017199
10  17  0.00012477
11  17  0.00015459
12  17  0.00011614
13  17  0.00020008
14  17  0.00017402
15  17  0.00021880
16  17  0.00016673
17  17  0.00033069
18  17  0.00015969
19  17  0.00026532
20  17  0.00062840
21  17  0.00018936
22  17  0.00009581
23  17  0.00022097
24  17  0.00021405
25  17  0.00020531
26  17  0.00015233
27  17  0.00011533
28  17  0.00028009
29  17  0.00033234
30  17  0.00016126
31  17  0.00043696
32  17  0.00015485
33  17  0.00023059
34  17  0.00028529
35  17  0.00009493
36  17  0.00023208
37  17  0.00014612
38  17  0.00020374
39  17  0.00042678
40  17  0.00014000
41  17  0.00010916
42  17  0.00038793
43  17  0.00017805
44  17  0.00034839
45  17  0.00009730
46  17  0.00019206
47  17  0.00011467
48  17  0.00014540
49  17  0.00028096
50  17  0.00022177
51  17  0.00007196
52  17  0.00013091
53  17  0.00023336
54  17  0.00013346
55  17  0.00022083
56  17  0.00014443
57  17  0.00025495
58  17  0.00023508
59  17  0.00015468
60  17  0.00038711
61  17  0.00013947
62  17  0.00027044
63  17  0.00021249
0  18  0.00022600
1  18  0.00017910
2  18  0.00010779
3  18  0.00010578
4  18  0.00030487
5  18  0.00020134
6  18  0.00010825
7  18  0.00032760
8  18  0.00011627
9  18  0.00021446
10  18  0.00018602
11  18  0.00024283
12  18  0.00020882
13  18  0.00014301
14  18  0.00045169
15  18  0.00028900
16  18  0.00013812
17  18  0.00050379
18  18  0.00019443
19  18  0.00022462
20  18  0.00035649
21  18  0.00027804
22  18  0.00033356
23  18  0.00017820
24  18  0.00043843
25  18  0.00018576
26  18  0.00029383
27  18  0.00011235
28  18  0.00010173
29  18  0.00009892
30  18  0.00027031
31  18  0.00014880
32  18  0.00016126
33  18  0.00024968
34  18  0.00028368
35  18  0.00046469
36  18  0.00005438
37  18  0.00018816
38  18  0.00015437
39  18  0.00032506
40  18  0.00011402
41  18  0.00060819
42  18  0.00029895
43  18  0.00023553
44  18  0.00018250
45  18  0.00011477
46  18  0.00013147
47  18  0.00017224
48  18  0.00014521
49  18  0.00049731
50  18  0.00022200
51  18  0.00020006
52  18  0.00020365
53  18  0.00022131
54  18  0.00014006
55  18  0.00022085
56  18  0.00014620
57  18  0.00023652
58  18  0.00011591
59  18  0.00017318
60  18  0.00041414
61  18  0.00026091
62  18  0.00019953
63  18  0.00044114
0  19  0.00019030
1  19  0.00027097
2  19  0.00029279
3  19  0.00036996
4  19  0.00028972
5  19  0.00023890
6  19  0.00027990
7  19  0.00011513
8  19  0.00014831
9  19  0.00031912
10  19  0.00021539
11  19  0.00017172
12  19  0.00026617
13  19  0.00013446
14  19  0.00024200
15  19  0.00026554
16  19  0.00010894
17  19  0.00016714
18  19  0.00014175
19  19  0.00037976
20  19  0.00013397
21  19  0.00031311
22  19  0.00019673
23  19  0.00027338
24  19  0.00015007
25  19  0.00045144
26  19  0.00038727
27  19  0.00022436
28  19  0.00023235
29  19  0.00018147
30  19  0.00003713
31  19  0.00035711
32  19  0.00032152
33  19  0.00030493
34  19  0.00022288
35  19  0.00039730
36  19  0.00026483
37  19  0.00014991
38  19  0.00044743
39  19  0.00012605
40  19  0.00012419
41  19  0.00015392
42  19  0.00015622
43  19  0.00024944
44  19  0.00032599
45  19  0.00032441
46  19  0.00030650
47  19  0.00008547
48  19  0.00007661
49  19  0.00014180
50  19  0.00010336
51  19  0.00036593
52  19  0.00017301
53  19  0.00029803
54  19  0.00033711
55  19  0.00033001
56  19  0.00019939
57  19  0.00012417
58  19  0.00015808
59  19  0.00015984
60  19  0.00023924
61  19  0.00017688
62  19  0.00036499
63  19  0.00032928
0  20  0.00024659
1  20  0.00015630
2  20  0.00010199
3  20  0.00021128
4  20  0.00017591
5  20  0.00053972
6  20  0.00023819
7  20  0.00025563
8  20  0.00021701
9  20  0.00029845
10  20  0.00041104
11  20  0.00026341
12  20  0.00014286
13  20  0.00028624
14  20  0.00026995
15  20  0.00017328
16  20  0.00017440
17  20  0.00020995
18  20  0.00002369
19  20  0.00025527
20  20  0.00011660
21  20  0.00031605
22  20  0.00013954
23  20  0.00052223
24  20  0.00014456
25  20  0.00026410
26  20  0.00027046
27  20  0.00023900
28  20  0.00018516
29  20  0.00020950
30  20  0.00025963
31  20  0.00018635
32  20  0.00020898
33  20  0.00021341
34  20  0.00078992
35  20  0.00041582
36  20  0.00024317
37  20  0.00017812
38  20  0.00019439
39  20  0.00013647
40  20  0.00019292
41  20  0.00037921
42  20  0.00030812
43  20  0.00017852
44  20  0.00028868
45  20  0.00008064
46  20  0.00013010
47  20  0.00012001
48  20  0.00011236
49  20  0.00030326
50  20  0.00016146
51  20  0.00027611
52  20  0.00016996
53  20  0.00008510
54  20  0.00027775
55  20  0.00038473
56  20  0.00032130
57  20  0.00022936
58  20  0.00019853
59  20  0.00010805
60  20  0.00014168
61  20  0.00015952
62  20  0.00028592
63  20  0.00010669
0  21  0.00028088
1  21  0.00012880
2  21  0.00014000
3  21  0.00023473
4  21  0.00033378
5  21  0.00027561
6  21  0.00016444
7  21  0.00023331
8  21  0.00024124
9  21  0.00022970
10  21  0.00012012
11  21  0.00036599
12  21  0.00026364
13  21  0.00030725
14  21  0.00008470
15  21  0.00023659
16  21  0.00012453
17  21  0.00032717
18  21  0.00026741
19  21  0.00009024
20  21  0.00029947
21  21  0.00016913
22  21  0.00007886
23  21  0.00031370
24  21  0.00031228
25  21  0.00036947
26  21  0.00028465
27  21  0.00019789
28  21  0.00017728
29  21  0.00012699
30  21  0.00018667
31  21  0.00058730
32  21  0.00010277
33  21  0.00036738
34  21  0.00015748
35  21  0.00022827
36  21  0.00017051
37  21  0.00023261
38  21  0.00035897
39  21  0.00019372
40  21  0.00016816
41  21  0.00015860
42  21  0.00003299
43  21  0.00016095
44  21  0.00023944
45  21  0.00037519
46  21  0.00027323
47  21  0.00009370
48  21  0.00028411
49  21  0.00022126
50  21  0.00015539
51  21  0.00024571
52  21  0.00018140
53  21  0.00021789
54  21  0.00034529
55  21  0.00022591
56  21  0.00053318
57  21  0.00006707
58  21  0.00040376
59  21  0.00075703
60  21  0.00052588
61  21  0.00016697
62  21  0.00018018
63  21  0.00035839
0  22  0.00007497
1  22  0.00023090
2  22  0.00010231
3  22  0.00052442
4  22  0.00025729
5  22  0.00024710
6  22  0.00022539
7  22  0.00019222
8  22  0.00020392
9  22  0.00024560
10  22  0.00010400
11  22  0.00029687
12  22  0.00026700
13  22  0.00006377
14  22  0.00020887
15  22  0.00006771
16  22  0.00039217
17  22  0.00012618
18  22  0.00017861
19  22  0.00027136
20  22  0.00015988
21  22  0.00016234
22  22  0.00011164
23  22  0.00028341
24  22  0.00010399
25  22  0.00024056
26  22  0.00012572
27  22  0.00008288
28  22  0.00007093
29  22  0.00029933
30  22  0.00026168
31  22  0.00016243
32  22  0.00046239
33  22  0.00013906
34  22  0.00014422
35  22  0.00019600
36  22  0.00009463
37  22  0.00019254
38  22  0.00046927
39  22  0.00032735
40  22  0.00002471
41  22  0.00031341
42  22  0.00037277
43  22  0.00018513
44  22  0.00036949
45  22  0.00022550
46  22  0.00051864
47  22  0.00006391
48  22  0.00028455
49  22  0.00051766
50  22  0.00048922
51  22  0.00037750
52  22  0.00019612
53  22  0.00037383
54  22  0.00027603
55  22  0.00023364
56  22  0.00037045
57  22  0.00014179
58  22  0.00013249
59  22  0.00030686
60  22  0.00009224
61  22  0.00041814
62  22  0.00017840
63  22  0.00034188
0  23  0.00029605
1  23  0.00016421
2  23  0.00012148
3  23  0.00024357
4  23  0.00034670
5  23  0.00026413
6  23  0.00025714
7  23  0.00018304
8  23  0.00016285
9  23  0.00011971
10  23  0.00012767
11  23  0.00042424
12  23  0.00055080
13  23  0.00006206
14  23  0.00026267
15  23  0.00016478
16  23  0.00032205
17  23  0.00020793
18  23  0.00018252
19  23  0.00034857
20  23  0.00019891
21  23  0.00025223
22  23  0.00022111
23  23  0.00010292
24  23  0.00021309
25  23  0.00021153
26  23  0.00023644
27  23  0.00003695
28  23  0.00029961
29  23  0.00011542
30  23  0.00007603
31  23  0.00018750
32  23  0.00017511
33  23  0.00012961
34  23  0.00030488
35  23  0.00026503
36  23  0.00032635
37  23  0.00031819
38  23  0.00023582
39  23  0.00005850
40  23  0.00009491
41  23  0.00016696
42  23  0.00038059
43  23  0.00035169
44  23  0.00009361
45  23  0.00017806
46  23  0.00030875
47  23  0.00012625
48  23  0.00020874
49  23  0.00020848
50  23  0.00011059
51  23  0.00020444
52  23  0.00026516
53  23  0.00018251
54  23  0.00047411
55  23  0.00039922
56  23  0.00011070
57  23  0.00031005
58  23  0.00021099
59  23  0.00015564
60  23  0.00004326
61  23  0.00009290
62  23  0.00011042
63  23  0.00010394
0  24  0.00040594
1  24  0.00040383
2  24  0.00027538
3  24  0.00022501
4  24  0.00026203
5  24  0.00032903
6  24  0.00021647
7  24  0.00012414
8  24  0.00018903
9  24  0.00014880
10  24  0.00007878
11  24  0.00016391
12  24  0.00023055
13  24  0.00027922
14  24  0.00034101
15  24  0.00018667
16  24  0.00014490
17  24  0.00017505
18  24  0.00029158
19  24  0.00022744
20  24  0.00015027
21  24  0.00026667
22  24  0.00026244
23  24  0.00016445
24  24  0.00013826
25  24  0.00037337
26  24  0.00026329
27  24  0.00014474
28  24  0.00010582
29  24  0.00027881
30  24  0.00014976
31  24  0.00016643
32  24  0.00043859
33  24  0.00040294
34  24  0.00043213
35  24  0.00021814
36  24  0.00009847
37  24  0.00029918
38  24  0.00025285
39  24  0.00011294
40  24  0.00031237
41  24  0.00008700
42  24  0.00058042
43  24  0.00014388
44  24  0.00012579
45  24  0.00031664
46  24  0.00035404
47  24  0.00029982
48  24  0.00013382
49  24  0.00024422
50  24  0.00007467
51  24  0.00054017
52  24  0.00030376
53  24  0.00031841
54  24  0.00021643
55  24  0.00014644
56  24  0.00011063
57  24  0.00041902
58  24  0.00030900
59  24  0.00011704
60  24  0.00011154
61  24  0.00025971
62  24  0.00020463
63  24  0.00022708
0  25  0.00021741
1  25  0.00072758
2  25  0.00034597
3  25  0.00021812
4  25  0.00031738
5  25  0.00021797
6  25  0.00015214
7  25  0.00017298
8  25  0.00013252
9  25  0.00011589
10  25  0.00006505
11  25  0.00028944
12  25  0.00027452
13  25  0.00011588
14  25  0.00028307
15  25  0.00027769
16  25  0.00024716
17  25  0.00021358
18  25  0.00021841
19  25  0.00017814
20  25  0.00021743
21  25  0.00046788
22  25  0.00016367
23  25  0.00012137
24  25  0.00015882
25  25  0.00025589
26  25  0.00023715
27  25  0.00042495
28  25  0.00044221
29  25  0.00038741
30  25  0.00021767
31  25  0.00011339
32  25  0.00033887
33  25  0.00007719
34  25  0.00055676
35  25  0.00026639
36  25  0.00015290
37  25  0.00022330
38  25  0.00022734
39  25  0.00019173
40  25  0.00027052
41  25  0.00005461
42  25  0.00017074
43  25  0.00013226
44  25  0.00025705
45  25  0.00011933
46  25  0.00026687
47  25  0.00022450
48  25  0.00021489
49  25  0.00020176
50  25  0.00018484
51  25  0.00011548
52  25  0.00026092
53  25  0.00018395
54  25  0.00014213
55  25  0.00008278
56  25  0.00009854
57  25  0.00023201
58  25  0.00024174
59  25  0.00041696
60  25  0.00012841
61  25  0.00032754
62  25  0.00024887
63  25  0.00025167
0  26  0.00017953
1  26  0.00013894
2  26  0.00030599
3  26  0.00031494
4  26  0.00075476
5  26  0.00008491
6  26  0.00027205
7  26  0.00033759
8  26  0.00002032
9  26  0.00020919
10  26  0.00024091
11  26  0.00025525
12  26  0.00043135
13  26  0.00025994
14  26  0.00024537
15  26  0.00010530
16  26  0.00035460
17  26  0.00005531
18  26  0.00008234
19  26  0.00015793
20  26  0.00043053
21  26  0.00007767
22  26  0.00023846
23  26  0.00051160
24  26  0.00023451
25  26  0.00015506
26  26  0.00013759
27  26  0.00009887
28  26  0.00017956
29  26  0.00016698
30  26  0.00048060
31  26  0.00017843
32  26  0.00020922
33  26  0.00016873
34  26  0.00010080
35  26  0.00021561
36  26  0.00010503
37  26  0.00035229
38  26  0.00051578
39  26  0.00007276
40  26  0.00048073
41  26  0.00016401
42  26  0.00019437
43  26  0.00022548
44  26  0.00039564
45  26  0.00033511
46  26  0.00027899
47  26  0.00013790
48  26  0.00010597
49  26  0.00009497
50  26  0.00007058
51  26  0.00018334
52  26  0.00027216
53  26  0.00011791
54  26  0.00036783
55  26  0.00032013
56  26  0.00009851
57  26  0.00033851
58  26  0.00010835
59  26  0.00033138
60  26  0.00015082
61  26  0.00010236
62  26  0.00020920
63  26  0.00035724
0  27  0.00018103
1  27  0.00013004
2  27  0.00005403
3  27  0.00012914
4  27  0.00043102
5  27  0.00016774
6  27  0.00036785
7  27  0.00021562
8  27  0.00012423
9  27  0.00019800
10  27  0.00045582
11  27  0.00012461
12  27  0.00022022
13  27  0.00018610
14  27  0.00022206
15  27  0.00026293
16  27  0.00018896
17  27  0.00009335
18  27  0.00025686
19  27  0.00013720
20  27  0.00023490
21  27  0.00047952
22  27  0.00007657
23  27  0.00023893
24  27  0.00009599
25  27  0.00012897
26  27  0.00043222
27  27  0.00018962
28  27  0.00052541
29  27  0.00016610
30  27  0.00007599
31  27  0.00026427
32  27  0.00028348
33  27  0.00020694
34  27  0.00027124
35  27  0.00022319
36  27  0.00034247
37  27  0.00024298
38  27  0.00030562
39  27  0.00017072
40  27  0.00031367
41  27  0.00018256
42  27  0.00043266
43  27  0.00011991
44  27  0.00023399
45  27  0.00010120
46  27  0.00016510
47  27  0.00020619
48  27  0.00038220
49  27  0.00018736
50  27  0.00013832
51  27  0.00025853
52  27  0.00030525
53  27  0.00046962
54  27  0.00013969
55  27  0.00032278
56  27  0.00015021
57  27  0.00024839
58  27  0.00028089
59  27  0.00015855
60  27  0.00028067
61  27  0.00012274
62  27  0.00025946
63  27  0.00026968
0  28  0.00024418
1  28  0.00025116
2  28  0.00008818
3  28  0.00045954
4  28  0.00032512
5  28  0.00027036
6  28  0.00010125
7  28  0.00021396
8  28  0.00021155
9  28  0.00046497
10  28  0.00038368
11  28  0.00021684
12  28  0.00046952
13  28  0.00008509
14  28  0.00014135
15  28  0.00012732
16  28  0.00022471
17  28  0.00013284
18  28  0.00013152
19  28  0.00017750
20  28  0.00038485
21  28  0.00029678
22  28  0.00023357
23  28  0.00018918
24  28  0.00014104
25  28  0.00015566
26  28  0.00037700
27  28  0.00005932
28  28  0.00019245
29  28  0.00035397
30  28  0.00028887
31  28  0.00019209
32  28  0.00030888
33  28  0.00019257
34  28  0.00025482
35  28  0.00027254
36  28  0.00010931
37  28  0.00025930
38  28  0.00025543
39  28  0.00057726
40  28  0.00023312
41  28  0.00033865
42  28  0.00018636
43  28  0.00051190
44  28  0.00030398
45  28  0.00022520
46  28  0.00023674
47  28  0.00017390
48  28  0.00034404
49  28  0.00004924
50  28  0.00022074
51  28  0.00036753
52  28  0.00037148
53  28  0.00035392
54  28  0.00029658
55  28  0.00019519
56  28  0.00043882
57  28  0.00010837
58  28  0.00026422
59  28  0.00049298
60  28  0.00017358
61  28  0.00022997
62  28  0.00035047
63  28  0.00024696
0  29  0.00022593
1  29  0.00013059
2  29  0.00038112
3  29  0.00028149
4  29  0.00023287
5  29  0.00017358
6  29  0.00029867
7  29  0.00006340
8  29  0.00046980
9  29  0.00015788
10  29  0.00073040
11  29  0.00016154
12  29  0.00030305
13  29  0.00016615
14  29  0.00019159
15  29  0.00048251
16  29  0.00035417
17  29  0.00017646
18  29  0.00018584
19  29  0.00020000
20  29  0.00035721
21  29  0.00025579
22  29  0.00012864
23  29  0.00029616
24  29  0.00015634
25  29  0.00016273
26  29  0.00035463
27  29  0.00018081
28  29  0.00039162
29  29  0.00030761
30  29  0.00019898
31  29  0.00014812
32  29  0.00035854
33  29  0.00016972
34  29  0.00013755
35  29  0.00013046
36  29  0.00027340
37  29  0.00029561
38  29  0.00016627
39  29  0.00023154
40  29  0.00043991
41  29  0.00018261
42  29  0.00017811
43  29  0.00021118
44  29  0.00014878
45  29  0.00016305
46  29  0.00060227
47  29  0.00033458
48  29  0.00033638
49  29  0.00003082
50  29  0.00042455
51  29  0.00019561
52  29  0.00010134
53  29  0.00027080
54  29  0.00039423
55  29  0.00027542
56  29  0.00011722
57  29  0.00033319
58  29  0.00035458
59  29  0.00069812
60  29  0.00021402
61  29  0.00043804
62  29  0.00039539
63  29  0.00033656
0  30  0.00016086
1  30  0.00012855
2  30  0.00020000
3  30  0.00018183
4  30  0.00012451
5  30  0.00032836
6  30  0.00016783
7  30  0.00012815
8  30  0.00046681
9  30  0.00062108
10  30  0.00030871
11  30  0.00031261
12  30  0.00016842
13  30  0.00032349
14  30  0.00037836
15  30  0.00024023
16  30  0.00051797
17  30  0.00010146
18  30  0.00019000
19  30  0.00022690
20  30  0.00022387
21  30  0.00019541
22  30  0.00061017
23  30  0.00037604
24  30  0.00033761
25  30  0.00022711
26  30  0.00018004
27  30  0.00030262
28  30  0.00033380
29  30  0.00021122
30  30  0.00031988
31  30  0.00040788
32  30  0.00022551
33  30  0.00030515
34  30  0.00019645
35  30  0.00018983
36  30  0.00018868
37  30  0.00042823
38  30  0.00055689
39  30  0.00025001
40  30  0.00018137
41  30  0.00018057
42  30  0.00017315
43  30  0.00006673
44  30  0.00022200
45  30  0.00018697
46  30  0.00026801
47  30  0.00023949
48  30  0.00029703
49  30  0.00021010
50  30  0.00024062
51  30  0.00036267
52  30  0.00020081
53  30  0.00011465
54  30  0.00015053
55  30  0.00018552
56  30  0.00022639
57  30  0.00015369
58  30  0.00008121
59  30  0.00043585
60  30  0.00007193
61  30  0.00035780
62  30  0.00019841
63  30  0.00012552
0  31  0.00009510
1  31  0.00040356
2  31  0.00047950
3  31  0.00017482
4  31  0.00027277
5  31  0.00029837
6  31  0.00011250
7  31  0.00030526
8  31  0.00033425
9  31  0.00027763
10  31  0.00016081
11  31  0.00048343
12  31  0.00024231
13  31  0.00025533
14  31  0.00009265
15  31  0.00024066
16  31  0.00010923
17  31  0.00027171
18  31  0.00032876
19  31  0.00034838
20  31  0.00008788
21  31  0.00029456
22  31  0.00015905
23  31  0.00012079
24  31  0.00037407
25  31  0.00011034
26  31  0.00020575
27  31  0.00019314
28  31  0.00008757
29  31  0.00017520
30  31  0.00004112
31  31  0.00036689
32  31  0.00004230
33  31  0.00025292
34  31  0.00020949
35  31  0.00019713
36  31  0.00022611
37  31  0.00010159
38  31  0.00019635
39  31  0.00020122
40  31  0.00029982
41  31  0.00018597
42  31  0.00022891
43  31  0.00017010
44  31  0.00058804
45  31  0.00070465
46  31  0.00021111
47  31  0.00018496
48  31  0.00024358
49  31  0.00028988
50  31  0.00037226
51  31  0.00036081
52  31  0.00029325
53  31  0.00031189
54  31  0.00025332
55  31  0.00006083
56  31  0.00022019
57  31  0.00054414
58  31  0.00016158
59  31  0.00024415
60  31  0.00025871
61  31  0.00061685
62  31  0.00020841
63  31  0.00022302
0  32  0.00029565
1  32  0.00018840
2  32  0.00033519
3  32  0.00019837
4  32  0.00019638
5  32  0.00019286
6  32  0.00010417
7  32  0.00020749
8  32  0.00046095
9  32  0.00016416
10  32  0.00026679
11  32  0.00029209
12  32  0.00046847
13  32  0.00010218
14  32  0.00025613
15  32  0.00029063
16  32  0.00057104
17  32  0.00027903
18  32  0.00026651
19  32  0.00019469
20  32  0.00013758
21  32  0.00042931
22  32  0.00038047
23  32  0.00014370
24  32  0.00026524
25  32  0.00008696
26  32  0.00039266
27  32  0.00036164
28  32  0.00031805
29  32  0.00015093
30  32  0.00010865
31  32  0.00017935
32  32  0.00017267
33  32  0.00045810
34  32  0.00035842
35  32  0.00008256
36  32  0.00021854
37  32  0.00008648
38  32  0.00032791
39  32  0.00010987
40  32  0.00016211
41  32  0.00035598
42  32  0.00008266
43  32  0.00026432
44  32  0.00041266
45  32  0.00011613
46  32  0.00054216
47  32  0.00022851
48  32  0.00013999
49  32  0.00038460
50  32  0.00009878
51  32  0.00012702
52  32  0.00006676
53  32  0.00039053
54  32  0.00030517
55  32  0.00008781
56  32  0.00009830
57  32  0.00014146
58  32  0.00027878
59  32  0.00040172
60  32  0.00012560
61  32  0.00019547
62  32  0.00037702
63  32  0.00026869
0  33  0.00038859
1  33  0.00019014
2  33  0.00031571
3  33  0.00020261
4  33  0.00008389
5  33  0.00024360
6  33  0.00048192
7  33  0.00044508
8  33  0.00020891
9  33  0.00011825
10  33  0.00035931
11  33  0.00045459
12  33  0.00012914
13  33  0.00026317
14  33  0.00033200
15  33  0.00024247
16  33  0.00021034
17  33  0.00035487
18  33  0.00019202
19  33  0.00009054
20  33  0.00017545
21  33  0.00016265
22  33  0.00033852
23  33  0.00007237
24  33  0.00023359
25  33  0.00036345
26  33  0.00018008
27  33  0.00052558
28  33  0.00019815
29  33  0.00017422
30  33  0.00035587
31  33  0.00027630
32  33  0.00010616
33  33  0.00020238
34  33  0.00024645
35  33  0.00035536
36  33  0.00047058
37  33  0.00020987
38  33  0.00009303
39  33  0.00013492
40  33  0.00004619
41  33  0.00050030
42  33  0.00011615
43  33  0.00018107
44  33  0.00024222
45  33  0.00024052
46  33  0.00032510
47  33  0.00037935
48  33  0.00033195
49  33  0.00032702
50  33  0.00028312
51  33  0.00025994
52  33  0.00003077
53  33  0.00036910
54  33  0.00030601
55  33  0.00021960
56  33  0.00015336
57  33  0.00010417
58  33  0.00021358
59  33  0.00024881
60  33  0.00012289
61  33  0.00010546
62  33  0.00011118
63  33  0.00017345
0  34  0.00019630
1  34  0.00021989
2  34  0.00025212
3  34  0.00022983
4  34  0.00021450
5  34  0.00021064
6  34  0.00020519
7  34  0.00048942
8  34  0.00007089
9  34  0.00016540
10  34  0.00008679
11  34  0.00022360
12  34  0.00014687
13  34  0.00023469
14  34  0.00029105
15  34  0.00019724
16  34  0.00017369
17  34  0.00007926
18  34  0.00029204
19  34  0.00020496
20  34  0.00020361
21  34  0.00002797
22  34  0.00040890
23  34  0.00017414
24  34  0.00023536
25  34  0.00006819
26  34  0.00019634
27  34  0.00035551
28  34  0.00016043
29  34  0.00021256
30  34  0.00037673
31  34  0.00022852
32  34  0.00026575
33  34  0.00009882
34  34  0.00033083
35  34  0.00008078
36  34  0.00024162
37  34  0.00022107
38  34  0.00007969
39  34  0.00028041
40  34  0.00016709
41  34  0.00018055
42  34  0.00021207
43  34  0.00019322
44  34  0.00020108
45  34  0.00015458
46  34  0.00020289
47  34  0.00028991
48  34  0.00028113
49  34  0.00014862
50  34  0.00040510
51  34  0.00025043
52  34  0.00013615
53  34  0.00021515
54  34  0.00029010
55  34  0.00008699
56  34  0.00017199
57  34  0.00013565
58  34  0.00011405
59  34  0.00010043
60  34  0.00031462
61  34  0.00023208
62  34  0.00010693
63  34  0.00009025
0  35  0.00025018
1  35  0.00037760
2  35  0.00042260
3  35  0.00028626
4  35  0.00033829
5  35  0.00013163
6  35  0.00013323
7  35  0.00022764
8  35  0.00022159
9  35  0.00037098
10  35  0.00040065
11  35  0.00025258
12  35  0.00031869
13  35  0.00009650
14  35  0.00018832
15  35  0.00020054
16  35  0.00006754
17  35  0.00016202
18  35  0.00019944
19  35  0.00021175
20  35  0.00028615
21  35  0.00020711
22  35  0.00011359
23  35  0.00035020
24  35  0.00024817
25  35  0.00040346
26  35  0.00038118
27  35  0.00060038
28  35  0.00005420
29  35  0.00013294
30  35  0.00029270
31  35  0.00013660
32  35  0.00023465
33  35  0.00025488
34  35  0.00021425
35  35  0.00017275
36  35  0.00022244
37  35  0.00015910
38  35  0.00025794
39  35  0.00041675
40  35  0.00028818
41  35  0.00010598
42  35  0.00014557
43  35  0.00026202
44  35  0.00018794
45  35  0.00046065
46  35  0.00018174
47  35  0.00050433
48  35  0.00034890
49  35  0.00015375
50  35  0.00013243
51  35  0.00017627
52  35  0.00010008
53  35  0.00033888
54  35  0.00020035
55  35  0.00011170
56  35  0.00017491
57  35  0.00010212
58  35  0.00041125
59  35  0.00015774
60  35  0.00017902
61  35  0.00016219
62  35  0.00040779
63  35  0.00035826
0  36  0.00022781
1  36  0.00048380
2  36  0.00030837
3  36  0.00018344
4  36  0.00049382
5  36  0.00037905
6  36  0.00009848
7  36  0.00013919
8  36  0.00029838
9  36  0.00029200
10  36  0.00022218
11  36  0.00019503
12  36  0.00018717
13  36  0.00005182
14  36  0.00042568
15  36  0.00017656
16  36  0.00007821
17  36  0.00018058
18  36  0.00043331
19  36  0.00023618
20  36  0.00025459
21  36  0.00009080
22  36  0.00011958
23  36  0.00013506
24  36  0.00016443
25  36  0.00020819
26  36  0.00017156
27  36  0.00009311
28  36  0.00024679
29  36  0.00015890
30  36  0.00023453
31  36  0.00018378
32  36  0.00020269
33  36  0.00011225
34  36  0.00022987
35  36  0.00017312
36  36  0.00021456
37  36  0.00031827
38  36  0.00030614
39  36  0.00021542
40  36  0.00038329
41  36  0.00022109
42  36  0.00023610
43  36  0.00020034
44  36  0.00024572
45  36  0.00020062
46  36  0.00032296
47  36  0.00031446
48  36  0.00012808
49  36  0.00011581
50  36  0.00031201
51  36  0.00014189
52  36  0.00017698
53  36  0.00017233
54  36  0.00012616
55  36  0.00034037
56  36  0.00037789
57  36  0.00037284
58  36  0.00035268
59  36  0.00016986
60  36  0.00015323
61  36  0.00023153
62  36  0.00033420
63  36  0.00048361
0  37  0.00011304
1  37  0.00009535
2  37  0.00011300
3  37  0.00009730
4  37  0.00028577
5  37  0.00018430
6  37  0.00029322
7  37  0.00038326
8  37  0.00039421
9  37  0.00041410
10  37  0.00023436
11  37  0.00069543
12  37  0.00013784
13  37  0.00026302
14  37  0.00041208
15  37  0.00029470
16  37  0.00019065
17  37  0.00019952
18  37  0.00024860
19  37  0.00031209
20  37  0.00033709
21  37  0.00022034
22  37  0.00058416
23  37  0.00019406
24  37  0.00014621
25  37  0.00025776
26  37  0.00028450
27  37  0.00043382
28  37  0.00005393
29  37  0.00017167
30  37  0.00010454
31  37  0.00027883
32  37  0.00027059
33  37  0.00025640
34  37  0.00012751
35  37  0.00017812
36  37  0.00018501
37  37  0.00015471
38  37  0.00030985
39  37  0.00035387
40  37  0.00018737
41  37  0.00029177
42  37  0.00021112
43  37  0.00012814
44  37  0.00024104
45  37  0.00014006
46  37  0.00036484
47  37  0.00033079
48  37  0.00045139
49  37  0.00019148
50  37  0.00030026
51  37  0.00013218
52  37  0.00027904
53  37  0.00033238
54  37  0.00036759
55  37  0.00025664
56  37  0.00037893
57  37  0.00024763
58  37  0.00080202
59  37  0.00019777
60  37  0.00012448
61  37  0.00051072
62  37  0.00033063
63  37  0.00038240
0  38  0.00026203
1  38  0.00041161
2  38  0.00011081
3  38  0.00049349
4  38  0.00034482
5  38  0.00028330
6  38  0.00013073
7  38  0.00008897
8  38  0.00024013
9  38  0.00027036
10  38  0.00036558
11  38  0.00021852
12  38  0.00015082
13  38  0.00037746
14  38  0.00053111
15  38  0.00048362
16  38  0.00016738
17  38  0.00025702
18  38  0.00025612
19  38  0.00019453
20  38  0.00033496
21  38  0.00025761
22  38  0.00037498
23  38  0.00035774
24  38  0.00029563
25  38  0.00015975
26  38  0.00029846
27  38  0.00007982
28  38  0.00022694
29  38  0.00029203
30  38  0.00010017
31  38  0.00024290
32  38  0.00020780
33  38  0.00029846
34  38  0.00026686
35  38  0.00021604
36  38  0.00036459
37  38  0.00014626
38  38  0.00020395
39  38  0.00025313
40  38  0.00026818
41  38  0.00015869
42  38  0.00022436
43  38  0.00013013
44  38  0.00044221
45  38  0.00036841
46  38  0.00015358
47  38  0.00030271
48  38  0.00020522
49  38  0.00018354
50  38  0.00005526
51  38  0.00027642
52  38  0.00015672
53  38  0.00022095
54  38  0.00029595
55  38  0.00034705
56  38  0.00033090
57  38  0.00008371
58  38  0.00021581
59  38  0.00066545
60  38  0.00034185
61  38  0.00023663
62  38  0.00012834
63  38  0.00013959
0  39  0.00024235
1  39  0.00039252
2  39  0.00018027
3  39  0.00026061
4  39  0.00021816
5  39  0.00013556
6  39  0.00022022
7  39  0.00046035
8  39  0.00035193
9  39  0.00018123
10  39  0.00027818
11  39  0.00026001
12  39  0.00023766
13  39  0.00030904
14  39  0.00021798
15  39  0.00017898
16  39  0.00020127
17  39  0.00020201
18  39  0.00006657
19  39  0.00008631
20  39  0.00024101
21  39  0.00022493
22  39  0.00016807
23  39  0.00038613
24  39  0.00021338
25  39  0.00010947
26  39  0.00042231
27  39  0.00007450
28  39  0.00011964
29  39  0.00024480
30  39  0.00008643
31  39  0.00020647
32  39  0.00023669
33  39  0.00012522
34  39  0.00046614
35  39  0.00013990
36  39  0.00041886
37  39  0.00018066
38  39  0.00017417
39  39  0.00010115
40  39  0.00026223
41  39  0.00014902
42  39  0.00014118
43  39  0.00032538
44  39  0.00025930
45  39  0.00014572
46  39  0.00016779
47  39  0.00034612
48  39  0.00016885
49  39  0.00050449
50  39  0.00025712
51  39  0.00015979
52  39  0.00032617
53  39  0.00006772
54  39  0.00026173
55  39  0.00010710
56  39  0.00022215
57  39  0.00025180
58  39  0.00029613
59  39  0.00027670
60  39  0.00012966
61  39  0.00016215
62  39  0.00031642
63  39  0.00036846
0  40  0.00023858
1  40  0.00020648
2  40  0.00010548
3  40  0.00035930
4  40  0.00031171
5  40  0.00019958
6  40  0.00034525
7  40  0.00019701
8  40  0.00021169
9  40  0.00021550
10  40  0.00019797
11  40  0.00009970
12  40  0.00036085
13  40  0.00042749
14  40  0.00035691
15  40  0.00019160
16  40  0.00032932
17  40  0.00046408
18  40  0.00044175
19  40  0.00024632
20  40  0.00013712
21  40  0.00011074
22  40  0.00028824
23  40  0.00043472
24  40  0.00024601
25  40  0.00031586
26  40  0.00010243
27  40  0.00021581
28  40  0.00041131
29  40  0.00015500
30  40  0.00006549
31  40  0.00036457
32  40  0.00006347
33  40  0.00025048
34  40  0.00043887
35  40  0.00014617
36  40  0.00012155
37  40  0.00014288
38  40  0.00016504
39  40  0.00019306
40  40  0.00021970
41  40  0.00043191
42  40  0.00016356
43  40  0.00022789
44  40  0.00030395
45  40  0.00024740
46  40  0.00029542
47  40  0.00019877
48  40  0.00036373
49  40  0.00036406
50  40  0.00028929
51  40  0.00038141
52  40  0.00017525
53  40  0.00013007
54  40  0.00035291
55  40  0.00025612
56  40  0.00039605
57  40  0.00046001
58  40  0.00024914
59  40  0.00014191
60  40  0.00021593
61  40  0.00025911
62  40  0.00028838
63  40  0.00029439
0  41  0.00056303
1  41  0.00016685
2  41  0.00044332
3  41  0.00017597
4  41  0.00024977
5  41  0.00020208
6  41  0.00035325
7  41  0.00016003
8  41  0.00040995
9  41  0.00026734
10  41  0.00014229
11  41  0.00038511
12  41  0.00036099
13  41  0.00016764
14  41  0.00028674
15  41  0.00012606
16  41  0.00017987
17  41  0.00078821
18  41  0.00025368
19  41  0.00025968
20  41  0.00017942
21  41  0.00054360
22  41  0.00033083
23  41  0.00009965
24  41  0.00048483
25  41  0.00006294
26  41  0.00011210
27  41  0.00012636
28  41  0.00025572
29  41  0.00035018
30  41  0.00019687
31  41  0.00052772
32  41  0.00035397
33  41  0.00016871
34  41  0.00032160
35  41  0.00018743
36  41  0.00021445
37  41  0.00039017
38  41  0.00026230
39  41  0.00026328
40  41  0.00012778
41  41  0.00021561
42  41  0.00036811
43  41  0.00008818
44  41  0.00020885
45  41  0.00007457
46  41  0.00026866
47  41  0.00016616
48  41  0.00019675
49  41  0.00029117
50  41  0.00052772
51  41  0.00010935
52  41  0.00019043
53  41  0.00048078
54  41  0.00016557
55  41  0.00020537
56  41  0.00014254
57  41  0.00015687
58  41  0.00040318
59  41  0.00018937
60  41  0.00025219
61  41  0.00022292
62  41  0.00052221
63  41  0.00054959
0  42  0.00023600
1  42  0.00050001
2  42  0.00029916
3  42  0.00038062
4  42  0.00038112
5  42  0.00022832
6  42  0.00007132
7  42  0.00041470
8  42  0.00018363
9  42  0.00028434
10  42  0.00019012
11  42  0.00016885
12  42  0.00015638
13  42  0.00022210
14  42  0.00018195
15  42  0.00027390
16  42  0.00011420
17  42  0.00041285
18  42  0.00025668
19  42  0.00024549
20  42  0.00015900
21  42  0.00052081
22  42  0.00014615
23  42  0.00013350
24  42  0.00014613
25  42  0.00016654
26  42  0.00008955
27  42  0.00011726
28  42  0.00031460
29  42  0.00018380
30  42  0.00030042
31  42  0.00034201
32  42  0.00028619
33  42  0.00044147
34  42  0.00022220
35  42  0.00006651
36  42  0.00013819
37  42  0.00028288
38  42  0.00022101
39  42  0.00013590
40  42  0.00043561
41  42  0.00013727
42  42  0.00010238
43  42  0.00034736
44  42  0.00041347
45  42  0.00039437
46  42  0.00012765
47  42  0.00022934
48  42  0.00023681
49  42  0.00028207
50  42  0.00023682
51  42  0.00009371
52  42  0.00021702
53  42  0.00045868
54  42  0.00012442
55  42  0.00017392
56  42  0.00019653
57  42  0.00037021
58  42  0.00010430
59  42  0.00043856
60  42  0.00009624
61  42  0.00027315
62  42  0.00075918
63  42  0.00053019
0  43  0.00032872
1  43  0.00040771
2  43  0.00008582
3  43  0.00023526
4  43  0.00040956
5  43  0.00039552
6  43  0.00015840
7  43  0.00076954
8  43  0.00006931
9  43  0.00005285
10  43  0.00017972
11  43  0.00034999
12  43  0.00010140
13  43  0.00019380
14  43  0.00017980
15  43  0.00010594
16  43  0.00016601
17  43  0.00030367
18  43  0.00038929
19  43  0.00018903
20  43  0.00035534
21  43  0.00009913
22  43  0.00021201
23  43  0.00013156
24  43  0.00014518
25  43  0.00027631
26  43  0.00034769
27  43  0.00003130
28  43  0.00027959
29  43  0.00014532
30  43  0.00020259
31  43  0.00026389
32  43  0.00012632
33  43  0.00022642
34  43  0.00017445
35  43  0.00046403
36  43  0.00027724
37  43  0.00007932
38  43  0.00034214
39  43  0.00008347
40  43  0.00012023
41  43  0.00013148
42  43  0.00011046
43  43  0.00013205
44  43  0.00018714
45  43  0.00038964
46  43  0.00009637
47  43  0.00028205
48  43  0.00026078
49  43  0.00047730
50  43  0.00048823
51  43  0.00025287
52  43  0.00012755
53  43  0.00015093
54  43  0.00010265
55  43  0.00022829
56  43  0.00009620
57  43  0.00066691
58  43  0.00009453
59  43  0.00054102
60  43  0.00024497
61  43  0.00015289
62  43  0.00031795
63  43  0.00012477
0  44  0.00035664
1  44  0.00007119
2  44  0.00047202
3  44  0.00048225
4  44  0.00011659
5  44  0.00017951
6  44  0.00022131
7  44  0.00025987
8  44  0.00052543
9  44  0.00005133
10  44  0.00003999
11  44  0.00032559
12  44  0.00006613
13  44  0.00014422
14  44  0.00026778
15  44  0.00044984
16  44  0.00013777
17  44  0.00014759
18  44  0.00045031
19  44  0.00021340
20  44  0.00011503
21  44  0.00036255
22  44  0.00010463
23  44  0.00009267
24  44  0.00034890
25  44  0.00061379
26  44  0.00020996
27  44  0.00014835
28  44  0.00035104
29  44  0.00015045
30  44  0.00012012
31  44  0.00040321
32  44  0.00027218
33  44  0.00016741
34  44  0.00014078
35  44  0.00023188
36  44  0.00014694
37  44  0.00016303
38  44  0.00027809
39  44  0.00056912
40  44  0.00034561
41  44  0.00021540
42  44  0.00033562
43  44  0.00019788
44  44  0.00034033
45  44  0.00031182
46  44  0.00009541
47  44  0.00014779
48  44  0.00023985
49  44  0.00027597
50  44  0.00026479
51  44  0.00037720
52  44  0.00033773
53  44  0.00025560
54  44  0.00009504
55  44  0.00020809
56  44  0.00032795
57  44  0.00014639
58  44  0.00025050
59  44  0.00014320
60  44  0.00012259
61  44  0.00022747
62  44  0.00031647
63  44  0.00014348
0  45  0.00027890
1  45  0.00027006
2  45  0.00009692
3  45  0.00024415
4  45  0.00020116
5  45  0.00010454
6  45  0.00040469
7  45  0.00027092
8  45  0.00011788
9  45  0.00024961
10  45  0.00023156
11  45  0.00022375
12  45  0.00013947
13  45  0.00022422
14  45  0.00044115
15  45  0.00030982
16  45  0.00055752
17  45  0.00022842
18  45  0.00009819
19  45  0.00020037
20  45  0.00025413
21  45  0.00016910
22  45  0.00018280
23  45  0.00013411
24  45  0.00028688
25  45  0.00042755
26  45  0.00023729
27  45  0.00010956
28  45  0.00033290
29  45  0.00017589
30  45  0.00027060
31  45  0.00042615
32  45  0.00016534
33  45  0.00019824
34  45  0.00012658
35  45  0.00009431
36  45  0.00014983
37  45  0.00023830
38  45  0.00007034
39  45  0.00014978
40  45  0.00019127
41  45  0.00022744
42  45  0.00034584
43  45  0.00044773
44  45  0.00012014
45  45  0.00006369
46  45  0.00026862
47  45  0.00026456
48  45  0.00017216
49  45  0.00014982
50  45  0.00011812
51  45  0.00027958
52  45  0.00014653
53  45  0.00011094
54  45  0.00026381
55  45  0.00015726
56  45  0.00041105
57  45  0.00011995
58  45  0.00034392
59  45  0.00009746
60  45  0.00020505
61  45  0.00028618
62  45  0.00035532
63  45  0.00028277
0  46  0.00010746
1  46  0.00007015
2  46  0.00016653
3  46  0.00015296
4  46  0.00024747
5  46  0.00059625
6  46  0.00022367
7  46  0.00018002
8  46  0.00018962
9  46  0.00019864
10  46  0.00009894
11  46  0.00041855
12  46  0.00016013
13  46  0.00035529
14  46  0.00024986
15  46  0.00033769
16  46  0.00018469
17  46  0.00029704
18  46  0.00063332
19  46  0.00017823
20  46  0.00006285
21  46  0.00022948
22  46  0.00017938
23  46  0.00046793
24  46  0.00051574
25  46  0.00018598
26  46  0.00016123
27  46  0.00021276
28  46  0.00018959
29  46  0.00019515
30  46  0.00050959
31  46  0.00028472
32  46  0.00023937
33  46  0.00012088
34  46  0.00030006
35  46  0.00024943
36  46  0.00016982
37  46  0.00022424
38  46  0.00021392
39  46  0.00025243
40  46  0.00024680
41  46  0.00018228
42  46  0.00039751
43  46  0.00035258
44  46  0.00016767
45  46  0.00010126
46  46  0.00013616
47  46  0.00019729
48  46  0.00016586
49  46  0.00046633
50  46  0.00009213
51  46  0.00019996
52  46  0.00013917
53  46  0.00015977
54  46  0.00024841
55  46  0.00031325
56  46  0.00022985
57  46  0.00035641
58  46  0.00040963
59  46  0.00041905
60  46  0.00035822
61  46  0.00028418
62  46  0.00021638
63  46  0.00019315
0  47  0.00038137
1  47  0.00008422
2  47  0.00008328
3  47  0.00020915
4  47  0.00014832
5  47  0.00014130
6  47  0.00043279
7  47  0.00024184
8  47  0.00022784
9  47  0.00025553
10  47  0.00032053
11  47  0.00038010
12  47  0.00033533
13  47  0.00010162
14  47  0.00051991
15  47  0.00027389
16  47  0.00015073
17  47  0.00030951
18  47  0.00031919
19  47  0.00010042
20  47  0.00025702
21  47  0.00031936
22  47  0.00044659
23  47  0.00002742
24  47  0.00017992
25  47  0.00038019
26  47  0.00022410
27  47  0.00039816
28  47  0.00046371
29  47  0.00011561
30  47  0.00056401
31  47  0.00036351
32  47  0.00017040
33  47  0.00016671
34  47  0.00037359
35  47  0.00031313
36  47  0.00011173
37  47  0.00031414
38  47  0.00021412
39  47  0.00030586
40  47  0.00031623
41  47  0.00039581
42  47  0.00043977
43  47  0.00005995
44  47  0.00022137
45  47  0.00008469
46  47  0.00036080
47  47  0.00012752
48  47  0.00026088
49  47  0.00020486
50  47  0.00008331
51  47  0.00015550
52  47  0.00032669
53  47  0.00034714
54  47  0.00011609
55  47  0.00030123
56  47  0.00033849
57  47  0.00017936
58  47  0.00020197
59  47  0.00029249
60  47  0.00008495
61  47  0.00009937
62  47  0.00022021
63  47  0.00008328
0  48  0.00029960
1  48  0.00010176
2  48  0.00022688
3  48  0.00039872
4  48  0.00019857
5  48  0.00026666
6  48  0.00026059
7  48  0.00021462
8  48  0.00030539
9  48  0.00015377
10  48  0.00056462
11  48  0.00015009
12  48  0.00022650
13  48  0.00037786
14  48  0.00020122
15  48  0.00027401
16  48  0.00020056
17  48  0.00015728
18  48  0.00014350
19  48  0.00026822
20  48  0.00006920
21  48  0.00012795
22  48  0.00016173
23  48  0.00024370
24  48  0.00047715
25  48  0.00030631
26  48  0.00008263
27  48  0.00033127
28  48  0.00048154
29  48  0.00018697
30  48  0.00047367
31  48  0.00013699
32  48  0.00028350
33  48  0.00032424
34  48  0.00026538
35  48  0.00050248
36  48  0.00058370
37  48  0.00016155
38  48  0.00013280
39  48  0.00015063
40  48  0.00039110
41  48  0.00010672
42  48  0.00027644
43  48  0.00010327
44  48  0.00024464
45  48  0.00045500
46  48  0.00013638
47  48  0.00027094
48  48  0.00013795
49  48  0.00011988
50  48  0.00028878
51  48  0.00020141
52  48  0.00030144
53  48  0.00017819
54  48  0.00025693
55  48  0.00013448
56  48  0.00028886
57  48  0.00040014
58  48  0.00018952
59  48  0.00023461
60  48  0.00054961
61  48  0.00019231
62  48  0.00027417
63  48  0.00029226
0  49  0.00029794
1  49  0.00030199
2  49  0.00017334
3  49  0.00035936
4  49  0.00014851
5  49  0.00009231
6  49  0.00015967
7  49  0.00017278
8  49  0.00033496
9  49  0.00031205
10  49  0.00026758
11  49  0.00040598
12  49  0.00005587
13  49  0.00021564
14  49  0.00010266
15  49  0.00037855
16  49  0.00046522
17  49  0.00046898
18  49  0.00016274
19  49  0.00019528
20  49  0.00037816
21  49  0.00042079
22  49  0.00003827
23  49  0.00022030
24  49  0.00018197
25  49  0.00014652
26  49  0.00022283
27  49  0.00018566
28  49  0.00020203
29  49  0.00051375
30  49  0.00052312
31  49  0.00032870
32  49  0.00016681
33  49  0.00024019
34  49  0.00035567
35  49  0.00018213
36  49  0.00014732
37  49  0.00016407
38  49  0.00012934
39  49  0.00028225
40  49  0.00016829
41  49  0.00042398
42  49  0.00026590
43  49  0.00023183
44  49  0.00016054
45  49  0.00015720
46  49  0.00026533
47  49  0.00031488
48  49  0.00020556
49  49  0.00025779
50  49  0.00045828
51  49  0.00020045
52  49  0.00025430
53  49  0.00016214
54  49  0.00010743
55  49  0.00027364
56  49  0.00014329
57  49  0.00013773
58  49  0.00027778
59  49  0.00027146
60  49  0.00030039
61  49  0.00009738
62  49  0.00010358
63  49  0.00034597
0  50  0.00019991
1  50  0.00044369
2  50  0.00021805
3  50  0.00009814
4  50  0.00011666
5  50  0.00015078
6  50  0.00050158
7  50  0.00021886
8  50  0.00012509
9  50  0.00028330
10  50  0.00042906
11  50  0.00019573
12  50  0.00016751
13  50  0.00029232
14  50  0.00029167
15  50  0.00016280
16  50  0.00020711
17  50  0.00014917
18  50  0.00021658
19  50  0.00019613
20  50  0.00047574
21  50  0.00019944
22  50  0.00023758
23  50  0.00019189
24  50  0.00038499
25  50  0.00022800
26  50  0.00027396
27  50  0.00017778
28  50  0.00042889
29  50  0.00018482
30  50  0.00029470
31  50  0.00014006
32  50  0.00026328
33  50  0.00031799
34  50  0.00035269
35  50  0.00026246
36  50  0.00041148
37  50  0.00020166
38  50  0.00022627
39  50  0.00024066
40  50  0.00010203
41  50  0.00014918
42  50  0.00009763
43  50  0.00015548
44  50  0.00031914
45  50  0.00033205
46  50  0.00019767
47  50  0.00007475
48  50  0.00027018
49  50  0.00037261
50  50  0.00024834
51  50  0.00017484
52  50  0.00013967
53  50  0.00031973
54  50  0.00038316
55  50  0.00007869
56  50  0.00032614
57  50  0.00032413
58  50  0.00025225
59  50  0.00020545
60  50  0.00050592
61  50  0.00025341
62  50  0.00031682
63  50  0.00004940
0  51  0.00016428
1  51  0.00017334
2  51  0.00027550
3  51  0.00030331
4  51  0.00034298
5  51  0.00012698
6  51  0.00025536
7  51  0.00056740
8  51  0.00029469
9  51  0.00030056
10  51  0.00010162
11  51  0.00005860
12  51  0.00017803
13  51  0.00027268
14  51  0.00063784
15  51  0.00023543
16  51  0.00011544
17  51  0.00020207
18  51  0.00061956
19  51  0.00013202
20  51  0.00015205
21  51  0.00050337
22  51  0.00037950
23  51  0.00034007
24  51  0.00047548
25  51  0.00018803
26  51  0.00016601
27  51  0.00050033
28  51  0.00015265
29  51  0.00052440
30  51  0.00019741
31  51  0.00014001
32  51  0.00008888
33  51  0.00022684
34  51  0.00026325
35  51  0.00024122
36  51  0.00026248
37  51  0.00015303
38  51  0.00029746
39  51  0.00023838
40  51  0.00019247
41  51  0.00015209
42  51  0.00030258
43  51  0.00023493
44  51  0.00032891
45  51  0.00026049
46  51  0.00018445
47  51  0.00024895
48  51  0.00020105
49  51  0.00026406
50  51  0.00006753
51  51  0.00062307
52  51  0.00034308
53  51  0.00020696
54  51  0.00015031
55  51  0.00020103
56  51  0.00036381
57  51  0.00026398
58  51  0.00006543
59  51  0.00022290
60  51  0.00078913
61  51  0.00020147
62  51  0.00008849
63  51  0.00009408
0  52  0.00007914
1  52  0.00021272
2  52  0.00023424
3  52  0.00008093
4  52  0.00007113
5  52  0.00009606
6  52  0.00029095
7  52  0.00028318
8  52  0.00008461
9  52  0.00021255
10  52  0.00022334
11  52  0.00018039
12  52  0.00014306
13  52  0.00006780
14  52  0.00019683
15  52  0.00034850
16  52  0.00014521
17  52  0.00024144
18  52  0.00010777
19  52  0.00038521
20  52  0.00037450
21  52  0.00009883
22  52  0.00047964
23  52  0.00009731
24  52  0.00021649
25  52  0.00022549
26  52  0.00020191
27  52  0.00021073
28  52  0.00024278
29  52  0.00020255
30  52  0.00019466
31  52  0.00038119
32  52  0.00028641
33  52  0.00024763
34  52  0.00048179
35  52  0.00027950
36  52  0.00037136
37  52  0.00012785
38  52  0.00030899
39  52  0.00014543
40  52  0.00025534
41  52  0.00036525
42  52  0.00028868
43  52  0.00024805
44  52  0.00060170
45  52  0.00028724
46  52  0.00043220
47  52  0.00030679
48  52  0.00028092
49  52  0.00022506
50  52  0.00007585
51  52  0.00046930
52  52  0.00010434
53  52  0.00018344
54  52  0.00025303
55  52  0.00020279
56  52  0.00007817
57  52  0.00011909
58  52  0.00016330
59  52  0.00038175
60  52  0.00018338
61  52  0.00013210
62  52  0.00010567
63  52  0.00019541
0  53  0.00033425
1  53  0.00031354
2  53  0.00017792
3  53  0.00011674
4  53  0.00020449
5  53  0.00020914
6  53  0.00037101
7  53  0.00055873
8  53  0.00086727
9  53  0.00023014
10  53  0.00019377
11  53  0.00013359
12  53  0.00014148
13  53  0.00013769
14  53  0.00033993
15  53  0.00026150
16  53  0.00008984
17  53  0.00026130
18  53  0.00055348
19  53  0.00036902
20  53  0.00008929
21  53  0.00015348
22  53  0.00033074
23  53  0.00018398
24  53  0.00010839
25  53  0.00026039
26  53  0.00020408
27  53  0.00012772
28  53  0.00059978
29  53  0.00017748
30  53  0.00015048
31  53  0.00046611
32  53  0.00050870
33  53  0.00029256
34  53  0.00033521
35  53  0.00020620
36  53  0.00052055
37  53  0.00029005
38  53  0.00009787
39  53  0.00017719
40  53  0.00029687
41  53  0.00024971
42  53  0.00041199
43  53  0.00030985
44  53  0.00007241
45  53  0.00038303
46  53  0.00014674
47  53  0.00020510
48  53  0.00009836
49  53  0.00013138
50  53  0.00021229
51  53  0.00030214
52  53  0.00034858
53  53  0.00013211
54  53  0.00019765
55  53  0.00034435
56  53  0.00010477
57  53  0.00020722
58  53  0.00024491
59  53  0.00013656
60  53  0.00033505
61  53  0.00028791
62  53  0.00028715
63  53  0.00030809
0  54  0.00050818
1  54  0.00008656
2  54  0.00014636
3  54  0.00031251
4  54  0.00019470
5  54  0.00020935
6  54  0.00015788
7  54  0.00036432
8  54  0.00006923
9  54  0.00023335
10  54  0.00022899
11  54  0.00005801
12  54  0.00011649
13  54  0.00029449
14  54  0.00038796
15  54  0.00018087
16  54  0.00013030
17  54  0.00024834
18  54  0.00023786
19  54  0.00006489
20  54  0.00030607
21  54  0.00011941
22  54  0.00014719
23  54  0.00049354
24  54  0.00012870
25  54  0.00018034
26  54  0.00022729
27  54  0.00007873
28  54  0.00023936
29  54  0.00034863
30  54  0.00012541
31  54  0.00025299
32  54  0.00033347
33  54  0.00015961
34  54  0.00019801
35  54  0.00023200
36  54  0.00041323
37  54  0.00037577
38  54  0.00022715
39  54  0.00029899
40  54  0.00008984
41  54  0.00066583
42  54  0.00022507
43  54  0.00018804
44  54  0.00017211
45  54  0.00021778
46  54  0.00022204
47  54  0.00022593
48  54  0.00026929
49  54  0.00025220
50  54  0.00029775
51  54  0.00018439
52  54  0.00012074
53  54  0.00021516
54  54  0.00042175
55  54  0.00025422
56  54  0.00011847
57  54  0.00028122
58  54  0.00014126
59  54  0.00011110
60  54  0.00015008
61  54  0.00027731
62  54  0.00031483
63  54  0.00019994
0  55  0.00007331
1  55  0.00025096
2  55  0.00029625
3  55  0.00014934
4  55  0.00009986
5  55  0.00038790
6  55  0.00008463
7  55  0.00040788
8  55  0.00020917
9  55  0.00009561
10  55  0.00031049
11  55  0.00028542
12  55  0.00044821
13  55  0.00046143
14  55  0.00014021
15  55  0.00047853
16  55  0.00008967
17  55  0.00013316
18  55  0.00006404
19  55  0.00020007
20  55  0.00018051
21  55  0.00021184
22  55  0.00050266
23  55  0.00047209
24  55  0.00026829
25  55  0.00062115
26  55  0.00012364
27  55  0.00010583
28  55  0.00008617
29  55  0.00005535
30  55  0.00023965
31  55  0.00016916
32  55  0.00030660
33  55  0.00009122
34  55  0.00047162
35  55  0.00022751
36  55  0.00030813
37  55  0.00024074
38  55  0.00013569
39  55  0.00007581
40  55  0.00009943
41  55  0.00038946
42  55  0.00022562
43  55  0.00010965
44  55  0.00027875
45  55  0.00056326
46  55  0.00032414
47  55  0.00044178
48  55  0.00003071
49  55  0.00010978
50  55  0.00016905
51  55  0.00019033
52  55  0.00026244
53  55  0.00008805
54  55  0.00041840
55  55  0.00068199
56  55  0.00021896
57  55  0.00009421
58  55  0.00018243
59  55  0.00017731
60  55  0.00015293
61  55  0.00018292
62  55  0.00014252
63  55  0.00044525
0  56  0.00022724
1  56  0.00015467
2  56  0.00008776
3  56  0.00030320
4  56  0.00021862
5  56  0.00012824
6  56  0.00021376
7  56  0.00035196
8  56  0.00021400
9  56  0.00031407
10  56  0.00020075
11  56  0.00015390
12  56  0.00007970
13  56  0.00020354
14  56  0.00026798
15  56  0.00010693
16  56  0.00035077
17  56  0.00009802
18  56  0.00015205
19  56  0.00009021
20  56  0.00033965
21  56  0.00013990
22  56  0.00025451
23  56  0.00078379
24  56  0.00023552
25  56  0.00025755
26  56  0.00012396
27  56  0.00006086
28  56  0.00011334
29  56  0.00020087
30  56  0.00046367
31  56  0.00035200
32  56  0.00008486
33  56  0.00013439
34  56  0.00008201
35  56  0.00049820
36  56  0.00011514
37  56  0.00023190
38  56  0.00045948
39  56  0.00013473
40  56  0.00012151
41  56  0.00016412
42  56  0.00034110
43  56  0.00011211
44  56  0.00020365
45  56  0.00012976
46  56  0.00007057
47  56  0.00016906
48  56  0.00021072
49  56  0.00025644
50  56  0.00026820
51  56  0.00019834
52  56  0.00029490
53  56  0.00013525
54  56  0.00029722
55  56  0.00026199
56  56  0.00028224
57  56  0.00011588
58  56  0.00014799
59  56  0.00009165
60  56  0.00034530
61  56  0.00035405
62  56  0.00021547
63  56  0.00054250
0  57  0.00037634
1  57  0.00014107
2  57  0.00009958
3  57  0.00016973
4  57  0.00020964
5  57  0.00019285
6  57  0.00018044
7  57  0.00046518
8  57  0.00042327
9  57  0.00015583
10  57  0.00010800
11  57  0.00039103
12  57  0.00011928
13  57  0.00040150
14  57  0.00029785
15  57  0.00032637
16  57  0.00039020
17  57  0.00014755
18  57  0.00029189
19  57  0.00020248
20  57  0.00048465
21  57  0.00031140
22  57  0.00019423
23  57  0.00010044
24  57  0.00021785
25  57  0.00040834
26  57  0.00030470
27  57  0.00019615
28  57  0.00030038
29  57  0.00017799
30  57  0.00021654
31  57  0.00025492
32  57  0.00026343
33  57  0.00022446
34  57  0.00007450
35  57  0.00010638
36  57  0.00029074
37  57  0.00027648
38  57  0.00019229
39  57  0.00017327
40  57  0.00045366
41  57  0.00028432
42  57  0.00012142
43  57  0.00006845
44  57  0.00019135
45  57  0.00010704
46  57  0.00033565
47  57  0.00024624
48  57  0.00034786
49  57  0.00018798
50  57  0.00018683
51  57  0.00030129
52  57  0.00005507
53  57  0.00027912
54  57  0.00039729
55  57  0.00032741
56  57  0.00025770
57  57  0.00019631
58  57  0.00016094
59  57  0.00015752
60  57  0.00022989
61  57  0.00016844
62  57  0.00034481
63  57  0.00039645
0  58  0.00019945
1  58  0.00040901
2  58  0.00024946
3  58  0.00017028
4  58  0.00032559
5  58  0.00048634
6  58  0.00015422
7  58  0.00038998
8  58  0.00037335
9  58  0.00030373
10  58  0.00031633
11  58  0.00042361
12  58  0.00014314
13  58  0.00026582
14  58  0.00012102
15  58  0.00013165
16  58  0.00008968
17  58  0.00047928
18  58  0.00018836
19  58  0.00017019
20  58  0.00043991
21  58  0.00017946
22  58  0.00025206
23  58  0.00011533
24  58  0.00032346
25  58  0.00025651
26  58  0.00035375
27  58  0.00024214
28  58  0.00029798
29  58  0.00018409
30  58  0.00018159
31  58  0.00020492
32  58  0.00018012
33  58  0.00023319
34  58  0.00017702
35  58  0.00009218
36  58  0.00017855
37  58  0.00013200
38  58  0.00021746
39  58  0.00022821
40  58  0.00009818
41  58  0.00039833
42  58  0.00012190
43  58  0.00017743
44  58  0.00021856
45  58  0.00021941
46  58  0.00040786
47  58  0.00029103
48  58  0.00011823
49  58  0.00032149
50  58  0.00035125
51  58  0.00022524
52  58  0.00025424
53  58  0.00035659
54  58  0.00028783
55  58  0.00015916
56  58  0.00026928
57  58  0.00047682
58  58  0.00022430
59  58  0.00019833
60  58  0.00008083
61  58  0.00021172
62  58  0.00019202
63  58  0.00029379
0  59  0.00041401
1  59  0.00004088
2  59  0.00020037
3  59  0.00014185
4  59  0.00018730
5  59  0.00015314
6  59  0.00035950
7  59  0.00018030
8  59  0.00022840
9  59  0.00016985
10  59  0.00012961
11  59  0.00021318
12  59  0.00029965
13  59  0.00052754
14  59  0.00016995
15  59  0.00030247
16  59  0.00011686
17  59  0.00019255
18  59  0.00016608
19  59  0.00009160
20  59  0.00009924
21  59  0.00032820
22  59  0.00016248
23  59  0.00018522
24  59  0.00007996
25  59  0.00039586
26  59  0.00042776
27  59  0.00010060
28  59  0.00017828
29  59  0.00015990
30  59  0.00043136
31  59  0.00020962
32  59  0.00019598
33  59  0.00007694
34  59  0.00023029
35  59  0.00044838
36  59  0.00032310
37  59  0.00026032
38  59  0.00009413
39  59  0.00029544
40  59  0.00025306
41  59  0.00012658
42  59  0.00014358
43  59  0.00006371
44  59  0.00014978
45  59  0.00022607
46  59  0.00013923
47  59  0.00006316
48  59  0.00026487
49  59  0.00018318
50  59  0.00014206
51  59  0.00017777
52  59  0.00032146
53  59  0.00016223
54  59  0.00012544
55  59  0.00024951
56  59  0.00039277
57  59  0.00020878
58  59  0.00017294
59  59  0.00011740
60  59  0.00052441
61  59  0.00025110
62  59  0.00051003
63  59  0.00035421
0  60  0.00024205
1  60  0.00018811
2  60  0.00039617
3  60  0.00018820
4  60  0.00032681
5  60  0.00015520
6  60  0.00016054
7  60  0.00018760
8  60  0.00019183
9  60  0.00021815
10  60  0.00017269
11  60  0.00010775
12  60  0.00024464
13  60  0.00030805
14  60  0.00051883
15  60  0.00016797
16  60  0.00041769
17  60  0.00022924
18  60  0.00043851
19  60  0.00017594
20  60  0.00017081
21  60  0.00005262
22  60  0.00002562
23  60  0.00052668
24  60  0.00033434
25  60  0.00017892
26  60  0.00042476
27  60  0.00029563
28  60  0.00002690
29  60  0.00038146
30  60  0.00041150
31  60  0.00014726
32  60  0.00030060
33  60  0.00017646
34  60  0.00038570
35  60  0.00013880
36  60  0.00039923
37  60  0.00016881
38  60  0.00015968
39  60  0.00010904
40  60  0.00040936
41  60  0.00012173
42  60  0.00025561
43  60  0.00051727
44  60  0.00026622
45  60  0.00016706
46  60  0.00013048
47  60  0.00051319
48  60  0.00016334
49  60  0.00021750
50  60  0.00017687
51  60  0.00020118
52  60  0.00045607
53  60  0.00038923
54  60  0.00021499
55  60  0.00020057
56  60  0.00028151
57  60  0.00008626
58  60  0.00036805
59  60  0.00028222
60  60  0.00015520
61  60  0.00007291
62  60  0.00024283
63  60  0.00022133
0  61  0.00032606
1  61  0.00026055
2  61  0.00038853
3  61  0.00009934
4  61  0.00014663
5  61  0.00013700
6  61  0.00017440
7  61  0.00030574
8  61  0.00029224
9  61  0.00024493
10  61  0.00024247
11  61  0.00071378
12  61  0.00031042
13  61  0.00035882
14  61  0.00020572
15  61  0.00017707
16  61  0.00037437
17  61  0.00012365
18  61  0.00023543
19  61  0.00032690
20  61  0.00025185
21  61  0.00023252
22  61  0.00016594
23  61  0.00023583
24  61  0.00027548
25  61  0.00014504
26  61  0.00017497
27  61  0.00020961
28  61  0.00032998
29  61  0.00036169
30  61  0.00055332
31  61  0.00030785
32  61  0.00012782
33  61  0.00051579
34  61  0.00012374
35  61  0.00015187
36  61  0.00034115
37  61  0.00031284
38  61  0.00056512
39  61  0.00021186
40  61  0.00021530
41  61  0.00033109
42  61  0.00020526
43  61  0.00030477
44  61  0.00026334
45  61  0.00012475
46  61  0.00035917
47  61  0.00034869
48  61  0.00013048
49  61  0.00029571
50  61  0.00012739
51  61  0.00021524
52  61  0.00023993
53  61  0.00034446
54  61  0.00035572
55  61  0.00031538
56  61  0.00022287
57  61  0.00032417
58  61  0.00042553
59  61  0.00033139
60  61  0.00030526
61  61  0.00034668
62  61  0.00015848
63  61  0.00020132
0  62  0.00006614
1  62  0.00030180
2  62  0.00020873
3  62  0.00015842
4  62  0.00018263
5  62  0.00022684
6  62  0.00014157
7  62  0.00060613
8  62  0.00008956
9  62  0.00019384
10  62  0.00018662
11  62  0.00016331
12  62  0.00045225
13  62  0.00029665
14  62  0.00021261
15  62  0.00030609
16  62  0.00011965
17  62  0.00007746
18  62  0.00045992
19  62  0.00007301
20  62  0.00043071
21  62  0.00037971
22  62  0.00019266
23  62  0.00007940
24  62  0.00036194
25  62  0.00016959
26  62  0.00036499
27  62  0.00015774
28  62  0.00022921
29  62  0.00013849
30  62  0.00009416
31  62  0.00037199
32  62  0.00007175
33  62  0.00027069
34  62  0.00024923
35  62  0.00022284
36  62  0.00030112
37  62  0.00031810
38  62  0.00007306
39  62  0.00060310
40  62  0.00013705
41  62  0.00007073
42  62  0.00019280
43  62  0.00011145
44  62  0.00024732
45  62  0.00026343
46  62  0.00042783
47  62  0.00018935
48  62  0.00022020
49  62  0.00023750
50  62  0.00030919
51  62  0.00037823
52  62  0.00035483
53  62  0.00038563
54  62  0.00021831
55  62  0.00021616
56  62  0.00024572
57  62  0.00016038
58  62  0.00018550
59  62  0.00039354
60  62  0.00057336
61  62  0.00038382
62  62  0.00033976
63  62  0.00025647
0  63  0.00007005
1  63  0.00024822
2  63  0.00036399
3  63  0.00032442
4  63  0.00034403
5  63  0.00019163
6  63  0.00011180
7  63  0.00022825
8  63  0.00023493
9  63  0.00030734
10  63  0.00016471
11  63  0.00023249
12  63  0.00024304
13  63  0.00027756
14  63  0.00020524
15  63  0.00027013
16  63  0.00024437
17  63  0.00006805
18  63  0.00005120
19  63  0.00022805
20  63  0.00030216
21  63  0.00025655
22  63  0.00014695
23  63  0.00016984
24  63  0.00034284
25  63  0.00032857
26  63  0.00041662
27  63  0.00044413
28  63  0.00049535
29  63  0.00011182
30  63  0.00030517
31  63  0.00025435
32  63  0.00026076
33  63  0.00032458
34  63  0.00020918
35  63  0.00014581
36  63  0.00009690
37  63  0.00027486
38  63  0.00019627
39  63  0.00007635
40  63  0.00010281
41  63  0.00034342
42  63  0.00020233
43  63  0.00027347
44  63  0.00031072
45  63  0.00025910
46  63  0.00026973
47  63  0.00014404
48  63  0.00009780
49  63  0.00014734
50  63  0.00009537
51  63  0.00046865
52  63  0.00024354
53  63  0.00034605
54  63  0.00025290
55  63  0.00034612
56  63  0.00005606
57  63  0.00017553
58  63  0.00024320
59  63  0.00018649
60  63  0.00008629
61  63  0.00043202
62  63  0.00033229
63  63  0.00008229
