# Mass field m(x,y) = Delta * R(x,y) at t = 20 seconds
# Grid: 64 x 64
# Columns: x  y  mass
0  0  2.498932
1  0  2.498990
2  0  2.499327
3  0  2.498665
4  0  2.498583
5  0  2.498484
6  0  2.499257
7  0  2.498883
8  0  2.498872
9  0  2.499205
10  0  2.499077
11  0  2.497798
12  0  2.497351
13  0  2.498058
14  0  2.498534
15  0  2.498772
16  0  2.499070
17  0  2.498703
18  0  2.498754
19  0  2.498621
20  0  2.498970
21  0  2.498341
22  0  2.497894
23  0  2.496179
24  0  2.496978
25  0  2.497540
26  0  2.499105
27  0  2.498751
28  0  2.499191
29  0  2.498586
30  0  2.499432
31  0  2.498887
32  0  2.497893
33  0  2.498121
34  0  2.497655
35  0  2.498632
36  0  2.499469
37  0  2.499190
38  0  2.498685
39  0  2.499194
40  0  2.499143
41  0  2.498543
42  0  2.498569
43  0  2.498968
44  0  2.498516
45  0  2.498697
46  0  2.498857
47  0  2.499019
48  0  2.499091
49  0  2.499294
50  0  2.499248
51  0  2.499295
52  0  2.499365
53  0  2.498836
54  0  2.498487
55  0  2.498499
56  0  2.497625
57  0  2.498381
58  0  2.498090
59  0  2.497867
60  0  2.497647
61  0  2.498521
62  0  2.498876
63  0  2.498675
0  1  2.499058
1  1  2.499220
2  1  2.499177
3  1  2.499247
4  1  2.499388
5  1  2.499199
6  1  2.499143
7  1  2.498970
8  1  2.498831
9  1  2.499012
10  1  2.498766
11  1  2.498175
12  1  2.497789
13  1  2.498389
14  1  2.498896
15  1  2.497879
16  1  2.498053
17  1  2.497499
18  1  2.497816
19  1  2.497914
20  1  2.498837
21  1  2.498240
22  1  2.497741
23  1  2.496974
24  1  2.497795
25  1  2.498281
26  1  2.499270
27  1  2.498943
28  1  2.499425
29  1  2.498873
30  1  2.498780
31  1  2.498796
32  1  2.498495
33  1  2.497643
34  1  2.497419
35  1  2.497918
36  1  2.498578
37  1  2.499445
38  1  2.498744
39  1  2.498911
40  1  2.498944
41  1  2.498591
42  1  2.498535
43  1  2.497738
44  1  2.497165
45  1  2.497871
46  1  2.499060
47  1  2.499502
48  1  2.499478
49  1  2.498087
50  1  2.498028
51  1  2.498101
52  1  2.499122
53  1  2.499153
54  1  2.498888
55  1  2.498771
56  1  2.498756
57  1  2.498808
58  1  2.498789
59  1  2.499050
60  1  2.498751
61  1  2.498472
62  1  2.499116
63  1  2.499193
0  2  2.499327
1  2  2.499137
2  2  2.499307
3  2  2.499457
4  2  2.499456
5  2  2.499360
6  2  2.499400
7  2  2.499093
8  2  2.499217
9  2  2.499087
10  2  2.499333
11  2  2.498482
12  2  2.498181
13  2  2.498554
14  2  2.499067
15  2  2.498036
16  2  2.498724
17  2  2.499216
18  2  2.498617
19  2  2.497757
20  2  2.497925
21  2  2.498312
22  2  2.499382
23  2  2.499048
24  2  2.499043
25  2  2.498949
26  2  2.499618
27  2  2.499076
28  2  2.498773
29  2  2.498574
30  2  2.498777
31  2  2.498749
32  2  2.498938
33  2  2.497312
34  2  2.497689
35  2  2.497796
36  2  2.497792
37  2  2.498237
38  2  2.497797
39  2  2.498091
40  2  2.498897
41  2  2.499352
42  2  2.499290
43  2  2.498284
44  2  2.498055
45  2  2.498374
46  2  2.499390
47  2  2.499173
48  2  2.499167
49  2  2.497983
50  2  2.497849
51  2  2.497876
52  2  2.497625
53  2  2.498647
54  2  2.498541
55  2  2.498438
56  2  2.498305
57  2  2.497449
58  2  2.498677
59  2  2.498837
60  2  2.499365
61  2  2.498235
62  2  2.499189
63  2  2.499323
0  3  2.498935
1  3  2.498642
2  3  2.498811
3  3  2.499671
4  3  2.499732
5  3  2.499547
6  3  2.499498
7  3  2.499266
8  3  2.499425
9  3  2.499179
10  3  2.499631
11  3  2.499348
12  3  2.499020
13  3  2.499007
14  3  2.498840
15  3  2.498175
16  3  2.499358
17  3  2.499255
18  3  2.498991
19  3  2.498067
20  3  2.497979
21  3  2.498622
22  3  2.499707
23  3  2.498913
24  3  2.499051
25  3  2.498962
26  3  2.499015
27  3  2.498462
28  3  2.498139
29  3  2.498589
30  3  2.498893
31  3  2.498672
32  3  2.498877
33  3  2.497209
34  3  2.497350
35  3  2.497353
36  3  2.498190
37  3  2.497548
38  3  2.497457
39  3  2.497692
40  3  2.498927
41  3  2.498951
42  3  2.499352
43  3  2.498863
44  3  2.498600
45  3  2.498590
46  3  2.499113
47  3  2.498985
48  3  2.498633
49  3  2.497444
50  3  2.496426
51  3  2.496536
52  3  2.496033
53  3  2.498308
54  3  2.498458
55  3  2.499226
56  3  2.499086
57  3  2.498181
58  3  2.499038
59  3  2.498891
60  3  2.499308
61  3  2.498681
62  3  2.499167
63  3  2.498974
0  4  2.499270
1  4  2.498939
2  4  2.499008
3  4  2.499712
4  4  2.499837
5  4  2.499655
6  4  2.498898
7  4  2.498466
8  4  2.498533
9  4  2.499439
10  4  2.499574
11  4  2.499604
12  4  2.499325
13  4  2.499235
14  4  2.498344
15  4  2.498218
16  4  2.498455
17  4  2.498378
18  4  2.498507
19  4  2.498474
20  4  2.498706
21  4  2.498944
22  4  2.499562
23  4  2.498941
24  4  2.498955
25  4  2.498777
26  4  2.498829
27  4  2.498458
28  4  2.496938
29  4  2.497804
30  4  2.498859
31  4  2.499048
32  4  2.498916
33  4  2.497399
34  4  2.497661
35  4  2.497315
36  4  2.497717
37  4  2.497379
38  4  2.498159
39  4  2.498264
40  4  2.499222
41  4  2.498969
42  4  2.499382
43  4  2.499356
44  4  2.498949
45  4  2.498931
46  4  2.499418
47  4  2.499414
48  4  2.498899
49  4  2.498748
50  4  2.497781
51  4  2.497415
52  4  2.495943
53  4  2.497567
54  4  2.497860
55  4  2.499772
56  4  2.499740
57  4  2.499039
58  4  2.499111
59  4  2.498936
60  4  2.499062
61  4  2.499092
62  4  2.499295
63  4  2.499451
0  5  2.499271
1  5  2.498452
2  5  2.498637
3  5  2.499463
4  5  2.499296
5  5  2.499274
6  5  2.498309
7  5  2.498423
8  5  2.498288
9  5  2.499077
10  5  2.499069
11  5  2.499085
12  5  2.498900
13  5  2.498894
14  5  2.497874
15  5  2.498817
16  5  2.497937
17  5  2.498130
18  5  2.499225
19  5  2.499286
20  5  2.499466
21  5  2.498843
22  5  2.498911
23  5  2.498806
24  5  2.499140
25  5  2.499148
26  5  2.499287
27  5  2.498970
28  5  2.497227
29  5  2.497034
30  5  2.498074
31  5  2.498274
32  5  2.498617
33  5  2.496689
34  5  2.495731
35  5  2.494725
36  5  2.496421
37  5  2.497427
38  5  2.499425
39  5  2.499255
40  5  2.499353
41  5  2.498922
42  5  2.499299
43  5  2.499424
44  5  2.499352
45  5  2.499208
46  5  2.499547
47  5  2.499752
48  5  2.499181
49  5  2.499174
50  5  2.497699
51  5  2.497296
52  5  2.497315
53  5  2.498121
54  5  2.497780
55  5  2.499080
56  5  2.499011
57  5  2.499070
58  5  2.499215
59  5  2.499247
60  5  2.499226
61  5  2.499322
62  5  2.499005
63  5  2.499334
0  6  2.499561
1  6  2.498975
2  6  2.498230
3  6  2.497911
4  6  2.497881
5  6  2.498635
6  6  2.497399
7  6  2.496816
8  6  2.496720
9  6  2.498268
10  6  2.498988
11  6  2.499022
12  6  2.498427
13  6  2.498252
14  6  2.496764
15  6  2.498951
16  6  2.497372
17  6  2.497395
18  6  2.499574
19  6  2.499461
20  6  2.498781
21  6  2.498649
22  6  2.499277
23  6  2.499399
24  6  2.498509
25  6  2.498605
26  6  2.498514
27  6  2.499353
28  6  2.497729
29  6  2.497184
30  6  2.498772
31  6  2.497817
32  6  2.497726
33  6  2.496797
34  6  2.495697
35  6  2.495222
36  6  2.495511
37  6  2.497467
38  6  2.499231
39  6  2.498832
40  6  2.498389
41  6  2.497920
42  6  2.498724
43  6  2.499124
44  6  2.499490
45  6  2.499429
46  6  2.499500
47  6  2.499780
48  6  2.499795
49  6  2.499616
50  6  2.498977
51  6  2.498450
52  6  2.497953
53  6  2.498279
54  6  2.498177
55  6  2.498562
56  6  2.498621
57  6  2.498512
58  6  2.498669
59  6  2.498571
60  6  2.498598
61  6  2.498960
62  6  2.498878
63  6  2.499713
0  7  2.499411
1  7  2.498360
2  7  2.496688
3  7  2.495550
4  7  2.496187
5  7  2.498036
6  7  2.497809
7  7  2.497301
8  7  2.496873
9  7  2.498053
10  7  2.498755
11  7  2.498992
12  7  2.498651
13  7  2.498536
14  7  2.496980
15  7  2.499176
16  7  2.497700
17  7  2.498254
18  7  2.499675
19  7  2.499633
20  7  2.498343
21  7  2.498709
22  7  2.498395
23  7  2.498875
24  7  2.498216
25  7  2.498669
26  7  2.498602
27  7  2.499404
28  7  2.499039
29  7  2.497448
30  7  2.498806
31  7  2.497555
32  7  2.497693
33  7  2.497264
34  7  2.497232
35  7  2.496335
36  7  2.495707
37  7  2.497682
38  7  2.499209
39  7  2.498478
40  7  2.498060
41  7  2.497697
42  7  2.498858
43  7  2.499169
44  7  2.499469
45  7  2.499147
46  7  2.499091
47  7  2.499129
48  7  2.498737
49  7  2.499132
50  7  2.498399
51  7  2.498353
52  7  2.498341
53  7  2.498675
54  7  2.499130
55  7  2.498747
56  7  2.498626
57  7  2.498738
58  7  2.498843
59  7  2.498646
60  7  2.498606
61  7  2.498948
62  7  2.498559
63  7  2.499368
0  8  2.499360
1  8  2.499027
2  8  2.497150
3  8  2.495980
4  8  2.496013
5  8  2.498462
6  8  2.498681
7  8  2.498008
8  8  2.497647
9  8  2.498489
10  8  2.499149
11  8  2.499513
12  8  2.499207
13  8  2.499008
14  8  2.496895
15  8  2.497521
16  8  2.496743
17  8  2.498007
18  8  2.499555
19  8  2.499712
20  8  2.498241
21  8  2.497916
22  8  2.496624
23  8  2.498164
24  8  2.496743
25  8  2.497130
26  8  2.497102
27  8  2.498594
28  8  2.498725
29  8  2.497929
30  8  2.498016
31  8  2.497475
32  8  2.496308
33  8  2.497522
34  8  2.497821
35  8  2.499063
36  8  2.498306
37  8  2.498889
38  8  2.498740
39  8  2.498162
40  8  2.497672
41  8  2.497667
42  8  2.498615
43  8  2.498982
44  8  2.499243
45  8  2.498899
46  8  2.498371
47  8  2.498418
48  8  2.497744
49  8  2.499216
50  8  2.498425
51  8  2.498759
52  8  2.498714
53  8  2.498979
54  8  2.498913
55  8  2.498632
56  8  2.498695
57  8  2.498258
58  8  2.498178
59  8  2.498445
60  8  2.499434
61  8  2.499285
62  8  2.499094
63  8  2.499407
0  9  2.499090
1  9  2.498351
2  9  2.496797
3  9  2.496789
4  9  2.497473
5  9  2.499086
6  9  2.499218
7  9  2.499318
8  9  2.498880
9  9  2.499029
10  9  2.499114
11  9  2.498997
12  9  2.499196
13  9  2.499344
14  9  2.497885
15  9  2.497570
16  9  2.497712
17  9  2.498420
18  9  2.499107
19  9  2.498963
20  9  2.497864
21  9  2.497486
22  9  2.497240
23  9  2.498949
24  9  2.499307
25  9  2.499108
26  9  2.498532
27  9  2.497447
28  9  2.498131
29  9  2.499072
30  9  2.498465
31  9  2.497723
32  9  2.497467
33  9  2.497569
34  9  2.498150
35  9  2.498874
36  9  2.498923
37  9  2.499220
38  9  2.499333
39  9  2.499012
40  9  2.499141
41  9  2.498832
42  9  2.498668
43  9  2.499058
44  9  2.498440
45  9  2.498118
46  9  2.497449
47  9  2.498444
48  9  2.497287
49  9  2.498430
50  9  2.497615
51  9  2.498190
52  9  2.498259
53  9  2.499074
54  9  2.498855
55  9  2.499207
56  9  2.499184
57  9  2.498906
58  9  2.498639
59  9  2.498972
60  9  2.499583
61  9  2.499246
62  9  2.498718
63  9  2.498883
0  10  2.498820
1  10  2.498294
2  10  2.498281
3  10  2.498556
4  10  2.499440
5  10  2.499801
6  10  2.499752
7  10  2.499629
8  10  2.499495
9  10  2.499197
10  10  2.499226
11  10  2.498886
12  10  2.498883
13  10  2.499275
14  10  2.498484
15  10  2.498214
16  10  2.498858
17  10  2.498482
18  10  2.499128
19  10  2.498776
20  10  2.498560
21  10  2.499193
22  10  2.499232
23  10  2.499113
24  10  2.499004
25  10  2.498970
26  10  2.498120
27  10  2.496646
28  10  2.496536
29  10  2.498841
30  10  2.498706
31  10  2.498033
32  10  2.498753
33  10  2.498323
34  10  2.498781
35  10  2.499182
36  10  2.499154
37  10  2.499352
38  10  2.499505
39  10  2.499582
40  10  2.499744
41  10  2.499039
42  10  2.498200
43  10  2.498720
44  10  2.498109
45  10  2.498544
46  10  2.497464
47  10  2.498693
48  10  2.498867
49  10  2.498269
50  10  2.498251
51  10  2.498876
52  10  2.499044
53  10  2.499039
54  10  2.498791
55  10  2.499452
56  10  2.499398
57  10  2.498662
58  10  2.498177
59  10  2.498638
60  10  2.498519
61  10  2.498197
62  10  2.497416
63  10  2.498241
0  11  2.498822
1  11  2.498858
2  11  2.498628
3  11  2.498245
4  11  2.498644
5  11  2.499928
6  11  2.499759
7  11  2.499664
8  11  2.498801
9  11  2.498525
10  11  2.498250
11  11  2.498725
12  11  2.498759
13  11  2.499147
14  11  2.498892
15  11  2.498613
16  11  2.498996
17  11  2.498561
18  11  2.498765
19  11  2.498698
20  11  2.498597
21  11  2.498802
22  11  2.498535
23  11  2.498716
24  11  2.498415
25  11  2.498074
26  11  2.496663
27  11  2.496287
28  11  2.497254
29  11  2.499025
30  11  2.498667
31  11  2.498295
32  11  2.498664
33  11  2.498629
34  11  2.498826
35  11  2.499024
36  11  2.499250
37  11  2.499764
38  11  2.499862
39  11  2.499846
40  11  2.499724
41  11  2.499173
42  11  2.498950
43  11  2.499300
44  11  2.498417
45  11  2.499233
46  11  2.498523
47  11  2.498610
48  11  2.498170
49  11  2.497608
50  11  2.497889
51  11  2.498011
52  11  2.497911
53  11  2.498092
54  11  2.498196
55  11  2.499763
56  11  2.499609
57  11  2.499248
58  11  2.498925
59  11  2.498820
60  11  2.498510
61  11  2.498862
62  11  2.498199
63  11  2.498641
0  12  2.498446
1  12  2.498488
2  12  2.499341
3  12  2.498604
4  12  2.498430
5  12  2.499836
6  12  2.499769
7  12  2.499718
8  12  2.498536
9  12  2.499113
10  12  2.499243
11  12  2.499302
12  12  2.498823
13  12  2.498865
14  12  2.498624
15  12  2.498927
16  12  2.498226
17  12  2.497795
18  12  2.497823
19  12  2.499260
20  12  2.499144
21  12  2.498708
22  12  2.498517
23  12  2.498700
24  12  2.498411
25  12  2.498389
26  12  2.496619
27  12  2.496674
28  12  2.496757
29  12  2.497251
30  12  2.497392
31  12  2.497600
32  12  2.498809
33  12  2.498660
34  12  2.499069
35  12  2.499364
36  12  2.499224
37  12  2.499514
38  12  2.498604
39  12  2.498579
40  12  2.498440
41  12  2.499396
42  12  2.499091
43  12  2.498994
44  12  2.498450
45  12  2.499430
46  12  2.499030
47  12  2.498903
48  12  2.498650
49  12  2.498656
50  12  2.498595
51  12  2.498287
52  12  2.498165
53  12  2.498081
54  12  2.498227
55  12  2.499155
56  12  2.499094
57  12  2.499265
58  12  2.498857
59  12  2.499084
60  12  2.499290
61  12  2.499124
62  12  2.498619
63  12  2.498844
0  13  2.498768
1  13  2.498365
2  13  2.498870
3  13  2.498581
4  13  2.498382
5  13  2.499176
6  13  2.499500
7  13  2.499231
8  13  2.497500
9  13  2.497804
10  13  2.498997
11  13  2.499169
12  13  2.498756
13  13  2.498166
14  13  2.495965
15  13  2.497369
16  13  2.496288
17  13  2.498143
18  13  2.496348
19  13  2.498330
20  13  2.498542
21  13  2.498927
22  13  2.497850
23  13  2.498646
24  13  2.498665
25  13  2.498974
26  13  2.498938
27  13  2.499612
28  13  2.499134
29  13  2.498509
30  13  2.498466
31  13  2.498344
32  13  2.499038
33  13  2.498847
34  13  2.499187
35  13  2.499520
36  13  2.499306
37  13  2.499452
38  13  2.498284
39  13  2.497392
40  13  2.497071
41  13  2.498341
42  13  2.498623
43  13  2.499013
44  13  2.498939
45  13  2.499266
46  13  2.499133
47  13  2.499177
48  13  2.499653
49  13  2.499669
50  13  2.498792
51  13  2.498177
52  13  2.498308
53  13  2.497969
54  13  2.498366
55  13  2.499082
56  13  2.498555
57  13  2.498278
58  13  2.498094
59  13  2.498806
60  13  2.498988
61  13  2.499202
62  13  2.499605
63  13  2.499084
0  14  2.498425
1  14  2.497991
2  14  2.499130
3  14  2.499203
4  14  2.499221
5  14  2.498577
6  14  2.498400
7  14  2.498282
8  14  2.498380
9  14  2.497853
10  14  2.497902
11  14  2.497192
12  14  2.497844
13  14  2.497959
14  14  2.496329
15  14  2.497891
16  14  2.496596
17  14  2.498023
18  14  2.496716
19  14  2.498474
20  14  2.498227
21  14  2.499081
22  14  2.499362
23  14  2.498902
24  14  2.498341
25  14  2.498422
26  14  2.499237
27  14  2.499651
28  14  2.499095
29  14  2.498940
30  14  2.498336
31  14  2.497822
32  14  2.497823
33  14  2.497972
34  14  2.499123
35  14  2.499488
36  14  2.499222
37  14  2.499230
38  14  2.497879
39  14  2.497182
40  14  2.497182
41  14  2.498680
42  14  2.498225
43  14  2.498320
44  14  2.498822
45  14  2.499665
46  14  2.499637
47  14  2.499365
48  14  2.499104
49  14  2.498735
50  14  2.498684
51  14  2.497880
52  14  2.499008
53  14  2.498451
54  14  2.498202
55  14  2.498278
56  14  2.497852
57  14  2.497792
58  14  2.497370
59  14  2.498366
60  14  2.498761
61  14  2.499152
62  14  2.499487
63  14  2.499024
0  15  2.498622
1  15  2.498412
2  15  2.499524
3  15  2.499651
4  15  2.499640
5  15  2.498279
6  15  2.498024
7  15  2.498088
8  15  2.498440
9  15  2.498116
10  15  2.497561
11  15  2.496915
12  15  2.497122
13  15  2.498705
14  15  2.496677
15  15  2.496925
16  15  2.497005
17  15  2.499201
18  15  2.498655
19  15  2.498719
20  15  2.498565
21  15  2.499407
22  15  2.499066
23  15  2.498951
24  15  2.498204
25  15  2.498366
26  15  2.499023
27  15  2.499517
28  15  2.499057
29  15  2.499272
30  15  2.498814
31  15  2.499115
32  15  2.498519
33  15  2.498883
34  15  2.498982
35  15  2.499441
36  15  2.499548
37  15  2.499475
38  15  2.499117
39  15  2.499359
40  15  2.499547
41  15  2.499606
42  15  2.499532
43  15  2.499347
44  15  2.499327
45  15  2.499294
46  15  2.499652
47  15  2.499287
48  15  2.498912
49  15  2.498185
50  15  2.498671
51  15  2.497143
52  15  2.498430
53  15  2.497992
54  15  2.498706
55  15  2.498614
56  15  2.498252
57  15  2.496946
58  15  2.496199
59  15  2.495681
60  15  2.496461
61  15  2.497051
62  15  2.498879
63  15  2.499097
0  16  2.498615
1  16  2.498309
2  16  2.498317
3  16  2.499364
4  16  2.499040
5  16  2.497934
6  16  2.498503
7  16  2.499296
8  16  2.498580
9  16  2.498014
10  16  2.497895
11  16  2.496026
12  16  2.496783
13  16  2.498449
14  16  2.498982
15  16  2.498503
16  16  2.498445
17  16  2.498393
18  16  2.498922
19  16  2.498916
20  16  2.499312
21  16  2.498814
22  16  2.497918
23  16  2.498408
24  16  2.497368
25  16  2.499030
26  16  2.499605
27  16  2.499672
28  16  2.499273
29  16  2.499558
30  16  2.498721
31  16  2.498924
32  16  2.498644
33  16  2.499096
34  16  2.498961
35  16  2.499514
36  16  2.499454
37  16  2.499522
38  16  2.499176
39  16  2.498987
40  16  2.498828
41  16  2.499085
42  16  2.499692
43  16  2.499277
44  16  2.499017
45  16  2.498080
46  16  2.498793
47  16  2.499119
48  16  2.498508
49  16  2.497629
50  16  2.498703
51  16  2.497227
52  16  2.498179
53  16  2.498393
54  16  2.498868
55  16  2.498605
56  16  2.499395
57  16  2.499446
58  16  2.498664
59  16  2.497282
60  16  2.497041
61  16  2.497381
62  16  2.499146
63  16  2.499686
0  17  2.498628
1  17  2.498293
2  17  2.498346
3  17  2.498514
4  17  2.498445
5  17  2.498419
6  17  2.498935
7  17  2.499016
8  17  2.497839
9  17  2.498182
10  17  2.496480
11  17  2.495899
12  17  2.496266
13  17  2.498608
14  17  2.498950
15  17  2.498457
16  17  2.498240
17  17  2.498445
18  17  2.498770
19  17  2.498668
20  17  2.499106
21  17  2.498843
22  17  2.497823
23  17  2.499336
24  17  2.498003
25  17  2.499007
26  17  2.499584
27  17  2.499596
28  17  2.499673
29  17  2.499229
30  17  2.498917
31  17  2.498798
32  17  2.499150
33  17  2.499144
34  17  2.499153
35  17  2.499447
36  17  2.499262
37  17  2.499311
38  17  2.498555
39  17  2.498286
40  17  2.498260
41  17  2.498852
42  17  2.499648
43  17  2.499023
44  17  2.498783
45  17  2.496957
46  17  2.497371
47  17  2.498803
48  17  2.498356
49  17  2.498855
50  17  2.498718
51  17  2.498084
52  17  2.498271
53  17  2.498438
54  17  2.499198
55  17  2.499462
56  17  2.499577
57  17  2.499644
58  17  2.497810
59  17  2.496119
60  17  2.495697
61  17  2.496798
62  17  2.498801
63  17  2.499686
0  18  2.498896
1  18  2.499058
2  18  2.498082
3  18  2.498163
4  18  2.497905
5  18  2.499017
6  18  2.499155
7  18  2.499150
8  18  2.497817
9  18  2.498470
10  18  2.497847
11  18  2.498727
12  18  2.499220
13  18  2.499398
14  18  2.499115
15  18  2.499014
16  18  2.499001
17  18  2.498737
18  18  2.498924
19  18  2.498881
20  18  2.498905
21  18  2.498969
22  18  2.498076
23  18  2.499157
24  18  2.498116
25  18  2.498421
26  18  2.498546
27  18  2.498646
28  18  2.498738
29  18  2.498270
30  18  2.498816
31  18  2.498713
32  18  2.499240
33  18  2.498569
34  18  2.498704
35  18  2.498895
36  18  2.498992
37  18  2.499002
38  18  2.498148
39  18  2.496852
40  18  2.497442
41  18  2.498061
42  18  2.499650
43  18  2.498974
44  18  2.498288
45  18  2.496946
46  18  2.496858
47  18  2.497601
48  18  2.498691
49  18  2.499248
50  18  2.498657
51  18  2.498592
52  18  2.498642
53  18  2.498885
54  18  2.498679
55  18  2.499802
56  18  2.499839
57  18  2.499393
58  18  2.498276
59  18  2.498019
60  18  2.498156
61  18  2.498574
62  18  2.498767
63  18  2.499254
0  19  2.499345
1  19  2.499341
2  19  2.497858
3  19  2.497910
4  19  2.497792
5  19  2.498872
6  19  2.498334
7  19  2.498328
8  19  2.497572
9  19  2.498599
10  19  2.497936
11  19  2.498934
12  19  2.499199
13  19  2.499423
14  19  2.499020
15  19  2.499037
16  19  2.499094
17  19  2.498789
18  19  2.498947
19  19  2.498921
20  19  2.498917
21  19  2.499764
22  19  2.499362
23  19  2.499623
24  19  2.499247
25  19  2.498856
26  19  2.498721
27  19  2.497888
28  19  2.498500
29  19  2.498366
30  19  2.499110
31  19  2.498433
32  19  2.498080
33  19  2.496961
34  19  2.497793
35  19  2.498505
36  19  2.498700
37  19  2.497598
38  19  2.497687
39  19  2.497371
40  19  2.498791
41  19  2.498719
42  19  2.499395
43  19  2.498209
44  19  2.497849
45  19  2.496981
46  19  2.497558
47  19  2.496714
48  19  2.498585
49  19  2.499559
50  19  2.498901
51  19  2.498467
52  19  2.497623
53  19  2.498200
54  19  2.498164
55  19  2.499274
56  19  2.499596
57  19  2.499412
58  19  2.498487
59  19  2.498414
60  19  2.498223
61  19  2.498658
62  19  2.498805
63  19  2.499534
0  20  2.498741
1  20  2.499365
2  20  2.498061
3  20  2.498513
4  20  2.498293
5  20  2.499064
6  20  2.498391
7  20  2.498553
8  20  2.498119
9  20  2.499135
10  20  2.498861
11  20  2.499171
12  20  2.498968
13  20  2.499231
14  20  2.499340
15  20  2.499382
16  20  2.498989
17  20  2.498611
18  20  2.499110
19  20  2.499014
20  20  2.498580
21  20  2.498783
22  20  2.497831
23  20  2.498646
24  20  2.498678
25  20  2.498632
26  20  2.498617
27  20  2.497608
28  20  2.497432
29  20  2.497662
30  20  2.498885
31  20  2.498770
32  20  2.498302
33  20  2.497102
34  20  2.497694
35  20  2.498301
36  20  2.498439
37  20  2.496932
38  20  2.496653
39  20  2.497325
40  20  2.498083
41  20  2.497423
42  20  2.498625
43  20  2.497909
44  20  2.498372
45  20  2.497603
46  20  2.498682
47  20  2.497705
48  20  2.498209
49  20  2.498527
50  20  2.498206
51  20  2.499214
52  20  2.498042
53  20  2.497984
54  20  2.497863
55  20  2.499020
56  20  2.499649
57  20  2.499371
58  20  2.499072
59  20  2.498143
60  20  2.498436
61  20  2.498385
62  20  2.498959
63  20  2.499063
0  21  2.498556
1  21  2.499064
2  21  2.498911
3  21  2.498993
4  21  2.499168
5  21  2.498803
6  21  2.498197
7  21  2.498480
8  21  2.498641
9  21  2.499470
10  21  2.499458
11  21  2.499725
12  21  2.498984
13  21  2.499168
14  21  2.499713
15  21  2.499537
16  21  2.499276
17  21  2.498951
18  21  2.499345
19  21  2.498706
20  21  2.498386
21  21  2.498208
22  21  2.497602
23  21  2.497805
24  21  2.498250
25  21  2.498219
26  21  2.498986
27  21  2.498632
28  21  2.498304
29  21  2.498484
30  21  2.498672
31  21  2.498485
32  21  2.495970
33  21  2.495942
34  21  2.497364
35  21  2.498471
36  21  2.498436
37  21  2.496433
38  21  2.496961
39  21  2.498510
40  21  2.498537
41  21  2.497050
42  21  2.497972
43  21  2.497771
44  21  2.498828
45  21  2.497537
46  21  2.497912
47  21  2.497926
48  21  2.497817
49  21  2.498444
50  21  2.498271
51  21  2.499210
52  21  2.499088
53  21  2.499124
54  21  2.498664
55  21  2.498744
56  21  2.498438
57  21  2.498653
58  21  2.498054
59  21  2.498642
60  21  2.499328
61  21  2.499011
62  21  2.499237
63  21  2.499044
0  22  2.498829
1  22  2.497963
2  22  2.497885
3  22  2.498840
4  22  2.499305
5  22  2.498564
6  22  2.497839
7  22  2.497919
8  22  2.498096
9  22  2.498684
10  22  2.498862
11  22  2.499403
12  22  2.499198
13  22  2.498975
14  22  2.499588
15  22  2.499421
16  22  2.499255
17  22  2.499270
18  22  2.499373
19  22  2.498898
20  22  2.498424
21  22  2.499159
22  22  2.498181
23  22  2.497939
24  22  2.497539
25  22  2.498026
26  22  2.498841
27  22  2.499004
28  22  2.498230
29  22  2.498363
30  22  2.498839
31  22  2.499166
32  22  2.496756
33  22  2.497022
34  22  2.497703
35  22  2.498338
36  22  2.499078
37  22  2.497148
38  22  2.497150
39  22  2.498122
40  22  2.498604
41  22  2.498576
42  22  2.499176
43  22  2.499327
44  22  2.498548
45  22  2.497732
46  22  2.498157
47  22  2.498634
48  22  2.498343
49  22  2.498278
50  22  2.498347
51  22  2.498505
52  22  2.497879
53  22  2.497947
54  22  2.497583
55  22  2.498727
56  22  2.497957
57  22  2.498287
58  22  2.497465
59  22  2.498214
60  22  2.499103
61  22  2.498647
62  22  2.499101
63  22  2.499025
0  23  2.498900
1  23  2.498001
2  23  2.498063
3  23  2.498876
4  23  2.499738
5  23  2.499460
6  23  2.498940
7  23  2.498837
8  23  2.498596
9  23  2.496887
10  23  2.496833
11  23  2.496937
12  23  2.499507
13  23  2.499218
14  23  2.499330
15  23  2.499303
16  23  2.499060
17  23  2.499270
18  23  2.499213
19  23  2.498637
20  23  2.497813
21  23  2.499504
22  23  2.498518
23  23  2.498339
24  23  2.497490
25  23  2.497459
26  23  2.499535
27  23  2.499342
28  23  2.498620
29  23  2.498379
30  23  2.498030
31  23  2.497776
32  23  2.496594
33  23  2.495919
34  23  2.495730
35  23  2.497920
36  23  2.499068
37  23  2.497475
38  23  2.498038
39  23  2.497675
40  23  2.498722
41  23  2.498311
42  23  2.499247
43  23  2.499233
44  23  2.498300
45  23  2.497647
46  23  2.498131
47  23  2.498623
48  23  2.498843
49  23  2.498565
50  23  2.499099
51  23  2.498633
52  23  2.498514
53  23  2.498549
54  23  2.498370
55  23  2.499105
56  23  2.497343
57  23  2.497522
58  23  2.496884
59  23  2.498310
60  23  2.498660
61  23  2.499042
62  23  2.499016
63  23  2.498919
0  24  2.497931
1  24  2.497842
2  24  2.498164
3  24  2.499692
4  24  2.499723
5  24  2.499456
6  24  2.499742
7  24  2.498935
8  24  2.498627
9  24  2.496263
10  24  2.496905
11  24  2.496084
12  24  2.498774
13  24  2.498887
14  24  2.499069
15  24  2.499534
16  24  2.498845
17  24  2.498837
18  24  2.498814
19  24  2.498751
20  24  2.497633
21  24  2.498538
22  24  2.497940
23  24  2.498411
24  24  2.497879
25  24  2.497861
26  24  2.498526
27  24  2.499517
28  24  2.499275
29  24  2.498297
30  24  2.497663
31  24  2.496812
32  24  2.497777
33  24  2.496531
34  24  2.497633
35  24  2.498008
36  24  2.499110
37  24  2.499166
38  24  2.499598
39  24  2.498055
40  24  2.497957
41  24  2.498524
42  24  2.498670
43  24  2.498949
44  24  2.499095
45  24  2.499239
46  24  2.498954
47  24  2.499096
48  24  2.498687
49  24  2.498952
50  24  2.499228
51  24  2.498818
52  24  2.498640
53  24  2.498647
54  24  2.498226
55  24  2.498805
56  24  2.498255
57  24  2.498882
58  24  2.498156
59  24  2.497903
60  24  2.497870
61  24  2.498995
62  24  2.499195
63  24  2.499149
0  25  2.497747
1  25  2.497810
2  25  2.498770
3  25  2.499413
4  25  2.499377
5  25  2.498791
6  25  2.499026
7  25  2.498345
8  25  2.498944
9  25  2.495705
10  25  2.495510
11  25  2.494906
12  25  2.497422
13  25  2.497534
14  25  2.497536
15  25  2.499517
16  25  2.498992
17  25  2.499084
18  25  2.498797
19  25  2.498503
20  25  2.497468
21  25  2.497637
22  25  2.498683
23  25  2.498888
24  25  2.498381
25  25  2.498380
26  25  2.498596
27  25  2.499439
28  25  2.499763
29  25  2.499197
30  25  2.499159
31  25  2.497721
32  25  2.497788
33  25  2.496858
34  25  2.498200
35  25  2.498013
36  25  2.499020
37  25  2.499524
38  25  2.499364
39  25  2.498903
40  25  2.498780
41  25  2.498798
42  25  2.497740
43  25  2.497589
44  25  2.497982
45  25  2.499189
46  25  2.499295
47  25  2.499285
48  25  2.498555
49  25  2.499116
50  25  2.499504
51  25  2.499276
52  25  2.499556
53  25  2.499495
54  25  2.499702
55  25  2.499514
56  25  2.499209
57  25  2.498940
58  25  2.498451
59  25  2.498765
60  25  2.498724
61  25  2.499475
62  25  2.499408
63  25  2.498550
0  26  2.498175
1  26  2.498290
2  26  2.499006
3  26  2.499541
4  26  2.499146
5  26  2.497640
6  26  2.497870
7  26  2.497385
8  26  2.498485
9  26  2.498067
10  26  2.498587
11  26  2.499310
12  26  2.498912
13  26  2.498513
14  26  2.498048
15  26  2.499087
16  26  2.499302
17  26  2.499311
18  26  2.498849
19  26  2.499295
20  26  2.498540
21  26  2.498349
22  26  2.499617
23  26  2.499625
24  26  2.498851
25  26  2.498873
26  26  2.498415
27  26  2.499004
28  26  2.498970
29  26  2.498167
30  26  2.498654
31  26  2.498306
32  26  2.497757
33  26  2.496386
34  26  2.496450
35  26  2.497362
36  26  2.498238
37  26  2.499616
38  26  2.499430
39  26  2.499084
40  26  2.498490
41  26  2.498564
42  26  2.497656
43  26  2.497678
44  26  2.497318
45  26  2.497978
46  26  2.499128
47  26  2.499020
48  26  2.498664
49  26  2.499014
50  26  2.499236
51  26  2.499516
52  26  2.499225
53  26  2.499057
54  26  2.499050
55  26  2.499231
56  26  2.499521
57  26  2.499396
58  26  2.498215
59  26  2.497242
60  26  2.497694
61  26  2.498604
62  26  2.499448
63  26  2.498582
0  27  2.498995
1  27  2.499351
2  27  2.499797
3  27  2.499737
4  27  2.499239
5  27  2.497674
6  27  2.497689
7  27  2.497967
8  27  2.499058
9  27  2.498739
10  27  2.499065
11  27  2.499360
12  27  2.498461
13  27  2.498374
14  27  2.497359
15  27  2.498051
16  27  2.499313
17  27  2.499707
18  27  2.499195
19  27  2.498627
20  27  2.498549
21  27  2.498612
22  27  2.499620
23  27  2.499780
24  27  2.499571
25  27  2.499517
26  27  2.498655
27  27  2.498420
28  27  2.498456
29  27  2.497825
30  27  2.498781
31  27  2.498815
32  27  2.498502
33  27  2.498444
34  27  2.495349
35  27  2.497740
36  27  2.497700
37  27  2.499398
38  27  2.499092
39  27  2.499372
40  27  2.499043
41  27  2.498769
42  27  2.497699
43  27  2.497179
44  27  2.497605
45  27  2.497941
46  27  2.499147
47  27  2.499087
48  27  2.499279
49  27  2.498734
50  27  2.498817
51  27  2.499165
52  27  2.498835
53  27  2.499021
54  27  2.498833
55  27  2.499436
56  27  2.499600
57  27  2.499362
58  27  2.498617
59  27  2.498059
60  27  2.498836
61  27  2.498693
62  27  2.499605
63  27  2.498577
0  28  2.499480
1  28  2.498240
2  28  2.498158
3  28  2.497316
4  28  2.498341
5  28  2.498035
6  28  2.499023
7  28  2.497760
8  28  2.497988
9  28  2.498547
10  28  2.499154
11  28  2.499485
12  28  2.499462
13  28  2.499256
14  28  2.497383
15  28  2.496956
16  28  2.498868
17  28  2.499401
18  28  2.498274
19  28  2.497987
20  28  2.497832
21  28  2.499029
22  28  2.499397
23  28  2.498842
24  28  2.498903
25  28  2.498886
26  28  2.498851
27  28  2.498453
28  28  2.498745
29  28  2.497959
30  28  2.498864
31  28  2.499184
32  28  2.499224
33  28  2.498658
34  28  2.496472
35  28  2.498491
36  28  2.498144
37  28  2.499547
38  28  2.499345
39  28  2.499325
40  28  2.498501
41  28  2.497686
42  28  2.497728
43  28  2.497797
44  28  2.498861
45  28  2.498327
46  28  2.499031
47  28  2.498656
48  28  2.499179
49  28  2.498877
50  28  2.498910
51  28  2.499140
52  28  2.498573
53  28  2.498874
54  28  2.498762
55  28  2.499364
56  28  2.499485
57  28  2.498524
58  28  2.497344
59  28  2.495895
60  28  2.498777
61  28  2.497967
62  28  2.499613
63  28  2.499220
0  29  2.499220
1  29  2.497530
2  29  2.497446
3  29  2.497275
4  29  2.498406
5  29  2.498199
6  29  2.498708
7  29  2.497701
8  29  2.498289
9  29  2.498984
10  29  2.498852
11  29  2.498822
12  29  2.498435
13  29  2.499002
14  29  2.497911
15  29  2.498039
16  29  2.498948
17  29  2.498939
18  29  2.498544
19  29  2.498314
20  29  2.497791
21  29  2.498164
22  29  2.498730
23  29  2.498603
24  29  2.498870
25  29  2.499004
26  29  2.499102
27  29  2.498568
28  29  2.498582
29  29  2.498467
30  29  2.499201
31  29  2.499031
32  29  2.498345
33  29  2.498212
34  29  2.497757
35  29  2.498579
36  29  2.498598
37  29  2.498865
38  29  2.498735
39  29  2.498808
40  29  2.499123
41  29  2.497726
42  29  2.497383
43  29  2.497737
44  29  2.499500
45  29  2.499515
46  29  2.499686
47  29  2.499092
48  29  2.498489
49  29  2.498475
50  29  2.498615
51  29  2.498745
52  29  2.498453
53  29  2.498863
54  29  2.499484
55  29  2.499584
56  29  2.499656
57  29  2.498330
58  29  2.498171
59  29  2.497216
60  29  2.499260
61  29  2.498646
62  29  2.499014
63  29  2.498833
0  30  2.499116
1  30  2.497059
2  30  2.497298
3  30  2.498002
4  30  2.498730
5  30  2.498248
6  30  2.498626
7  30  2.498128
8  30  2.498622
9  30  2.498452
10  30  2.498723
11  30  2.498188
12  30  2.498745
13  30  2.499264
14  30  2.498361
15  30  2.497866
16  30  2.497570
17  30  2.498545
18  30  2.498507
19  30  2.498700
20  30  2.498442
21  30  2.498476
22  30  2.498555
23  30  2.498843
24  30  2.499076
25  30  2.499077
26  30  2.499068
27  30  2.499002
28  30  2.499121
29  30  2.499046
30  30  2.499253
31  30  2.498826
32  30  2.498693
33  30  2.499186
34  30  2.499086
35  30  2.499073
36  30  2.499443
37  30  2.498686
38  30  2.498842
39  30  2.498928
40  30  2.499564
41  30  2.498565
42  30  2.498060
43  30  2.497550
44  30  2.498706
45  30  2.498363
46  30  2.498831
47  30  2.499749
48  30  2.499151
49  30  2.498256
50  30  2.498480
51  30  2.498414
52  30  2.498551
53  30  2.498437
54  30  2.499270
55  30  2.499431
56  30  2.499415
57  30  2.498594
58  30  2.498486
59  30  2.497043
60  30  2.497999
61  30  2.497643
62  30  2.498673
63  30  2.498698
0  31  2.498086
1  31  2.497841
2  31  2.498161
3  31  2.498526
4  31  2.498743
5  31  2.498767
6  31  2.499317
7  31  2.499601
8  31  2.499354
9  31  2.498971
10  31  2.498847
11  31  2.497507
12  31  2.497911
13  31  2.498617
14  31  2.499261
15  31  2.499275
16  31  2.499311
17  31  2.499592
18  31  2.499156
19  31  2.498605
20  31  2.498814
21  31  2.497380
22  31  2.497654
23  31  2.498334
24  31  2.498719
25  31  2.498961
26  31  2.498766
27  31  2.499369
28  31  2.499580
29  31  2.499104
30  31  2.499192
31  31  2.498161
32  31  2.497658
33  31  2.497706
34  31  2.498680
35  31  2.497939
36  31  2.498837
37  31  2.496777
38  31  2.497482
39  31  2.498096
40  31  2.499533
41  31  2.498777
42  31  2.498437
43  31  2.498023
44  31  2.498791
45  31  2.498365
46  31  2.498613
47  31  2.499749
48  31  2.498622
49  31  2.498121
50  31  2.498475
51  31  2.498383
52  31  2.498618
53  31  2.498443
54  31  2.499032
55  31  2.498812
56  31  2.498638
57  31  2.498374
58  31  2.498584
59  31  2.498178
60  31  2.498316
61  31  2.498577
62  31  2.498548
63  31  2.498460
0  32  2.498272
1  32  2.498390
2  32  2.499064
3  32  2.499043
4  32  2.498988
5  32  2.498790
6  32  2.499265
7  32  2.499491
8  32  2.499314
9  32  2.498529
10  32  2.499090
11  32  2.498174
12  32  2.499003
13  32  2.499001
14  32  2.499548
15  32  2.499599
16  32  2.499669
17  32  2.499650
18  32  2.498728
19  32  2.498608
20  32  2.499211
21  32  2.498800
22  32  2.498466
23  32  2.498322
24  32  2.498682
25  32  2.498988
26  32  2.498930
27  32  2.499341
28  32  2.499571
29  32  2.499290
30  32  2.499570
31  32  2.499016
32  32  2.498861
33  32  2.498147
34  32  2.499122
35  32  2.497277
36  32  2.498385
37  32  2.497632
38  32  2.498617
39  32  2.498733
40  32  2.499573
41  32  2.499124
42  32  2.499027
43  32  2.497701
44  32  2.497272
45  32  2.497257
46  32  2.498513
47  32  2.499188
48  32  2.498917
49  32  2.498905
50  32  2.498846
51  32  2.498040
52  32  2.497655
53  32  2.497634
54  32  2.498680
55  32  2.498995
56  32  2.499109
57  32  2.498162
58  32  2.498207
59  32  2.498048
60  32  2.499257
61  32  2.499558
62  32  2.499408
63  32  2.498793
0  33  2.498717
1  33  2.498725
2  33  2.499376
3  33  2.499323
4  33  2.499377
5  33  2.498945
6  33  2.499007
7  33  2.499740
8  33  2.499394
9  33  2.498851
10  33  2.498961
11  33  2.498857
12  33  2.498722
13  33  2.498695
14  33  2.499094
15  33  2.499616
16  33  2.499649
17  33  2.499538
18  33  2.498380
19  33  2.498503
20  33  2.499478
21  33  2.498470
22  33  2.497599
23  33  2.497472
24  33  2.499233
25  33  2.499204
26  33  2.498731
27  33  2.498914
28  33  2.498995
29  33  2.499407
30  33  2.499271
31  33  2.499361
32  33  2.499513
33  33  2.498224
34  33  2.498761
35  33  2.497072
36  33  2.498354
37  33  2.498510
38  33  2.498682
39  33  2.499091
40  33  2.499372
41  33  2.499136
42  33  2.499230
43  33  2.498600
44  33  2.498811
45  33  2.498745
46  33  2.498986
47  33  2.498404
48  33  2.498923
49  33  2.498983
50  33  2.498885
51  33  2.498712
52  33  2.496950
53  33  2.497123
54  33  2.498024
55  33  2.498941
56  33  2.499331
57  33  2.499116
58  33  2.499079
59  33  2.498241
60  33  2.499315
61  33  2.499748
62  33  2.499250
63  33  2.498562
0  34  2.499731
1  34  2.499255
2  34  2.499135
3  34  2.498740
4  34  2.499677
5  34  2.499481
6  34  2.499480
7  34  2.499427
8  34  2.499303
9  34  2.498295
10  34  2.498906
11  34  2.499322
12  34  2.499134
13  34  2.499037
14  34  2.498756
15  34  2.499268
16  34  2.499048
17  34  2.499168
18  34  2.498498
19  34  2.498089
20  34  2.498822
21  34  2.498494
22  34  2.496723
23  34  2.497602
24  34  2.499364
25  34  2.499234
26  34  2.498745
27  34  2.498757
28  34  2.498624
29  34  2.499225
30  34  2.498629
31  34  2.499109
32  34  2.499568
33  34  2.498743
34  34  2.498898
35  34  2.498203
36  34  2.498607
37  34  2.497361
38  34  2.498359
39  34  2.499183
40  34  2.498977
41  34  2.499279
42  34  2.498623
43  34  2.497910
44  34  2.497397
45  34  2.498408
46  34  2.498621
47  34  2.498594
48  34  2.498751
49  34  2.497936
50  34  2.498109
51  34  2.498494
52  34  2.496964
53  34  2.497600
54  34  2.498281
55  34  2.499254
56  34  2.499347
57  34  2.499041
58  34  2.499209
59  34  2.498473
60  34  2.499246
61  34  2.499439
62  34  2.499258
63  34  2.499119
0  35  2.498862
1  35  2.498551
2  35  2.498637
3  35  2.498779
4  35  2.499582
5  35  2.498959
6  35  2.497950
7  35  2.498649
8  35  2.498949
9  35  2.499288
10  35  2.499586
11  35  2.499374
12  35  2.498731
13  35  2.498477
14  35  2.497961
15  35  2.498535
16  35  2.498790
17  35  2.498732
18  35  2.497970
19  35  2.497338
20  35  2.498891
21  35  2.497964
22  35  2.496447
23  35  2.497225
24  35  2.499182
25  35  2.499140
26  35  2.498754
27  35  2.498619
28  35  2.498482
29  35  2.497961
30  35  2.497286
31  35  2.498633
32  35  2.499609
33  35  2.498989
34  35  2.499249
35  35  2.499274
36  35  2.499362
37  35  2.497929
38  35  2.498508
39  35  2.499213
40  35  2.498697
41  35  2.499412
42  35  2.498624
43  35  2.498569
44  35  2.497850
45  35  2.498921
46  35  2.498768
47  35  2.497899
48  35  2.498532
49  35  2.498076
50  35  2.498738
51  35  2.498898
52  35  2.497818
53  35  2.497720
54  35  2.497138
55  35  2.499022
56  35  2.499468
57  35  2.499538
58  35  2.499255
59  35  2.499213
60  35  2.499149
61  35  2.499418
62  35  2.499346
63  35  2.499205
0  36  2.498818
1  36  2.498152
2  36  2.498325
3  36  2.498744
4  36  2.499485
5  36  2.499084
6  36  2.497513
7  36  2.497190
8  36  2.496621
9  36  2.497557
10  36  2.498915
11  36  2.498984
12  36  2.499279
13  36  2.499321
14  36  2.499090
15  36  2.498956
16  36  2.499031
17  36  2.498668
18  36  2.498029
19  36  2.497291
20  36  2.498088
21  36  2.497706
22  36  2.496998
23  36  2.497345
24  36  2.499248
25  36  2.498985
26  36  2.499402
27  36  2.499104
28  36  2.498786
29  36  2.497415
30  36  2.497300
31  36  2.498201
32  36  2.499459
33  36  2.498953
34  36  2.498668
35  36  2.498301
36  36  2.498577
37  36  2.497312
38  36  2.498247
39  36  2.498456
40  36  2.498526
41  36  2.499189
42  36  2.498615
43  36  2.498751
44  36  2.498033
45  36  2.499018
46  36  2.499047
47  36  2.498846
48  36  2.498604
49  36  2.497635
50  36  2.498324
51  36  2.498904
52  36  2.499444
53  36  2.498889
54  36  2.497979
55  36  2.498342
56  36  2.499174
57  36  2.499525
58  36  2.499170
59  36  2.497897
60  36  2.497621
61  36  2.498088
62  36  2.499085
63  36  2.499200
0  37  2.498993
1  37  2.498767
2  37  2.498976
3  37  2.499074
4  37  2.499609
5  37  2.499211
6  37  2.497531
7  37  2.497726
8  37  2.497313
9  37  2.498550
10  37  2.498828
11  37  2.498553
12  37  2.498812
13  37  2.498593
14  37  2.498831
15  37  2.498842
16  37  2.499026
17  37  2.498768
18  37  2.498212
19  37  2.498587
20  37  2.499233
21  37  2.498991
22  37  2.498646
23  37  2.497651
24  37  2.499165
25  37  2.499006
26  37  2.499568
27  37  2.499261
28  37  2.498982
29  37  2.497518
30  37  2.497886
31  37  2.498457
32  37  2.499376
33  37  2.499362
34  37  2.499160
35  37  2.498731
36  37  2.498440
37  37  2.498390
38  37  2.498972
39  37  2.499261
40  37  2.499291
41  37  2.499477
42  37  2.499600
43  37  2.499274
44  37  2.499405
45  37  2.499517
46  37  2.499000
47  37  2.498662
48  37  2.499328
49  37  2.498760
50  37  2.498997
51  37  2.498830
52  37  2.498941
53  37  2.498565
54  37  2.498338
55  37  2.497720
56  37  2.497998
57  37  2.498385
58  37  2.498940
59  37  2.498030
60  37  2.497634
61  37  2.498636
62  37  2.499285
63  37  2.499283
0  38  2.499602
1  38  2.498867
2  38  2.498978
3  38  2.499000
4  38  2.499655
5  38  2.499267
6  38  2.499305
7  38  2.499063
8  38  2.498880
9  38  2.498734
10  38  2.498938
11  38  2.498626
12  38  2.499049
13  38  2.499255
14  38  2.499795
15  38  2.499710
16  38  2.499058
17  38  2.499252
18  38  2.499038
19  38  2.499438
20  38  2.499140
21  38  2.498155
22  38  2.498199
23  38  2.497370
24  38  2.498871
25  38  2.498811
26  38  2.499708
27  38  2.499377
28  38  2.498445
29  38  2.498241
30  38  2.498346
31  38  2.499423
32  38  2.499328
33  38  2.499162
34  38  2.499393
35  38  2.498179
36  38  2.496577
37  38  2.496610
38  38  2.498044
39  38  2.499050
40  38  2.499286
41  38  2.499351
42  38  2.499609
43  38  2.499742
44  38  2.499122
45  38  2.498233
46  38  2.497733
47  38  2.497754
48  38  2.498363
49  38  2.498407
50  38  2.498854
51  38  2.498857
52  38  2.498946
53  38  2.498524
54  38  2.499102
55  38  2.498328
56  38  2.497835
57  38  2.497538
58  38  2.498866
59  38  2.498696
60  38  2.499269
61  38  2.499633
62  38  2.499818
63  38  2.499629
0  39  2.499363
1  39  2.499187
2  39  2.498996
3  39  2.498961
4  39  2.499656
5  39  2.499458
6  39  2.499686
7  39  2.499634
8  39  2.499651
9  39  2.499808
10  39  2.499161
11  39  2.498896
12  39  2.499142
13  39  2.499404
14  39  2.499603
15  39  2.499115
16  39  2.498731
17  39  2.499475
18  39  2.499130
19  39  2.499331
20  39  2.498859
21  39  2.498885
22  39  2.499442
23  39  2.499259
24  39  2.499257
25  39  2.499351
26  39  2.499244
27  39  2.499250
28  39  2.498169
29  39  2.498235
30  39  2.498177
31  39  2.499419
32  39  2.499150
33  39  2.499050
34  39  2.499423
35  39  2.499321
36  39  2.498758
37  39  2.498611
38  39  2.498652
39  39  2.498811
40  39  2.499300
41  39  2.499511
42  39  2.499413
43  39  2.498984
44  39  2.498427
45  39  2.497781
46  39  2.497337
47  39  2.498126
48  39  2.498672
49  39  2.499218
50  39  2.499414
51  39  2.498243
52  39  2.497849
53  39  2.497104
54  39  2.498617
55  39  2.498435
56  39  2.498589
57  39  2.497956
58  39  2.498890
59  39  2.498748
60  39  2.498401
61  39  2.499172
62  39  2.499167
63  39  2.499679
0  40  2.499204
1  40  2.498449
2  40  2.498013
3  40  2.498181
4  40  2.499793
5  40  2.499519
6  40  2.499478
7  40  2.497910
8  40  2.498000
9  40  2.496900
10  40  2.497787
11  40  2.498020
12  40  2.498472
13  40  2.499275
14  40  2.499545
15  40  2.499121
16  40  2.498984
17  40  2.498936
18  40  2.498799
19  40  2.498920
20  40  2.498645
21  40  2.498135
22  40  2.498263
23  40  2.498444
24  40  2.498844
25  40  2.498405
26  40  2.498792
27  40  2.498131
28  40  2.497799
29  40  2.498133
30  40  2.498576
31  40  2.499542
32  40  2.499124
33  40  2.498920
34  40  2.499492
35  40  2.499289
36  40  2.498749
37  40  2.498824
38  40  2.498866
39  40  2.499394
40  40  2.499283
41  40  2.499196
42  40  2.499103
43  40  2.498862
44  40  2.498413
45  40  2.498137
46  40  2.497534
47  40  2.496641
48  40  2.496727
49  40  2.497606
50  40  2.498640
51  40  2.497608
52  40  2.497376
53  40  2.497267
54  40  2.499230
55  40  2.499104
56  40  2.498805
57  40  2.497293
58  40  2.498470
59  40  2.497789
60  40  2.498062
61  40  2.499282
62  40  2.499131
63  40  2.499460
0  41  2.498669
1  41  2.497533
2  41  2.497981
3  41  2.497963
4  41  2.498699
5  41  2.498936
6  41  2.498921
7  41  2.498095
8  41  2.498017
9  41  2.495270
10  41  2.497163
11  41  2.497771
12  41  2.496650
13  41  2.497815
14  41  2.499191
15  41  2.499076
16  41  2.499209
17  41  2.498755
18  41  2.499005
19  41  2.498674
20  41  2.499141
21  41  2.498692
22  41  2.498352
23  41  2.498116
24  41  2.498523
25  41  2.498281
26  41  2.498374
27  41  2.497827
28  41  2.498351
29  41  2.498224
30  41  2.498573
31  41  2.498683
32  41  2.498977
33  41  2.498802
34  41  2.499441
35  41  2.499644
36  41  2.499150
37  41  2.498512
38  41  2.498027
39  41  2.498979
40  41  2.499191
41  41  2.499369
42  41  2.499321
43  41  2.499048
44  41  2.498842
45  41  2.499271
46  41  2.499280
47  41  2.498442
48  41  2.498500
49  41  2.498159
50  41  2.498998
51  41  2.498709
52  41  2.498091
53  41  2.496399
54  41  2.498793
55  41  2.499027
56  41  2.498878
57  41  2.496758
58  41  2.497709
59  41  2.498755
60  41  2.497606
61  41  2.498047
62  41  2.498666
63  41  2.499014
0  42  2.498343
1  42  2.497023
2  42  2.497599
3  42  2.498180
4  42  2.497771
5  42  2.498985
6  42  2.498649
7  42  2.497535
8  42  2.497315
9  42  2.493666
10  42  2.497464
11  42  2.498678
12  42  2.496485
13  42  2.496323
14  42  2.497808
15  42  2.499153
16  42  2.499133
17  42  2.498101
18  42  2.498130
19  42  2.498402
20  42  2.499031
21  42  2.498745
22  42  2.497967
23  42  2.497566
24  42  2.498327
25  42  2.497687
26  42  2.498032
27  42  2.497507
28  42  2.498199
29  42  2.497416
30  42  2.496459
31  42  2.496412
32  42  2.497252
33  42  2.498880
34  42  2.499538
35  42  2.499128
36  42  2.497923
37  42  2.497831
38  42  2.497887
39  42  2.499196
40  42  2.499112
41  42  2.499099
42  42  2.498749
43  42  2.499177
44  42  2.499029
45  42  2.499103
46  42  2.498140
47  42  2.496881
48  42  2.497237
49  42  2.497925
50  42  2.499036
51  42  2.499161
52  42  2.498812
53  42  2.497416
54  42  2.497571
55  42  2.498567
56  42  2.498718
57  42  2.497172
58  42  2.497237
59  42  2.498784
60  42  2.498462
61  42  2.498154
62  42  2.498761
63  42  2.498585
0  43  2.497304
1  43  2.497730
2  43  2.497734
3  43  2.498248
4  43  2.497425
5  43  2.498767
6  43  2.498443
7  43  2.497587
8  43  2.497684
9  43  2.497067
10  43  2.498144
11  43  2.498040
12  43  2.497467
13  43  2.497770
14  43  2.498393
15  43  2.499213
16  43  2.498773
17  43  2.498412
18  43  2.497923
19  43  2.498231
20  43  2.498219
21  43  2.498731
22  43  2.498428
23  43  2.499426
24  43  2.498917
25  43  2.497649
26  43  2.498016
27  43  2.498559
28  43  2.499425
29  43  2.498156
30  43  2.496615
31  43  2.496249
32  43  2.497330
33  43  2.498265
34  43  2.498782
35  43  2.498532
36  43  2.497670
37  43  2.498034
38  43  2.498191
39  43  2.498460
40  43  2.498593
41  43  2.499475
42  43  2.499125
43  43  2.499335
44  43  2.498637
45  43  2.498460
46  43  2.497775
47  43  2.498528
48  43  2.497983
49  43  2.499157
50  43  2.499279
51  43  2.499611
52  43  2.498743
53  43  2.495854
54  43  2.495561
55  43  2.497040
56  43  2.498635
57  43  2.498125
58  43  2.497533
59  43  2.499426
60  43  2.499352
61  43  2.499404
62  43  2.498690
63  43  2.497727
0  44  2.498938
1  44  2.499122
2  44  2.497592
3  44  2.497235
4  44  2.497017
5  44  2.498719
6  44  2.498335
7  44  2.498484
8  44  2.498899
9  44  2.498373
10  44  2.498770
11  44  2.497380
12  44  2.496605
13  44  2.496323
14  44  2.497180
15  44  2.498852
16  44  2.498886
17  44  2.497991
18  44  2.497718
19  44  2.497217
20  44  2.497922
21  44  2.498386
22  44  2.498292
23  44  2.498969
24  44  2.499030
25  44  2.498243
26  44  2.498828
27  44  2.499274
28  44  2.498755
29  44  2.499295
30  44  2.498893
31  44  2.499084
32  44  2.499012
33  44  2.498959
34  44  2.498832
35  44  2.497823
36  44  2.497676
37  44  2.498183
38  44  2.498180
39  44  2.498559
40  44  2.498667
41  44  2.499420
42  44  2.499187
43  44  2.499544
44  44  2.499142
45  44  2.498667
46  44  2.498444
47  44  2.498730
48  44  2.497886
49  44  2.498517
50  44  2.498707
51  44  2.497597
52  44  2.497480
53  44  2.496670
54  44  2.498074
55  44  2.498872
56  44  2.499541
57  44  2.499085
58  44  2.497829
59  44  2.497586
60  44  2.498353
61  44  2.499428
62  44  2.499321
63  44  2.499083
0  45  2.498427
1  45  2.499110
2  45  2.498226
3  45  2.498506
4  45  2.499112
5  45  2.498897
6  45  2.498823
7  45  2.499051
8  45  2.499360
9  45  2.498909
10  45  2.498927
11  45  2.498215
12  45  2.498424
13  45  2.497969
14  45  2.498052
15  45  2.498868
16  45  2.499539
17  45  2.498340
18  45  2.498251
19  45  2.497636
20  45  2.498280
21  45  2.498465
22  45  2.498543
23  45  2.498184
24  45  2.497704
25  45  2.497849
26  45  2.497910
27  45  2.499058
28  45  2.498494
29  45  2.498770
30  45  2.498900
31  45  2.498803
32  45  2.499207
33  45  2.498653
34  45  2.499172
35  45  2.498477
36  45  2.498868
37  45  2.499042
38  45  2.497574
39  45  2.497870
40  45  2.497961
41  45  2.499287
42  45  2.499150
43  45  2.499615
44  45  2.498804
45  45  2.498605
46  45  2.498684
47  45  2.498727
48  45  2.497801
49  45  2.497941
50  45  2.498652
51  45  2.498126
52  45  2.498077
53  45  2.497998
54  45  2.498427
55  45  2.498600
56  45  2.499434
57  45  2.498939
58  45  2.497580
59  45  2.497392
60  45  2.498479
61  45  2.499563
62  45  2.498856
63  45  2.498759
0  46  2.499119
1  46  2.498477
2  46  2.498040
3  46  2.497967
4  46  2.497968
5  46  2.498304
6  46  2.498354
7  46  2.499268
8  46  2.499830
9  46  2.498927
10  46  2.498706
11  46  2.498022
12  46  2.497156
13  46  2.496727
14  46  2.496271
15  46  2.498473
16  46  2.499401
17  46  2.498068
18  46  2.497444
19  46  2.496834
20  46  2.498580
21  46  2.499166
22  46  2.499072
23  46  2.498894
24  46  2.497479
25  46  2.497474
26  46  2.497487
27  46  2.498091
28  46  2.497837
29  46  2.498066
30  46  2.498867
31  46  2.497781
32  46  2.499238
33  46  2.499431
34  46  2.499334
35  46  2.498538
36  46  2.498842
37  46  2.498970
38  46  2.497823
39  46  2.498320
40  46  2.498397
41  46  2.499021
42  46  2.498875
43  46  2.499291
44  46  2.498882
45  46  2.498785
46  46  2.498987
47  46  2.498836
48  46  2.498425
49  46  2.498496
50  46  2.498980
51  46  2.498495
52  46  2.498377
53  46  2.497520
54  46  2.498918
55  46  2.498820
56  46  2.499096
57  46  2.499112
58  46  2.498074
59  46  2.497290
60  46  2.498353
61  46  2.499380
62  46  2.498893
63  46  2.498775
0  47  2.499203
1  47  2.497872
2  47  2.498401
3  47  2.498707
4  47  2.497369
5  47  2.498054
6  47  2.498224
7  47  2.499669
8  47  2.499789
9  47  2.499442
10  47  2.499375
11  47  2.498994
12  47  2.497910
13  47  2.497828
14  47  2.497433
15  47  2.498964
16  47  2.499316
17  47  2.498960
18  47  2.498837
19  47  2.499470
20  47  2.498655
21  47  2.498656
22  47  2.498886
23  47  2.499276
24  47  2.496956
25  47  2.496856
26  47  2.496287
27  47  2.498174
28  47  2.498289
29  47  2.497480
30  47  2.498781
31  47  2.497745
32  47  2.498728
33  47  2.498643
34  47  2.499151
35  47  2.499387
36  47  2.499488
37  47  2.499130
38  47  2.496772
39  47  2.497019
40  47  2.498296
41  47  2.499075
42  47  2.499061
43  47  2.499361
44  47  2.498757
45  47  2.499286
46  47  2.499573
47  47  2.499490
48  47  2.498520
49  47  2.498798
50  47  2.499203
51  47  2.499349
52  47  2.499426
53  47  2.499183
54  47  2.499250
55  47  2.499007
56  47  2.499291
57  47  2.499362
58  47  2.498429
59  47  2.498320
60  47  2.499093
61  47  2.499389
62  47  2.498853
63  47  2.498213
0  48  2.498912
1  48  2.497613
2  48  2.498697
3  48  2.498416
4  48  2.497557
5  48  2.497177
6  48  2.497802
7  48  2.499602
8  48  2.499697
9  48  2.499689
10  48  2.499738
11  48  2.499156
12  48  2.497117
13  48  2.495449
14  48  2.495726
15  48  2.497840
16  48  2.498922
17  48  2.498693
18  48  2.498736
19  48  2.499580
20  48  2.499002
21  48  2.498909
22  48  2.499072
23  48  2.499457
24  48  2.498737
25  48  2.498540
26  48  2.497962
27  48  2.498246
28  48  2.498517
29  48  2.497378
30  48  2.497741
31  48  2.497769
32  48  2.498505
33  48  2.498830
34  48  2.499035
35  48  2.499376
36  48  2.499185
37  48  2.498793
38  48  2.498045
39  48  2.498001
40  48  2.499132
41  48  2.499098
42  48  2.499135
43  48  2.499216
44  48  2.498679
45  48  2.499523
46  48  2.499183
47  48  2.499374
48  48  2.498909
49  48  2.499203
50  48  2.498601
51  48  2.498942
52  48  2.499142
53  48  2.499138
54  48  2.499052
55  48  2.499007
56  48  2.499282
57  48  2.499459
58  48  2.499540
59  48  2.498764
60  48  2.499251
61  48  2.499274
62  48  2.498687
63  48  2.497828
0  49  2.498966
1  49  2.498601
2  49  2.499174
3  49  2.498135
4  49  2.498789
5  49  2.497276
6  49  2.497650
7  49  2.499580
8  49  2.499505
9  49  2.499536
10  49  2.499740
11  49  2.499164
12  49  2.498947
13  49  2.497393
14  49  2.497904
15  49  2.498098
16  49  2.499188
17  49  2.498884
18  49  2.498822
19  49  2.499064
20  49  2.498602
21  49  2.498715
22  49  2.498911
23  49  2.499458
24  49  2.498823
25  49  2.498911
26  49  2.498901
27  49  2.497708
28  49  2.497426
29  49  2.497227
30  49  2.498564
31  49  2.499345
32  49  2.497921
33  49  2.497766
34  49  2.497976
35  49  2.499848
36  49  2.499532
37  49  2.498826
38  49  2.497416
39  49  2.497373
40  49  2.499083
41  49  2.498140
42  49  2.498266
43  49  2.498345
44  49  2.499170
45  49  2.499323
46  49  2.499214
47  49  2.499375
48  49  2.499249
49  49  2.499276
50  49  2.498924
51  49  2.499092
52  49  2.498972
53  49  2.499350
54  49  2.499071
55  49  2.498895
56  49  2.499391
57  49  2.499660
58  49  2.499504
59  49  2.498309
60  49  2.498096
61  49  2.498836
62  49  2.498691
63  49  2.498138
0  50  2.498836
1  50  2.498834
2  50  2.498318
3  50  2.497653
4  50  2.497487
5  50  2.496985
6  50  2.497644
7  50  2.498654
8  50  2.498890
9  50  2.498992
10  50  2.499511
11  50  2.499231
12  50  2.499062
13  50  2.497744
14  50  2.497972
15  50  2.497583
16  50  2.499016
17  50  2.498878
18  50  2.499043
19  50  2.499455
20  50  2.499476
21  50  2.499470
22  50  2.499452
23  50  2.499406
24  50  2.499547
25  50  2.499628
26  50  2.499636
27  50  2.497748
28  50  2.498036
29  50  2.498218
30  50  2.499337
31  50  2.499216
32  50  2.498688
33  50  2.497640
34  50  2.497967
35  50  2.499866
36  50  2.498896
37  50  2.498742
38  50  2.498501
39  50  2.498358
40  50  2.498549
41  50  2.497301
42  50  2.497472
43  50  2.498067
44  50  2.499002
45  50  2.499170
46  50  2.499442
47  50  2.499312
48  50  2.498994
49  50  2.498605
50  50  2.498428
51  50  2.497767
52  50  2.497310
53  50  2.498043
54  50  2.498653
55  50  2.498822
56  50  2.498614
57  50  2.499261
58  50  2.498842
59  50  2.497599
60  50  2.497344
61  50  2.498460
62  50  2.498975
63  50  2.498435
0  51  2.497554
1  51  2.499247
2  51  2.499087
3  51  2.498200
4  51  2.496395
5  51  2.496425
6  51  2.497778
7  51  2.498738
8  51  2.499012
9  51  2.498899
10  51  2.499067
11  51  2.499025
12  51  2.499103
13  51  2.498762
14  51  2.498672
15  51  2.498440
16  51  2.499365
17  51  2.499680
18  51  2.499607
19  51  2.499190
20  51  2.499133
21  51  2.499177
22  51  2.499434
23  51  2.499041
24  51  2.498793
25  51  2.499236
26  51  2.499528
27  51  2.497070
28  51  2.497284
29  51  2.498050
30  51  2.499226
31  51  2.498394
32  51  2.497787
33  51  2.497767
34  51  2.497913
35  51  2.499470
36  51  2.498765
37  51  2.498678
38  51  2.498661
39  51  2.497448
40  51  2.497694
41  51  2.496132
42  51  2.497371
43  51  2.497699
44  51  2.498841
45  51  2.498624
46  51  2.499297
47  51  2.499161
48  51  2.499003
49  51  2.498479
50  51  2.499172
51  51  2.497758
52  51  2.496974
53  51  2.496790
54  51  2.498285
55  51  2.498778
56  51  2.498293
57  51  2.499191
58  51  2.499506
59  51  2.499629
60  51  2.498445
61  51  2.498285
62  51  2.497835
63  51  2.498152
0  52  2.497139
1  52  2.499377
2  52  2.498654
3  52  2.498710
4  52  2.497866
5  52  2.497932
6  52  2.498591
7  52  2.498807
8  52  2.499056
9  52  2.499219
10  52  2.498557
11  52  2.498593
12  52  2.498558
13  52  2.499760
14  52  2.499631
15  52  2.499431
16  52  2.499055
17  52  2.499137
18  52  2.498623
19  52  2.498056
20  52  2.498348
21  52  2.498154
22  52  2.498654
23  52  2.499344
24  52  2.497902
25  52  2.498199
26  52  2.499151
27  52  2.498195
28  52  2.498732
29  52  2.499137
30  52  2.499198
31  52  2.498216
32  52  2.497762
33  52  2.498251
34  52  2.498616
35  52  2.499032
36  52  2.498661
37  52  2.499223
38  52  2.498856
39  52  2.498383
40  52  2.498321
41  52  2.498556
42  52  2.498939
43  52  2.499193
44  52  2.498924
45  52  2.498956
46  52  2.499302
47  52  2.499548
48  52  2.498881
49  52  2.498168
50  52  2.497802
51  52  2.496858
52  52  2.496389
53  52  2.496905
54  52  2.498273
55  52  2.499133
56  52  2.498250
57  52  2.497965
58  52  2.498198
59  52  2.499054
60  52  2.498269
61  52  2.497423
62  52  2.497286
63  52  2.498212
0  53  2.497580
1  53  2.498954
2  53  2.498571
3  53  2.498966
4  53  2.498501
5  53  2.498546
6  53  2.498344
7  53  2.499406
8  53  2.499641
9  53  2.499679
10  53  2.499625
11  53  2.499161
12  53  2.498403
13  53  2.498913
14  53  2.499309
15  53  2.499030
16  53  2.498064
17  53  2.497819
18  53  2.498535
19  53  2.498284
20  53  2.499103
21  53  2.499225
22  53  2.498906
23  53  2.499173
24  53  2.497831
25  53  2.497420
26  53  2.498972
27  53  2.497133
28  53  2.498017
29  53  2.498371
30  53  2.499059
31  53  2.499294
32  53  2.499141
33  53  2.499382
34  53  2.499376
35  53  2.499187
36  53  2.499225
37  53  2.499449
38  53  2.498880
39  53  2.498644
40  53  2.498908
41  53  2.498719
42  53  2.499295
43  53  2.498636
44  53  2.498861
45  53  2.498405
46  53  2.498423
47  53  2.499369
48  53  2.499133
49  53  2.499171
50  53  2.498675
51  53  2.497055
52  53  2.496838
53  53  2.497378
54  53  2.498464
55  53  2.499330
56  53  2.499051
57  53  2.497599
58  53  2.497660
59  53  2.499029
60  53  2.498621
61  53  2.497591
62  53  2.495105
63  53  2.498008
0  54  2.498340
1  54  2.498602
2  54  2.498644
3  54  2.498363
4  54  2.498749
5  54  2.498222
6  54  2.498300
7  54  2.499358
8  54  2.499604
9  54  2.499576
10  54  2.499441
11  54  2.499114
12  54  2.498256
13  54  2.498483
14  54  2.498878
15  54  2.498552
16  54  2.497975
17  54  2.497886
18  54  2.498466
19  54  2.498468
20  54  2.499176
21  54  2.498860
22  54  2.499056
23  54  2.499016
24  54  2.498310
25  54  2.498324
26  54  2.499541
27  54  2.498821
28  54  2.498935
29  54  2.498629
30  54  2.498749
31  54  2.499112
32  54  2.499154
33  54  2.499011
34  54  2.499385
35  54  2.499097
36  54  2.499051
37  54  2.499278
38  54  2.498288
39  54  2.499060
40  54  2.499332
41  54  2.499333
42  54  2.499233
43  54  2.498801
44  54  2.499277
45  54  2.498111
46  54  2.497316
47  54  2.499210
48  54  2.498547
49  54  2.498571
50  54  2.498411
51  54  2.498571
52  54  2.498800
53  54  2.498992
54  54  2.498769
55  54  2.499250
56  54  2.499178
57  54  2.497785
58  54  2.497263
59  54  2.498641
60  54  2.498432
61  54  2.497208
62  54  2.497052
63  54  2.498730
0  55  2.497526
1  55  2.497991
2  55  2.499253
3  55  2.498724
4  55  2.498785
5  55  2.498327
6  55  2.499029
7  55  2.499044
8  55  2.499283
9  55  2.499140
10  55  2.499275
11  55  2.499413
12  55  2.498943
13  55  2.497930
14  55  2.498676
15  55  2.498243
16  55  2.497403
17  55  2.497647
18  55  2.498425
19  55  2.499688
20  55  2.499696
21  55  2.499355
22  55  2.499332
23  55  2.498935
24  55  2.499135
25  55  2.498398
26  55  2.498911
27  55  2.498098
28  55  2.498363
29  55  2.498303
30  55  2.498300
31  55  2.498119
32  55  2.498238
33  55  2.498579
34  55  2.498662
35  55  2.498393
36  55  2.499115
37  55  2.498712
38  55  2.498315
39  55  2.499446
40  55  2.499532
41  55  2.499109
42  55  2.498604
43  55  2.497427
44  55  2.497490
45  55  2.497445
46  55  2.496496
47  55  2.499488
48  55  2.498588
49  55  2.498182
50  55  2.498486
51  55  2.498031
52  55  2.498031
53  55  2.497968
54  55  2.498533
55  55  2.499305
56  55  2.499425
57  55  2.498496
58  55  2.497970
59  55  2.497943
60  55  2.497718
61  55  2.497320
62  55  2.496511
63  55  2.497620
0  56  2.496387
1  56  2.495969
2  56  2.498374
3  56  2.497613
4  56  2.498708
5  56  2.498310
6  56  2.499249
7  56  2.498803
8  56  2.498142
9  56  2.498057
10  56  2.497759
11  56  2.498890
12  56  2.498605
13  56  2.498558
14  56  2.499061
15  56  2.499528
16  56  2.498972
17  56  2.498757
18  56  2.498410
19  56  2.499495
20  56  2.499068
21  56  2.499220
22  56  2.498982
23  56  2.498823
24  56  2.499113
25  56  2.498801
26  56  2.498867
27  56  2.498516
28  56  2.498739
29  56  2.498605
30  56  2.498332
31  56  2.498352
32  56  2.498475
33  56  2.498524
34  56  2.498405
35  56  2.497939
36  56  2.498674
37  56  2.497978
38  56  2.498165
39  56  2.499731
40  56  2.499595
41  56  2.499378
42  56  2.498165
43  56  2.497562
44  56  2.496722
45  56  2.497805
46  56  2.496607
47  56  2.498942
48  56  2.498176
49  56  2.498545
50  56  2.498518
51  56  2.498268
52  56  2.496763
53  56  2.496003
54  56  2.497388
55  56  2.498195
56  56  2.499200
57  56  2.499078
58  56  2.498534
59  56  2.497757
60  56  2.498095
61  56  2.497440
62  56  2.497649
63  56  2.496122
0  57  2.495919
1  57  2.495107
2  57  2.498247
3  57  2.498641
4  57  2.499391
5  57  2.499096
6  57  2.499147
7  57  2.499212
8  57  2.499458
9  57  2.498621
10  57  2.498713
11  57  2.499183
12  57  2.499218
13  57  2.499022
14  57  2.499331
15  57  2.499572
16  57  2.498826
17  57  2.498729
18  57  2.498262
19  57  2.499085
20  57  2.498543
21  57  2.498767
22  57  2.499033
23  57  2.499236
24  57  2.499238
25  57  2.498769
26  57  2.498619
27  57  2.498553
28  57  2.498828
29  57  2.498306
30  57  2.497940
31  57  2.498198
32  57  2.498564
33  57  2.498379
34  57  2.498289
35  57  2.498242
36  57  2.498847
37  57  2.498118
38  57  2.498422
39  57  2.499296
40  57  2.499082
41  57  2.499598
42  57  2.499656
43  57  2.499158
44  57  2.497835
45  57  2.497548
46  57  2.496816
47  57  2.498423
48  57  2.497269
49  57  2.498212
50  57  2.498421
51  57  2.497331
52  57  2.495919
53  57  2.496003
54  57  2.498243
55  57  2.498429
56  57  2.498896
57  57  2.498759
58  57  2.499068
59  57  2.498246
60  57  2.498076
61  57  2.496852
62  57  2.497064
63  57  2.496330
0  58  2.497324
1  58  2.495908
2  58  2.498419
3  58  2.497913
4  58  2.497823
5  58  2.499000
6  58  2.499250
7  58  2.499187
8  58  2.499582
9  58  2.498731
10  58  2.498848
11  58  2.498598
12  58  2.498639
13  58  2.498055
14  58  2.497960
15  58  2.498462
16  58  2.499634
17  58  2.499678
18  58  2.499121
19  58  2.498608
20  58  2.497996
21  58  2.498365
22  58  2.499062
23  58  2.499328
24  58  2.499204
25  58  2.499323
26  58  2.498898
27  58  2.499018
28  58  2.499277
29  58  2.498820
30  58  2.497994
31  58  2.498061
32  58  2.497071
33  58  2.498289
34  58  2.498087
35  58  2.498224
36  58  2.498498
37  58  2.498409
38  58  2.499236
39  58  2.499355
40  58  2.498974
41  58  2.499362
42  58  2.499567
43  58  2.498044
44  58  2.498811
45  58  2.498991
46  58  2.498870
47  58  2.498791
48  58  2.497389
49  58  2.498538
50  58  2.498589
51  58  2.498405
52  58  2.496845
53  58  2.495902
54  58  2.496329
55  58  2.497044
56  58  2.498779
57  58  2.498232
58  58  2.498607
59  58  2.498967
60  58  2.499096
61  58  2.497881
62  58  2.497882
63  58  2.497525
0  59  2.498831
1  59  2.498271
2  59  2.498012
3  59  2.497853
4  59  2.497532
5  59  2.498848
6  59  2.499166
7  59  2.499010
8  59  2.499088
9  59  2.499084
10  59  2.499009
11  59  2.499345
12  59  2.498816
13  59  2.497712
14  59  2.497826
15  59  2.498302
16  59  2.499307
17  59  2.499313
18  59  2.498549
19  59  2.497869
20  59  2.498849
21  59  2.498450
22  59  2.498794
23  59  2.499294
24  59  2.499265
25  59  2.499206
26  59  2.498229
27  59  2.497795
28  59  2.498465
29  59  2.498826
30  59  2.498316
31  59  2.497620
32  59  2.496773
33  59  2.498881
34  59  2.498620
35  59  2.498715
36  59  2.498600
37  59  2.498529
38  59  2.499337
39  59  2.499183
40  59  2.499161
41  59  2.499066
42  59  2.499606
43  59  2.498083
44  59  2.498727
45  59  2.499160
46  59  2.497618
47  59  2.497606
48  59  2.497039
49  59  2.498642
50  59  2.499104
51  59  2.498507
52  59  2.498520
53  59  2.499070
54  59  2.498878
55  59  2.498771
56  59  2.499214
57  59  2.499229
58  59  2.499146
59  59  2.499190
60  59  2.498683
61  59  2.498214
62  59  2.498375
63  59  2.498442
0  60  2.499506
1  60  2.499069
2  60  2.497180
3  60  2.497411
4  60  2.498090
5  60  2.498567
6  60  2.498342
7  60  2.497572
8  60  2.498556
9  60  2.498019
10  60  2.497755
11  60  2.497494
12  60  2.498175
13  60  2.497406
14  60  2.498289
15  60  2.498668
16  60  2.499299
17  60  2.499254
18  60  2.498883
19  60  2.497880
20  60  2.498332
21  60  2.497874
22  60  2.497985
23  60  2.499099
24  60  2.498840
25  60  2.498966
26  60  2.498727
27  60  2.498917
28  60  2.499035
29  60  2.499212
30  60  2.498739
31  60  2.498381
32  60  2.496932
33  60  2.498582
34  60  2.498172
35  60  2.498571
36  60  2.497900
37  60  2.497992
38  60  2.498933
39  60  2.499459
40  60  2.499259
41  60  2.499142
42  60  2.499079
43  60  2.498179
44  60  2.498127
45  60  2.498843
46  60  2.498419
47  60  2.498540
48  60  2.498784
49  60  2.499189
50  60  2.499573
51  60  2.499532
52  60  2.499286
53  60  2.498781
54  60  2.498825
55  60  2.498916
56  60  2.499556
57  60  2.499452
58  60  2.498791
59  60  2.498606
60  60  2.498374
61  60  2.498764
62  60  2.499053
63  60  2.499292
0  61  2.499302
1  61  2.499078
2  61  2.498794
3  61  2.498681
4  61  2.499057
5  61  2.498942
6  61  2.498483
7  61  2.497628
8  61  2.498450
9  61  2.498075
10  61  2.497760
11  61  2.497237
12  61  2.497759
13  61  2.497717
14  61  2.497756
15  61  2.499392
16  61  2.498105
17  61  2.497645
18  61  2.498693
19  61  2.496071
20  61  2.496131
21  61  2.497584
22  61  2.497416
23  61  2.499378
24  61  2.499086
25  61  2.496828
26  61  2.497444
27  61  2.497777
28  61  2.499487
29  61  2.498922
30  61  2.498854
31  61  2.498523
32  61  2.499065
33  61  2.499374
34  61  2.498929
35  61  2.498954
36  61  2.498721
37  61  2.498274
38  61  2.498008
39  61  2.498410
40  61  2.497906
41  61  2.498746
42  61  2.498650
43  61  2.498909
44  61  2.498742
45  61  2.499709
46  61  2.498283
47  61  2.498314
48  61  2.498063
49  61  2.499475
50  61  2.499389
51  61  2.499427
52  61  2.499017
53  61  2.499093
54  61  2.499306
55  61  2.499775
56  61  2.499693
57  61  2.499044
58  61  2.498102
59  61  2.497584
60  61  2.498299
61  61  2.498609
62  61  2.499331
63  61  2.499143
0  62  2.498761
1  62  2.498420
2  62  2.499454
3  62  2.498478
4  62  2.498731
5  62  2.498425
6  62  2.499094
7  62  2.498481
8  62  2.499084
9  62  2.498765
10  62  2.498798
11  62  2.497284
12  62  2.496879
13  62  2.497267
14  62  2.497240
15  62  2.499305
16  62  2.497995
17  62  2.497857
18  62  2.498636
19  62  2.497209
20  62  2.496043
21  62  2.497323
22  62  2.497887
23  62  2.498691
24  62  2.498370
25  62  2.496280
26  62  2.497593
27  62  2.498346
28  62  2.499239
29  62  2.498421
30  62  2.498869
31  62  2.498955
32  62  2.499692
33  62  2.499546
34  62  2.499151
35  62  2.499436
36  62  2.499530
37  62  2.498270
38  62  2.497538
39  62  2.498801
40  62  2.497548
41  62  2.498433
42  62  2.498587
43  62  2.498857
44  62  2.498915
45  62  2.499782
46  62  2.498732
47  62  2.497957
48  62  2.497474
49  62  2.498473
50  62  2.499332
51  62  2.499409
52  62  2.498973
53  62  2.498885
54  62  2.498950
55  62  2.499456
56  62  2.498715
57  62  2.498627
58  62  2.497675
59  62  2.497427
60  62  2.498395
61  62  2.498178
62  62  2.499226
63  62  2.498178
0  63  2.498773
1  63  2.498789
2  63  2.499341
3  63  2.498365
4  63  2.498307
5  63  2.498055
6  63  2.499436
7  63  2.499426
8  63  2.499490
9  63  2.499349
10  63  2.498907
11  63  2.498194
12  63  2.496822
13  63  2.497313
14  63  2.496865
15  63  2.498135
16  63  2.498100
17  63  2.497922
18  63  2.498565
19  63  2.498124
20  63  2.497658
21  63  2.498134
22  63  2.498167
23  63  2.497096
24  63  2.497496
25  63  2.495927
26  63  2.497758
27  63  2.497920
28  63  2.499547
29  63  2.498730
30  63  2.499029
31  63  2.498858
32  63  2.498511
33  63  2.498322
34  63  2.497218
35  63  2.498415
36  63  2.499663
37  63  2.498640
38  63  2.497954
39  63  2.498947
40  63  2.497959
41  63  2.497797
42  63  2.497856
43  63  2.497948
44  63  2.497979
45  63  2.499298
46  63  2.498843
47  63  2.498549
48  63  2.498511
49  63  2.499026
50  63  2.499470
51  63  2.499476
52  63  2.499447
53  63  2.498933
54  63  2.498453
55  63  2.498784
56  63  2.498099
57  63  2.498945
58  63  2.498148
59  63  2.497484
60  63  2.497658
61  63  2.497900
62  63  2.498837
63  63  2.498057
