# Mass field m(x,y) = Delta * R(x,y) at t = 10 seconds
# Grid: 64 x 64
# Columns: x  y  mass
0  0  2.497808
1  0  2.497909
2  0  2.497746
3  0  2.499051
4  0  2.498755
5  0  2.499294
6  0  2.499161
7  0  2.499229
8  0  2.499434
9  0  2.498370
10  0  2.498111
11  0  2.497392
12  0  2.498338
13  0  2.497882
14  0  2.498007
15  0  2.497822
16  0  2.498471
17  0  2.498535
18  0  2.499382
19  0  2.499082
20  0  2.498934
21  0  2.499008
22  0  2.498799
23  0  2.498802
24  0  2.498651
25  0  2.499029
26  0  2.499315
27  0  2.499485
28  0  2.498752
29  0  2.499008
30  0  2.499492
31  0  2.498302
32  0  2.497826
33  0  2.497999
34  0  2.497859
35  0  2.497302
36  0  2.497339
37  0  2.496213
38  0  2.499181
39  0  2.498026
40  0  2.498515
41  0  2.497666
42  0  2.498720
43  0  2.498958
44  0  2.498784
45  0  2.498749
46  0  2.499186
47  0  2.498878
48  0  2.499320
49  0  2.498333
50  0  2.499125
51  0  2.499389
52  0  2.499142
53  0  2.498967
54  0  2.498184
55  0  2.498973
56  0  2.498648
57  0  2.499308
58  0  2.499461
59  0  2.499314
60  0  2.499032
61  0  2.498790
62  0  2.498194
63  0  2.497967
0  1  2.499415
1  1  2.499253
2  1  2.498651
3  1  2.498840
4  1  2.498948
5  1  2.498885
6  1  2.498822
7  1  2.498112
8  1  2.498710
9  1  2.498403
10  1  2.498369
11  1  2.498426
12  1  2.498630
13  1  2.498333
14  1  2.498105
15  1  2.497906
16  1  2.498509
17  1  2.498109
18  1  2.499491
19  1  2.498864
20  1  2.498119
21  1  2.497454
22  1  2.497387
23  1  2.497448
24  1  2.497504
25  1  2.498549
26  1  2.499316
27  1  2.499444
28  1  2.498469
29  1  2.499032
30  1  2.499502
31  1  2.498002
32  1  2.498183
33  1  2.498794
34  1  2.498764
35  1  2.496959
36  1  2.497214
37  1  2.495356
38  1  2.498172
39  1  2.497753
40  1  2.498486
41  1  2.497497
42  1  2.498681
43  1  2.498084
44  1  2.498517
45  1  2.498391
46  1  2.499058
47  1  2.498841
48  1  2.498792
49  1  2.498062
50  1  2.498676
51  1  2.498944
52  1  2.498407
53  1  2.499014
54  1  2.497955
55  1  2.498742
56  1  2.498716
57  1  2.499207
58  1  2.498381
59  1  2.498751
60  1  2.498420
61  1  2.498457
62  1  2.497869
63  1  2.498615
0  2  2.499681
1  2  2.499784
2  2  2.499002
3  2  2.499049
4  2  2.499059
5  2  2.498908
6  2  2.498705
7  2  2.498051
8  2  2.496097
9  2  2.496287
10  2  2.496696
11  2  2.499378
12  2  2.498722
13  2  2.498531
14  2  2.496850
15  2  2.496957
16  2  2.497436
17  2  2.498914
18  2  2.499480
19  2  2.498920
20  2  2.498117
21  2  2.497320
22  2  2.497159
23  2  2.497488
24  2  2.497754
25  2  2.498382
26  2  2.499062
27  2  2.499500
28  2  2.498147
29  2  2.498127
30  2  2.498028
31  2  2.497650
32  2  2.497521
33  2  2.498515
34  2  2.499303
35  2  2.499128
36  2  2.498926
37  2  2.497466
38  2  2.497342
39  2  2.497862
40  2  2.498632
41  2  2.498075
42  2  2.498972
43  2  2.498939
44  2  2.499428
45  2  2.499196
46  2  2.498866
47  2  2.498740
48  2  2.498617
49  2  2.498286
50  2  2.498758
51  2  2.498524
52  2  2.497869
53  2  2.498256
54  2  2.498516
55  2  2.499134
56  2  2.498996
57  2  2.499372
58  2  2.496350
59  2  2.497649
60  2  2.498216
61  2  2.499595
62  2  2.499505
63  2  2.499722
0  3  2.498031
1  3  2.497126
2  3  2.497140
3  3  2.497772
4  3  2.499187
5  3  2.498722
6  3  2.498714
7  3  2.497940
8  3  2.495704
9  3  2.495853
10  3  2.496910
11  3  2.499155
12  3  2.499138
13  3  2.498510
14  3  2.496832
15  3  2.497031
16  3  2.497365
17  3  2.498217
18  3  2.498084
19  3  2.498082
20  3  2.498241
21  3  2.498224
22  3  2.498603
23  3  2.497052
24  3  2.496956
25  3  2.497785
26  3  2.498967
27  3  2.499489
28  3  2.498257
29  3  2.498227
30  3  2.497959
31  3  2.498899
32  3  2.498675
33  3  2.499083
34  3  2.499353
35  3  2.499381
36  3  2.498627
37  3  2.497112
38  3  2.496481
39  3  2.498152
40  3  2.498763
41  3  2.498677
42  3  2.498824
43  3  2.498806
44  3  2.499046
45  3  2.499344
46  3  2.498874
47  3  2.498383
48  3  2.498344
49  3  2.498407
50  3  2.498566
51  3  2.497992
52  3  2.497710
53  3  2.497459
54  3  2.498599
55  3  2.499086
56  3  2.499175
57  3  2.499201
58  3  2.496589
59  3  2.497978
60  3  2.498043
61  3  2.499571
62  3  2.499231
63  3  2.499391
0  4  2.498029
1  4  2.496928
2  4  2.496908
3  4  2.497768
4  4  2.499298
5  4  2.498800
6  4  2.498540
7  4  2.498736
8  4  2.496024
9  4  2.496642
10  4  2.496110
11  4  2.498884
12  4  2.499452
13  4  2.498683
14  4  2.497695
15  4  2.498152
16  4  2.498096
17  4  2.498588
18  4  2.498889
19  4  2.499040
20  4  2.498714
21  4  2.497731
22  4  2.497996
23  4  2.497672
24  4  2.498150
25  4  2.498605
26  4  2.498506
27  4  2.499165
28  4  2.498590
29  4  2.498746
30  4  2.498093
31  4  2.499074
32  4  2.499483
33  4  2.499748
34  4  2.499014
35  4  2.499008
36  4  2.497680
37  4  2.497808
38  4  2.498135
39  4  2.499302
40  4  2.498814
41  4  2.498752
42  4  2.498907
43  4  2.499254
44  4  2.499238
45  4  2.499218
46  4  2.498450
47  4  2.497995
48  4  2.498841
49  4  2.498713
50  4  2.499094
51  4  2.498419
52  4  2.498249
53  4  2.497474
54  4  2.498047
55  4  2.498279
56  4  2.499037
57  4  2.499574
58  4  2.497930
59  4  2.497838
60  4  2.497889
61  4  2.499357
62  4  2.499456
63  4  2.499250
0  5  2.497605
1  5  2.496902
2  5  2.496313
3  5  2.497796
4  5  2.499373
5  5  2.498843
6  5  2.498687
7  5  2.499472
8  5  2.498048
9  5  2.498162
10  5  2.497504
11  5  2.498591
12  5  2.498337
13  5  2.498693
14  5  2.498735
15  5  2.499345
16  5  2.498925
17  5  2.498483
18  5  2.499122
19  5  2.499275
20  5  2.499278
21  5  2.498953
22  5  2.498900
23  5  2.498734
24  5  2.499025
25  5  2.499203
26  5  2.498391
27  5  2.498186
28  5  2.498558
29  5  2.499305
30  5  2.498894
31  5  2.498866
32  5  2.498387
33  5  2.498773
34  5  2.497896
35  5  2.498646
36  5  2.497866
37  5  2.497787
38  5  2.498009
39  5  2.499288
40  5  2.499030
41  5  2.499222
42  5  2.498721
43  5  2.499579
44  5  2.499398
45  5  2.499352
46  5  2.498653
47  5  2.498381
48  5  2.499476
49  5  2.499031
50  5  2.498912
51  5  2.498929
52  5  2.499440
53  5  2.499148
54  5  2.498275
55  5  2.498284
56  5  2.499041
57  5  2.499519
58  5  2.499354
59  5  2.499325
60  5  2.499358
61  5  2.499447
62  5  2.499381
63  5  2.499350
0  6  2.498480
1  6  2.498594
2  6  2.498360
3  6  2.499511
4  6  2.499485
5  6  2.499073
6  6  2.498548
7  6  2.498885
8  6  2.497730
9  6  2.497924
10  6  2.497299
11  6  2.498148
12  6  2.497907
13  6  2.498805
14  6  2.498942
15  6  2.499516
16  6  2.499219
17  6  2.499333
18  6  2.499405
19  6  2.499166
20  6  2.499003
21  6  2.499372
22  6  2.499058
23  6  2.498460
24  6  2.498352
25  6  2.498178
26  6  2.497471
27  6  2.496524
28  6  2.497402
29  6  2.498463
30  6  2.498294
31  6  2.498878
32  6  2.498286
33  6  2.498788
34  6  2.497751
35  6  2.498496
36  6  2.498540
37  6  2.498214
38  6  2.498466
39  6  2.499260
40  6  2.498942
41  6  2.498910
42  6  2.498843
43  6  2.498875
44  6  2.499004
45  6  2.498742
46  6  2.498131
47  6  2.498588
48  6  2.498986
49  6  2.498883
50  6  2.498872
51  6  2.498804
52  6  2.499053
53  6  2.499317
54  6  2.498337
55  6  2.497764
56  6  2.497368
57  6  2.498633
58  6  2.498591
59  6  2.499193
60  6  2.499225
61  6  2.499665
62  6  2.499424
63  6  2.499377
0  7  2.498198
1  7  2.498377
2  7  2.498413
3  7  2.499507
4  7  2.499031
5  7  2.499202
6  7  2.498634
7  7  2.498838
8  7  2.499106
9  7  2.498378
10  7  2.496293
11  7  2.497184
12  7  2.497684
13  7  2.499385
14  7  2.499238
15  7  2.499607
16  7  2.498619
17  7  2.497965
18  7  2.497972
19  7  2.498348
20  7  2.498815
21  7  2.499170
22  7  2.499135
23  7  2.499354
24  7  2.499263
25  7  2.498399
26  7  2.497725
27  7  2.497132
28  7  2.499523
29  7  2.499443
30  7  2.498191
31  7  2.498743
32  7  2.497442
33  7  2.497762
34  7  2.497889
35  7  2.498905
36  7  2.498830
37  7  2.498172
38  7  2.498518
39  7  2.498423
40  7  2.498412
41  7  2.498111
42  7  2.499103
43  7  2.497984
44  7  2.498312
45  7  2.498391
46  7  2.498208
47  7  2.498837
48  7  2.498853
49  7  2.497941
50  7  2.498065
51  7  2.498776
52  7  2.497763
53  7  2.497310
54  7  2.497153
55  7  2.498476
56  7  2.497194
57  7  2.497604
58  7  2.497547
59  7  2.499199
60  7  2.499127
61  7  2.499659
62  7  2.499488
63  7  2.499113
0  8  2.498425
1  8  2.499219
2  8  2.498760
3  8  2.498902
4  8  2.498784
5  8  2.498880
6  8  2.498451
7  8  2.498809
8  8  2.498498
9  8  2.497861
10  8  2.498300
11  8  2.498780
12  8  2.498950
13  8  2.499459
14  8  2.499027
15  8  2.498880
16  8  2.498250
17  8  2.498398
18  8  2.498597
19  8  2.498397
20  8  2.498711
21  8  2.498908
22  8  2.499151
23  8  2.499427
24  8  2.499303
25  8  2.499306
26  8  2.498906
27  8  2.498407
28  8  2.498747
29  8  2.499295
30  8  2.498824
31  8  2.498216
32  8  2.498130
33  8  2.498142
34  8  2.498660
35  8  2.499053
36  8  2.498681
37  8  2.498322
38  8  2.498438
39  8  2.498647
40  8  2.499004
41  8  2.498636
42  8  2.499364
43  8  2.497926
44  8  2.498680
45  8  2.498634
46  8  2.498932
47  8  2.498978
48  8  2.499361
49  8  2.498651
50  8  2.498751
51  8  2.498265
52  8  2.497256
53  8  2.495912
54  8  2.496305
55  8  2.497502
56  8  2.497097
57  8  2.497065
58  8  2.497664
59  8  2.499031
60  8  2.499126
61  8  2.499124
62  8  2.499770
63  8  2.498779
0  9  2.498209
1  9  2.498297
2  9  2.498636
3  9  2.497478
4  9  2.497813
5  9  2.497238
6  9  2.497586
7  9  2.497993
8  9  2.498891
9  9  2.498544
10  9  2.498363
11  9  2.498176
12  9  2.498434
13  9  2.498842
14  9  2.498907
15  9  2.498858
16  9  2.498533
17  9  2.499402
18  9  2.499122
19  9  2.498220
20  9  2.498637
21  9  2.498947
22  9  2.499539
23  9  2.499598
24  9  2.499620
25  9  2.499605
26  9  2.499375
27  9  2.498670
28  9  2.498250
29  9  2.498405
30  9  2.499102
31  9  2.498146
32  9  2.498475
33  9  2.499177
34  9  2.499420
35  9  2.499138
36  9  2.498394
37  9  2.498464
38  9  2.498029
39  9  2.498263
40  9  2.498625
41  9  2.498839
42  9  2.498744
43  9  2.498314
44  9  2.498539
45  9  2.498719
46  9  2.499521
47  9  2.498971
48  9  2.498874
49  9  2.498440
50  9  2.498549
51  9  2.498661
52  9  2.498150
53  9  2.496224
54  9  2.496626
55  9  2.497858
56  9  2.498936
57  9  2.497991
58  9  2.497970
59  9  2.498356
60  9  2.499125
61  9  2.498850
62  9  2.499041
63  9  2.498761
0  10  2.497873
1  10  2.497612
2  10  2.497810
3  10  2.496332
4  10  2.497638
5  10  2.498650
6  10  2.498517
7  10  2.498109
8  10  2.499167
9  10  2.499358
10  10  2.499318
11  10  2.498678
12  10  2.498808
13  10  2.497985
14  10  2.498249
15  10  2.497874
16  10  2.498130
17  10  2.498512
18  10  2.498453
19  10  2.498447
20  10  2.498396
21  10  2.499398
22  10  2.499372
23  10  2.499494
24  10  2.499761
25  10  2.499528
26  10  2.499604
27  10  2.499465
28  10  2.498017
29  10  2.498103
30  10  2.498836
31  10  2.498188
32  10  2.498355
33  10  2.499255
34  10  2.499566
35  10  2.499516
36  10  2.498755
37  10  2.498649
38  10  2.498192
39  10  2.498847
40  10  2.498829
41  10  2.499078
42  10  2.498700
43  10  2.497984
44  10  2.497427
45  10  2.496926
46  10  2.499477
47  10  2.499337
48  10  2.498929
49  10  2.498714
50  10  2.498996
51  10  2.499102
52  10  2.499135
53  10  2.498646
54  10  2.498204
55  10  2.497831
56  10  2.498392
57  10  2.498237
58  10  2.498765
59  10  2.499138
60  10  2.499104
61  10  2.498269
62  10  2.498131
63  10  2.498887
0  11  2.498026
1  11  2.497765
2  11  2.498003
3  11  2.496889
4  11  2.497574
5  11  2.497418
6  11  2.498303
7  11  2.498183
8  11  2.499032
9  11  2.499382
10  11  2.498838
11  11  2.497497
12  11  2.497315
13  11  2.497185
14  11  2.498325
15  11  2.498220
16  11  2.498456
17  11  2.498363
18  11  2.498033
19  11  2.498222
20  11  2.498680
21  11  2.499368
22  11  2.499454
23  11  2.499236
24  11  2.499195
25  11  2.498881
26  11  2.499172
27  11  2.499337
28  11  2.498434
29  11  2.498306
30  11  2.499000
31  11  2.498696
32  11  2.498592
33  11  2.499122
34  11  2.499157
35  11  2.499200
36  11  2.498900
37  11  2.498744
38  11  2.498989
39  11  2.498959
40  11  2.498525
41  11  2.498388
42  11  2.498284
43  11  2.497255
44  11  2.497633
45  11  2.496186
46  11  2.497761
47  11  2.497391
48  11  2.498061
49  11  2.497946
50  11  2.498856
51  11  2.498346
52  11  2.498428
53  11  2.498228
54  11  2.498397
55  11  2.498347
56  11  2.498832
57  11  2.498963
58  11  2.498476
59  11  2.499029
60  11  2.499515
61  11  2.498847
62  11  2.498323
63  11  2.499126
0  12  2.497927
1  12  2.498327
2  12  2.498413
3  12  2.498310
4  12  2.498333
5  12  2.498658
6  12  2.498637
7  12  2.498696
8  12  2.498729
9  12  2.499384
10  12  2.498944
11  12  2.498667
12  12  2.498625
13  12  2.498247
14  12  2.497893
15  12  2.497591
16  12  2.498295
17  12  2.498739
18  12  2.496774
19  12  2.496881
20  12  2.496840
21  12  2.498885
22  12  2.499021
23  12  2.498522
24  12  2.498371
25  12  2.497854
26  12  2.497876
27  12  2.499468
28  12  2.498736
29  12  2.498384
30  12  2.498120
31  12  2.498378
32  12  2.498734
33  12  2.499042
34  12  2.499099
35  12  2.499338
36  12  2.499013
37  12  2.498303
38  12  2.499054
39  12  2.499002
40  12  2.498827
41  12  2.498638
42  12  2.498857
43  12  2.497743
44  12  2.498034
45  12  2.496780
46  12  2.498175
47  12  2.497706
48  12  2.498646
49  12  2.498367
50  12  2.498987
51  12  2.498274
52  12  2.498564
53  12  2.499007
54  12  2.499083
55  12  2.498696
56  12  2.498299
57  12  2.499187
58  12  2.498777
59  12  2.499206
60  12  2.499239
61  12  2.498727
62  12  2.497975
63  12  2.498660
0  13  2.498761
1  13  2.498271
2  13  2.498484
3  13  2.498206
4  13  2.498736
5  13  2.498941
6  13  2.498496
7  13  2.498632
8  13  2.498715
9  13  2.498879
10  13  2.498382
11  13  2.497773
12  13  2.498064
13  13  2.498247
14  13  2.497928
15  13  2.498304
16  13  2.498553
17  13  2.498832
18  13  2.497513
19  13  2.497312
20  13  2.497969
21  13  2.498212
22  13  2.498523
23  13  2.498328
24  13  2.498274
25  13  2.497665
26  13  2.497785
27  13  2.499412
28  13  2.499490
29  13  2.499355
30  13  2.499007
31  13  2.498785
32  13  2.498760
33  13  2.499133
34  13  2.499270
35  13  2.499428
36  13  2.498970
37  13  2.497630
38  13  2.498157
39  13  2.499391
40  13  2.499181
41  13  2.498784
42  13  2.498607
43  13  2.498823
44  13  2.499004
45  13  2.497884
46  13  2.497677
47  13  2.497631
48  13  2.498570
49  13  2.499002
50  13  2.499212
51  13  2.498909
52  13  2.498721
53  13  2.498631
54  13  2.499107
55  13  2.498992
56  13  2.498505
57  13  2.498867
58  13  2.498622
59  13  2.499117
60  13  2.499043
61  13  2.498622
62  13  2.498811
63  13  2.499102
0  14  2.498967
1  14  2.498667
2  14  2.498853
3  14  2.498352
4  14  2.499122
5  14  2.498804
6  14  2.498607
7  14  2.499496
8  14  2.499544
9  14  2.499338
10  14  2.499146
11  14  2.498259
12  14  2.498025
13  14  2.498477
14  14  2.498072
15  14  2.498293
16  14  2.498774
17  14  2.498293
18  14  2.498061
19  14  2.498376
20  14  2.499150
21  14  2.498253
22  14  2.498372
23  14  2.498677
24  14  2.499072
25  14  2.498187
26  14  2.498157
27  14  2.499569
28  14  2.499464
29  14  2.499594
30  14  2.499672
31  14  2.499509
32  14  2.499092
33  14  2.498517
34  14  2.498552
35  14  2.499026
36  14  2.498171
37  14  2.496644
38  14  2.496182
39  14  2.498740
40  14  2.499308
41  14  2.499307
42  14  2.498591
43  14  2.498892
44  14  2.497894
45  14  2.499686
46  14  2.498516
47  14  2.498842
48  14  2.499338
49  14  2.499648
50  14  2.499530
51  14  2.498923
52  14  2.498068
53  14  2.498638
54  14  2.498654
55  14  2.499262
56  14  2.498869
57  14  2.499320
58  14  2.499113
59  14  2.499262
60  14  2.498202
61  14  2.497982
62  14  2.498096
63  14  2.498978
0  15  2.499228
1  15  2.498923
2  15  2.498955
3  15  2.498622
4  15  2.499253
5  15  2.498497
6  15  2.498421
7  15  2.499241
8  15  2.499744
9  15  2.499497
10  15  2.499525
11  15  2.498647
12  15  2.498487
13  15  2.499043
14  15  2.499134
15  15  2.499280
16  15  2.499449
17  15  2.498746
18  15  2.498801
19  15  2.499219
20  15  2.499076
21  15  2.499302
22  15  2.499396
23  15  2.499300
24  15  2.499258
25  15  2.498540
26  15  2.498662
27  15  2.499160
28  15  2.499075
29  15  2.499099
30  15  2.499258
31  15  2.498862
32  15  2.498507
33  15  2.497905
34  15  2.498404
35  15  2.498717
36  15  2.498484
37  15  2.498134
38  15  2.497475
39  15  2.498238
40  15  2.497840
41  15  2.498702
42  15  2.498477
43  15  2.498932
44  15  2.498011
45  15  2.499413
46  15  2.497762
47  15  2.498507
48  15  2.499261
49  15  2.499488
50  15  2.499251
51  15  2.498990
52  15  2.498157
53  15  2.498988
54  15  2.497794
55  15  2.498665
56  15  2.499218
57  15  2.498880
58  15  2.499099
59  15  2.498374
60  15  2.498157
61  15  2.497832
62  15  2.498588
63  15  2.499218
0  16  2.499224
1  16  2.499327
2  16  2.499269
3  16  2.499537
4  16  2.499592
5  16  2.498338
6  16  2.497363
7  16  2.497001
8  16  2.499442
9  16  2.499101
10  16  2.499136
11  16  2.498995
12  16  2.499387
13  16  2.499571
14  16  2.499504
15  16  2.499561
16  16  2.499530
17  16  2.498847
18  16  2.498646
19  16  2.499180
20  16  2.498976
21  16  2.499382
22  16  2.499498
23  16  2.499456
24  16  2.499289
25  16  2.498903
26  16  2.498959
27  16  2.499101
28  16  2.499051
29  16  2.498377
30  16  2.498397
31  16  2.498396
32  16  2.498116
33  16  2.497363
34  16  2.497202
35  16  2.497383
36  16  2.497249
37  16  2.498762
38  16  2.498719
39  16  2.498942
40  16  2.498602
41  16  2.499337
42  16  2.498865
43  16  2.498918
44  16  2.498472
45  16  2.499492
46  16  2.498395
47  16  2.498517
48  16  2.498672
49  16  2.499037
50  16  2.499099
51  16  2.499270
52  16  2.498632
53  16  2.498338
54  16  2.497451
55  16  2.498684
56  16  2.499176
57  16  2.498924
58  16  2.499166
59  16  2.498533
60  16  2.497335
61  16  2.497198
62  16  2.497892
63  16  2.499254
0  17  2.498580
1  17  2.499175
2  17  2.499469
3  17  2.499505
4  17  2.499327
5  17  2.498797
6  17  2.497820
7  17  2.497125
8  17  2.499523
9  17  2.499601
10  17  2.499155
11  17  2.499206
12  17  2.499818
13  17  2.499741
14  17  2.499609
15  17  2.499482
16  17  2.499378
17  17  2.498966
18  17  2.499269
19  17  2.499758
20  17  2.499091
21  17  2.499041
22  17  2.499372
23  17  2.499408
24  17  2.499113
25  17  2.499037
26  17  2.498962
27  17  2.499072
28  17  2.498612
29  17  2.497591
30  17  2.498376
31  17  2.499422
32  17  2.498533
33  17  2.497583
34  17  2.497758
35  17  2.497231
36  17  2.497805
37  17  2.498970
38  17  2.498906
39  17  2.498542
40  17  2.498422
41  17  2.499006
42  17  2.499069
43  17  2.499667
44  17  2.499225
45  17  2.499223
46  17  2.499027
47  17  2.499013
48  17  2.499094
49  17  2.499511
50  17  2.499475
51  17  2.498609
52  17  2.497123
53  17  2.496902
54  17  2.497345
55  17  2.499040
56  17  2.499222
57  17  2.498752
58  17  2.499038
59  17  2.498460
60  17  2.498457
61  17  2.498409
62  17  2.498917
63  17  2.498458
0  18  2.497456
1  18  2.498602
2  18  2.499560
3  18  2.498877
4  18  2.498236
5  18  2.497669
6  18  2.497901
7  18  2.497287
8  18  2.498757
9  18  2.498669
10  18  2.498162
11  18  2.498766
12  18  2.499352
13  18  2.499573
14  18  2.499459
15  18  2.498927
16  18  2.498810
17  18  2.497797
18  18  2.499229
19  18  2.499589
20  18  2.499197
21  18  2.499357
22  18  2.499486
23  18  2.499429
24  18  2.498815
25  18  2.499312
26  18  2.498858
27  18  2.499200
28  18  2.498839
29  18  2.498095
30  18  2.498592
31  18  2.498905
32  18  2.498743
33  18  2.497525
34  18  2.497387
35  18  2.497089
36  18  2.498309
37  18  2.498978
38  18  2.498465
39  18  2.498663
40  18  2.498877
41  18  2.499343
42  18  2.499321
43  18  2.499458
44  18  2.498978
45  18  2.499018
46  18  2.499109
47  18  2.499326
48  18  2.498008
49  18  2.497740
50  18  2.498031
51  18  2.498130
52  18  2.497624
53  18  2.498183
54  18  2.499077
55  18  2.499389
56  18  2.498898
57  18  2.498566
58  18  2.498786
59  18  2.499034
60  18  2.498565
61  18  2.497897
62  18  2.498414
63  18  2.496253
0  19  2.497793
1  19  2.498637
2  19  2.499697
3  19  2.498836
4  19  2.497984
5  19  2.497950
6  19  2.498422
7  19  2.498989
8  19  2.499102
9  19  2.499068
10  19  2.499145
11  19  2.499166
12  19  2.499077
13  19  2.499520
14  19  2.499544
15  19  2.498743
16  19  2.498341
17  19  2.497197
18  19  2.499102
19  19  2.499568
20  19  2.498551
21  19  2.498283
22  19  2.498424
23  19  2.497951
24  19  2.498323
25  19  2.498460
26  19  2.498530
27  19  2.498303
28  19  2.498403
29  19  2.498780
30  19  2.498195
31  19  2.498142
32  19  2.498750
33  19  2.497866
34  19  2.498276
35  19  2.498105
36  19  2.499105
37  19  2.497364
38  19  2.497864
39  19  2.498650
40  19  2.499126
41  19  2.499295
42  19  2.498840
43  19  2.499095
44  19  2.498425
45  19  2.498916
46  19  2.498997
47  19  2.499635
48  19  2.498267
49  19  2.497797
50  19  2.498098
51  19  2.498148
52  19  2.497327
53  19  2.497207
54  19  2.497130
55  19  2.497741
56  19  2.498115
57  19  2.498264
58  19  2.499087
59  19  2.498991
60  19  2.498895
61  19  2.497904
62  19  2.498887
63  19  2.497001
0  20  2.498597
1  20  2.499500
2  20  2.499431
3  20  2.498797
4  20  2.498247
5  20  2.498170
6  20  2.497816
7  20  2.498775
8  20  2.499103
9  20  2.499451
10  20  2.499474
11  20  2.499098
12  20  2.498965
13  20  2.499429
14  20  2.499463
15  20  2.498758
16  20  2.498247
17  20  2.496692
18  20  2.498798
19  20  2.498317
20  20  2.497658
21  20  2.498712
22  20  2.498186
23  20  2.497754
24  20  2.498713
25  20  2.498640
26  20  2.498950
27  20  2.497918
28  20  2.497516
29  20  2.498672
30  20  2.498280
31  20  2.498751
32  20  2.499192
33  20  2.498447
34  20  2.498458
35  20  2.498497
36  20  2.499072
37  20  2.497979
38  20  2.498055
39  20  2.497811
40  20  2.497683
41  20  2.497776
42  20  2.497453
43  20  2.498035
44  20  2.498722
45  20  2.498762
46  20  2.499110
47  20  2.499370
48  20  2.498385
49  20  2.497988
50  20  2.498120
51  20  2.498752
52  20  2.498301
53  20  2.497899
54  20  2.498339
55  20  2.498601
56  20  2.499045
57  20  2.497921
58  20  2.498456
59  20  2.498319
60  20  2.499413
61  20  2.498697
62  20  2.497981
63  20  2.497510
0  21  2.497007
1  21  2.499017
2  21  2.499596
3  21  2.499568
4  21  2.499336
5  21  2.499028
6  21  2.497161
7  21  2.498181
8  21  2.498514
9  21  2.499124
10  21  2.499177
11  21  2.499103
12  21  2.499012
13  21  2.498761
14  21  2.499265
15  21  2.498580
16  21  2.498092
17  21  2.497607
18  21  2.498690
19  21  2.498147
20  21  2.497048
21  21  2.498128
22  21  2.498358
23  21  2.497585
24  21  2.499367
25  21  2.499087
26  21  2.498943
27  21  2.498265
28  21  2.497531
29  21  2.499122
30  21  2.498661
31  21  2.497741
32  21  2.497756
33  21  2.497386
34  21  2.498360
35  21  2.498267
36  21  2.499141
37  21  2.498273
38  21  2.498188
39  21  2.497867
40  21  2.498234
41  21  2.498367
42  21  2.497478
43  21  2.498141
44  21  2.499113
45  21  2.499156
46  21  2.499007
47  21  2.498238
48  21  2.498104
49  21  2.498426
50  21  2.499365
51  21  2.499208
52  21  2.498881
53  21  2.497937
54  21  2.498273
55  21  2.498544
56  21  2.499454
57  21  2.498445
58  21  2.499017
59  21  2.499265
60  21  2.499369
61  21  2.499067
62  21  2.496377
63  21  2.495701
0  22  2.498231
1  22  2.499442
2  22  2.499565
3  22  2.499544
4  22  2.499472
5  22  2.499215
6  22  2.497964
7  22  2.498587
8  22  2.498680
9  22  2.499233
10  22  2.499130
11  22  2.499304
12  22  2.499275
13  22  2.499203
14  22  2.499359
15  22  2.499146
16  22  2.498926
17  22  2.498373
18  22  2.497812
19  22  2.497520
20  22  2.497823
21  22  2.498535
22  22  2.498637
23  22  2.499164
24  22  2.499667
25  22  2.499733
26  22  2.499065
27  22  2.498468
28  22  2.497330
29  22  2.499140
30  22  2.498810
31  22  2.496812
32  22  2.496089
33  22  2.494674
34  22  2.497181
35  22  2.498393
36  22  2.499155
37  22  2.499343
38  22  2.499207
39  22  2.498430
40  22  2.497132
41  22  2.497080
42  22  2.497587
43  22  2.498148
44  22  2.498788
45  22  2.498800
46  22  2.498806
47  22  2.498849
48  22  2.498446
49  22  2.498842
50  22  2.499710
51  22  2.499221
52  22  2.498801
53  22  2.498287
54  22  2.498018
55  22  2.498340
56  22  2.499390
57  22  2.498441
58  22  2.497872
59  22  2.497987
60  22  2.498543
61  22  2.499013
62  22  2.496819
63  22  2.496674
0  23  2.496892
1  23  2.498908
2  23  2.499461
3  23  2.499446
4  23  2.499305
5  23  2.498763
6  23  2.498214
7  23  2.498436
8  23  2.498995
9  23  2.499225
10  23  2.499185
11  23  2.498832
12  23  2.499013
13  23  2.498780
14  23  2.499254
15  23  2.499283
16  23  2.499115
17  23  2.498856
18  23  2.498807
19  23  2.498939
20  23  2.498618
21  23  2.498396
22  23  2.498652
23  23  2.499397
24  23  2.499609
25  23  2.499191
26  23  2.498443
27  23  2.498379
28  23  2.498231
29  23  2.499122
30  23  2.497684
31  23  2.497196
32  23  2.497195
33  23  2.494217
34  23  2.496906
35  23  2.498358
36  23  2.499238
37  23  2.498788
38  23  2.497045
39  23  2.497272
40  23  2.496869
41  23  2.498630
42  23  2.498727
43  23  2.499003
44  23  2.498899
45  23  2.498864
46  23  2.498906
47  23  2.499252
48  23  2.498545
49  23  2.498583
50  23  2.499120
51  23  2.499044
52  23  2.499292
53  23  2.498379
54  23  2.498514
55  23  2.498430
56  23  2.499329
57  23  2.499426
58  23  2.497524
59  23  2.498122
60  23  2.498173
61  23  2.499161
62  23  2.497298
63  23  2.496393
0  24  2.499091
1  24  2.499384
2  24  2.499175
3  24  2.499113
4  24  2.498976
5  24  2.498907
6  24  2.498908
7  24  2.499193
8  24  2.499587
9  24  2.499668
10  24  2.499395
11  24  2.498899
12  24  2.499270
13  24  2.499051
14  24  2.499728
15  24  2.499554
16  24  2.499556
17  24  2.498962
18  24  2.499265
19  24  2.499617
20  24  2.498843
21  24  2.498741
22  24  2.499317
23  24  2.499709
24  24  2.499368
25  24  2.498060
26  24  2.498385
27  24  2.498521
28  24  2.498368
29  24  2.498625
30  24  2.497411
31  24  2.497434
32  24  2.497961
33  24  2.496407
34  24  2.497785
35  24  2.499387
36  24  2.499297
37  24  2.499039
38  24  2.497346
39  24  2.497254
40  24  2.497536
41  24  2.498975
42  24  2.499303
43  24  2.498048
44  24  2.497720
45  24  2.497374
46  24  2.498916
47  24  2.498578
48  24  2.498137
49  24  2.497901
50  24  2.499012
51  24  2.499074
52  24  2.499023
53  24  2.498193
54  24  2.498044
55  24  2.497917
56  24  2.499329
57  24  2.499592
58  24  2.498138
59  24  2.498374
60  24  2.498378
61  24  2.497288
62  24  2.497130
63  24  2.496677
0  25  2.497072
1  25  2.498118
2  25  2.498414
3  25  2.499139
4  25  2.498919
5  25  2.498516
6  25  2.498239
7  25  2.498359
8  25  2.499090
9  25  2.499319
10  25  2.499276
11  25  2.499008
12  25  2.498924
13  25  2.498538
14  25  2.499301
15  25  2.499220
16  25  2.499627
17  25  2.499382
18  25  2.499545
19  25  2.499480
20  25  2.498921
21  25  2.498968
22  25  2.499719
23  25  2.499737
24  25  2.499413
25  25  2.498178
26  25  2.498522
27  25  2.498273
28  25  2.499017
29  25  2.499538
30  25  2.498850
31  25  2.498676
32  25  2.498601
33  25  2.499090
34  25  2.499051
35  25  2.499393
36  25  2.499302
37  25  2.499377
38  25  2.498161
39  25  2.498388
40  25  2.498381
41  25  2.499104
42  25  2.499408
43  25  2.498335
44  25  2.498548
45  25  2.498625
46  25  2.499102
47  25  2.498111
48  25  2.498327
49  25  2.498204
50  25  2.498941
51  25  2.498999
52  25  2.498848
53  25  2.498085
54  25  2.498187
55  25  2.498017
56  25  2.499136
57  25  2.499182
58  25  2.499603
59  25  2.498828
60  25  2.498306
61  25  2.497227
62  25  2.497141
63  25  2.496238
0  26  2.498226
1  26  2.498368
2  26  2.498489
3  26  2.499311
4  26  2.498799
5  26  2.498675
6  26  2.498613
7  26  2.498876
8  26  2.498785
9  26  2.498502
10  26  2.498909
11  26  2.499748
12  26  2.499027
13  26  2.498344
14  26  2.498352
15  26  2.498460
16  26  2.499054
17  26  2.498584
18  26  2.498898
19  26  2.499224
20  26  2.499251
21  26  2.499210
22  26  2.499396
23  26  2.499511
24  26  2.499211
25  26  2.498153
26  26  2.498399
27  26  2.498396
28  26  2.499546
29  26  2.499681
30  26  2.499705
31  26  2.499513
32  26  2.499357
33  26  2.499275
34  26  2.499320
35  26  2.498731
36  26  2.498553
37  26  2.499142
38  26  2.499171
39  26  2.498557
40  26  2.498833
41  26  2.498431
42  26  2.498785
43  26  2.498932
44  26  2.499000
45  26  2.499197
46  26  2.499114
47  26  2.497917
48  26  2.498188
49  26  2.498052
50  26  2.498449
51  26  2.498536
52  26  2.498318
53  26  2.498085
54  26  2.498954
55  26  2.498493
56  26  2.499084
57  26  2.499289
58  26  2.499796
59  26  2.498989
60  26  2.498775
61  26  2.497671
62  26  2.497534
63  26  2.497551
0  27  2.497395
1  27  2.498061
2  27  2.498758
3  27  2.499667
4  27  2.499100
5  27  2.499126
6  27  2.499084
7  27  2.498879
8  27  2.498726
9  27  2.498582
10  27  2.499076
11  27  2.499610
12  27  2.498675
13  27  2.498036
14  27  2.497883
15  27  2.497584
16  27  2.497950
17  27  2.497730
18  27  2.498989
19  27  2.499551
20  27  2.499509
21  27  2.499494
22  27  2.498910
23  27  2.499181
24  27  2.497818
25  27  2.498456
26  27  2.498158
27  27  2.499107
28  27  2.499152
29  27  2.499578
30  27  2.499702
31  27  2.499301
32  27  2.499375
33  27  2.499031
34  27  2.499265
35  27  2.498776
36  27  2.498729
37  27  2.498540
38  27  2.498945
39  27  2.498217
40  27  2.498722
41  27  2.498874
42  27  2.498652
43  27  2.499528
44  27  2.499819
45  27  2.499722
46  27  2.499319
47  27  2.499179
48  27  2.498626
49  27  2.498922
50  27  2.498456
51  27  2.497143
52  27  2.498135
53  27  2.497717
54  27  2.498737
55  27  2.498576
56  27  2.498862
57  27  2.498788
58  27  2.499321
59  27  2.498708
60  27  2.499093
61  27  2.498517
62  27  2.498093
63  27  2.498042
0  28  2.498505
1  28  2.498264
2  28  2.499480
3  28  2.499105
4  28  2.498147
5  28  2.498576
6  28  2.498461
7  28  2.498754
8  28  2.498309
9  28  2.498180
10  28  2.499240
11  28  2.498768
12  28  2.498147
13  28  2.497705
14  28  2.498273
15  28  2.498086
16  28  2.497975
17  28  2.497617
18  28  2.498910
19  28  2.499297
20  28  2.499217
21  28  2.498975
22  28  2.498520
23  28  2.498495
24  28  2.497408
25  28  2.497308
26  28  2.497141
27  28  2.498070
28  28  2.498494
29  28  2.499538
30  28  2.499686
31  28  2.499375
32  28  2.499578
33  28  2.499263
34  28  2.499575
35  28  2.497957
36  28  2.497922
37  28  2.497528
38  28  2.499240
39  28  2.498722
40  28  2.499046
41  28  2.498776
42  28  2.498469
43  28  2.499220
44  28  2.499315
45  28  2.499453
46  28  2.499355
47  28  2.498965
48  28  2.498043
49  28  2.498343
50  28  2.497704
51  28  2.497146
52  28  2.498810
53  28  2.498277
54  28  2.498491
55  28  2.498440
56  28  2.499036
57  28  2.498781
58  28  2.498895
59  28  2.498486
60  28  2.498944
61  28  2.498915
62  28  2.498916
63  28  2.498697
0  29  2.498908
1  29  2.498759
2  29  2.499557
3  29  2.498803
4  29  2.497856
5  29  2.498095
6  29  2.498248
7  29  2.498590
8  29  2.498412
9  29  2.498165
10  29  2.497606
11  29  2.497589
12  29  2.497614
13  29  2.498583
14  29  2.499110
15  29  2.498334
16  29  2.498703
17  29  2.498152
18  29  2.498377
19  29  2.498646
20  29  2.499487
21  29  2.498255
22  29  2.497717
23  29  2.497040
24  29  2.497329
25  29  2.497393
26  29  2.497229
27  29  2.498055
28  29  2.497980
29  29  2.498916
30  29  2.499258
31  29  2.499206
32  29  2.499568
33  29  2.499300
34  29  2.499501
35  29  2.498247
36  29  2.498536
37  29  2.498271
38  29  2.498958
39  29  2.498407
40  29  2.499035
41  29  2.499583
42  29  2.499204
43  29  2.499368
44  29  2.499361
45  29  2.498425
46  29  2.498577
47  29  2.498082
48  29  2.499007
49  29  2.497890
50  29  2.498157
51  29  2.497858
52  29  2.499116
53  29  2.498369
54  29  2.498354
55  29  2.498575
56  29  2.499186
57  29  2.498830
58  29  2.498596
59  29  2.498148
60  29  2.498332
61  29  2.498202
62  29  2.498449
63  29  2.497988
0  30  2.498579
1  30  2.498925
2  30  2.499035
3  30  2.498403
4  30  2.497911
5  30  2.497953
6  30  2.497827
7  30  2.498859
8  30  2.498677
9  30  2.498651
10  30  2.497293
11  30  2.497123
12  30  2.497681
13  30  2.498925
14  30  2.499337
15  30  2.498325
16  30  2.498715
17  30  2.498184
18  30  2.498653
19  30  2.498491
20  30  2.499276
21  30  2.498023
22  30  2.498442
23  30  2.497850
24  30  2.498884
25  30  2.498421
26  30  2.498615
27  30  2.497844
28  30  2.497875
29  30  2.498458
30  30  2.499241
31  30  2.499327
32  30  2.498692
33  30  2.498433
34  30  2.497897
35  30  2.497657
36  30  2.498019
37  30  2.498648
38  30  2.499449
39  30  2.498193
40  30  2.498055
41  30  2.498594
42  30  2.498216
43  30  2.498815
44  30  2.499051
45  30  2.497898
46  30  2.498799
47  30  2.497769
48  30  2.498991
49  30  2.498497
50  30  2.499282
51  30  2.498990
52  30  2.499325
53  30  2.498932
54  30  2.498641
55  30  2.498716
56  30  2.499170
57  30  2.499450
58  30  2.499514
59  30  2.498178
60  30  2.498075
61  30  2.497924
62  30  2.498217
63  30  2.497879
0  31  2.497671
1  31  2.499090
2  31  2.498627
3  31  2.497760
4  31  2.497906
5  31  2.498799
6  31  2.498974
7  31  2.498753
8  31  2.498178
9  31  2.498058
10  31  2.495904
11  31  2.496950
12  31  2.497082
13  31  2.499188
14  31  2.499582
15  31  2.496438
16  31  2.497672
17  31  2.498169
18  31  2.498837
19  31  2.498588
20  31  2.499020
21  31  2.497931
22  31  2.498393
23  31  2.498919
24  31  2.499112
25  31  2.498902
26  31  2.497890
27  31  2.498381
28  31  2.498300
29  31  2.498611
30  31  2.499026
31  31  2.499235
32  31  2.498502
33  31  2.498232
34  31  2.497600
35  31  2.498292
36  31  2.498915
37  31  2.499022
38  31  2.498857
39  31  2.497834
40  31  2.497807
41  31  2.498214
42  31  2.498584
43  31  2.498968
44  31  2.499380
45  31  2.498309
46  31  2.499253
47  31  2.498297
48  31  2.498313
49  31  2.497579
50  31  2.498659
51  31  2.498820
52  31  2.499317
53  31  2.499368
54  31  2.499554
55  31  2.499636
56  31  2.499150
57  31  2.499159
58  31  2.499451
59  31  2.498445
60  31  2.497852
61  31  2.496408
62  31  2.496256
63  31  2.496632
0  32  2.497644
1  32  2.498787
2  32  2.498497
3  32  2.498200
4  32  2.498334
5  32  2.498877
6  32  2.498884
7  32  2.498822
8  32  2.498216
9  32  2.498103
10  32  2.496948
11  32  2.498555
12  32  2.498327
13  32  2.499013
14  32  2.499494
15  32  2.497200
16  32  2.497856
17  32  2.498174
18  32  2.499339
19  32  2.499088
20  32  2.498855
21  32  2.498958
22  32  2.499112
23  32  2.499547
24  32  2.499360
25  32  2.499231
26  32  2.498657
27  32  2.498981
28  32  2.498863
29  32  2.498859
30  32  2.499106
31  32  2.499490
32  32  2.498328
33  32  2.498485
34  32  2.497417
35  32  2.498574
36  32  2.498909
37  32  2.498929
38  32  2.498612
39  32  2.497981
40  32  2.498419
41  32  2.498383
42  32  2.499100
43  32  2.499125
44  32  2.499261
45  32  2.498987
46  32  2.499348
47  32  2.498658
48  32  2.498145
49  32  2.497853
50  32  2.498442
51  32  2.498797
52  32  2.498798
53  32  2.498976
54  32  2.499202
55  32  2.499784
56  32  2.499360
57  32  2.499140
58  32  2.499109
59  32  2.498603
60  32  2.497555
61  32  2.495912
62  32  2.495185
63  32  2.497325
0  33  2.498739
1  33  2.499280
2  33  2.497574
3  33  2.498713
4  33  2.499151
5  33  2.499763
6  33  2.499005
7  33  2.499057
8  33  2.498433
9  33  2.499125
10  33  2.497870
11  33  2.497827
12  33  2.497949
13  33  2.498457
14  33  2.499182
15  33  2.496379
16  33  2.496403
17  33  2.496915
18  33  2.499071
19  33  2.499262
20  33  2.499030
21  33  2.499016
22  33  2.498989
23  33  2.499217
24  33  2.499186
25  33  2.499130
26  33  2.498685
27  33  2.499134
28  33  2.499305
29  33  2.499346
30  33  2.499292
31  33  2.499243
32  33  2.499130
33  33  2.499107
34  33  2.497582
35  33  2.498290
36  33  2.498561
37  33  2.498928
38  33  2.498267
39  33  2.498387
40  33  2.498757
41  33  2.498886
42  33  2.499489
43  33  2.499408
44  33  2.499586
45  33  2.499401
46  33  2.498883
47  33  2.498611
48  33  2.498849
49  33  2.498195
50  33  2.498612
51  33  2.498876
52  33  2.499221
53  33  2.498787
54  33  2.498498
55  33  2.499111
56  33  2.499145
57  33  2.498922
58  33  2.498799
59  33  2.498310
60  33  2.497537
61  33  2.496713
62  33  2.494781
63  33  2.498251
0  34  2.499278
1  34  2.499229
2  34  2.497316
3  34  2.498043
4  34  2.499396
5  34  2.499593
6  34  2.499017
7  34  2.499200
8  34  2.497966
9  34  2.497858
10  34  2.497444
11  34  2.498358
12  34  2.498488
13  34  2.498619
14  34  2.499119
15  34  2.498715
16  34  2.498742
17  34  2.498728
18  34  2.498712
19  34  2.499175
20  34  2.499010
21  34  2.499338
22  34  2.499157
23  34  2.498738
24  34  2.499342
25  34  2.499465
26  34  2.499650
27  34  2.499640
28  34  2.499736
29  34  2.499426
30  34  2.499369
31  34  2.498856
32  34  2.498123
33  34  2.498373
34  34  2.497992
35  34  2.498985
36  34  2.498633
37  34  2.499156
38  34  2.498700
39  34  2.498896
40  34  2.498438
41  34  2.499022
42  34  2.499361
43  34  2.499594
44  34  2.499561
45  34  2.499442
46  34  2.498667
47  34  2.498610
48  34  2.499281
49  34  2.498415
50  34  2.498589
51  34  2.498472
52  34  2.499085
53  34  2.498554
54  34  2.498060
55  34  2.499215
56  34  2.499243
57  34  2.499094
58  34  2.498518
59  34  2.497401
60  34  2.494512
61  34  2.494489
62  34  2.495364
63  34  2.499030
0  35  2.499513
1  35  2.498749
2  35  2.496986
3  35  2.498433
4  35  2.499259
5  35  2.498621
6  35  2.497819
7  35  2.498156
8  35  2.497527
9  35  2.497775
10  35  2.497509
11  35  2.498506
12  35  2.498752
13  35  2.498583
14  35  2.498980
15  35  2.498883
16  35  2.499370
17  35  2.499170
18  35  2.498914
19  35  2.499451
20  35  2.499513
21  35  2.498979
22  35  2.498827
23  35  2.497931
24  35  2.499161
25  35  2.499203
26  35  2.499658
27  35  2.499216
28  35  2.498960
29  35  2.498323
30  35  2.499110
31  35  2.498896
32  35  2.498590
33  35  2.498676
34  35  2.497607
35  35  2.497724
36  35  2.497473
37  35  2.498257
38  35  2.498148
39  35  2.498404
40  35  2.497027
41  35  2.497190
42  35  2.497839
43  35  2.498750
44  35  2.499415
45  35  2.499144
46  35  2.498947
47  35  2.498828
48  35  2.498593
49  35  2.498263
50  35  2.498722
51  35  2.498994
52  35  2.499169
53  35  2.499153
54  35  2.499046
55  35  2.499292
56  35  2.499452
57  35  2.499521
58  35  2.498974
59  35  2.497737
60  35  2.495670
61  35  2.495450
62  35  2.497038
63  35  2.499332
0  36  2.498681
1  36  2.497958
2  36  2.497873
3  36  2.498800
4  36  2.499304
5  36  2.498383
6  36  2.498168
7  36  2.498097
8  36  2.497356
9  36  2.498408
10  36  2.498332
11  36  2.498934
12  36  2.498698
13  36  2.498326
14  36  2.498773
15  36  2.498825
16  36  2.499784
17  36  2.499565
18  36  2.499193
19  36  2.498315
20  36  2.498548
21  36  2.498044
22  36  2.498777
23  36  2.498094
24  36  2.499130
25  36  2.499104
26  36  2.499672
27  36  2.498783
28  36  2.497959
29  36  2.497542
30  36  2.498840
31  36  2.498662
32  36  2.498654
33  36  2.498695
34  36  2.498363
35  36  2.498502
36  36  2.498111
37  36  2.498240
38  36  2.498796
39  36  2.498672
40  36  2.497797
41  36  2.497423
42  36  2.498049
43  36  2.498649
44  36  2.499040
45  36  2.499196
46  36  2.499318
47  36  2.499345
48  36  2.498725
49  36  2.498253
50  36  2.498109
51  36  2.498256
52  36  2.499084
53  36  2.499465
54  36  2.499313
55  36  2.499383
56  36  2.499581
57  36  2.499760
58  36  2.499253
59  36  2.498784
60  36  2.499059
61  36  2.498774
62  36  2.499078
63  36  2.498945
0  37  2.498540
1  37  2.499293
2  37  2.499367
3  37  2.499285
4  37  2.498449
5  37  2.499069
6  37  2.498947
7  37  2.498369
8  37  2.497958
9  37  2.498620
10  37  2.498522
11  37  2.498806
12  37  2.499055
13  37  2.498372
14  37  2.498741
15  37  2.498501
16  37  2.499403
17  37  2.499456
18  37  2.498922
19  37  2.497842
20  37  2.497535
21  37  2.496327
22  37  2.497617
23  37  2.497913
24  37  2.499491
25  37  2.499656
26  37  2.499038
27  37  2.497708
28  37  2.497268
29  37  2.497724
30  37  2.498693
31  37  2.498512
32  37  2.498617
33  37  2.498334
34  37  2.497919
35  37  2.498163
36  37  2.497581
37  37  2.496479
38  37  2.496837
39  37  2.498728
40  37  2.498208
41  37  2.497630
42  37  2.498361
43  37  2.498310
44  37  2.498476
45  37  2.499310
46  37  2.499470
47  37  2.499181
48  37  2.498360
49  37  2.497951
50  37  2.497759
51  37  2.498709
52  37  2.498726
53  37  2.499121
54  37  2.499261
55  37  2.499549
56  37  2.499644
57  37  2.499632
58  37  2.497918
59  37  2.497714
60  37  2.498326
61  37  2.497861
62  37  2.498143
63  37  2.497125
0  38  2.498826
1  38  2.499371
2  38  2.498291
3  38  2.497998
4  38  2.497811
5  38  2.498817
6  38  2.499017
7  38  2.498165
8  38  2.498209
9  38  2.498246
10  38  2.498525
11  38  2.498613
12  38  2.498642
13  38  2.498759
14  38  2.499580
15  38  2.498944
16  38  2.497834
17  38  2.496803
18  38  2.496853
19  38  2.496568
20  38  2.497158
21  38  2.496896
22  38  2.498938
23  38  2.497876
24  38  2.497967
25  38  2.498049
26  38  2.499022
27  38  2.498937
28  38  2.498729
29  38  2.498617
30  38  2.498546
31  38  2.498410
32  38  2.498786
33  38  2.498715
34  38  2.499032
35  38  2.498591
36  38  2.498366
37  38  2.498704
38  38  2.497334
39  38  2.498594
40  38  2.499195
41  38  2.498780
42  38  2.498768
43  38  2.498961
44  38  2.498812
45  38  2.498936
46  38  2.498514
47  38  2.498424
48  38  2.498343
49  38  2.498200
50  38  2.498260
51  38  2.498758
52  38  2.498446
53  38  2.498579
54  38  2.499120
55  38  2.499076
56  38  2.499127
57  38  2.499331
58  38  2.497478
59  38  2.497468
60  38  2.498672
61  38  2.498718
62  38  2.498252
63  38  2.496912
0  39  2.498574
1  39  2.499208
2  39  2.498292
3  39  2.498550
4  39  2.498484
5  39  2.498807
6  39  2.498756
7  39  2.498615
8  39  2.498747
9  39  2.498601
10  39  2.499732
11  39  2.499275
12  39  2.498847
13  39  2.498728
14  39  2.499105
15  39  2.498364
16  39  2.497480
17  39  2.496761
18  39  2.497375
19  39  2.497749
20  39  2.497691
21  39  2.497524
22  39  2.497989
23  39  2.498652
24  39  2.498298
25  39  2.498099
26  39  2.498935
27  39  2.498586
28  39  2.498429
29  39  2.498247
30  39  2.499385
31  39  2.499198
32  39  2.498828
33  39  2.498299
34  39  2.498648
35  39  2.497755
36  39  2.498396
37  39  2.498744
38  39  2.498115
39  39  2.498937
40  39  2.499236
41  39  2.499030
42  39  2.499117
43  39  2.499225
44  39  2.498747
45  39  2.498932
46  39  2.498498
47  39  2.498192
48  39  2.497941
49  39  2.497860
50  39  2.497851
51  39  2.498682
52  39  2.499068
53  39  2.499082
54  39  2.499454
55  39  2.499392
56  39  2.499355
57  39  2.499445
58  39  2.497476
59  39  2.497320
60  39  2.498969
61  39  2.498697
62  39  2.498554
63  39  2.497374
0  40  2.499397
1  40  2.499625
2  40  2.499528
3  40  2.499664
4  40  2.499499
5  40  2.498781
6  40  2.498543
7  40  2.498376
8  40  2.498715
9  40  2.498857
10  40  2.499237
11  40  2.498465
12  40  2.498627
13  40  2.498764
14  40  2.499292
15  40  2.498588
16  40  2.497940
17  40  2.497670
18  40  2.498775
19  40  2.498516
20  40  2.498258
21  40  2.497777
22  40  2.498152
23  40  2.498121
24  40  2.497534
25  40  2.497381
26  40  2.498727
27  40  2.498770
28  40  2.498645
29  40  2.498424
30  40  2.499419
31  40  2.498532
32  40  2.497365
33  40  2.496391
34  40  2.497051
35  40  2.497394
36  40  2.498824
37  40  2.498867
38  40  2.499147
39  40  2.498833
40  40  2.498760
41  40  2.498848
42  40  2.499268
43  40  2.499491
44  40  2.499063
45  40  2.498935
46  40  2.498594
47  40  2.497886
48  40  2.499173
49  40  2.499285
50  40  2.499063
51  40  2.499157
52  40  2.499459
53  40  2.499332
54  40  2.499421
55  40  2.499333
56  40  2.498949
57  40  2.499156
58  40  2.498491
59  40  2.498015
60  40  2.498641
61  40  2.498750
62  40  2.499154
63  40  2.499313
0  41  2.498524
1  41  2.499449
2  41  2.499430
3  41  2.499671
4  41  2.499109
5  41  2.498605
6  41  2.498652
7  41  2.497870
8  41  2.498047
9  41  2.497995
10  41  2.498750
11  41  2.499103
12  41  2.499600
13  41  2.499784
14  41  2.499556
15  41  2.498767
16  41  2.498071
17  41  2.498195
18  41  2.498328
19  41  2.499206
20  41  2.498027
21  41  2.497767
22  41  2.498280
23  41  2.498798
24  41  2.498177
25  41  2.497993
26  41  2.498598
27  41  2.498738
28  41  2.498989
29  41  2.498533
30  41  2.499456
31  41  2.498734
32  41  2.497196
33  41  2.495233
34  41  2.495543
35  41  2.496188
36  41  2.498474
37  41  2.498371
38  41  2.499143
39  41  2.499340
40  41  2.499240
41  41  2.499243
42  41  2.499525
43  41  2.498863
44  41  2.498385
45  41  2.498992
46  41  2.499149
47  41  2.498417
48  41  2.499029
49  41  2.499254
50  41  2.499094
51  41  2.499046
52  41  2.499110
53  41  2.499240
54  41  2.499621
55  41  2.499527
56  41  2.498840
57  41  2.498733
58  41  2.497997
59  41  2.497344
60  41  2.495543
61  41  2.496105
62  41  2.496141
63  41  2.498391
0  42  2.498317
1  42  2.499094
2  42  2.499469
3  42  2.499655
4  42  2.498929
5  42  2.498348
6  42  2.498966
7  42  2.497618
8  42  2.498315
9  42  2.497514
10  42  2.498414
11  42  2.499429
12  42  2.498404
13  42  2.498590
14  42  2.498445
15  42  2.498984
16  42  2.498851
17  42  2.498705
18  42  2.498479
19  42  2.499038
20  42  2.498862
21  42  2.498744
22  42  2.499153
23  42  2.498133
24  42  2.497946
25  42  2.498751
26  42  2.498581
27  42  2.498850
28  42  2.499228
29  42  2.499694
30  42  2.499151
31  42  2.497833
32  42  2.496147
33  42  2.498262
34  42  2.498626
35  42  2.498346
36  42  2.498522
37  42  2.498537
38  42  2.499077
39  42  2.499094
40  42  2.498944
41  42  2.498778
42  42  2.499221
43  42  2.499023
44  42  2.498520
45  42  2.498585
46  42  2.498785
47  42  2.498539
48  42  2.499137
49  42  2.498477
50  42  2.499182
51  42  2.498880
52  42  2.498286
53  42  2.498153
54  42  2.498571
55  42  2.499049
56  42  2.497959
57  42  2.497809
58  42  2.497624
59  42  2.499038
60  42  2.498224
61  42  2.498174
62  42  2.496172
63  42  2.497311
0  43  2.498336
1  43  2.498998
2  43  2.499636
3  43  2.499684
4  43  2.499086
5  43  2.498145
6  43  2.498393
7  43  2.497235
8  43  2.498030
9  43  2.496718
10  43  2.497912
11  43  2.498394
12  43  2.496781
13  43  2.497235
14  43  2.498238
15  43  2.498998
16  43  2.499488
17  43  2.499551
18  43  2.498958
19  43  2.499005
20  43  2.498463
21  43  2.498431
22  43  2.498442
23  43  2.499299
24  43  2.499089
25  43  2.499152
26  43  2.498397
27  43  2.498495
28  43  2.498802
29  43  2.499437
30  43  2.499202
31  43  2.498773
32  43  2.497514
33  43  2.498104
34  43  2.498411
35  43  2.498209
36  43  2.498086
37  43  2.497784
38  43  2.498071
39  43  2.498677
40  43  2.498857
41  43  2.498729
42  43  2.499168
43  43  2.498968
44  43  2.499091
45  43  2.499439
46  43  2.499206
47  43  2.498974
48  43  2.498511
49  43  2.497996
50  43  2.498883
51  43  2.499063
52  43  2.498839
53  43  2.497882
54  43  2.498180
55  43  2.497618
56  43  2.498648
57  43  2.499250
58  43  2.497761
59  43  2.498771
60  43  2.497876
61  43  2.498165
62  43  2.495914
63  43  2.497305
0  44  2.499199
1  44  2.498907
2  44  2.498656
3  44  2.498746
4  44  2.498532
5  44  2.499336
6  44  2.498955
7  44  2.497343
8  44  2.497288
9  44  2.496686
10  44  2.497080
11  44  2.498430
12  44  2.496662
13  44  2.496748
14  44  2.498040
15  44  2.498902
16  44  2.499690
17  44  2.499544
18  44  2.499198
19  44  2.498801
20  44  2.498590
21  44  2.498453
22  44  2.498378
23  44  2.499063
24  44  2.498744
25  44  2.499228
26  44  2.499159
27  44  2.498142
28  44  2.497691
29  44  2.498515
30  44  2.499134
31  44  2.498713
32  44  2.498231
33  44  2.498457
34  44  2.498292
35  44  2.497712
36  44  2.498499
37  44  2.498665
38  44  2.497819
39  44  2.497867
40  44  2.498210
41  44  2.498325
42  44  2.498582
43  44  2.498510
44  44  2.498633
45  44  2.499337
46  44  2.499219
47  44  2.499197
48  44  2.497947
49  44  2.496832
50  44  2.497457
51  44  2.498871
52  44  2.497862
53  44  2.496856
54  44  2.496406
55  44  2.496256
56  44  2.498936
57  44  2.499241
58  44  2.497013
59  44  2.498241
60  44  2.498510
61  44  2.498829
62  44  2.498449
63  44  2.498405
0  45  2.499125
1  45  2.497814
2  45  2.496111
3  45  2.496613
4  45  2.497827
5  45  2.498769
6  45  2.498791
7  45  2.497885
8  45  2.497921
9  45  2.497534
10  45  2.497181
11  45  2.497836
12  45  2.497399
13  45  2.497445
14  45  2.498971
15  45  2.499206
16  45  2.499166
17  45  2.499113
18  45  2.498820
19  45  2.499075
20  45  2.498085
21  45  2.497677
22  45  2.497193
23  45  2.498112
24  45  2.498410
25  45  2.499193
26  45  2.499231
27  45  2.498060
28  45  2.497526
29  45  2.498356
30  45  2.499259
31  45  2.499324
32  45  2.498927
33  45  2.498681
34  45  2.498762
35  45  2.498019
36  45  2.498497
37  45  2.498691
38  45  2.497403
39  45  2.497186
40  45  2.498857
41  45  2.498867
42  45  2.498861
43  45  2.498815
44  45  2.498904
45  45  2.498942
46  45  2.499317
47  45  2.499394
48  45  2.498255
49  45  2.496931
50  45  2.497255
51  45  2.498911
52  45  2.499048
53  45  2.498848
54  45  2.497542
55  45  2.496640
56  45  2.499545
57  45  2.499108
58  45  2.498320
59  45  2.498544
60  45  2.498454
61  45  2.498440
62  45  2.498857
63  45  2.499538
0  46  2.497908
1  46  2.497714
2  46  2.495138
3  46  2.496756
4  46  2.497545
5  46  2.498660
6  46  2.498257
7  46  2.497582
8  46  2.497456
9  46  2.497801
10  46  2.497639
11  46  2.498914
12  46  2.498543
13  46  2.498889
14  46  2.498803
15  46  2.499339
16  46  2.498733
17  46  2.498757
18  46  2.498982
19  46  2.499380
20  46  2.498665
21  46  2.498215
22  46  2.497620
23  46  2.498036
24  46  2.498540
25  46  2.498405
26  46  2.498199
27  46  2.496656
28  46  2.496817
29  46  2.498313
30  46  2.498958
31  46  2.499312
32  46  2.499074
33  46  2.499084
34  46  2.498033
35  46  2.498185
36  46  2.498537
37  46  2.498322
38  46  2.498221
39  46  2.497380
40  46  2.498479
41  46  2.498768
42  46  2.498697
43  46  2.498654
44  46  2.498580
45  46  2.498798
46  46  2.499532
47  46  2.499498
48  46  2.499005
49  46  2.496954
50  46  2.497233
51  46  2.498530
52  46  2.498220
53  46  2.497641
54  46  2.497433
55  46  2.498005
56  46  2.499380
57  46  2.499291
58  46  2.499039
59  46  2.499079
60  46  2.499009
61  46  2.498780
62  46  2.499316
63  46  2.499196
0  47  2.498077
1  47  2.498945
2  47  2.497931
3  47  2.498873
4  47  2.499411
5  47  2.499053
6  47  2.498917
7  47  2.498713
8  47  2.498789
9  47  2.498591
10  47  2.498650
11  47  2.497807
12  47  2.497789
13  47  2.498133
14  47  2.498180
15  47  2.499039
16  47  2.498581
17  47  2.498949
18  47  2.499146
19  47  2.499719
20  47  2.499036
21  47  2.498566
22  47  2.498120
23  47  2.498032
24  47  2.498256
25  47  2.497693
26  47  2.497339
27  47  2.498462
28  47  2.499029
29  47  2.499709
30  47  2.498830
31  47  2.498107
32  47  2.498202
33  47  2.499489
34  47  2.498042
35  47  2.498106
36  47  2.498770
37  47  2.499240
38  47  2.499030
39  47  2.498418
40  47  2.499283
41  47  2.498873
42  47  2.499278
43  47  2.498612
44  47  2.498704
45  47  2.498616
46  47  2.498807
47  47  2.499410
48  47  2.499398
49  47  2.498196
50  47  2.498031
51  47  2.497095
52  47  2.498166
53  47  2.498182
54  47  2.498398
55  47  2.497182
56  47  2.497463
57  47  2.497232
58  47  2.499501
59  47  2.499749
60  47  2.499751
61  47  2.499409
62  47  2.499313
63  47  2.498713
0  48  2.497405
1  48  2.498944
2  48  2.498351
3  48  2.499047
4  48  2.499141
5  48  2.498913
6  48  2.498746
7  48  2.498849
8  48  2.499127
9  48  2.498900
10  48  2.498764
11  48  2.497164
12  48  2.496334
13  48  2.497134
14  48  2.496894
15  48  2.498537
16  48  2.498956
17  48  2.499462
18  48  2.499530
19  48  2.499783
20  48  2.498670
21  48  2.498346
22  48  2.497345
23  48  2.497981
24  48  2.498061
25  48  2.496610
26  48  2.496388
27  48  2.498402
28  48  2.499122
29  48  2.499236
30  48  2.498284
31  48  2.497518
32  48  2.497669
33  48  2.498806
34  48  2.498152
35  48  2.498026
36  48  2.498659
37  48  2.499247
38  48  2.499507
39  48  2.497929
40  48  2.498396
41  48  2.497835
42  48  2.499242
43  48  2.498629
44  48  2.498880
45  48  2.498745
46  48  2.498663
47  48  2.499053
48  48  2.498971
49  48  2.499179
50  48  2.499191
51  48  2.498926
52  48  2.499344
53  48  2.499302
54  48  2.498601
55  48  2.497369
56  48  2.497337
57  48  2.497243
58  48  2.499479
59  48  2.499751
60  48  2.499544
61  48  2.499508
62  48  2.499624
63  48  2.498578
0  49  2.497657
1  49  2.499435
2  49  2.499218
3  49  2.498465
4  49  2.498786
5  49  2.496721
6  49  2.497836
7  49  2.497767
8  49  2.498832
9  49  2.498735
10  49  2.499221
11  49  2.498529
12  49  2.498098
13  49  2.498590
14  49  2.497958
15  49  2.498406
16  49  2.498630
17  49  2.499293
18  49  2.499085
19  49  2.498968
20  49  2.497440
21  49  2.498095
22  49  2.496798
23  49  2.497960
24  49  2.499161
25  49  2.499168
26  49  2.497224
27  49  2.498679
28  49  2.499279
29  49  2.499318
30  49  2.499094
31  49  2.499116
32  49  2.498132
33  49  2.498511
34  49  2.498702
35  49  2.498532
36  49  2.498965
37  49  2.498731
38  49  2.498664
39  49  2.497384
40  49  2.498517
41  49  2.497067
42  49  2.498860
43  49  2.498646
44  49  2.498888
45  49  2.498495
46  49  2.498466
47  49  2.499300
48  49  2.499425
49  49  2.499499
50  49  2.499126
51  49  2.498626
52  49  2.497732
53  49  2.497214
54  49  2.497057
55  49  2.497545
56  49  2.498322
57  49  2.497163
58  49  2.498574
59  49  2.499552
60  49  2.498543
61  49  2.499168
62  49  2.499514
63  49  2.498489
0  50  2.498380
1  50  2.498695
2  50  2.498348
3  50  2.498064
4  50  2.498557
5  50  2.496053
6  50  2.497515
7  50  2.497424
8  50  2.498839
9  50  2.498724
10  50  2.499169
11  50  2.499317
12  50  2.498455
13  50  2.498560
14  50  2.498815
15  50  2.499099
16  50  2.498922
17  50  2.498796
18  50  2.498855
19  50  2.499077
20  50  2.497552
21  50  2.498165
22  50  2.497030
23  50  2.497845
24  50  2.497993
25  50  2.496685
26  50  2.496328
27  50  2.498581
28  50  2.499504
29  50  2.499663
30  50  2.499664
31  50  2.499563
32  50  2.498376
33  50  2.498391
34  50  2.498332
35  50  2.498307
36  50  2.498532
37  50  2.498399
38  50  2.497662
39  50  2.495098
40  50  2.496090
41  50  2.497399
42  50  2.498786
43  50  2.498985
44  50  2.498837
45  50  2.499076
46  50  2.498359
47  50  2.497923
48  50  2.498101
49  50  2.498512
50  50  2.499367
51  50  2.499255
52  50  2.498550
53  50  2.498427
54  50  2.498029
55  50  2.499144
56  50  2.499048
57  50  2.498271
58  50  2.498170
59  50  2.499362
60  50  2.498291
61  50  2.499248
62  50  2.499539
63  50  2.499133
0  51  2.498769
1  51  2.498889
2  51  2.498589
3  51  2.498857
4  51  2.497925
5  51  2.496073
6  51  2.498352
7  51  2.498355
8  51  2.499175
9  51  2.498202
10  51  2.498508
11  51  2.498618
12  51  2.499141
13  51  2.499253
14  51  2.498233
15  51  2.497575
16  51  2.497338
17  51  2.498272
18  51  2.498795
19  51  2.498765
20  51  2.498223
21  51  2.499378
22  51  2.498762
23  51  2.498115
24  51  2.497303
25  51  2.496640
26  51  2.497320
27  51  2.498609
28  51  2.499065
29  51  2.499743
30  51  2.499799
31  51  2.499647
32  51  2.498082
33  51  2.497788
34  51  2.498772
35  51  2.498146
36  51  2.497760
37  51  2.498499
38  51  2.498172
39  51  2.496197
40  51  2.496457
41  51  2.498124
42  51  2.498808
43  51  2.499086
44  51  2.498966
45  51  2.499110
46  51  2.498336
47  51  2.498212
48  51  2.498373
49  51  2.498430
50  51  2.499336
51  51  2.499305
52  51  2.498570
53  51  2.497713
54  51  2.497708
55  51  2.498616
56  51  2.498533
57  51  2.497616
58  51  2.498390
59  51  2.498898
60  51  2.498515
61  51  2.499268
62  51  2.498846
63  51  2.498971
0  52  2.498747
1  52  2.498298
2  52  2.498522
3  52  2.499182
4  52  2.498466
5  52  2.497618
6  52  2.498356
7  52  2.497801
8  52  2.498628
9  52  2.498162
10  52  2.498260
11  52  2.498525
12  52  2.499211
13  52  2.499303
14  52  2.498476
15  52  2.498381
16  52  2.498031
17  52  2.498349
18  52  2.498706
19  52  2.498007
20  52  2.497539
21  52  2.499148
22  52  2.499216
23  52  2.498501
24  52  2.498274
25  52  2.497837
26  52  2.497908
27  52  2.497449
28  52  2.498503
29  52  2.499274
30  52  2.499798
31  52  2.499634
32  52  2.498575
33  52  2.497637
34  52  2.498144
35  52  2.498722
36  52  2.498143
37  52  2.498441
38  52  2.498635
39  52  2.498593
40  52  2.498686
41  52  2.499485
42  52  2.499396
43  52  2.499158
44  52  2.498928
45  52  2.498753
46  52  2.498327
47  52  2.498201
48  52  2.498089
49  52  2.497962
50  52  2.499280
51  52  2.499229
52  52  2.499161
53  52  2.498943
54  52  2.497476
55  52  2.497630
56  52  2.495547
57  52  2.495246
58  52  2.498824
59  52  2.498207
60  52  2.498968
61  52  2.499394
62  52  2.499466
63  52  2.499168
0  53  2.498169
1  53  2.498477
2  53  2.498851
3  53  2.499197
4  53  2.497616
5  53  2.495763
6  53  2.496543
7  53  2.497561
8  53  2.498368
9  53  2.498262
10  53  2.498469
11  53  2.498665
12  53  2.499568
13  53  2.499087
14  53  2.498407
15  53  2.498222
16  53  2.497647
17  53  2.498750
18  53  2.499751
19  53  2.497688
20  53  2.497023
21  53  2.499303
22  53  2.499062
23  53  2.498549
24  53  2.498014
25  53  2.497983
26  53  2.498179
27  53  2.498080
28  53  2.498667
29  53  2.499055
30  53  2.499748
31  53  2.499646
32  53  2.498011
33  53  2.497218
34  53  2.497922
35  53  2.498770
36  53  2.499160
37  53  2.499176
38  53  2.498919
39  53  2.498674
40  53  2.498527
41  53  2.498696
42  53  2.499117
43  53  2.499021
44  53  2.499166
45  53  2.499107
46  53  2.499445
47  53  2.499592
48  53  2.499797
49  53  2.499659
50  53  2.499661
51  53  2.499514
52  53  2.498745
53  53  2.498729
54  53  2.497168
55  53  2.497178
56  53  2.495389
57  53  2.495270
58  53  2.498968
59  53  2.497997
60  53  2.497806
61  53  2.498292
62  53  2.497682
63  53  2.497999
0  54  2.499226
1  54  2.499354
2  54  2.498788
3  54  2.499037
4  54  2.498906
5  54  2.497386
6  54  2.497058
7  54  2.497478
8  54  2.497972
9  54  2.498572
10  54  2.499040
11  54  2.499276
12  54  2.499240
13  54  2.499276
14  54  2.499360
15  54  2.499579
16  54  2.499154
17  54  2.498744
18  54  2.498649
19  54  2.498135
20  54  2.496754
21  54  2.498239
22  54  2.498000
23  54  2.499065
24  54  2.498723
25  54  2.498936
26  54  2.498497
27  54  2.497092
28  54  2.497519
29  54  2.498126
30  54  2.499118
31  54  2.499264
32  54  2.498049
33  54  2.497982
34  54  2.497779
35  54  2.498870
36  54  2.499135
37  54  2.499237
38  54  2.498870
39  54  2.498328
40  54  2.497927
41  54  2.497132
42  54  2.497878
43  54  2.497634
44  54  2.498481
45  54  2.497698
46  54  2.497856
47  54  2.497947
48  54  2.499292
49  54  2.499450
50  54  2.499482
51  54  2.499089
52  54  2.499033
53  54  2.498680
54  54  2.496330
55  54  2.495251
56  54  2.494979
57  54  2.496109
58  54  2.499266
59  54  2.498288
60  54  2.497867
61  54  2.498186
62  54  2.497272
63  54  2.498040
0  55  2.499023
1  55  2.498736
2  55  2.498904
3  55  2.499202
4  55  2.499323
5  55  2.496938
6  55  2.495855
7  55  2.496758
8  55  2.498607
9  55  2.499251
10  55  2.499460
11  55  2.499149
12  55  2.498979
13  55  2.498936
14  55  2.499147
15  55  2.498877
16  55  2.498627
17  55  2.498606
18  55  2.498789
19  55  2.498854
20  55  2.497170
21  55  2.498531
22  55  2.498446
23  55  2.499182
24  55  2.498958
25  55  2.498671
26  55  2.498027
27  55  2.497860
28  55  2.499014
29  55  2.498788
30  55  2.498221
31  55  2.498738
32  55  2.497766
33  55  2.498233
34  55  2.497512
35  55  2.498697
36  55  2.499128
37  55  2.499141
38  55  2.498939
39  55  2.499115
40  55  2.498503
41  55  2.496720
42  55  2.497403
43  55  2.497421
44  55  2.498914
45  55  2.498284
46  55  2.498319
47  55  2.498660
48  55  2.498986
49  55  2.498538
50  55  2.498439
51  55  2.498408
52  55  2.498868
53  55  2.499004
54  55  2.499096
55  55  2.498645
56  55  2.498901
57  55  2.498767
58  55  2.499464
59  55  2.498699
60  55  2.496164
61  55  2.496087
62  55  2.495637
63  55  2.499339
0  56  2.497699
1  56  2.497635
2  56  2.498032
3  56  2.498427
4  56  2.498881
5  56  2.498183
6  56  2.497576
7  56  2.495997
8  56  2.498565
9  56  2.498479
10  56  2.499299
11  56  2.499515
12  56  2.499010
13  56  2.498947
14  56  2.499252
15  56  2.498331
16  56  2.498266
17  56  2.498089
18  56  2.499156
19  56  2.499388
20  56  2.497699
21  56  2.497316
22  56  2.497244
23  56  2.497540
24  56  2.498991
25  56  2.498926
26  56  2.498782
27  56  2.498383
28  56  2.498888
29  56  2.499606
30  56  2.498528
31  56  2.498386
32  56  2.498710
33  56  2.498838
34  56  2.498081
35  56  2.498640
36  56  2.498196
37  56  2.498454
38  56  2.497813
39  56  2.497299
40  56  2.497941
41  56  2.497565
42  56  2.498097
43  56  2.498155
44  56  2.498713
45  56  2.497825
46  56  2.497228
47  56  2.498422
48  56  2.498755
49  56  2.498454
50  56  2.498477
51  56  2.498528
52  56  2.499098
53  56  2.498967
54  56  2.499130
55  56  2.499322
56  56  2.499507
57  56  2.499536
58  56  2.498928
59  56  2.499226
60  56  2.498842
61  56  2.497370
62  56  2.495771
63  56  2.498801
0  57  2.497189
1  57  2.497977
2  57  2.498368
3  57  2.498493
4  57  2.497770
5  57  2.497520
6  57  2.498520
7  57  2.496715
8  57  2.498635
9  57  2.498064
10  57  2.499074
11  57  2.499412
12  57  2.499065
13  57  2.499135
14  57  2.499485
15  57  2.498088
16  57  2.497785
17  57  2.497544
18  57  2.499180
19  57  2.499396
20  57  2.499098
21  57  2.497883
22  57  2.497284
23  57  2.497215
24  57  2.499043
25  57  2.499128
26  57  2.498998
27  57  2.498501
28  57  2.498646
29  57  2.499591
30  57  2.498303
31  57  2.498095
32  57  2.498716
33  57  2.498947
34  57  2.498200
35  57  2.498316
36  57  2.497632
37  57  2.498689
38  57  2.497943
39  57  2.497868
40  57  2.497813
41  57  2.499089
42  57  2.498998
43  57  2.499352
44  57  2.498721
45  57  2.498240
46  57  2.497978
47  57  2.498461
48  57  2.498045
49  57  2.498571
50  57  2.498713
51  57  2.498264
52  57  2.498685
53  57  2.498450
54  57  2.499187
55  57  2.499235
56  57  2.498760
57  57  2.498693
58  57  2.497413
59  57  2.499004
60  57  2.499131
61  57  2.497708
62  57  2.496245
63  57  2.499068
0  58  2.496742
1  58  2.498747
2  58  2.498739
3  58  2.498857
4  58  2.497003
5  58  2.497101
6  58  2.498030
7  58  2.497798
8  58  2.498116
9  58  2.497491
10  58  2.499416
11  58  2.499654
12  58  2.499318
13  58  2.498979
14  58  2.499250
15  58  2.497293
16  58  2.497248
17  58  2.497100
18  58  2.499287
19  58  2.498600
20  58  2.497387
21  58  2.496523
22  58  2.496157
23  58  2.497196
24  58  2.499245
25  58  2.499280
26  58  2.498790
27  58  2.498582
28  58  2.498691
29  58  2.499359
30  58  2.499485
31  58  2.499087
32  58  2.499225
33  58  2.499070
34  58  2.498441
35  58  2.498637
36  58  2.497231
37  58  2.497887
38  58  2.497611
39  58  2.498052
40  58  2.497305
41  58  2.498563
42  58  2.498641
43  58  2.497719
44  58  2.497751
45  58  2.497936
46  58  2.498274
47  58  2.498723
48  58  2.498207
49  58  2.498811
50  58  2.498404
51  58  2.497572
52  58  2.497903
53  58  2.498230
54  58  2.499390
55  58  2.499479
56  58  2.498810
57  58  2.498997
58  58  2.497439
59  58  2.498636
60  58  2.499352
61  58  2.498674
62  58  2.496897
63  58  2.498631
0  59  2.497205
1  59  2.498601
2  59  2.499080
3  59  2.497856
4  59  2.495903
5  59  2.496804
6  59  2.497892
7  59  2.499387
8  59  2.499051
9  59  2.498852
10  59  2.499479
11  59  2.499483
12  59  2.499136
13  59  2.499010
14  59  2.499353
15  59  2.498504
16  59  2.498770
17  59  2.499160
18  59  2.499466
19  59  2.498717
20  59  2.496909
21  59  2.497154
22  59  2.496303
23  59  2.497955
24  59  2.498597
25  59  2.498657
26  59  2.498714
27  59  2.498785
28  59  2.498782
29  59  2.499325
30  59  2.499311
31  59  2.499260
32  59  2.499077
33  59  2.498494
34  59  2.498165
35  59  2.498631
36  59  2.498609
37  59  2.498830
38  59  2.499243
39  59  2.499408
40  59  2.497702
41  59  2.497484
42  59  2.497807
43  59  2.498436
44  59  2.498629
45  59  2.498536
46  59  2.499413
47  59  2.499647
48  59  2.499225
49  59  2.499278
50  59  2.498098
51  59  2.497958
52  59  2.498284
53  59  2.499095
54  59  2.499396
55  59  2.499462
56  59  2.498835
57  59  2.499088
58  59  2.497200
59  59  2.498597
60  59  2.498925
61  59  2.498945
62  59  2.497433
63  59  2.498677
0  60  2.497056
1  60  2.496882
2  60  2.497782
3  60  2.496334
4  60  2.495884
5  60  2.497017
6  60  2.497950
7  60  2.499023
8  60  2.498332
9  60  2.498039
10  60  2.497252
11  60  2.497695
12  60  2.497798
13  60  2.498921
14  60  2.498833
15  60  2.498613
16  60  2.498906
17  60  2.499021
18  60  2.499217
19  60  2.498580
20  60  2.497131
21  60  2.498502
22  60  2.498194
23  60  2.497784
24  60  2.498312
25  60  2.497931
26  60  2.498355
27  60  2.498059
28  60  2.498256
29  60  2.499061
30  60  2.498959
31  60  2.498708
32  60  2.498843
33  60  2.498439
34  60  2.498385
35  60  2.499165
36  60  2.499239
37  60  2.499500
38  60  2.498350
39  60  2.498830
40  60  2.498340
41  60  2.499208
42  60  2.499346
43  60  2.499066
44  60  2.498983
45  60  2.499008
46  60  2.499074
47  60  2.499201
48  60  2.498718
49  60  2.499281
50  60  2.498155
51  60  2.498164
52  60  2.498599
53  60  2.499489
54  60  2.499518
55  60  2.499586
56  60  2.499679
57  60  2.499691
58  60  2.498566
59  60  2.498538
60  60  2.498592
61  60  2.497230
62  60  2.496495
63  60  2.496808
0  61  2.497516
1  61  2.496766
2  61  2.497707
3  61  2.496272
4  61  2.496307
5  61  2.496965
6  61  2.498097
7  61  2.499509
8  61  2.499038
9  61  2.498749
10  61  2.498422
11  61  2.498643
12  61  2.498408
13  61  2.499612
14  61  2.499057
15  61  2.499176
16  61  2.499070
17  61  2.499256
18  61  2.498258
19  61  2.498129
20  61  2.496372
21  61  2.498344
22  61  2.496783
23  61  2.497416
24  61  2.497636
25  61  2.497850
26  61  2.498025
27  61  2.496681
28  61  2.496986
29  61  2.497807
30  61  2.498465
31  61  2.497591
32  61  2.497372
33  61  2.497459
34  61  2.497508
35  61  2.498835
36  61  2.498746
37  61  2.498833
38  61  2.497107
39  61  2.498562
40  61  2.498361
41  61  2.499435
42  61  2.499350
43  61  2.499327
44  61  2.499116
45  61  2.498919
46  61  2.498556
47  61  2.499128
48  61  2.498822
49  61  2.499363
50  61  2.498897
51  61  2.499041
52  61  2.498885
53  61  2.499297
54  61  2.499187
55  61  2.499716
56  61  2.499628
57  61  2.499821
58  61  2.499255
59  61  2.499107
60  61  2.498594
61  61  2.496637
62  61  2.496428
63  61  2.497305
0  62  2.496802
1  62  2.496166
2  62  2.496209
3  62  2.498298
4  62  2.498739
5  62  2.499142
6  62  2.499319
7  62  2.499494
8  62  2.498923
9  62  2.498732
10  62  2.499014
11  62  2.499181
12  62  2.498648
13  62  2.498895
14  62  2.498856
15  62  2.499460
16  62  2.499272
17  62  2.499100
18  62  2.498099
19  62  2.498205
20  62  2.497701
21  62  2.499158
22  62  2.498395
23  62  2.499031
24  62  2.499076
25  62  2.499036
26  62  2.499028
27  62  2.498986
28  62  2.498022
29  62  2.498306
30  62  2.498304
31  62  2.498584
32  62  2.498066
33  62  2.498212
34  62  2.498080
35  62  2.498109
36  62  2.497143
37  62  2.498137
38  62  2.496817
39  62  2.498181
40  62  2.498781
41  62  2.499542
42  62  2.499078
43  62  2.498842
44  62  2.498546
45  62  2.498809
46  62  2.498421
47  62  2.498960
48  62  2.498790
49  62  2.499382
50  62  2.499456
51  62  2.499516
52  62  2.498747
53  62  2.499101
54  62  2.498888
55  62  2.499512
56  62  2.499675
57  62  2.499846
58  62  2.499671
59  62  2.499262
60  62  2.499097
61  62  2.497049
62  62  2.496631
63  62  2.497089
0  63  2.496867
1  63  2.496929
2  63  2.497653
3  63  2.499208
4  63  2.499137
5  63  2.499095
6  63  2.499196
7  63  2.499461
8  63  2.499524
9  63  2.498474
10  63  2.497971
11  63  2.497340
12  63  2.499017
13  63  2.497855
14  63  2.497919
15  63  2.497937
16  63  2.498262
17  63  2.498398
18  63  2.498718
19  63  2.498524
20  63  2.497995
21  63  2.499012
22  63  2.498617
23  63  2.499063
24  63  2.499192
25  63  2.499526
26  63  2.499170
27  63  2.498984
28  63  2.498333
29  63  2.498985
30  63  2.499121
31  63  2.499693
32  63  2.499385
33  63  2.499149
34  63  2.496991
35  63  2.494342
36  63  2.492360
37  63  2.494005
38  63  2.497993
39  63  2.498910
40  63  2.498972
41  63  2.498515
42  63  2.498575
43  63  2.498367
44  63  2.497970
45  63  2.498160
46  63  2.498779
47  63  2.498824
48  63  2.499005
49  63  2.498810
50  63  2.499571
51  63  2.499640
52  63  2.498544
53  63  2.498821
54  63  2.498665
55  63  2.499267
56  63  2.498945
57  63  2.499437
58  63  2.499608
59  63  2.499398
60  63  2.499352
61  63  2.499338
62  63  2.497255
63  63  2.497664
