# Mass field m(x,y) = Delta * R(x,y) at t = 50 seconds
# Grid: 64 x 64
# Columns: x  y  mass
0  0  2.498811
1  0  2.498799
2  0  2.498663
3  0  2.496510
4  0  2.496386
5  0  2.496757
6  0  2.498908
7  0  2.498769
8  0  2.499755
9  0  2.499793
10  0  2.498073
11  0  2.496446
12  0  2.496122
13  0  2.496767
14  0  2.497500
15  0  2.498097
16  0  2.499624
17  0  2.499144
18  0  2.499172
19  0  2.498964
20  0  2.498940
21  0  2.499221
22  0  2.499022
23  0  2.498988
24  0  2.498909
25  0  2.498684
26  0  2.497894
27  0  2.498202
28  0  2.497221
29  0  2.497825
30  0  2.499264
31  0  2.497913
32  0  2.498853
33  0  2.498105
34  0  2.497620
35  0  2.498453
36  0  2.498020
37  0  2.497726
38  0  2.498264
39  0  2.498536
40  0  2.498880
41  0  2.498271
42  0  2.498535
43  0  2.497983
44  0  2.498322
45  0  2.497565
46  0  2.498249
47  0  2.498317
48  0  2.498326
49  0  2.498750
50  0  2.497207
51  0  2.496824
52  0  2.496779
53  0  2.498235
54  0  2.497779
55  0  2.498176
56  0  2.498553
57  0  2.499278
58  0  2.499081
59  0  2.497837
60  0  2.496637
61  0  2.497331
62  0  2.498285
63  0  2.498230
0  1  2.499027
1  1  2.499145
2  1  2.499198
3  1  2.499366
4  1  2.499038
5  1  2.498966
6  1  2.498971
7  1  2.499131
8  1  2.499848
9  1  2.499383
10  1  2.497747
11  1  2.495739
12  1  2.495864
13  1  2.496193
14  1  2.496520
15  1  2.498413
16  1  2.498840
17  1  2.498393
18  1  2.498645
19  1  2.498501
20  1  2.498274
21  1  2.498020
22  1  2.498423
23  1  2.498868
24  1  2.498841
25  1  2.498534
26  1  2.496305
27  1  2.496193
28  1  2.494606
29  1  2.498144
30  1  2.499033
31  1  2.498113
32  1  2.498550
33  1  2.497987
34  1  2.498111
35  1  2.498815
36  1  2.498219
37  1  2.498452
38  1  2.499152
39  1  2.499059
40  1  2.498815
41  1  2.499072
42  1  2.499418
43  1  2.499480
44  1  2.498965
45  1  2.498125
46  1  2.498326
47  1  2.499071
48  1  2.498757
49  1  2.499703
50  1  2.498527
51  1  2.497581
52  1  2.496568
53  1  2.496871
54  1  2.497011
55  1  2.497591
56  1  2.498886
57  1  2.499283
58  1  2.499130
59  1  2.498954
60  1  2.498830
61  1  2.498296
62  1  2.498387
63  1  2.499232
0  2  2.497903
1  2  2.498555
2  2  2.498372
3  2  2.498367
4  2  2.497729
5  2  2.498206
6  2  2.498677
7  2  2.499291
8  2  2.499221
9  2  2.498910
10  2  2.497294
11  2  2.495227
12  2  2.495105
13  2  2.495003
14  2  2.496024
15  2  2.498478
16  2  2.498688
17  2  2.498878
18  2  2.498914
19  2  2.499284
20  2  2.498624
21  2  2.497386
22  2  2.498522
23  2  2.498848
24  2  2.498827
25  2  2.498700
26  2  2.496279
27  2  2.496112
28  2  2.495123
29  2  2.499085
30  2  2.498840
31  2  2.498575
32  2  2.498157
33  2  2.498167
34  2  2.498254
35  2  2.498787
36  2  2.498398
37  2  2.498544
38  2  2.499792
39  2  2.499393
40  2  2.498879
41  2  2.498955
42  2  2.499247
43  2  2.499488
44  2  2.499342
45  2  2.498883
46  2  2.498519
47  2  2.498865
48  2  2.498536
49  2  2.499727
50  2  2.499749
51  2  2.498867
52  2  2.498383
53  2  2.497877
54  2  2.497820
55  2  2.497601
56  2  2.498026
57  2  2.497926
58  2  2.498182
59  2  2.498295
60  2  2.499032
61  2  2.498269
62  2  2.497545
63  2  2.497690
0  3  2.499368
1  3  2.498690
2  3  2.498535
3  3  2.498141
4  3  2.498930
5  3  2.498524
6  3  2.497809
7  3  2.498795
8  3  2.497669
9  3  2.498743
10  3  2.498719
11  3  2.498215
12  3  2.498356
13  3  2.496749
14  3  2.496109
15  3  2.499337
16  3  2.498765
17  3  2.496805
18  3  2.496948
19  3  2.497347
20  3  2.499097
21  3  2.498814
22  3  2.499625
23  3  2.499331
24  3  2.498022
25  3  2.498432
26  3  2.496079
27  3  2.496054
28  3  2.495764
29  3  2.499613
30  3  2.499242
31  3  2.498737
32  3  2.498833
33  3  2.498911
34  3  2.498265
35  3  2.497584
36  3  2.496807
37  3  2.498705
38  3  2.498855
39  3  2.499108
40  3  2.498880
41  3  2.498827
42  3  2.499054
43  3  2.498784
44  3  2.499449
45  3  2.499144
46  3  2.498485
47  3  2.497915
48  3  2.497888
49  3  2.499067
50  3  2.499705
51  3  2.499120
52  3  2.498696
53  3  2.498293
54  3  2.498888
55  3  2.499098
56  3  2.499262
57  3  2.498721
58  3  2.498716
59  3  2.498171
60  3  2.498327
61  3  2.497594
62  3  2.498167
63  3  2.498498
0  4  2.499122
1  4  2.498920
2  4  2.498601
3  4  2.498152
4  4  2.499012
5  4  2.498452
6  4  2.497218
7  4  2.498457
8  4  2.496822
9  4  2.498265
10  4  2.499069
11  4  2.499251
12  4  2.499044
13  4  2.498281
14  4  2.497542
15  4  2.498907
16  4  2.496959
17  4  2.496829
18  4  2.497499
19  4  2.498082
20  4  2.499106
21  4  2.498833
22  4  2.498734
23  4  2.498487
24  4  2.497492
25  4  2.497709
26  4  2.497268
27  4  2.498515
28  4  2.498867
29  4  2.499402
30  4  2.498858
31  4  2.498429
32  4  2.498070
33  4  2.496967
34  4  2.496764
35  4  2.497908
36  4  2.495866
37  4  2.497014
38  4  2.497505
39  4  2.497848
40  4  2.498668
41  4  2.498510
42  4  2.498317
43  4  2.498238
44  4  2.498862
45  4  2.498713
46  4  2.499058
47  4  2.498151
48  4  2.497856
49  4  2.497718
50  4  2.498780
51  4  2.498452
52  4  2.498052
53  4  2.499519
54  4  2.499296
55  4  2.499553
56  4  2.499258
57  4  2.499226
58  4  2.498785
59  4  2.497456
60  4  2.497967
61  4  2.497592
62  4  2.498312
63  4  2.498360
0  5  2.498659
1  5  2.498878
2  5  2.498842
3  5  2.497757
4  5  2.498632
5  5  2.497977
6  5  2.496654
7  5  2.498577
8  5  2.497787
9  5  2.498330
10  5  2.498938
11  5  2.498694
12  5  2.498170
13  5  2.498162
14  5  2.498818
15  5  2.499156
16  5  2.496537
17  5  2.497093
18  5  2.497904
19  5  2.497912
20  5  2.498941
21  5  2.498572
22  5  2.498702
23  5  2.498543
24  5  2.497555
25  5  2.497767
26  5  2.497802
27  5  2.499299
28  5  2.499544
29  5  2.499539
30  5  2.499164
31  5  2.499085
32  5  2.498750
33  5  2.497252
34  5  2.496461
35  5  2.496376
36  5  2.495725
37  5  2.497585
38  5  2.497188
39  5  2.497438
40  5  2.498150
41  5  2.497889
42  5  2.497350
43  5  2.497634
44  5  2.498590
45  5  2.499027
46  5  2.499541
47  5  2.498816
48  5  2.498203
49  5  2.497715
50  5  2.498474
51  5  2.498491
52  5  2.498185
53  5  2.499504
54  5  2.499505
55  5  2.499757
56  5  2.499353
57  5  2.498756
58  5  2.497443
59  5  2.497873
60  5  2.498659
61  5  2.497511
62  5  2.498316
63  5  2.498066
0  6  2.498306
1  6  2.499578
2  6  2.499639
3  6  2.497731
4  6  2.498318
5  6  2.498791
6  6  2.497952
7  6  2.498110
8  6  2.498724
9  6  2.496798
10  6  2.498297
11  6  2.498929
12  6  2.498195
13  6  2.498787
14  6  2.499293
15  6  2.499311
16  6  2.497177
17  6  2.497767
18  6  2.496934
19  6  2.498444
20  6  2.498400
21  6  2.498286
22  6  2.498671
23  6  2.498995
24  6  2.498782
25  6  2.497597
26  6  2.497345
27  6  2.497945
28  6  2.499270
29  6  2.497775
30  6  2.497767
31  6  2.497578
32  6  2.498580
33  6  2.498253
34  6  2.497115
35  6  2.497706
36  6  2.496802
37  6  2.498214
38  6  2.497854
39  6  2.497329
40  6  2.497905
41  6  2.497822
42  6  2.498554
43  6  2.497664
44  6  2.498108
45  6  2.498776
46  6  2.499296
47  6  2.499321
48  6  2.499117
49  6  2.498101
50  6  2.497062
51  6  2.497163
52  6  2.497614
53  6  2.498571
54  6  2.498841
55  6  2.499363
56  6  2.498195
57  6  2.497860
58  6  2.497039
59  6  2.498222
60  6  2.499561
61  6  2.499313
62  6  2.499093
63  6  2.498747
0  7  2.499166
1  7  2.499542
2  7  2.499275
3  7  2.497948
4  7  2.498554
5  7  2.498639
6  7  2.498447
7  7  2.498257
8  7  2.499065
9  7  2.497194
10  7  2.496839
11  7  2.497031
12  7  2.496674
13  7  2.496996
14  7  2.499299
15  7  2.499217
16  7  2.498188
17  7  2.497556
18  7  2.496867
19  7  2.498230
20  7  2.497930
21  7  2.498372
22  7  2.499591
23  7  2.499591
24  7  2.499409
25  7  2.498263
26  7  2.497915
27  7  2.497811
28  7  2.499152
29  7  2.498285
30  7  2.498536
31  7  2.497890
32  7  2.498928
33  7  2.498034
34  7  2.497410
35  7  2.497631
36  7  2.497384
37  7  2.497779
38  7  2.498514
39  7  2.498554
40  7  2.497934
41  7  2.498234
42  7  2.498916
43  7  2.498854
44  7  2.497878
45  7  2.498548
46  7  2.498417
47  7  2.498731
48  7  2.499350
49  7  2.499129
50  7  2.499420
51  7  2.498671
52  7  2.498937
53  7  2.498854
54  7  2.499095
55  7  2.498865
56  7  2.497886
57  7  2.497857
58  7  2.498048
59  7  2.498807
60  7  2.499127
61  7  2.499036
62  7  2.498912
63  7  2.499242
0  8  2.499019
1  8  2.498875
2  8  2.498985
3  8  2.498197
4  8  2.498839
5  8  2.499127
6  8  2.498827
7  8  2.497960
8  8  2.498983
9  8  2.497061
10  8  2.496994
11  8  2.495417
12  8  2.497281
13  8  2.497481
14  8  2.499408
15  8  2.499210
16  8  2.498609
17  8  2.497914
18  8  2.497171
19  8  2.497140
20  8  2.496665
21  8  2.497954
22  8  2.498481
23  8  2.498997
24  8  2.499133
25  8  2.498292
26  8  2.498148
27  8  2.498111
28  8  2.499239
29  8  2.498890
30  8  2.499005
31  8  2.497977
32  8  2.498612
33  8  2.497878
34  8  2.497296
35  8  2.497389
36  8  2.497548
37  8  2.498272
38  8  2.498973
39  8  2.499478
40  8  2.498247
41  8  2.498141
42  8  2.498462
43  8  2.499027
44  8  2.497913
45  8  2.498096
46  8  2.498181
47  8  2.498703
48  8  2.499339
49  8  2.498964
50  8  2.498523
51  8  2.498176
52  8  2.497583
53  8  2.497635
54  8  2.498116
55  8  2.498663
56  8  2.498134
57  8  2.498285
58  8  2.498558
59  8  2.498312
60  8  2.498636
61  8  2.498343
62  8  2.498916
63  8  2.499146
0  9  2.498257
1  9  2.499108
2  9  2.498781
3  9  2.498046
4  9  2.497829
5  9  2.498390
6  9  2.498801
7  9  2.498131
8  9  2.498039
9  9  2.498660
10  9  2.498768
11  9  2.495963
12  9  2.494930
13  9  2.495256
14  9  2.498423
15  9  2.499260
16  9  2.498874
17  9  2.497868
18  9  2.497380
19  9  2.497481
20  9  2.497744
21  9  2.498400
22  9  2.497957
23  9  2.498074
24  9  2.499187
25  9  2.499228
26  9  2.499267
27  9  2.498773
28  9  2.498952
29  9  2.499604
30  9  2.499504
31  9  2.498930
32  9  2.498946
33  9  2.498572
34  9  2.498872
35  9  2.498692
36  9  2.498904
37  9  2.498145
38  9  2.498893
39  9  2.499018
40  9  2.498901
41  9  2.498902
42  9  2.499188
43  9  2.499570
44  9  2.498395
45  9  2.498880
46  9  2.499457
47  9  2.499400
48  9  2.499289
49  9  2.498867
50  9  2.499017
51  9  2.499009
52  9  2.497544
53  9  2.498117
54  9  2.498054
55  9  2.498837
56  9  2.498829
57  9  2.499141
58  9  2.499248
59  9  2.498573
60  9  2.498976
61  9  2.498796
62  9  2.499434
63  9  2.498755
0  10  2.498338
1  10  2.499093
2  10  2.498336
3  10  2.498439
4  10  2.497389
5  10  2.498342
6  10  2.498715
7  10  2.497783
8  10  2.497616
9  10  2.497766
10  10  2.498067
11  10  2.497104
12  10  2.497063
13  10  2.498623
14  10  2.498658
15  10  2.499093
16  10  2.499187
17  10  2.499372
18  10  2.499001
19  10  2.498961
20  10  2.497405
21  10  2.497621
22  10  2.497787
23  10  2.496796
24  10  2.498623
25  10  2.498897
26  10  2.499241
27  10  2.498805
28  10  2.499107
29  10  2.499619
30  10  2.498986
31  10  2.498631
32  10  2.498573
33  10  2.499048
34  10  2.499116
35  10  2.498794
36  10  2.498756
37  10  2.498246
38  10  2.498434
39  10  2.498516
40  10  2.498763
41  10  2.497891
42  10  2.498589
43  10  2.499613
44  10  2.498676
45  10  2.498757
46  10  2.498584
47  10  2.499112
48  10  2.499187
49  10  2.498260
50  10  2.498848
51  10  2.498201
52  10  2.497780
53  10  2.498628
54  10  2.498272
55  10  2.498906
56  10  2.499166
57  10  2.499148
58  10  2.499443
59  10  2.498715
60  10  2.498959
61  10  2.498792
62  10  2.499222
63  10  2.498831
0  11  2.497948
1  11  2.498199
2  11  2.497927
3  11  2.498466
4  11  2.497480
5  11  2.498607
6  11  2.498986
7  11  2.497919
8  11  2.497947
9  11  2.498698
10  11  2.499468
11  11  2.497346
12  11  2.496451
13  11  2.498973
14  11  2.498458
15  11  2.498504
16  11  2.499073
17  11  2.498670
18  11  2.498696
19  11  2.498535
20  11  2.496527
21  11  2.495695
22  11  2.498019
23  11  2.496731
24  11  2.498442
25  11  2.498641
26  11  2.498886
27  11  2.498167
28  11  2.498236
29  11  2.498414
30  11  2.498801
31  11  2.499010
32  11  2.499085
33  11  2.499267
34  11  2.499218
35  11  2.499296
36  11  2.499295
37  11  2.498903
38  11  2.498050
39  11  2.498013
40  11  2.498256
41  11  2.496557
42  11  2.498371
43  11  2.499155
44  11  2.499140
45  11  2.499185
46  11  2.498611
47  11  2.498958
48  11  2.499298
49  11  2.498125
50  11  2.498274
51  11  2.498081
52  11  2.499052
53  11  2.498992
54  11  2.498548
55  11  2.499066
56  11  2.499261
57  11  2.499675
58  11  2.499370
59  11  2.499066
60  11  2.499061
61  11  2.499007
62  11  2.498443
63  11  2.497869
0  12  2.498908
1  12  2.498705
2  12  2.498778
3  12  2.498549
4  12  2.498205
5  12  2.498690
6  12  2.499002
7  12  2.498920
8  12  2.497496
9  12  2.497476
10  12  2.497576
11  12  2.497824
12  12  2.497869
13  12  2.499441
14  12  2.499324
15  12  2.498420
16  12  2.497157
17  12  2.496953
18  12  2.497684
19  12  2.498642
20  12  2.495701
21  12  2.495132
22  12  2.497877
23  12  2.497806
24  12  2.498548
25  12  2.498558
26  12  2.499493
27  12  2.498794
28  12  2.498731
29  12  2.498639
30  12  2.499034
31  12  2.498867
32  12  2.498212
33  12  2.498124
34  12  2.498269
35  12  2.497750
36  12  2.497238
37  12  2.497413
38  12  2.497301
39  12  2.498853
40  12  2.498877
41  12  2.496867
42  12  2.497607
43  12  2.498366
44  12  2.499261
45  12  2.499499
46  12  2.498864
47  12  2.499321
48  12  2.498775
49  12  2.497868
50  12  2.497643
51  12  2.498301
52  12  2.499769
53  12  2.499594
54  12  2.498990
55  12  2.499121
56  12  2.498899
57  12  2.499236
58  12  2.498573
59  12  2.498141
60  12  2.498156
61  12  2.497873
62  12  2.498940
63  12  2.498376
0  13  2.498300
1  13  2.498281
2  13  2.498410
3  13  2.498825
4  13  2.498917
5  13  2.498553
6  13  2.498688
7  13  2.499048
8  13  2.497972
9  13  2.498098
10  13  2.498160
11  13  2.499028
12  13  2.498641
13  13  2.498472
14  13  2.498075
15  13  2.497750
16  13  2.498282
17  13  2.498431
18  13  2.498818
19  13  2.498539
20  13  2.497637
21  13  2.496753
22  13  2.498595
23  13  2.498837
24  13  2.499086
25  13  2.499085
26  13  2.499264
27  13  2.499027
28  13  2.498827
29  13  2.498779
30  13  2.499176
31  13  2.499145
32  13  2.498677
33  13  2.498889
34  13  2.498174
35  13  2.498017
36  13  2.498230
37  13  2.498057
38  13  2.497579
39  13  2.498923
40  13  2.498801
41  13  2.496898
42  13  2.497454
43  13  2.498522
44  13  2.499712
45  13  2.499734
46  13  2.498747
47  13  2.499114
48  13  2.498622
49  13  2.499165
50  13  2.498120
51  13  2.498392
52  13  2.498679
53  13  2.499327
54  13  2.498731
55  13  2.498579
56  13  2.498461
57  13  2.498794
58  13  2.498179
59  13  2.497693
60  13  2.498226
61  13  2.497921
62  13  2.498983
63  13  2.498405
0  14  2.498812
1  14  2.499212
2  14  2.498777
3  14  2.499361
4  14  2.498954
5  14  2.498816
6  14  2.498857
7  14  2.498882
8  14  2.497712
9  14  2.497730
10  14  2.498843
11  14  2.499463
12  14  2.499327
13  14  2.498563
14  14  2.498237
15  14  2.498590
16  14  2.499003
17  14  2.498235
18  14  2.497926
19  14  2.498067
20  14  2.498520
21  14  2.498606
22  14  2.499493
23  14  2.499257
24  14  2.499092
25  14  2.498737
26  14  2.499216
27  14  2.498688
28  14  2.498910
29  14  2.499047
30  14  2.499278
31  14  2.499176
32  14  2.498690
33  14  2.499674
34  14  2.498701
35  14  2.497746
36  14  2.498013
37  14  2.498019
38  14  2.498477
39  14  2.499200
40  14  2.498403
41  14  2.498676
42  14  2.498788
43  14  2.499088
44  14  2.499681
45  14  2.499505
46  14  2.498135
47  14  2.497467
48  14  2.496962
49  14  2.498444
50  14  2.498254
51  14  2.498622
52  14  2.498518
53  14  2.499115
54  14  2.498757
55  14  2.498905
56  14  2.498849
57  14  2.499027
58  14  2.498522
59  14  2.498048
60  14  2.497931
61  14  2.498102
62  14  2.498873
63  14  2.499216
0  15  2.498755
1  15  2.499036
2  15  2.498726
3  15  2.498588
4  15  2.498119
5  15  2.497464
6  15  2.498169
7  15  2.498102
8  15  2.498855
9  15  2.498762
10  15  2.499217
11  15  2.499159
12  15  2.499302
13  15  2.498108
14  15  2.497739
15  15  2.498401
16  15  2.499305
17  15  2.498924
18  15  2.499100
19  15  2.499672
20  15  2.499475
21  15  2.499606
22  15  2.499468
23  15  2.499481
24  15  2.498474
25  15  2.498379
26  15  2.498872
27  15  2.498922
28  15  2.498856
29  15  2.498815
30  15  2.498492
31  15  2.498246
32  15  2.497821
33  15  2.498222
34  15  2.498670
35  15  2.498531
36  15  2.499202
37  15  2.499175
38  15  2.498846
39  15  2.499135
40  15  2.498515
41  15  2.498660
42  15  2.498466
43  15  2.498713
44  15  2.499600
45  15  2.499488
46  15  2.497963
47  15  2.497091
48  15  2.497240
49  15  2.498703
50  15  2.498635
51  15  2.498567
52  15  2.496915
53  15  2.497564
54  15  2.497164
55  15  2.498443
56  15  2.498585
57  15  2.498475
58  15  2.498439
59  15  2.498932
60  15  2.498722
61  15  2.498914
62  15  2.498902
63  15  2.499454
0  16  2.498559
1  16  2.498981
2  16  2.499011
3  16  2.498191
4  16  2.498463
5  16  2.497676
6  16  2.498044
7  16  2.498134
8  16  2.499001
9  16  2.499076
10  16  2.499432
11  16  2.498672
12  16  2.498367
13  16  2.498239
14  16  2.498711
15  16  2.499023
16  16  2.498466
17  16  2.498367
18  16  2.499049
19  16  2.499446
20  16  2.499340
21  16  2.499366
22  16  2.499339
23  16  2.499252
24  16  2.498379
25  16  2.498379
26  16  2.499227
27  16  2.498776
28  16  2.498796
29  16  2.498425
30  16  2.498676
31  16  2.498616
32  16  2.498385
33  16  2.497726
34  16  2.498272
35  16  2.498417
36  16  2.499326
37  16  2.499253
38  16  2.499013
39  16  2.499179
40  16  2.499027
41  16  2.499056
42  16  2.497428
43  16  2.496699
44  16  2.497287
45  16  2.498294
46  16  2.497906
47  16  2.497411
48  16  2.497532
49  16  2.498640
50  16  2.498630
51  16  2.498537
52  16  2.497666
53  16  2.498274
54  16  2.498580
55  16  2.499225
56  16  2.498837
57  16  2.499198
58  16  2.498718
59  16  2.498985
60  16  2.498712
61  16  2.498879
62  16  2.498246
63  16  2.498713
0  17  2.498059
1  17  2.498643
2  17  2.498743
3  17  2.498070
4  17  2.498467
5  17  2.498010
6  17  2.498522
7  17  2.499141
8  17  2.499437
9  17  2.499369
10  17  2.498052
11  17  2.498481
12  17  2.496948
13  17  2.498213
14  17  2.498353
15  17  2.498930
16  17  2.498723
17  17  2.499192
18  17  2.499512
19  17  2.499487
20  17  2.499109
21  17  2.499332
22  17  2.499328
23  17  2.498970
24  17  2.498371
25  17  2.498859
26  17  2.499115
27  17  2.499779
28  17  2.499680
29  17  2.499700
30  17  2.499333
31  17  2.499042
32  17  2.498679
33  17  2.497634
34  17  2.497558
35  17  2.497629
36  17  2.498952
37  17  2.499259
38  17  2.499769
39  17  2.499378
40  17  2.499548
41  17  2.498801
42  17  2.497778
43  17  2.497732
44  17  2.498369
45  17  2.498382
46  17  2.498434
47  17  2.498719
48  17  2.498589
49  17  2.498906
50  17  2.498106
51  17  2.498061
52  17  2.497810
53  17  2.498334
54  17  2.498754
55  17  2.499136
56  17  2.498765
57  17  2.499067
58  17  2.498676
59  17  2.499260
60  17  2.499400
61  17  2.499639
62  17  2.498056
63  17  2.498282
0  18  2.498024
1  18  2.498462
2  18  2.498646
3  18  2.498844
4  18  2.499102
5  18  2.498745
6  18  2.498760
7  18  2.499390
8  18  2.499342
9  18  2.499328
10  18  2.498348
11  18  2.499002
12  18  2.497047
13  18  2.498067
14  18  2.498511
15  18  2.499405
16  18  2.499193
17  18  2.498704
18  18  2.498662
19  18  2.497783
20  18  2.498165
21  18  2.497827
22  18  2.498139
23  18  2.498332
24  18  2.498696
25  18  2.499196
26  18  2.499395
27  18  2.499455
28  18  2.499451
29  18  2.499360
30  18  2.499014
31  18  2.498764
32  18  2.499618
33  18  2.499256
34  18  2.497907
35  18  2.496080
36  18  2.496535
37  18  2.498953
38  18  2.498933
39  18  2.498166
40  18  2.497661
41  18  2.497786
42  18  2.497607
43  18  2.498644
44  18  2.498591
45  18  2.498818
46  18  2.498914
47  18  2.498971
48  18  2.498432
49  18  2.498477
50  18  2.498190
51  18  2.496634
52  18  2.496772
53  18  2.497238
54  18  2.497640
55  18  2.498091
56  18  2.498389
57  18  2.499125
58  18  2.499384
59  18  2.499533
60  18  2.499084
61  18  2.499226
62  18  2.497972
63  18  2.498105
0  19  2.498149
1  19  2.498665
2  19  2.498912
3  19  2.498965
4  19  2.499130
5  19  2.498986
6  19  2.499524
7  19  2.499316
8  19  2.498988
9  19  2.498637
10  19  2.496923
11  19  2.497287
12  19  2.497020
13  19  2.499036
14  19  2.499332
15  19  2.499264
16  19  2.499454
17  19  2.498697
18  19  2.498346
19  19  2.497135
20  19  2.498822
21  19  2.498825
22  19  2.498994
23  19  2.498833
24  19  2.498920
25  19  2.498831
26  19  2.498486
27  19  2.498922
28  19  2.499362
29  19  2.499213
30  19  2.498629
31  19  2.498682
32  19  2.499481
33  19  2.499177
34  19  2.497526
35  19  2.496327
36  19  2.496634
37  19  2.499172
38  19  2.498790
39  19  2.498247
40  19  2.497523
41  19  2.497273
42  19  2.498296
43  19  2.499144
44  19  2.499731
45  19  2.499182
46  19  2.498852
47  19  2.498711
48  19  2.498647
49  19  2.499235
50  19  2.499183
51  19  2.497136
52  19  2.497771
53  19  2.498122
54  19  2.498436
55  19  2.498724
56  19  2.499342
57  19  2.499619
58  19  2.499081
59  19  2.498675
60  19  2.497692
61  19  2.497795
62  19  2.497369
63  19  2.497842
0  20  2.499286
1  20  2.498605
2  20  2.499014
3  20  2.498919
4  20  2.498743
5  20  2.498051
6  20  2.499034
7  20  2.499317
8  20  2.498667
9  20  2.498026
10  20  2.497409
11  20  2.497765
12  20  2.498026
13  20  2.498988
14  20  2.499123
15  20  2.499244
16  20  2.499431
17  20  2.498612
18  20  2.498085
19  20  2.496760
20  20  2.498398
21  20  2.498168
22  20  2.498839
23  20  2.498595
24  20  2.497866
25  20  2.498420
26  20  2.497915
27  20  2.498778
28  20  2.498809
29  20  2.497831
30  20  2.497953
31  20  2.498239
32  20  2.499238
33  20  2.498868
34  20  2.496931
35  20  2.495331
36  20  2.496596
37  20  2.498898
38  20  2.498328
39  20  2.498351
40  20  2.498244
41  20  2.498043
42  20  2.498173
43  20  2.498706
44  20  2.499514
45  20  2.499760
46  20  2.499460
47  20  2.499489
48  20  2.499164
49  20  2.498709
50  20  2.497818
51  20  2.497467
52  20  2.498456
53  20  2.498237
54  20  2.499046
55  20  2.499072
56  20  2.499094
57  20  2.499085
58  20  2.497761
59  20  2.497270
60  20  2.498366
61  20  2.498192
62  20  2.498895
63  20  2.499165
0  21  2.498915
1  21  2.498691
2  21  2.498926
3  21  2.499173
4  21  2.499311
5  21  2.498627
6  21  2.499406
7  21  2.499326
8  21  2.498725
9  21  2.498293
10  21  2.497836
11  21  2.497991
12  21  2.498950
13  21  2.498652
14  21  2.498777
15  21  2.499225
16  21  2.499680
17  21  2.499143
18  21  2.498698
19  21  2.498162
20  21  2.498379
21  21  2.498449
22  21  2.499289
23  21  2.499220
24  21  2.498591
25  21  2.499138
26  21  2.498813
27  21  2.499202
28  21  2.498271
29  21  2.496382
30  21  2.499121
31  21  2.499209
32  21  2.499722
33  21  2.499304
34  21  2.498734
35  21  2.497601
36  21  2.499113
37  21  2.499037
38  21  2.499097
39  21  2.499015
40  21  2.499285
41  21  2.498780
42  21  2.498321
43  21  2.498019
44  21  2.499094
45  21  2.499301
46  21  2.499391
47  21  2.499426
48  21  2.498880
49  21  2.497530
50  21  2.496932
51  21  2.498166
52  21  2.498987
53  21  2.498406
54  21  2.499093
55  21  2.499237
56  21  2.499388
57  21  2.499243
58  21  2.497445
59  21  2.496945
60  21  2.497697
61  21  2.496719
62  21  2.498048
63  21  2.498193
0  22  2.498801
1  22  2.498983
2  22  2.499005
3  22  2.499251
4  22  2.499403
5  22  2.498477
6  22  2.498887
7  22  2.499344
8  22  2.498737
9  22  2.498917
10  22  2.498436
11  22  2.498483
12  22  2.499544
13  22  2.499133
14  22  2.499129
15  22  2.499246
16  22  2.499450
17  22  2.499166
18  22  2.498751
19  22  2.498291
20  22  2.498027
21  22  2.498290
22  22  2.499185
23  22  2.499599
24  22  2.499426
25  22  2.499574
26  22  2.499334
27  22  2.498996
28  22  2.498340
29  22  2.496282
30  22  2.498814
31  22  2.499463
32  22  2.499801
33  22  2.499300
34  22  2.498944
35  22  2.497506
36  22  2.498265
37  22  2.499002
38  22  2.498310
39  22  2.498447
40  22  2.498816
41  22  2.499537
42  22  2.499239
43  22  2.499160
44  22  2.498663
45  22  2.498844
46  22  2.499238
47  22  2.499327
48  22  2.498484
49  22  2.497464
50  22  2.497277
51  22  2.498521
52  22  2.498278
53  22  2.497933
54  22  2.497960
55  22  2.498623
56  22  2.498861
57  22  2.499270
58  22  2.496841
59  22  2.496708
60  22  2.498164
61  22  2.496453
62  22  2.497784
63  22  2.497170
0  23  2.498608
1  23  2.499087
2  23  2.499178
3  23  2.499293
4  23  2.499379
5  23  2.498904
6  23  2.498830
7  23  2.498009
8  23  2.497665
9  23  2.498948
10  23  2.499307
11  23  2.499331
12  23  2.499339
13  23  2.499020
14  23  2.498720
15  23  2.499000
16  23  2.499104
17  23  2.498657
18  23  2.498657
19  23  2.498118
20  23  2.498275
21  23  2.498187
22  23  2.498797
23  23  2.498886
24  23  2.498713
25  23  2.499031
26  23  2.498455
27  23  2.498237
28  23  2.497824
29  23  2.496471
30  23  2.497132
31  23  2.499019
32  23  2.498977
33  23  2.498395
34  23  2.498314
35  23  2.498244
36  23  2.498467
37  23  2.499179
38  23  2.498508
39  23  2.498282
40  23  2.498527
41  23  2.499253
42  23  2.498947
43  23  2.498846
44  23  2.498426
45  23  2.498409
46  23  2.499317
47  23  2.498835
48  23  2.497683
49  23  2.497454
50  23  2.497820
51  23  2.498544
52  23  2.498310
53  23  2.498346
54  23  2.497960
55  23  2.498290
56  23  2.498600
57  23  2.498837
58  23  2.497311
59  23  2.496618
60  23  2.497536
61  23  2.497945
62  23  2.497704
63  23  2.497359
0  24  2.498714
1  24  2.499702
2  24  2.499712
3  24  2.499578
4  24  2.499314
5  24  2.498741
6  24  2.498584
7  24  2.497964
8  24  2.497609
9  24  2.498910
10  24  2.498617
11  24  2.498994
12  24  2.498804
13  24  2.498989
14  24  2.498624
15  24  2.498903
16  24  2.498887
17  24  2.498791
18  24  2.498610
19  24  2.498571
20  24  2.498652
21  24  2.498815
22  24  2.498795
23  24  2.498773
24  24  2.498742
25  24  2.498360
26  24  2.498229
27  24  2.498343
28  24  2.498170
29  24  2.497631
30  24  2.496729
31  24  2.499330
32  24  2.498920
33  24  2.499005
34  24  2.498640
35  24  2.498826
36  24  2.498619
37  24  2.499279
38  24  2.498900
39  24  2.498916
40  24  2.499110
41  24  2.499160
42  24  2.498672
43  24  2.498665
44  24  2.498114
45  24  2.498358
46  24  2.498194
47  24  2.497837
48  24  2.498811
49  24  2.499452
50  24  2.499581
51  24  2.499252
52  24  2.498433
53  24  2.498526
54  24  2.498253
55  24  2.497457
56  24  2.496503
57  24  2.496970
58  24  2.497197
59  24  2.497134
60  24  2.498009
61  24  2.497210
62  24  2.497084
63  24  2.497117
0  25  2.497937
1  25  2.499469
2  25  2.499492
3  25  2.499649
4  25  2.499041
5  25  2.498927
6  25  2.499074
7  25  2.497445
8  25  2.497102
9  25  2.497576
10  25  2.498713
11  25  2.499061
12  25  2.498641
13  25  2.498015
14  25  2.497729
15  25  2.499051
16  25  2.499198
17  25  2.499234
18  25  2.499032
19  25  2.498396
20  25  2.498575
21  25  2.498869
22  25  2.498796
23  25  2.498658
24  25  2.498790
25  25  2.497998
26  25  2.497498
27  25  2.497821
28  25  2.497899
29  25  2.497981
30  25  2.496693
31  25  2.499396
32  25  2.499082
33  25  2.498832
34  25  2.498519
35  25  2.499058
36  25  2.499343
37  25  2.499596
38  25  2.498508
39  25  2.498222
40  25  2.498436
41  25  2.498744
42  25  2.498069
43  25  2.498200
44  25  2.498275
45  25  2.498564
46  25  2.498722
47  25  2.497159
48  25  2.498388
49  25  2.499278
50  25  2.499420
51  25  2.498949
52  25  2.498363
53  25  2.498420
54  25  2.498890
55  25  2.498536
56  25  2.498226
57  25  2.497847
58  25  2.498102
59  25  2.497581
60  25  2.498465
61  25  2.497777
62  25  2.498165
63  25  2.497881
0  26  2.498126
1  26  2.499554
2  26  2.499412
3  26  2.499571
4  26  2.499177
5  26  2.499121
6  26  2.499124
7  26  2.498558
8  26  2.498112
9  26  2.497406
10  26  2.498209
11  26  2.498182
12  26  2.498179
13  26  2.498041
14  26  2.497902
15  26  2.498860
16  26  2.499049
17  26  2.498673
18  26  2.498461
19  26  2.498069
20  26  2.498911
21  26  2.498615
22  26  2.498949
23  26  2.498561
24  26  2.497689
25  26  2.498224
26  26  2.497925
27  26  2.497944
28  26  2.498752
29  26  2.498284
30  26  2.497587
31  26  2.499548
32  26  2.499166
33  26  2.499387
34  26  2.499301
35  26  2.499404
36  26  2.499110
37  26  2.499374
38  26  2.497768
39  26  2.496817
40  26  2.497800
41  26  2.497747
42  26  2.498313
43  26  2.498595
44  26  2.497694
45  26  2.496935
46  26  2.497154
47  26  2.497955
48  26  2.499229
49  26  2.499527
50  26  2.499340
51  26  2.499189
52  26  2.498613
53  26  2.498696
54  26  2.499048
55  26  2.498729
56  26  2.498614
57  26  2.499258
58  26  2.498982
59  26  2.498966
60  26  2.499244
61  26  2.498787
62  26  2.497716
63  26  2.497918
0  27  2.498226
1  27  2.499223
2  27  2.499543
3  27  2.499498
4  27  2.499144
5  27  2.499479
6  27  2.498356
7  27  2.497732
8  27  2.497937
9  27  2.497247
10  27  2.496878
11  27  2.497013
12  27  2.497751
13  27  2.498779
14  27  2.498706
15  27  2.499070
16  27  2.499159
17  27  2.497911
18  27  2.497467
19  27  2.497566
20  27  2.499023
21  27  2.498787
22  27  2.498790
23  27  2.498663
24  27  2.497108
25  27  2.498103
26  27  2.498683
27  27  2.498750
28  27  2.498996
29  27  2.498578
30  27  2.497851
31  27  2.499282
32  27  2.499323
33  27  2.498214
34  27  2.497883
35  27  2.497636
36  27  2.498980
37  27  2.498222
38  27  2.494556
39  27  2.495458
40  27  2.498328
41  27  2.498533
42  27  2.499058
43  27  2.498667
44  27  2.498392
45  27  2.498090
46  27  2.498427
47  27  2.498815
48  27  2.499323
49  27  2.499348
50  27  2.499193
51  27  2.499236
52  27  2.498953
53  27  2.498729
54  27  2.498837
55  27  2.499349
56  27  2.499368
57  27  2.499515
58  27  2.498884
59  27  2.498899
60  27  2.498921
61  27  2.499317
62  27  2.498554
63  27  2.498292
0  28  2.498092
1  28  2.499147
2  28  2.499198
3  28  2.499625
4  28  2.499379
5  28  2.499576
6  28  2.498320
7  28  2.498253
8  28  2.498322
9  28  2.497616
10  28  2.497077
11  28  2.497155
12  28  2.498434
13  28  2.498876
14  28  2.497734
15  28  2.497711
16  28  2.498122
17  28  2.497832
18  28  2.497197
19  28  2.497553
20  28  2.498996
21  28  2.499119
22  28  2.498755
23  28  2.498454
24  28  2.496820
25  28  2.498035
26  28  2.498696
27  28  2.498361
28  28  2.499120
29  28  2.498156
30  28  2.498389
31  28  2.499404
32  28  2.499594
33  28  2.497936
34  28  2.497496
35  28  2.496645
36  28  2.497758
37  28  2.497208
38  28  2.495670
39  28  2.495919
40  28  2.497665
41  28  2.498073
42  28  2.499040
43  28  2.499295
44  28  2.499118
45  28  2.499441
46  28  2.499152
47  28  2.499356
48  28  2.499563
49  28  2.499597
50  28  2.499383
51  28  2.499233
52  28  2.498707
53  28  2.498970
54  28  2.498847
55  28  2.499496
56  28  2.499484
57  28  2.499705
58  28  2.498696
59  28  2.498443
60  28  2.498195
61  28  2.498767
62  28  2.498430
63  28  2.498397
0  29  2.497236
1  29  2.497988
2  29  2.499259
3  29  2.499247
4  29  2.498889
5  29  2.498557
6  29  2.497409
7  29  2.498075
8  29  2.497666
9  29  2.498362
10  29  2.499179
11  29  2.499195
12  29  2.498541
13  29  2.499078
14  29  2.497981
15  29  2.497992
16  29  2.497921
17  29  2.498287
18  29  2.498130
19  29  2.498310
20  29  2.499076
21  29  2.499722
22  29  2.499144
23  29  2.498841
24  29  2.498142
25  29  2.496980
26  29  2.497227
27  29  2.497648
28  29  2.499223
29  29  2.498918
30  29  2.499288
31  29  2.499252
32  29  2.498962
33  29  2.497370
34  29  2.497162
35  29  2.496633
36  29  2.498286
37  29  2.498088
38  29  2.497065
39  29  2.495958
40  29  2.496238
41  29  2.496835
42  29  2.497954
43  29  2.498261
44  29  2.498553
45  29  2.499311
46  29  2.499434
47  29  2.499386
48  29  2.499700
49  29  2.499227
50  29  2.499079
51  29  2.499340
52  29  2.499484
53  29  2.499335
54  29  2.499026
55  29  2.499064
56  29  2.499455
57  29  2.499753
58  29  2.498855
59  29  2.497024
60  29  2.496760
61  29  2.497058
62  29  2.497741
63  29  2.497875
0  30  2.497990
1  30  2.498155
2  30  2.499125
3  30  2.498937
4  30  2.498656
5  30  2.497825
6  30  2.497969
7  30  2.498956
8  30  2.498851
9  30  2.499138
10  30  2.499022
11  30  2.499335
12  30  2.499165
13  30  2.499067
14  30  2.498282
15  30  2.498002
16  30  2.498030
17  30  2.499119
18  30  2.498936
19  30  2.498808
20  30  2.499357
21  30  2.499276
22  30  2.498724
23  30  2.498677
24  30  2.498412
25  30  2.497224
26  30  2.496459
27  30  2.497688
28  30  2.498440
29  30  2.498049
30  30  2.499324
31  30  2.498690
32  30  2.498326
33  30  2.497411
34  30  2.498199
35  30  2.497916
36  30  2.499000
37  30  2.499564
38  30  2.499217
39  30  2.498968
40  30  2.498250
41  30  2.498642
42  30  2.497868
43  30  2.498454
44  30  2.498532
45  30  2.499045
46  30  2.499210
47  30  2.499374
48  30  2.499575
49  30  2.499139
50  30  2.499015
51  30  2.498154
52  30  2.498716
53  30  2.498910
54  30  2.498940
55  30  2.498076
56  30  2.499204
57  30  2.499165
58  30  2.499255
59  30  2.498655
60  30  2.498435
61  30  2.496871
62  30  2.496194
63  30  2.498621
0  31  2.498986
1  31  2.498898
2  31  2.499268
3  31  2.498643
4  31  2.497961
5  31  2.497869
6  31  2.498073
7  31  2.498981
8  31  2.498968
9  31  2.499366
10  31  2.499175
11  31  2.499278
12  31  2.499619
13  31  2.499369
14  31  2.499468
15  31  2.499310
16  31  2.499422
17  31  2.498797
18  31  2.498940
19  31  2.498986
20  31  2.499427
21  31  2.499082
22  31  2.498298
23  31  2.498169
24  31  2.497964
25  31  2.498836
26  31  2.497573
27  31  2.497843
28  31  2.497115
29  31  2.497576
30  31  2.498484
31  31  2.498419
32  31  2.498257
33  31  2.497461
34  31  2.498828
35  31  2.498233
36  31  2.498705
37  31  2.498444
38  31  2.498906
39  31  2.498738
40  31  2.498576
41  31  2.498873
42  31  2.498452
43  31  2.498366
44  31  2.498688
45  31  2.499261
46  31  2.499711
47  31  2.498821
48  31  2.498561
49  31  2.497871
50  31  2.498402
51  31  2.497845
52  31  2.498600
53  31  2.497633
54  31  2.497561
55  31  2.497197
56  31  2.499113
57  31  2.498789
58  31  2.499160
59  31  2.498897
60  31  2.498753
61  31  2.496570
62  31  2.495069
63  31  2.498925
0  32  2.499217
1  32  2.499469
2  32  2.498688
3  32  2.498111
4  32  2.497041
5  32  2.497933
6  32  2.498185
7  32  2.499264
8  32  2.499323
9  32  2.498638
10  32  2.498367
11  32  2.498725
12  32  2.499517
13  32  2.499153
14  32  2.499428
15  32  2.499592
16  32  2.499445
17  32  2.498907
18  32  2.498587
19  32  2.497856
20  32  2.498156
21  32  2.498302
22  32  2.498973
23  32  2.498174
24  32  2.498465
25  32  2.498374
26  32  2.497918
27  32  2.497179
28  32  2.496797
29  32  2.497683
30  32  2.498500
31  32  2.498328
32  32  2.498669
33  32  2.497868
34  32  2.498150
35  32  2.497709
36  32  2.497720
37  32  2.497136
38  32  2.497632
39  32  2.498132
40  32  2.498920
41  32  2.498363
42  32  2.498134
43  32  2.498105
44  32  2.498706
45  32  2.499019
46  32  2.499254
47  32  2.498651
48  32  2.497619
49  32  2.497653
50  32  2.498430
51  32  2.497891
52  32  2.498555
53  32  2.497053
54  32  2.497265
55  32  2.497736
56  32  2.498531
57  32  2.497490
58  32  2.498176
59  32  2.498703
60  32  2.498491
61  32  2.496801
62  32  2.496310
63  32  2.499171
0  33  2.497346
1  33  2.498179
2  33  2.499129
3  33  2.498345
4  33  2.497764
5  33  2.498203
6  33  2.498899
7  33  2.499483
8  33  2.499659
9  33  2.498728
10  33  2.498591
11  33  2.499057
12  33  2.499725
13  33  2.498746
14  33  2.498636
15  33  2.498632
16  33  2.499503
17  33  2.498912
18  33  2.498251
19  33  2.497244
20  33  2.497669
21  33  2.498753
22  33  2.498640
23  33  2.498003
24  33  2.498075
25  33  2.499095
26  33  2.499209
27  33  2.498908
28  33  2.498746
29  33  2.498601
30  33  2.497375
31  33  2.497462
32  33  2.498351
33  33  2.499161
34  33  2.498666
35  33  2.498389
36  33  2.498106
37  33  2.497109
38  33  2.497896
39  33  2.498437
40  33  2.499519
41  33  2.498847
42  33  2.498832
43  33  2.498515
44  33  2.498511
45  33  2.498536
46  33  2.498729
47  33  2.497409
48  33  2.496294
49  33  2.495528
50  33  2.497896
51  33  2.498633
52  33  2.499474
53  33  2.498485
54  33  2.498012
55  33  2.497020
56  33  2.497283
57  33  2.498176
58  33  2.498557
59  33  2.498579
60  33  2.498821
61  33  2.498327
62  33  2.497752
63  33  2.497619
0  34  2.496917
1  34  2.497119
2  34  2.498453
3  34  2.498172
4  34  2.498467
5  34  2.499260
6  34  2.499717
7  34  2.499806
8  34  2.499818
9  34  2.498674
10  34  2.498413
11  34  2.498621
12  34  2.499097
13  34  2.498969
14  34  2.498949
15  34  2.498531
16  34  2.499033
17  34  2.498599
18  34  2.498212
19  34  2.497348
20  34  2.497693
21  34  2.498653
22  34  2.499013
23  34  2.498067
24  34  2.498091
25  34  2.499482
26  34  2.499559
27  34  2.499336
28  34  2.499386
29  34  2.499072
30  34  2.498101
31  34  2.497689
32  34  2.497928
33  34  2.498746
34  34  2.497964
35  34  2.498840
36  34  2.499128
37  34  2.498065
38  34  2.497304
39  34  2.497698
40  34  2.498482
41  34  2.498677
42  34  2.498615
43  34  2.498560
44  34  2.498193
45  34  2.498316
46  34  2.498451
47  34  2.498955
48  34  2.498923
49  34  2.498914
50  34  2.498919
51  34  2.499381
52  34  2.499645
53  34  2.498751
54  34  2.497995
55  34  2.496723
56  34  2.498160
57  34  2.499329
58  34  2.499276
59  34  2.498936
60  34  2.498541
61  34  2.498453
62  34  2.499460
63  34  2.499168
0  35  2.496777
1  35  2.497142
2  35  2.498901
3  35  2.498380
4  35  2.498343
5  35  2.498496
6  35  2.499377
7  35  2.499579
8  35  2.499179
9  35  2.499252
10  35  2.498857
11  35  2.499006
12  35  2.498586
13  35  2.499042
14  35  2.499314
15  35  2.498759
16  35  2.499082
17  35  2.498880
18  35  2.498471
19  35  2.498488
20  35  2.498817
21  35  2.499511
22  35  2.499463
23  35  2.498739
24  35  2.497964
25  35  2.498811
26  35  2.499382
27  35  2.499535
28  35  2.498597
29  35  2.498645
30  35  2.498769
31  35  2.498134
32  35  2.498149
33  35  2.498494
34  35  2.498183
35  35  2.498580
36  35  2.499362
37  35  2.499219
38  35  2.497782
39  35  2.497328
40  35  2.497498
41  35  2.499272
42  35  2.499306
43  35  2.499063
44  35  2.498471
45  35  2.498541
46  35  2.498704
47  35  2.499010
48  35  2.499117
49  35  2.499300
50  35  2.497797
51  35  2.498016
52  35  2.498633
53  35  2.499206
54  35  2.498530
55  35  2.498177
56  35  2.499599
57  35  2.499473
58  35  2.499658
59  35  2.499053
60  35  2.498107
61  35  2.498150
62  35  2.498461
63  35  2.498144
0  36  2.498385
1  36  2.498164
2  36  2.498574
3  36  2.498549
4  36  2.498909
5  36  2.499200
6  36  2.499395
7  36  2.499547
8  36  2.499098
9  36  2.499338
10  36  2.498996
11  36  2.498980
12  36  2.498416
13  36  2.498202
14  36  2.498139
15  36  2.497293
16  36  2.497628
17  36  2.498478
18  36  2.498665
19  36  2.498916
20  36  2.498539
21  36  2.499332
22  36  2.499504
23  36  2.498960
24  36  2.498352
25  36  2.497814
26  36  2.498276
27  36  2.499023
28  36  2.498524
29  36  2.498793
30  36  2.499003
31  36  2.498315
32  36  2.498148
33  36  2.498051
34  36  2.498138
35  36  2.498640
36  36  2.499431
37  36  2.499753
38  36  2.499167
39  36  2.497740
40  36  2.496891
41  36  2.499009
42  36  2.498688
43  36  2.499285
44  36  2.499343
45  36  2.499629
46  36  2.499444
47  36  2.499554
48  36  2.499496
49  36  2.498927
50  36  2.497638
51  36  2.498445
52  36  2.498868
53  36  2.499100
54  36  2.497916
55  36  2.497227
56  36  2.499196
57  36  2.499412
58  36  2.499723
59  36  2.498729
60  36  2.498514
61  36  2.498618
62  36  2.499057
63  36  2.498523
0  37  2.499210
1  37  2.498748
2  37  2.498551
3  37  2.498805
4  37  2.498894
5  37  2.498784
6  37  2.499222
7  37  2.499325
8  37  2.498919
9  37  2.498847
10  37  2.499156
11  37  2.498815
12  37  2.498596
13  37  2.498112
14  37  2.497658
15  37  2.497823
16  37  2.498792
17  37  2.499247
18  37  2.499239
19  37  2.499011
20  37  2.498407
21  37  2.498735
22  37  2.499233
23  37  2.499554
24  37  2.498830
25  37  2.498392
26  37  2.498273
27  37  2.499203
28  37  2.498772
29  37  2.498766
30  37  2.498829
31  37  2.498646
32  37  2.498735
33  37  2.497868
34  37  2.498647
35  37  2.499118
36  37  2.499369
37  37  2.499755
38  37  2.498813
39  37  2.498020
40  37  2.497666
41  37  2.499074
42  37  2.498986
43  37  2.499277
44  37  2.499283
45  37  2.499133
46  37  2.498964
47  37  2.498937
48  37  2.498536
49  37  2.498676
50  37  2.498218
51  37  2.498525
52  37  2.498905
53  37  2.498730
54  37  2.497635
55  37  2.497810
56  37  2.498625
57  37  2.499176
58  37  2.499451
59  37  2.498815
60  37  2.498762
61  37  2.498801
62  37  2.499584
63  37  2.499547
0  38  2.498809
1  38  2.498249
2  38  2.498075
3  38  2.499067
4  38  2.499154
5  38  2.499264
6  38  2.499715
7  38  2.499626
8  38  2.499486
9  38  2.499000
10  38  2.499251
11  38  2.498358
12  38  2.498894
13  38  2.497457
14  38  2.497269
15  38  2.496902
16  38  2.498124
17  38  2.498707
18  38  2.499149
19  38  2.499382
20  38  2.499039
21  38  2.498182
22  38  2.498080
23  38  2.499556
24  38  2.499720
25  38  2.499455
26  38  2.499469
27  38  2.499175
28  38  2.498948
29  38  2.499083
30  38  2.499315
31  38  2.499310
32  38  2.498822
33  38  2.498035
34  38  2.498652
35  38  2.498143
36  38  2.498579
37  38  2.498629
38  38  2.499226
39  38  2.498978
40  38  2.499097
41  38  2.499442
42  38  2.498750
43  38  2.498922
44  38  2.499081
45  38  2.499168
46  38  2.499157
47  38  2.498854
48  38  2.498118
49  38  2.499208
50  38  2.499314
51  38  2.497759
52  38  2.497672
53  38  2.496979
54  38  2.498332
55  38  2.497973
56  38  2.498735
57  38  2.498701
58  38  2.499475
59  38  2.498893
60  38  2.498989
61  38  2.498919
62  38  2.499267
63  38  2.499173
0  39  2.499414
1  39  2.498917
2  39  2.498784
3  39  2.499319
4  39  2.498578
5  39  2.498533
6  39  2.498765
7  39  2.498932
8  39  2.499141
9  39  2.498836
10  39  2.499246
11  39  2.498568
12  39  2.498857
13  39  2.497796
14  39  2.498129
15  39  2.496838
16  39  2.498715
17  39  2.498794
18  39  2.498718
19  39  2.498668
20  39  2.498165
21  39  2.498350
22  39  2.497988
23  39  2.499246
24  39  2.499235
25  39  2.499279
26  39  2.499432
27  39  2.498936
28  39  2.498790
29  39  2.499099
30  39  2.499656
31  39  2.498954
32  39  2.498370
33  39  2.497976
34  39  2.498240
35  39  2.497853
36  39  2.498824
37  39  2.498701
38  39  2.499496
39  39  2.499204
40  39  2.499320
41  39  2.499420
42  39  2.499327
43  39  2.499267
44  39  2.499220
45  39  2.499084
46  39  2.499099
47  39  2.498733
48  39  2.497721
49  39  2.499313
50  39  2.499590
51  39  2.497228
52  39  2.496753
53  39  2.495705
54  39  2.498315
55  39  2.498542
56  39  2.498691
57  39  2.498709
58  39  2.499781
59  39  2.499327
60  39  2.499104
61  39  2.498628
62  39  2.498939
63  39  2.499015
0  40  2.498998
1  40  2.499124
2  40  2.498875
3  40  2.498941
4  40  2.498774
5  40  2.498305
6  40  2.498958
7  40  2.499253
8  40  2.499413
9  40  2.498996
10  40  2.499271
11  40  2.498602
12  40  2.498821
13  40  2.497571
14  40  2.497933
15  40  2.497734
16  40  2.498850
17  40  2.498838
18  40  2.497465
19  40  2.497411
20  40  2.496517
21  40  2.497072
22  40  2.497372
23  40  2.498664
24  40  2.499188
25  40  2.498444
26  40  2.497613
27  40  2.497001
28  40  2.497391
29  40  2.498015
30  40  2.497783
31  40  2.498653
32  40  2.499177
33  40  2.499356
34  40  2.498460
35  40  2.497847
36  40  2.498241
37  40  2.498286
38  40  2.499012
39  40  2.498557
40  40  2.497939
41  40  2.498074
42  40  2.498941
43  40  2.499554
44  40  2.499438
45  40  2.499065
46  40  2.498827
47  40  2.498972
48  40  2.498629
49  40  2.499192
50  40  2.499571
51  40  2.497526
52  40  2.497105
53  40  2.496071
54  40  2.498898
55  40  2.499040
56  40  2.499325
57  40  2.498364
58  40  2.499359
59  40  2.499237
60  40  2.498959
61  40  2.498383
62  40  2.498151
63  40  2.498657
0  41  2.499360
1  41  2.499116
2  41  2.498879
3  41  2.499202
4  41  2.499780
5  41  2.498466
6  41  2.498426
7  41  2.498440
8  41  2.498982
9  41  2.498320
10  41  2.498502
11  41  2.499403
12  41  2.498792
13  41  2.497311
14  41  2.498205
15  41  2.497964
16  41  2.499178
17  41  2.499047
18  41  2.497372
19  41  2.498570
20  41  2.499023
21  41  2.498989
22  41  2.497945
23  41  2.498209
24  41  2.498765
25  41  2.498202
26  41  2.497741
27  41  2.497653
28  41  2.496459
29  41  2.496537
30  41  2.496576
31  41  2.498529
32  41  2.498633
33  41  2.498782
34  41  2.499087
35  41  2.499373
36  41  2.498593
37  41  2.497878
38  41  2.498059
39  41  2.497960
40  41  2.498174
41  41  2.498174
42  41  2.498314
43  41  2.499222
44  41  2.498853
45  41  2.498742
46  41  2.498620
47  41  2.498937
48  41  2.499029
49  41  2.498453
50  41  2.498539
51  41  2.498645
52  41  2.499307
53  41  2.499019
54  41  2.499157
55  41  2.499719
56  41  2.499698
57  41  2.498737
58  41  2.498710
59  41  2.499023
60  41  2.498940
61  41  2.498042
62  41  2.498154
63  41  2.498779
0  42  2.498706
1  42  2.498532
2  42  2.498748
3  42  2.499578
4  42  2.499427
5  42  2.498747
6  42  2.498260
7  42  2.498352
8  42  2.498579
9  42  2.498093
10  42  2.498142
11  42  2.498816
12  42  2.498927
13  42  2.499222
14  42  2.499793
15  42  2.499533
16  42  2.499242
17  42  2.498200
18  42  2.496890
19  42  2.498923
20  42  2.499244
21  42  2.498932
22  42  2.497768
23  42  2.498558
24  42  2.499201
25  42  2.499065
26  42  2.499393
27  42  2.498566
28  42  2.496348
29  42  2.496464
30  42  2.495389
31  42  2.497679
32  42  2.498026
33  42  2.498533
34  42  2.499475
35  42  2.499799
36  42  2.498232
37  42  2.497931
38  42  2.497832
39  42  2.498042
40  42  2.498134
41  42  2.498057
42  42  2.497529
43  42  2.499423
44  42  2.498999
45  42  2.499498
46  42  2.498852
47  42  2.498523
48  42  2.499417
49  42  2.497684
50  42  2.497737
51  42  2.498320
52  42  2.498701
53  42  2.497715
54  42  2.498591
55  42  2.499802
56  42  2.499327
57  42  2.498353
58  42  2.498879
59  42  2.499503
60  42  2.498991
61  42  2.497143
62  42  2.497282
63  42  2.499236
0  43  2.498477
1  43  2.498922
2  43  2.498591
3  43  2.499399
4  43  2.498961
5  43  2.499045
6  43  2.498674
7  43  2.498540
8  43  2.497802
9  43  2.498016
10  43  2.498025
11  43  2.498898
12  43  2.498985
13  43  2.499409
14  43  2.499701
15  43  2.499533
16  43  2.499629
17  43  2.498846
18  43  2.498539
19  43  2.498995
20  43  2.498001
21  43  2.498520
22  43  2.498116
23  43  2.498970
24  43  2.498764
25  43  2.499198
26  43  2.499231
27  43  2.499603
28  43  2.498499
29  43  2.498620
30  43  2.497687
31  43  2.498222
32  43  2.497931
33  43  2.498641
34  43  2.499247
35  43  2.499581
36  43  2.498646
37  43  2.498356
38  43  2.498542
39  43  2.498950
40  43  2.498702
41  43  2.498809
42  43  2.498358
43  43  2.497918
44  43  2.497786
45  43  2.498766
46  43  2.498934
47  43  2.498518
48  43  2.499553
49  43  2.498270
50  43  2.497769
51  43  2.497663
52  43  2.497867
53  43  2.497204
54  43  2.498360
55  43  2.499594
56  43  2.498871
57  43  2.498515
58  43  2.499157
59  43  2.499277
60  43  2.498339
61  43  2.497077
62  43  2.497113
63  43  2.498942
0  44  2.496836
1  44  2.496163
2  44  2.494857
3  44  2.497895
4  44  2.497743
5  44  2.498820
6  44  2.498533
7  44  2.498372
8  44  2.497776
9  44  2.497993
10  44  2.498154
11  44  2.498906
12  44  2.499090
13  44  2.499318
14  44  2.499333
15  44  2.498792
16  44  2.498010
17  44  2.497882
18  44  2.498618
19  44  2.497973
20  44  2.496534
21  44  2.498168
22  44  2.498342
23  44  2.499206
24  44  2.498824
25  44  2.498951
26  44  2.499001
27  44  2.498420
28  44  2.497537
29  44  2.497838
30  44  2.498350
31  44  2.498288
32  44  2.498342
33  44  2.498362
34  44  2.499040
35  44  2.499355
36  44  2.498670
37  44  2.498050
38  44  2.497786
39  44  2.498418
40  44  2.498423
41  44  2.498135
42  44  2.497487
43  44  2.497178
44  44  2.497397
45  44  2.498380
46  44  2.498486
47  44  2.497556
48  44  2.499380
49  44  2.498994
50  44  2.497599
51  44  2.495497
52  44  2.495358
53  44  2.496603
54  44  2.497446
55  44  2.498243
56  44  2.498266
57  44  2.498625
58  44  2.499424
59  44  2.499358
60  44  2.498290
61  44  2.497602
62  44  2.497735
63  44  2.497575
0  45  2.496710
1  45  2.495719
2  45  2.494178
3  45  2.498009
4  45  2.498186
5  45  2.499342
6  45  2.499195
7  45  2.498698
8  45  2.497628
9  45  2.497742
10  45  2.497201
11  45  2.497924
12  45  2.498246
13  45  2.498509
14  45  2.498562
15  45  2.498183
16  45  2.498386
17  45  2.498729
18  45  2.499022
19  45  2.498005
20  45  2.496629
21  45  2.498304
22  45  2.498611
23  45  2.499013
24  45  2.498783
25  45  2.499126
26  45  2.498956
27  45  2.498393
28  45  2.497895
29  45  2.497533
30  45  2.499092
31  45  2.498270
32  45  2.498707
33  45  2.498128
34  45  2.498649
35  45  2.498570
36  45  2.499182
37  45  2.499057
38  45  2.498396
39  45  2.497583
40  45  2.497177
41  45  2.497549
42  45  2.498035
43  45  2.498835
44  45  2.499267
45  45  2.498821
46  45  2.498500
47  45  2.497549
48  45  2.499150
49  45  2.498950
50  45  2.498754
51  45  2.497508
52  45  2.496692
53  45  2.497969
54  45  2.498286
55  45  2.498622
56  45  2.497883
57  45  2.498564
58  45  2.498832
59  45  2.499132
60  45  2.499012
61  45  2.499285
62  45  2.499311
63  45  2.497581
0  46  2.495670
1  46  2.495454
2  46  2.494629
3  46  2.497368
4  46  2.497777
5  46  2.499262
6  46  2.499588
7  46  2.498986
8  46  2.497761
9  46  2.497892
10  46  2.498450
11  46  2.497731
12  46  2.497835
13  46  2.497791
14  46  2.498250
15  46  2.498425
16  46  2.498816
17  46  2.498708
18  46  2.498742
19  46  2.498306
20  46  2.497545
21  46  2.497714
22  46  2.498257
23  46  2.499260
24  46  2.498837
25  46  2.498717
26  46  2.498538
27  46  2.497640
28  46  2.498599
29  46  2.497641
30  46  2.498130
31  46  2.497633
32  46  2.497979
33  46  2.498320
34  46  2.499320
35  46  2.499099
36  46  2.499162
37  46  2.498950
38  46  2.498529
39  46  2.498634
40  46  2.497995
41  46  2.498579
42  46  2.498316
43  46  2.499047
44  46  2.499398
45  46  2.499119
46  46  2.497412
47  46  2.496839
48  46  2.498892
49  46  2.498564
50  46  2.498446
51  46  2.498303
52  46  2.497387
53  46  2.498483
54  46  2.498989
55  46  2.499500
56  46  2.499050
57  46  2.499043
58  46  2.498927
59  46  2.499177
60  46  2.499468
61  46  2.499577
62  46  2.499561
63  46  2.497124
0  47  2.497557
1  47  2.498261
2  47  2.498108
3  47  2.498819
4  47  2.498566
5  47  2.499382
6  47  2.499240
7  47  2.499444
8  47  2.497605
9  47  2.497075
10  47  2.498537
11  47  2.498163
12  47  2.497393
13  47  2.497300
14  47  2.497897
15  47  2.499095
16  47  2.499687
17  47  2.499296
18  47  2.498857
19  47  2.498570
20  47  2.498718
21  47  2.499254
22  47  2.499462
23  47  2.499564
24  47  2.499590
25  47  2.499358
26  47  2.499248
27  47  2.498709
28  47  2.499387
29  47  2.498607
30  47  2.497549
31  47  2.498350
32  47  2.498928
33  47  2.498855
34  47  2.499370
35  47  2.499146
36  47  2.498559
37  47  2.498635
38  47  2.498497
39  47  2.498033
40  47  2.494939
41  47  2.494365
42  47  2.495636
43  47  2.497333
44  47  2.499060
45  47  2.498815
46  47  2.497746
47  47  2.497821
48  47  2.497684
49  47  2.498274
50  47  2.498735
51  47  2.499094
52  47  2.499217
53  47  2.499038
54  47  2.499331
55  47  2.499393
56  47  2.499310
57  47  2.498947
58  47  2.499077
59  47  2.498963
60  47  2.499171
61  47  2.499215
62  47  2.499222
63  47  2.498161
0  48  2.498027
1  48  2.498137
2  48  2.498796
3  48  2.498842
4  48  2.499261
5  48  2.498711
6  48  2.498727
7  48  2.498930
8  48  2.498322
9  48  2.497846
10  48  2.498255
11  48  2.498702
12  48  2.497832
13  48  2.497371
14  48  2.497742
15  48  2.499204
16  48  2.499618
17  48  2.499249
18  48  2.499207
19  48  2.499016
20  48  2.498427
21  48  2.498597
22  48  2.498935
23  48  2.498377
24  48  2.498352
25  48  2.498413
26  48  2.499033
27  48  2.498260
28  48  2.499355
29  48  2.498906
30  48  2.497855
31  48  2.498972
32  48  2.499500
33  48  2.499213
34  48  2.499244
35  48  2.498457
36  48  2.498257
37  48  2.498564
38  48  2.497286
39  48  2.496903
40  48  2.495438
41  48  2.496615
42  48  2.497430
43  48  2.497566
44  48  2.497785
45  48  2.497180
46  48  2.495988
47  48  2.498677
48  48  2.498850
49  48  2.499625
50  48  2.498995
51  48  2.498555
52  48  2.498528
53  48  2.499459
54  48  2.499504
55  48  2.499323
56  48  2.499610
57  48  2.498824
58  48  2.498989
59  48  2.498613
60  48  2.498979
61  48  2.498971
62  48  2.499004
63  48  2.498207
0  49  2.499192
1  49  2.497423
2  49  2.497934
3  49  2.498276
4  49  2.498894
5  49  2.498175
6  49  2.498500
7  49  2.498893
8  49  2.499613
9  49  2.499505
10  49  2.499420
11  49  2.499301
12  49  2.497491
13  49  2.497541
14  49  2.497739
15  49  2.498771
16  49  2.499292
17  49  2.499452
18  49  2.499227
19  49  2.498661
20  49  2.498636
21  49  2.498771
22  49  2.498981
23  49  2.498174
24  49  2.498218
25  49  2.498516
26  49  2.499386
27  49  2.498909
28  49  2.499454
29  49  2.498967
30  49  2.498622
31  49  2.499259
32  49  2.497711
33  49  2.498222
34  49  2.498221
35  49  2.497407
36  49  2.497339
37  49  2.499041
38  49  2.498180
39  49  2.499145
40  49  2.498152
41  49  2.497379
42  49  2.497339
43  49  2.497626
44  49  2.498284
45  49  2.497526
46  49  2.497318
47  49  2.499329
48  49  2.499621
49  49  2.499229
50  49  2.498878
51  49  2.498703
52  49  2.498504
53  49  2.499055
54  49  2.499367
55  49  2.498771
56  49  2.499020
57  49  2.498617
58  49  2.499042
59  49  2.499134
60  49  2.499390
61  49  2.498710
62  49  2.499095
63  49  2.499262
0  50  2.498989
1  50  2.497801
2  50  2.496452
3  50  2.497700
4  50  2.497761
5  50  2.499269
6  50  2.499481
7  50  2.499642
8  50  2.499935
9  50  2.499317
10  50  2.498846
11  50  2.498730
12  50  2.497988
13  50  2.497830
14  50  2.497392
15  50  2.498880
16  50  2.497956
17  50  2.498293
18  50  2.498287
19  50  2.499013
20  50  2.498960
21  50  2.498672
22  50  2.498415
23  50  2.497594
24  50  2.497670
25  50  2.496851
26  50  2.497892
27  50  2.498261
28  50  2.499615
29  50  2.498637
30  50  2.498765
31  50  2.498644
32  50  2.496088
33  50  2.497911
34  50  2.498130
35  50  2.497432
36  50  2.496678
37  50  2.498601
38  50  2.498158
39  50  2.498698
40  50  2.499236
41  50  2.499298
42  50  2.498874
43  50  2.498235
44  50  2.497920
45  50  2.497979
46  50  2.497895
47  50  2.499200
48  50  2.498845
49  50  2.498194
50  50  2.498122
51  50  2.499383
52  50  2.498765
53  50  2.499549
54  50  2.499688
55  50  2.499119
56  50  2.499211
57  50  2.499152
58  50  2.499015
59  50  2.499131
60  50  2.499593
61  50  2.499068
62  50  2.499150
63  50  2.499175
0  51  2.499129
1  51  2.498684
2  51  2.496966
3  51  2.497785
4  51  2.497583
5  51  2.498704
6  51  2.498746
7  51  2.497560
8  51  2.497828
9  51  2.497704
10  51  2.498697
11  51  2.499168
12  51  2.498518
13  51  2.498498
14  51  2.497839
15  51  2.498899
16  51  2.498046
17  51  2.498340
18  51  2.498484
19  51  2.499303
20  51  2.499524
21  51  2.499447
22  51  2.499375
23  51  2.498926
24  51  2.499224
25  51  2.498219
26  51  2.498655
27  51  2.498279
28  51  2.499210
29  51  2.498897
30  51  2.499292
31  51  2.498012
32  51  2.495524
33  51  2.498062
34  51  2.498529
35  51  2.498937
36  51  2.497626
37  51  2.497913
38  51  2.497677
39  51  2.497948
40  51  2.498940
41  51  2.498563
42  51  2.498488
43  51  2.498546
44  51  2.498376
45  51  2.498185
46  51  2.498626
47  51  2.498637
48  51  2.498889
49  51  2.497973
50  51  2.497987
51  51  2.498090
52  51  2.498779
53  51  2.499048
54  51  2.499649
55  51  2.499025
56  51  2.498849
57  51  2.499413
58  51  2.499591
59  51  2.499836
60  51  2.499408
61  51  2.499093
62  51  2.498595
63  51  2.498929
0  52  2.499274
1  52  2.499652
2  52  2.498127
3  52  2.498143
4  52  2.497866
5  52  2.498701
6  52  2.498684
7  52  2.497546
8  52  2.498122
9  52  2.497443
10  52  2.498411
11  52  2.498814
12  52  2.499256
13  52  2.499293
14  52  2.499046
15  52  2.499404
16  52  2.498160
17  52  2.498453
18  52  2.498156
19  52  2.499401
20  52  2.499433
21  52  2.499421
22  52  2.499262
23  52  2.498790
24  52  2.498831
25  52  2.497663
26  52  2.498708
27  52  2.498302
28  52  2.498884
29  52  2.498568
30  52  2.498868
31  52  2.497742
32  52  2.496724
33  52  2.497592
34  52  2.498947
35  52  2.499180
36  52  2.498605
37  52  2.497484
38  52  2.497718
39  52  2.497919
40  52  2.499041
41  52  2.498702
42  52  2.498722
43  52  2.498326
44  52  2.498734
45  52  2.498686
46  52  2.499007
47  52  2.498594
48  52  2.498678
49  52  2.498545
50  52  2.497973
51  52  2.498470
52  52  2.498374
53  52  2.498701
54  52  2.498902
55  52  2.499262
56  52  2.499149
57  52  2.499316
58  52  2.499400
59  52  2.499740
60  52  2.499384
61  52  2.499257
62  52  2.498685
63  52  2.498375
0  53  2.499289
1  53  2.499653
2  53  2.499454
3  53  2.498877
4  53  2.498102
5  53  2.497647
6  53  2.497150
7  53  2.496300
8  53  2.496449
9  53  2.496324
10  53  2.497254
11  53  2.497912
12  53  2.498322
13  53  2.498340
14  53  2.499014
15  53  2.499028
16  53  2.499229
17  53  2.499276
18  53  2.499066
19  53  2.499115
20  53  2.499180
21  53  2.499393
22  53  2.499335
23  53  2.499351
24  53  2.499199
25  53  2.498916
26  53  2.499474
27  53  2.499138
28  53  2.498881
29  53  2.498728
30  53  2.498970
31  53  2.498272
32  53  2.497723
33  53  2.497089
34  53  2.498226
35  53  2.498381
36  53  2.499608
37  53  2.499341
38  53  2.499025
39  53  2.498923
40  53  2.498265
41  53  2.497932
42  53  2.497871
43  53  2.497339
44  53  2.497839
45  53  2.497652
46  53  2.498607
47  53  2.497577
48  53  2.498188
49  53  2.498596
50  53  2.498754
51  53  2.499120
52  53  2.498608
53  53  2.498431
54  53  2.498111
55  53  2.498678
56  53  2.499100
57  53  2.499279
58  53  2.499377
59  53  2.499599
60  53  2.499078
61  53  2.498432
62  53  2.498603
63  53  2.498565
0  54  2.499292
1  54  2.499307
2  54  2.499177
3  54  2.498781
4  54  2.498659
5  54  2.498074
6  54  2.496977
7  54  2.497828
8  54  2.497909
9  54  2.499257
10  54  2.497922
11  54  2.497078
12  54  2.498745
13  54  2.497724
14  54  2.499171
15  54  2.499196
16  54  2.498949
17  54  2.498988
18  54  2.498639
19  54  2.498050
20  54  2.497804
21  54  2.498087
22  54  2.498982
23  54  2.499238
24  54  2.499309
25  54  2.498263
26  54  2.498443
27  54  2.498290
28  54  2.499172
29  54  2.499037
30  54  2.498966
31  54  2.499002
32  54  2.498103
33  54  2.496889
34  54  2.497497
35  54  2.497993
36  54  2.498324
37  54  2.498211
38  54  2.498615
39  54  2.499248
40  54  2.498759
41  54  2.498069
42  54  2.498005
43  54  2.498903
44  54  2.497924
45  54  2.497708
46  54  2.498384
47  54  2.498437
48  54  2.498656
49  54  2.498393
50  54  2.498975
51  54  2.499267
52  54  2.498788
53  54  2.498086
54  54  2.498400
55  54  2.498761
56  54  2.499529
57  54  2.499030
58  54  2.499182
59  54  2.499021
60  54  2.499456
61  54  2.498059
62  54  2.497988
63  54  2.498086
0  55  2.499028
1  55  2.498948
2  55  2.498467
3  55  2.498835
4  55  2.499207
5  55  2.499361
6  55  2.497235
7  55  2.497702
8  55  2.497670
9  55  2.499215
10  55  2.497744
11  55  2.496453
12  55  2.498553
13  55  2.496919
14  55  2.498985
15  55  2.499767
16  55  2.498698
17  55  2.498914
18  55  2.498564
19  55  2.498188
20  55  2.497859
21  55  2.498164
22  55  2.498954
23  55  2.499314
24  55  2.499541
25  55  2.498934
26  55  2.498746
27  55  2.498829
28  55  2.499694
29  55  2.499621
30  55  2.499500
31  55  2.499197
32  55  2.498418
33  55  2.497759
34  55  2.497487
35  55  2.498798
36  55  2.496614
37  55  2.497276
38  55  2.497776
39  55  2.498797
40  55  2.498258
41  55  2.497995
42  55  2.498198
43  55  2.498567
44  55  2.497589
45  55  2.497453
46  55  2.498176
47  55  2.498103
48  55  2.498700
49  55  2.498719
50  55  2.499528
51  55  2.499346
52  55  2.499093
53  55  2.498720
54  55  2.499159
55  55  2.499179
56  55  2.499379
57  55  2.498908
58  55  2.499468
59  55  2.498765
60  55  2.498512
61  55  2.497306
62  55  2.497494
63  55  2.498281
0  56  2.498441
1  56  2.499130
2  56  2.499383
3  56  2.498681
4  56  2.498597
5  56  2.498795
6  56  2.499178
7  56  2.499452
8  56  2.499377
9  56  2.499036
10  56  2.499030
11  56  2.497869
12  56  2.498920
13  56  2.497786
14  56  2.498455
15  56  2.499298
16  56  2.498446
17  56  2.498482
18  56  2.498277
19  56  2.498548
20  56  2.497079
21  56  2.496964
22  56  2.498230
23  56  2.499251
24  56  2.499481
25  56  2.498178
26  56  2.498070
27  56  2.498169
28  56  2.499504
29  56  2.499686
30  56  2.499699
31  56  2.499700
32  56  2.499017
33  56  2.498996
34  56  2.498923
35  56  2.499153
36  56  2.498132
37  56  2.498488
38  56  2.498587
39  56  2.498572
40  56  2.498339
41  56  2.498619
42  56  2.499153
43  56  2.499280
44  56  2.498688
45  56  2.499337
46  56  2.499024
47  56  2.499042
48  56  2.499345
49  56  2.499721
50  56  2.499599
51  56  2.499346
52  56  2.499309
53  56  2.498608
54  56  2.498519
55  56  2.498008
56  56  2.498811
57  56  2.498392
58  56  2.499488
59  56  2.499157
60  56  2.498587
61  56  2.497335
62  56  2.497322
63  56  2.497847
0  57  2.498852
1  57  2.498753
2  57  2.499082
3  57  2.498354
4  57  2.498543
5  57  2.498582
6  57  2.499320
7  57  2.499380
8  57  2.499505
9  57  2.499103
10  57  2.499173
11  57  2.499167
12  57  2.499439
13  57  2.498531
14  57  2.498135
15  57  2.499302
16  57  2.498891
17  57  2.498561
18  57  2.498775
19  57  2.499332
20  57  2.498456
21  57  2.498428
22  57  2.498437
23  57  2.499528
24  57  2.499412
25  57  2.498600
26  57  2.498557
27  57  2.498068
28  57  2.498623
29  57  2.498724
30  57  2.499139
31  57  2.498237
32  57  2.498073
33  57  2.497564
34  57  2.498122
35  57  2.498425
36  57  2.497418
37  57  2.498173
38  57  2.497905
39  57  2.498953
40  57  2.499057
41  57  2.498518
42  57  2.498525
43  57  2.498294
44  57  2.498393
45  57  2.499182
46  57  2.499222
47  57  2.498854
48  57  2.499192
49  57  2.499572
50  57  2.499517
51  57  2.498780
52  57  2.498695
53  57  2.497611
54  57  2.497806
55  57  2.497110
56  57  2.497204
57  57  2.498534
58  57  2.499491
59  57  2.499475
60  57  2.498223
61  57  2.498114
62  57  2.498780
63  57  2.499128
0  58  2.498799
1  58  2.498805
2  58  2.499037
3  58  2.498961
4  58  2.499365
5  58  2.499282
6  58  2.499554
7  58  2.499714
8  58  2.499892
9  58  2.499729
10  58  2.499600
11  58  2.499527
12  58  2.498750
13  58  2.498674
14  58  2.498575
15  58  2.499434
16  58  2.499021
17  58  2.498495
18  58  2.498278
19  58  2.498702
20  58  2.498362
21  58  2.498153
22  58  2.497875
23  58  2.498670
24  58  2.499045
25  58  2.498559
26  58  2.498587
27  58  2.498013
28  58  2.498552
29  58  2.498094
30  58  2.498678
31  58  2.497990
32  58  2.498768
33  58  2.498274
34  58  2.498111
35  58  2.498492
36  58  2.498581
37  58  2.498383
38  58  2.499160
39  58  2.499160
40  58  2.499365
41  58  2.498840
42  58  2.499000
43  58  2.498097
44  58  2.498352
45  58  2.498243
46  58  2.498743
47  58  2.498393
48  58  2.497428
49  58  2.499202
50  58  2.499230
51  58  2.498380
52  58  2.498310
53  58  2.497075
54  58  2.497050
55  58  2.496803
56  58  2.496896
57  58  2.498250
58  58  2.497732
59  58  2.498230
60  58  2.497918
61  58  2.497831
62  58  2.497826
63  58  2.498714
0  59  2.499187
1  59  2.499297
2  59  2.498593
3  59  2.498973
4  59  2.498811
5  59  2.497285
6  59  2.496775
7  59  2.496839
8  59  2.498720
9  59  2.498709
10  59  2.498903
11  59  2.499085
12  59  2.498865
13  59  2.498577
14  59  2.498209
15  59  2.499177
16  59  2.499216
17  59  2.498822
18  59  2.498748
19  59  2.498977
20  59  2.499097
21  59  2.499132
22  59  2.499526
23  59  2.498649
24  59  2.498902
25  59  2.499040
26  59  2.499285
27  59  2.498568
28  59  2.498744
29  59  2.498024
30  59  2.498583
31  59  2.498003
32  59  2.499278
33  59  2.499429
34  59  2.498545
35  59  2.498907
36  59  2.498415
37  59  2.498755
38  59  2.499291
39  59  2.499420
40  59  2.499109
41  59  2.499209
42  59  2.498713
43  59  2.497393
44  59  2.497912
45  59  2.497596
46  59  2.497966
47  59  2.497674
48  59  2.496956
49  59  2.498753
50  59  2.498690
51  59  2.497643
52  59  2.498903
53  59  2.498020
54  59  2.495131
55  59  2.495769
56  59  2.497108
57  59  2.498505
58  59  2.497780
59  59  2.498282
60  59  2.498049
61  59  2.497714
62  59  2.497796
63  59  2.499243
0  60  2.499216
1  60  2.499324
2  60  2.498739
3  60  2.498874
4  60  2.498322
5  60  2.497357
6  60  2.497602
7  60  2.497594
8  60  2.498799
9  60  2.498829
10  60  2.499020
11  60  2.499008
12  60  2.498193
13  60  2.497582
14  60  2.497435
15  60  2.498451
16  60  2.498992
17  60  2.498116
18  60  2.498591
19  60  2.499100
20  60  2.499138
21  60  2.499064
22  60  2.498510
23  60  2.497949
24  60  2.498161
25  60  2.498813
26  60  2.499193
27  60  2.499190
28  60  2.499707
29  60  2.499368
30  60  2.499240
31  60  2.499348
32  60  2.499824
33  60  2.499704
34  60  2.499547
35  60  2.498913
36  60  2.498555
37  60  2.498979
38  60  2.499068
39  60  2.499346
40  60  2.498973
41  60  2.499070
42  60  2.499034
43  60  2.499265
44  60  2.499634
45  60  2.498909
46  60  2.497340
47  60  2.496686
48  60  2.496296
49  60  2.498525
50  60  2.498893
51  60  2.498369
52  60  2.498917
53  60  2.498768
54  60  2.496522
55  60  2.496715
56  60  2.497989
57  60  2.498363
58  60  2.498053
59  60  2.498204
60  60  2.498093
61  60  2.498470
62  60  2.498791
63  60  2.499245
0  61  2.498414
1  61  2.499446
2  61  2.499658
3  61  2.499830
4  61  2.498300
5  61  2.497035
6  61  2.495947
7  61  2.496156
8  61  2.497958
9  61  2.499359
10  61  2.499350
11  61  2.499219
12  61  2.498807
13  61  2.498286
14  61  2.498107
15  61  2.497749
16  61  2.498006
17  61  2.498197
18  61  2.498178
19  61  2.497854
20  61  2.498869
21  61  2.498810
22  61  2.498707
23  61  2.499129
24  61  2.498504
25  61  2.498640
26  61  2.499115
27  61  2.498909
28  61  2.499242
29  61  2.499596
30  61  2.499349
31  61  2.498713
32  61  2.499522
33  61  2.499380
34  61  2.499435
35  61  2.498809
36  61  2.498486
37  61  2.498501
38  61  2.498260
39  61  2.498882
40  61  2.498984
41  61  2.497507
42  61  2.497718
43  61  2.498573
44  61  2.499580
45  61  2.499584
46  61  2.498118
47  61  2.498149
48  61  2.497921
49  61  2.498656
50  61  2.498600
51  61  2.498108
52  61  2.497598
53  61  2.497690
54  61  2.497604
55  61  2.498531
56  61  2.498951
57  61  2.498711
58  61  2.498621
59  61  2.497509
60  61  2.496330
61  61  2.496535
62  61  2.496057
63  61  2.497554
0  62  2.498219
1  62  2.499487
2  62  2.499348
3  62  2.498103
4  62  2.498115
5  62  2.497988
6  62  2.498446
7  62  2.498555
8  62  2.498824
9  62  2.499584
10  62  2.499130
11  62  2.498732
12  62  2.498644
13  62  2.498539
14  62  2.498650
15  62  2.498067
16  62  2.498285
17  62  2.498449
18  62  2.498373
19  62  2.498141
20  62  2.498821
21  62  2.498957
22  62  2.499459
23  62  2.499831
24  62  2.498896
25  62  2.498270
26  62  2.498324
27  62  2.499285
28  62  2.499461
29  62  2.499112
30  62  2.498222
31  62  2.496854
32  62  2.498476
33  62  2.498789
34  62  2.498965
35  62  2.498220
36  62  2.498193
37  62  2.497896
38  62  2.498455
39  62  2.498702
40  62  2.499301
41  62  2.497766
42  62  2.498028
43  62  2.498781
44  62  2.499338
45  62  2.499102
46  62  2.497794
47  62  2.497776
48  62  2.497870
49  62  2.498158
50  62  2.498211
51  62  2.497596
52  62  2.497862
53  62  2.498473
54  62  2.498665
55  62  2.499047
56  62  2.499480
57  62  2.499060
58  62  2.498730
59  62  2.496741
60  62  2.496927
61  62  2.497533
62  62  2.496944
63  62  2.497081
0  63  2.498534
1  63  2.499151
2  63  2.498878
3  63  2.497464
4  63  2.497195
5  63  2.497651
6  63  2.498580
7  63  2.498674
8  63  2.498814
9  63  2.499776
10  63  2.499235
11  63  2.498382
12  63  2.498251
13  63  2.498422
14  63  2.497898
15  63  2.497992
16  63  2.498288
17  63  2.499428
18  63  2.499447
19  63  2.499038
20  63  2.498650
21  63  2.499066
22  63  2.499828
23  63  2.499795
24  63  2.499606
25  63  2.499003
26  63  2.498408
27  63  2.498917
28  63  2.498655
29  63  2.498416
30  63  2.498766
31  63  2.496820
32  63  2.498512
33  63  2.498417
34  63  2.498590
35  63  2.498518
36  63  2.498254
37  63  2.498096
38  63  2.498015
39  63  2.498916
40  63  2.499376
41  63  2.497949
42  63  2.497617
43  63  2.496941
44  63  2.497864
45  63  2.497506
46  63  2.498167
47  63  2.498758
48  63  2.498852
49  63  2.498601
50  63  2.497095
51  63  2.497512
52  63  2.497762
53  63  2.498463
54  63  2.498557
55  63  2.499155
56  63  2.498915
57  63  2.499326
58  63  2.498132
59  63  2.495369
60  63  2.494365
61  63  2.495897
62  63  2.497257
63  63  2.497522
