# Mass field m(x,y) = Delta * R(x,y) at t = 30 seconds
# Grid: 64 x 64
# Columns: x  y  mass
0  0  2.498831
1  0  2.497863
2  0  2.497302
3  0  2.497759
4  0  2.499226
5  0  2.499135
6  0  2.498832
7  0  2.498020
8  0  2.498118
9  0  2.498190
10  0  2.498594
11  0  2.498986
12  0  2.498853
13  0  2.498967
14  0  2.498366
15  0  2.498371
16  0  2.498801
17  0  2.499320
18  0  2.499588
19  0  2.498951
20  0  2.499177
21  0  2.499299
22  0  2.498628
23  0  2.497943
24  0  2.498980
25  0  2.498700
26  0  2.499505
27  0  2.498942
28  0  2.498924
29  0  2.498675
30  0  2.498709
31  0  2.498849
32  0  2.498815
33  0  2.498640
34  0  2.498602
35  0  2.498200
36  0  2.496244
37  0  2.497105
38  0  2.497836
39  0  2.497822
40  0  2.498745
41  0  2.498330
42  0  2.498313
43  0  2.498188
44  0  2.499470
45  0  2.498915
46  0  2.498760
47  0  2.498042
48  0  2.499687
49  0  2.498813
50  0  2.498625
51  0  2.498489
52  0  2.499092
53  0  2.499065
54  0  2.499207
55  0  2.498971
56  0  2.498804
57  0  2.498512
58  0  2.495644
59  0  2.496671
60  0  2.497872
61  0  2.498045
62  0  2.498723
63  0  2.498839
0  1  2.498904
1  1  2.497818
2  1  2.497806
3  1  2.498130
4  1  2.499156
5  1  2.498677
6  1  2.498055
7  1  2.497443
8  1  2.498505
9  1  2.498740
10  1  2.498703
11  1  2.498600
12  1  2.498523
13  1  2.498712
14  1  2.497592
15  1  2.496848
16  1  2.497285
17  1  2.499435
18  1  2.499554
19  1  2.499118
20  1  2.497912
21  1  2.497083
22  1  2.497415
23  1  2.498198
24  1  2.499081
25  1  2.498914
26  1  2.499397
27  1  2.499418
28  1  2.499577
29  1  2.499593
30  1  2.498725
31  1  2.498598
32  1  2.498233
33  1  2.497360
34  1  2.496480
35  1  2.496950
36  1  2.496846
37  1  2.497186
38  1  2.497505
39  1  2.498321
40  1  2.498833
41  1  2.498646
42  1  2.498657
43  1  2.498063
44  1  2.498733
45  1  2.498658
46  1  2.498455
47  1  2.498186
48  1  2.499614
49  1  2.498869
50  1  2.498586
51  1  2.498307
52  1  2.498688
53  1  2.498816
54  1  2.498578
55  1  2.498609
56  1  2.498302
57  1  2.498076
58  1  2.496506
59  1  2.497538
60  1  2.498263
61  1  2.498667
62  1  2.499330
63  1  2.499357
0  2  2.498871
1  2  2.498276
2  2  2.498501
3  2  2.498849
4  2  2.499269
5  2  2.498283
6  2  2.497648
7  2  2.497756
8  2  2.499400
9  2  2.499475
10  2  2.498536
11  2  2.497563
12  2  2.497797
13  2  2.498661
14  2  2.498679
15  2  2.497117
16  2  2.496772
17  2  2.498581
18  2  2.499263
19  2  2.499025
20  2  2.497733
21  2  2.497531
22  2  2.498307
23  2  2.498302
24  2  2.499082
25  2  2.498404
26  2  2.498392
27  2  2.498382
28  2  2.499404
29  2  2.499335
30  2  2.497713
31  2  2.496701
32  2  2.497620
33  2  2.497418
34  2  2.497703
35  2  2.497727
36  2  2.498975
37  2  2.499377
38  2  2.499501
39  2  2.499297
40  2  2.499105
41  2  2.498708
42  2  2.498807
43  2  2.497515
44  2  2.497964
45  2  2.498487
46  2  2.498529
47  2  2.498297
48  2  2.499477
49  2  2.498857
50  2  2.498641
51  2  2.498012
52  2  2.498767
53  2  2.498863
54  2  2.498060
55  2  2.498527
56  2  2.497972
57  2  2.497995
58  2  2.497141
59  2  2.498171
60  2  2.498110
61  2  2.498630
62  2  2.499260
63  2  2.499314
0  3  2.498569
1  3  2.499002
2  3  2.499633
3  3  2.499438
4  3  2.499205
5  3  2.498324
6  3  2.498083
7  3  2.498197
8  3  2.499422
9  3  2.499105
10  3  2.498607
11  3  2.498113
12  3  2.498385
13  3  2.498293
14  3  2.498475
15  3  2.497253
16  3  2.497365
17  3  2.498396
18  3  2.498507
19  3  2.497810
20  3  2.496465
21  3  2.497994
22  3  2.499057
23  3  2.499265
24  3  2.499352
25  3  2.499038
26  3  2.498702
27  3  2.498798
28  3  2.499229
29  3  2.499091
30  3  2.497902
31  3  2.497124
32  3  2.497874
33  3  2.497924
34  3  2.497619
35  3  2.497443
36  3  2.499372
37  3  2.499073
38  3  2.499022
39  3  2.498765
40  3  2.499184
41  3  2.498654
42  3  2.498858
43  3  2.498175
44  3  2.498676
45  3  2.498569
46  3  2.498657
47  3  2.497772
48  3  2.497988
49  3  2.498019
50  3  2.499485
51  3  2.499178
52  3  2.499063
53  3  2.498154
54  3  2.497817
55  3  2.498536
56  3  2.499069
57  3  2.499106
58  3  2.498906
59  3  2.499176
60  3  2.499063
61  3  2.499196
62  3  2.499629
63  3  2.499473
0  4  2.498864
1  4  2.499233
2  4  2.498647
3  4  2.498456
4  4  2.498328
5  4  2.499032
6  4  2.498811
7  4  2.498990
8  4  2.499180
9  4  2.497071
10  4  2.496867
11  4  2.497319
12  4  2.497360
13  4  2.498497
14  4  2.499225
15  4  2.498196
16  4  2.498394
17  4  2.498904
18  4  2.499177
19  4  2.497948
20  4  2.497142
21  4  2.497454
22  4  2.498427
23  4  2.498617
24  4  2.498973
25  4  2.498999
26  4  2.498960
27  4  2.499227
28  4  2.498684
29  4  2.498849
30  4  2.498351
31  4  2.497061
32  4  2.495975
33  4  2.497283
34  4  2.498184
35  4  2.498339
36  4  2.498926
37  4  2.498685
38  4  2.498616
39  4  2.498846
40  4  2.499211
41  4  2.498610
42  4  2.498913
43  4  2.498490
44  4  2.498554
45  4  2.498756
46  4  2.499337
47  4  2.498734
48  4  2.498464
49  4  2.497725
50  4  2.499223
51  4  2.499331
52  4  2.498862
53  4  2.497677
54  4  2.497585
55  4  2.498339
56  4  2.498961
57  4  2.499652
58  4  2.499506
59  4  2.499599
60  4  2.499308
61  4  2.499090
62  4  2.499033
63  4  2.499086
0  5  2.499161
1  5  2.499299
2  5  2.498101
3  5  2.498179
4  5  2.497838
5  5  2.499354
6  5  2.499010
7  5  2.499000
8  5  2.499307
9  5  2.496351
10  5  2.496787
11  5  2.497351
12  5  2.498198
13  5  2.498283
14  5  2.499032
15  5  2.498513
16  5  2.498794
17  5  2.498191
18  5  2.498610
19  5  2.498927
20  5  2.498636
21  5  2.498380
22  5  2.498062
23  5  2.498189
24  5  2.498157
25  5  2.498554
26  5  2.498055
27  5  2.498684
28  5  2.498195
29  5  2.499147
30  5  2.499619
31  5  2.499265
32  5  2.496341
33  5  2.497345
34  5  2.497867
35  5  2.498629
36  5  2.499020
37  5  2.498766
38  5  2.498633
39  5  2.498908
40  5  2.499286
41  5  2.499169
42  5  2.498617
43  5  2.498790
44  5  2.499192
45  5  2.499605
46  5  2.499499
47  5  2.499016
48  5  2.498773
49  5  2.498489
50  5  2.499507
51  5  2.499669
52  5  2.499009
53  5  2.498251
54  5  2.498417
55  5  2.498276
56  5  2.498907
57  5  2.499400
58  5  2.499207
59  5  2.499080
60  5  2.498873
61  5  2.498353
62  5  2.498573
63  5  2.498359
0  6  2.499419
1  6  2.499401
2  6  2.498001
3  6  2.498424
4  6  2.497396
5  6  2.498923
6  6  2.499341
7  6  2.498882
8  6  2.498659
9  6  2.496438
10  6  2.496514
11  6  2.495762
12  6  2.497906
13  6  2.498722
14  6  2.499268
15  6  2.498852
16  6  2.498491
17  6  2.498542
18  6  2.498442
19  6  2.498612
20  6  2.498987
21  6  2.497787
22  6  2.498008
23  6  2.498235
24  6  2.497652
25  6  2.498056
26  6  2.497625
27  6  2.498838
28  6  2.498531
29  6  2.499075
30  6  2.499446
31  6  2.498454
32  6  2.497629
33  6  2.498567
34  6  2.499270
35  6  2.499334
36  6  2.499232
37  6  2.498818
38  6  2.498616
39  6  2.499027
40  6  2.499076
41  6  2.498900
42  6  2.498538
43  6  2.498716
44  6  2.499845
45  6  2.499168
46  6  2.499182
47  6  2.499005
48  6  2.499346
49  6  2.499163
50  6  2.499504
51  6  2.498777
52  6  2.498366
53  6  2.498682
54  6  2.499133
55  6  2.498652
56  6  2.498785
57  6  2.498904
58  6  2.498563
59  6  2.498203
60  6  2.497896
61  6  2.497871
62  6  2.498362
63  6  2.497902
0  7  2.498662
1  7  2.499049
2  7  2.498775
3  7  2.498991
4  7  2.498137
5  7  2.498714
6  7  2.498277
7  7  2.498160
8  7  2.498538
9  7  2.498884
10  7  2.498835
11  7  2.497926
12  7  2.499116
13  7  2.499083
14  7  2.499505
15  7  2.499094
16  7  2.498535
17  7  2.498024
18  7  2.498031
19  7  2.498776
20  7  2.499086
21  7  2.498327
22  7  2.498579
23  7  2.499051
24  7  2.498943
25  7  2.498162
26  7  2.497614
27  7  2.498814
28  7  2.498601
29  7  2.498358
30  7  2.498973
31  7  2.497629
32  7  2.498502
33  7  2.499544
34  7  2.499562
35  7  2.499394
36  7  2.499234
37  7  2.499097
38  7  2.499132
39  7  2.498619
40  7  2.498901
41  7  2.498834
42  7  2.498956
43  7  2.499122
44  7  2.499611
45  7  2.499104
46  7  2.499161
47  7  2.498623
48  7  2.499384
49  7  2.499358
50  7  2.499599
51  7  2.498909
52  7  2.498803
53  7  2.499464
54  7  2.499483
55  7  2.498850
56  7  2.498877
57  7  2.498689
58  7  2.498834
59  7  2.498673
60  7  2.498596
61  7  2.497339
62  7  2.497067
63  7  2.496352
0  8  2.499291
1  8  2.499344
2  8  2.499105
3  8  2.499329
4  8  2.498649
5  8  2.498027
6  8  2.497971
7  8  2.497871
8  8  2.498374
9  8  2.499496
10  8  2.499059
11  8  2.498305
12  8  2.499471
13  8  2.499427
14  8  2.499355
15  8  2.499113
16  8  2.499125
17  8  2.499299
18  8  2.499264
19  8  2.499420
20  8  2.497958
21  8  2.497989
22  8  2.499128
23  8  2.499082
24  8  2.498986
25  8  2.498372
26  8  2.498921
27  8  2.499306
28  8  2.498977
29  8  2.498576
30  8  2.498225
31  8  2.497525
32  8  2.498735
33  8  2.499031
34  8  2.499057
35  8  2.498957
36  8  2.499238
37  8  2.499091
38  8  2.499185
39  8  2.498673
40  8  2.498994
41  8  2.498960
42  8  2.499186
43  8  2.498990
44  8  2.498970
45  8  2.498972
46  8  2.498986
47  8  2.498375
48  8  2.499271
49  8  2.498687
50  8  2.498575
51  8  2.497362
52  8  2.498415
53  8  2.498670
54  8  2.499278
55  8  2.499140
56  8  2.499029
57  8  2.498863
58  8  2.498467
59  8  2.498702
60  8  2.498447
61  8  2.497932
62  8  2.497924
63  8  2.497979
0  9  2.498985
1  9  2.498783
2  9  2.498273
3  9  2.498154
4  9  2.498481
5  9  2.497747
6  9  2.497585
7  9  2.497480
8  9  2.498601
9  9  2.499597
10  9  2.499012
11  9  2.499013
12  9  2.499493
13  9  2.499264
14  9  2.498884
15  9  2.498708
16  9  2.499559
17  9  2.499436
18  9  2.499109
19  9  2.499110
20  9  2.497823
21  9  2.498711
22  9  2.499628
23  9  2.498755
24  9  2.498588
25  9  2.498484
26  9  2.498733
27  9  2.498169
28  9  2.497821
29  9  2.498127
30  9  2.496984
31  9  2.497170
32  9  2.497330
33  9  2.497805
34  9  2.498044
35  9  2.499097
36  9  2.499372
37  9  2.499444
38  9  2.499205
39  9  2.498677
40  9  2.498932
41  9  2.499216
42  9  2.499499
43  9  2.499375
44  9  2.499088
45  9  2.499543
46  9  2.499380
47  9  2.499072
48  9  2.499057
49  9  2.498605
50  9  2.498460
51  9  2.498036
52  9  2.499189
53  9  2.499184
54  9  2.499310
55  9  2.499083
56  9  2.498763
57  9  2.498867
58  9  2.498904
59  9  2.498859
60  9  2.498030
61  9  2.497179
62  9  2.499119
63  9  2.498725
0  10  2.499269
1  10  2.499167
2  10  2.498655
3  10  2.498392
4  10  2.498699
5  10  2.498112
6  10  2.498835
7  10  2.499156
8  10  2.499667
9  10  2.499334
10  10  2.499160
11  10  2.499291
12  10  2.499432
13  10  2.499131
14  10  2.498696
15  10  2.498560
16  10  2.499736
17  10  2.499405
18  10  2.499350
19  10  2.499372
20  10  2.498191
21  10  2.497986
22  10  2.498162
23  10  2.498430
24  10  2.498776
25  10  2.498714
26  10  2.498858
27  10  2.498366
28  10  2.497931
29  10  2.498513
30  10  2.496966
31  10  2.497366
32  10  2.497987
33  10  2.498356
34  10  2.498055
35  10  2.499119
36  10  2.499478
37  10  2.499474
38  10  2.498971
39  10  2.498198
40  10  2.497697
41  10  2.498081
42  10  2.498695
43  10  2.499282
44  10  2.498345
45  10  2.499097
46  10  2.498735
47  10  2.498690
48  10  2.498576
49  10  2.498218
50  10  2.498439
51  10  2.498495
52  10  2.499214
53  10  2.498884
54  10  2.499637
55  10  2.499625
56  10  2.499345
57  10  2.499186
58  10  2.499035
59  10  2.499016
60  10  2.497968
61  10  2.497016
62  10  2.499299
63  10  2.498914
0  11  2.499067
1  11  2.498986
2  11  2.498863
3  11  2.498896
4  11  2.498785
5  11  2.498714
6  11  2.498671
7  11  2.499003
8  11  2.499640
9  11  2.499534
10  11  2.499479
11  11  2.499396
12  11  2.499466
13  11  2.499172
14  11  2.498924
15  11  2.498061
16  11  2.499318
17  11  2.498600
18  11  2.499065
19  11  2.499234
20  11  2.499286
21  11  2.498982
22  11  2.498123
23  11  2.497421
24  11  2.498055
25  11  2.498154
26  11  2.498874
27  11  2.498387
28  11  2.498445
29  11  2.498758
30  11  2.497523
31  11  2.497572
32  11  2.497735
33  11  2.498204
34  11  2.497800
35  11  2.498946
36  11  2.498796
37  11  2.499466
38  11  2.499434
39  11  2.497484
40  11  2.497571
41  11  2.498465
42  11  2.498444
43  11  2.499363
44  11  2.498841
45  11  2.498953
46  11  2.498331
47  11  2.498520
48  11  2.498258
49  11  2.498901
50  11  2.498652
51  11  2.498671
52  11  2.498270
53  11  2.499012
54  11  2.498818
55  11  2.498668
56  11  2.498602
57  11  2.499523
58  11  2.499490
59  11  2.498511
60  11  2.498416
61  11  2.498072
62  11  2.499713
63  11  2.498771
0  12  2.498784
1  12  2.498805
2  12  2.498722
3  12  2.498031
4  12  2.498476
5  12  2.498973
6  12  2.499441
7  12  2.499034
8  12  2.498889
9  12  2.497977
10  12  2.498507
11  12  2.498485
12  12  2.499554
13  12  2.499400
14  12  2.499469
15  12  2.498957
16  12  2.499343
17  12  2.499018
18  12  2.499074
19  12  2.499333
20  12  2.499258
21  12  2.499333
22  12  2.498796
23  12  2.498103
24  12  2.498126
25  12  2.498563
26  12  2.499262
27  12  2.499213
28  12  2.499321
29  12  2.498982
30  12  2.498739
31  12  2.498512
32  12  2.498955
33  12  2.497871
34  12  2.497529
35  12  2.497834
36  12  2.498867
37  12  2.499104
38  12  2.498932
39  12  2.497288
40  12  2.497915
41  12  2.498400
42  12  2.498227
43  12  2.499391
44  12  2.497957
45  12  2.498068
46  12  2.497072
47  12  2.498342
48  12  2.498256
49  12  2.498950
50  12  2.498760
51  12  2.498741
52  12  2.498181
53  12  2.498535
54  12  2.498158
55  12  2.498337
56  12  2.498755
57  12  2.499642
58  12  2.499380
59  12  2.498915
60  12  2.498660
61  12  2.498886
62  12  2.498762
63  12  2.498593
0  13  2.498748
1  13  2.498951
2  13  2.497762
3  13  2.496644
4  13  2.498180
5  13  2.498958
6  13  2.499666
7  13  2.498820
8  13  2.498863
9  13  2.498360
10  13  2.498721
11  13  2.498156
12  13  2.499084
13  13  2.498911
14  13  2.499469
15  13  2.498964
16  13  2.499436
17  13  2.499321
18  13  2.498444
19  13  2.498934
20  13  2.498925
21  13  2.499020
22  13  2.498491
23  13  2.499160
24  13  2.498268
25  13  2.498688
26  13  2.498547
27  13  2.499159
28  13  2.498813
29  13  2.498462
30  13  2.498036
31  13  2.497755
32  13  2.498611
33  13  2.498164
34  13  2.498467
35  13  2.498368
36  13  2.499126
37  13  2.498808
38  13  2.498779
39  13  2.497751
40  13  2.497776
41  13  2.498927
42  13  2.498556
43  13  2.499518
44  13  2.498565
45  13  2.497727
46  13  2.495934
47  13  2.497360
48  13  2.498325
49  13  2.499107
50  13  2.498431
51  13  2.498865
52  13  2.498544
53  13  2.498266
54  13  2.497727
55  13  2.497770
56  13  2.498058
57  13  2.498572
58  13  2.499503
59  13  2.499404
60  13  2.498795
61  13  2.499040
62  13  2.498591
63  13  2.498431
0  14  2.498679
1  14  2.499401
2  14  2.498501
3  14  2.498126
4  14  2.499446
5  14  2.499480
6  14  2.499351
7  14  2.498772
8  14  2.498798
9  14  2.498564
10  14  2.498765
11  14  2.497975
12  14  2.498806
13  14  2.498686
14  14  2.499482
15  14  2.499538
16  14  2.498590
17  14  2.498425
18  14  2.496916
19  14  2.497389
20  14  2.498807
21  14  2.497222
22  14  2.497622
23  14  2.499101
24  14  2.498055
25  14  2.498497
26  14  2.497846
27  14  2.498764
28  14  2.498058
29  14  2.497793
30  14  2.497679
31  14  2.498042
32  14  2.498258
33  14  2.498626
34  14  2.498378
35  14  2.498226
36  14  2.499191
37  14  2.499558
38  14  2.499422
39  14  2.498634
40  14  2.497469
41  14  2.498843
42  14  2.499055
43  14  2.499368
44  14  2.497957
45  14  2.497745
46  14  2.496710
47  14  2.497843
48  14  2.499081
49  14  2.499194
50  14  2.499020
51  14  2.499539
52  14  2.499402
53  14  2.499094
54  14  2.499092
55  14  2.499362
56  14  2.498833
57  14  2.498448
58  14  2.498977
59  14  2.498451
60  14  2.497999
61  14  2.498737
62  14  2.498190
63  14  2.498298
0  15  2.499566
1  15  2.499692
2  15  2.498477
3  15  2.498260
4  15  2.499150
5  15  2.499292
6  15  2.499395
7  15  2.498751
8  15  2.498778
9  15  2.498834
10  15  2.499713
11  15  2.499175
12  15  2.499210
13  15  2.498948
14  15  2.498137
15  15  2.498186
16  15  2.496525
17  15  2.498128
18  15  2.497101
19  15  2.497476
20  15  2.498988
21  15  2.497423
22  15  2.497410
23  15  2.499140
24  15  2.497842
25  15  2.498271
26  15  2.497825
27  15  2.498852
28  15  2.498789
29  15  2.498390
30  15  2.498421
31  15  2.498808
32  15  2.498612
33  15  2.498928
34  15  2.498757
35  15  2.498981
36  15  2.499298
37  15  2.499479
38  15  2.499196
39  15  2.498872
40  15  2.498186
41  15  2.498974
42  15  2.498921
43  15  2.498779
44  15  2.497926
45  15  2.497086
46  15  2.496969
47  15  2.497538
48  15  2.499236
49  15  2.499331
50  15  2.499039
51  15  2.498844
52  15  2.498849
53  15  2.498260
54  15  2.498819
55  15  2.499275
56  15  2.499304
57  15  2.498934
58  15  2.499276
59  15  2.498346
60  15  2.498281
61  15  2.498407
62  15  2.498796
63  15  2.499029
0  16  2.499301
1  16  2.499423
2  16  2.498933
3  16  2.499130
4  16  2.499308
5  16  2.499303
6  16  2.499210
7  16  2.499169
8  16  2.499316
9  16  2.499252
10  16  2.499490
11  16  2.499113
12  16  2.499335
13  16  2.499216
14  16  2.498519
15  16  2.497748
16  16  2.495182
17  16  2.495935
18  16  2.497831
19  16  2.497854
20  16  2.498860
21  16  2.497394
22  16  2.496969
23  16  2.499128
24  16  2.498395
25  16  2.498820
26  16  2.498874
27  16  2.498626
28  16  2.498901
29  16  2.498443
30  16  2.498801
31  16  2.498834
32  16  2.498104
33  16  2.498353
34  16  2.498211
35  16  2.498697
36  16  2.499005
37  16  2.499293
38  16  2.499316
39  16  2.499578
40  16  2.499418
41  16  2.499648
42  16  2.499275
43  16  2.498673
44  16  2.498615
45  16  2.497744
46  16  2.497836
47  16  2.498162
48  16  2.499454
49  16  2.499641
50  16  2.499598
51  16  2.499351
52  16  2.499320
53  16  2.498545
54  16  2.498554
55  16  2.498638
56  16  2.498640
57  16  2.497864
58  16  2.497284
59  16  2.497794
60  16  2.498414
61  16  2.498514
62  16  2.498961
63  16  2.498867
0  17  2.499461
1  17  2.499479
2  17  2.496994
3  17  2.497920
4  17  2.498424
5  17  2.499157
6  17  2.499321
7  17  2.499337
8  17  2.499464
9  17  2.499161
10  17  2.499366
11  17  2.499098
12  17  2.499447
13  17  2.499207
14  17  2.498579
15  17  2.497942
16  17  2.497079
17  17  2.498130
18  17  2.499499
19  17  2.499371
20  17  2.498215
21  17  2.498081
22  17  2.498224
23  17  2.499118
24  17  2.499220
25  17  2.499235
26  17  2.499037
27  17  2.498087
28  17  2.497759
29  17  2.498471
30  17  2.499120
31  17  2.499587
32  17  2.499062
33  17  2.498992
34  17  2.498992
35  17  2.498988
36  17  2.498667
37  17  2.498589
38  17  2.499259
39  17  2.499394
40  17  2.499421
41  17  2.499050
42  17  2.498915
43  17  2.499038
44  17  2.499077
45  17  2.497797
46  17  2.498441
47  17  2.498487
48  17  2.499614
49  17  2.499436
50  17  2.499318
51  17  2.498886
52  17  2.499259
53  17  2.499134
54  17  2.499084
55  17  2.498784
56  17  2.498730
57  17  2.498502
58  17  2.498615
59  17  2.499053
60  17  2.499095
61  17  2.499462
62  17  2.499717
63  17  2.499520
0  18  2.499197
1  18  2.499298
2  18  2.497299
3  18  2.498074
4  18  2.498259
5  18  2.499012
6  18  2.499063
7  18  2.499523
8  18  2.499518
9  18  2.499080
10  18  2.499338
11  18  2.499114
12  18  2.499076
13  18  2.498983
14  18  2.498888
15  18  2.498254
16  18  2.498108
17  18  2.498404
18  18  2.499536
19  18  2.499404
20  18  2.498695
21  18  2.498549
22  18  2.498637
23  18  2.499272
24  18  2.499579
25  18  2.499115
26  18  2.498711
27  18  2.497611
28  18  2.497073
29  18  2.497541
30  18  2.498483
31  18  2.499444
32  18  2.498980
33  18  2.498819
34  18  2.498080
35  18  2.497714
36  18  2.497638
37  18  2.499032
38  18  2.499230
39  18  2.499354
40  18  2.499234
41  18  2.497756
42  18  2.498203
43  18  2.498775
44  18  2.499207
45  18  2.498808
46  18  2.499325
47  18  2.499384
48  18  2.499376
49  18  2.498901
50  18  2.498349
51  18  2.498729
52  18  2.498933
53  18  2.499137
54  18  2.499156
55  18  2.499372
56  18  2.499297
57  18  2.499040
58  18  2.498887
59  18  2.499435
60  18  2.499352
61  18  2.499682
62  18  2.499822
63  18  2.499255
0  19  2.499121
1  19  2.499343
2  19  2.497177
3  19  2.497545
4  19  2.498286
5  19  2.499127
6  19  2.499238
7  19  2.498939
8  19  2.498720
9  19  2.498438
10  19  2.498683
11  19  2.499483
12  19  2.498976
13  19  2.498733
14  19  2.498744
15  19  2.499542
16  19  2.499675
17  19  2.499714
18  19  2.499719
19  19  2.499397
20  19  2.499051
21  19  2.498694
22  19  2.498882
23  19  2.499238
24  19  2.499521
25  19  2.498886
26  19  2.498503
27  19  2.498018
28  19  2.497394
29  19  2.497873
30  19  2.498306
31  19  2.499135
32  19  2.499572
33  19  2.499238
34  19  2.498767
35  19  2.497633
36  19  2.497642
37  19  2.499182
38  19  2.499097
39  19  2.498844
40  19  2.499252
41  19  2.497591
42  19  2.499091
43  19  2.498956
44  19  2.498055
45  19  2.498074
46  19  2.498896
47  19  2.499483
48  19  2.499493
49  19  2.499110
50  19  2.498810
51  19  2.499493
52  19  2.499286
53  19  2.499345
54  19  2.498393
55  19  2.498415
56  19  2.498656
57  19  2.498951
58  19  2.499199
59  19  2.499518
60  19  2.498844
61  19  2.499194
62  19  2.499407
63  19  2.499286
0  20  2.499294
1  20  2.499249
2  20  2.499130
3  20  2.498820
4  20  2.499037
5  20  2.498872
6  20  2.499039
7  20  2.496938
8  20  2.497957
9  20  2.498292
10  20  2.499057
11  20  2.499563
12  20  2.498606
13  20  2.498498
14  20  2.498654
15  20  2.499616
16  20  2.499851
17  20  2.499876
18  20  2.499726
19  20  2.499303
20  20  2.499089
21  20  2.498947
22  20  2.499176
23  20  2.499154
24  20  2.499130
25  20  2.498588
26  20  2.498948
27  20  2.498956
28  20  2.498488
29  20  2.498256
30  20  2.498579
31  20  2.499156
32  20  2.499667
33  20  2.499347
34  20  2.499030
35  20  2.497452
36  20  2.497604
37  20  2.499350
38  20  2.498746
39  20  2.498753
40  20  2.499012
41  20  2.497741
42  20  2.498321
43  20  2.497803
44  20  2.497270
45  20  2.497788
46  20  2.498624
47  20  2.499476
48  20  2.499430
49  20  2.499069
50  20  2.498841
51  20  2.499468
52  20  2.499540
53  20  2.499657
54  20  2.498814
55  20  2.498605
56  20  2.498632
57  20  2.499135
58  20  2.499244
59  20  2.499309
60  20  2.498418
61  20  2.498626
62  20  2.498655
63  20  2.498735
0  21  2.499602
1  21  2.499300
2  21  2.498880
3  21  2.498921
4  21  2.499266
5  21  2.499166
6  21  2.499073
7  21  2.496850
8  21  2.497937
9  21  2.498521
10  21  2.498995
11  21  2.499236
12  21  2.498814
13  21  2.499197
14  21  2.498791
15  21  2.499437
16  21  2.499913
17  21  2.499936
18  21  2.499805
19  21  2.498843
20  21  2.498757
21  21  2.499034
22  21  2.499677
23  21  2.499444
24  21  2.498908
25  21  2.498744
26  21  2.499054
27  21  2.499360
28  21  2.498467
29  21  2.497928
30  21  2.497661
31  21  2.498094
32  21  2.497668
33  21  2.498020
34  21  2.498963
35  21  2.498124
36  21  2.498367
37  21  2.498960
38  21  2.498702
39  21  2.498730
40  21  2.499039
41  21  2.498947
42  21  2.499098
43  21  2.498607
44  21  2.498220
45  21  2.498512
46  21  2.499022
47  21  2.499374
48  21  2.499456
49  21  2.499471
50  21  2.499391
51  21  2.499200
52  21  2.499380
53  21  2.499207
54  21  2.499640
55  21  2.499187
56  21  2.498792
57  21  2.499434
58  21  2.498835
59  21  2.498608
60  21  2.497542
61  21  2.498775
62  21  2.498418
63  21  2.498793
0  22  2.499122
1  22  2.499275
2  22  2.499092
3  22  2.499196
4  22  2.499448
5  22  2.499412
6  22  2.499058
7  22  2.497269
8  22  2.498832
9  22  2.498468
10  22  2.499155
11  22  2.498959
12  22  2.498719
13  22  2.498701
14  22  2.499073
15  22  2.499236
16  22  2.499808
17  22  2.499936
18  22  2.499719
19  22  2.498950
20  22  2.498947
21  22  2.499510
22  22  2.499767
23  22  2.499747
24  22  2.499270
25  22  2.499194
26  22  2.499176
27  22  2.499471
28  22  2.498765
29  22  2.498771
30  22  2.498644
31  22  2.498456
32  22  2.497567
33  22  2.498410
34  22  2.498855
35  22  2.498325
36  22  2.498455
37  22  2.498876
38  22  2.499196
39  22  2.499509
40  22  2.498984
41  22  2.499298
42  22  2.499502
43  22  2.498539
44  22  2.498226
45  22  2.498419
46  22  2.498556
47  22  2.498509
48  22  2.499115
49  22  2.499284
50  22  2.499144
51  22  2.499140
52  22  2.499023
53  22  2.498791
54  22  2.499255
55  22  2.498982
56  22  2.498632
57  22  2.499627
58  22  2.498917
59  22  2.498843
60  22  2.498633
61  22  2.499419
62  22  2.498069
63  22  2.498072
0  23  2.499211
1  23  2.499245
2  23  2.498622
3  23  2.498894
4  23  2.499242
5  23  2.499504
6  23  2.499574
7  23  2.499245
8  23  2.499408
9  23  2.498801
10  23  2.498652
11  23  2.498394
12  23  2.498573
13  23  2.498564
14  23  2.498968
15  23  2.498203
16  23  2.499247
17  23  2.498685
18  23  2.498797
19  23  2.497817
20  23  2.498983
21  23  2.499416
22  23  2.499430
23  23  2.499516
24  23  2.499116
25  23  2.499129
26  23  2.498961
27  23  2.498784
28  23  2.498136
29  23  2.497778
30  23  2.497863
31  23  2.498160
32  23  2.497620
33  23  2.498345
34  23  2.498213
35  23  2.498962
36  23  2.498718
37  23  2.499333
38  23  2.498874
39  23  2.498706
40  23  2.499019
41  23  2.499310
42  23  2.499478
43  23  2.498722
44  23  2.498717
45  23  2.498353
46  23  2.497135
47  23  2.496656
48  23  2.497657
49  23  2.499115
50  23  2.498648
51  23  2.498819
52  23  2.497714
53  23  2.496743
54  23  2.497026
55  23  2.497335
56  23  2.498498
57  23  2.499244
58  23  2.498003
59  23  2.498766
60  23  2.498684
61  23  2.499411
62  23  2.498348
63  23  2.498087
0  24  2.498374
1  24  2.498626
2  24  2.498068
3  24  2.498204
4  24  2.499046
5  24  2.498876
6  24  2.499362
7  24  2.499044
8  24  2.498756
9  24  2.498121
10  24  2.498317
11  24  2.498283
12  24  2.499237
13  24  2.498850
14  24  2.499054
15  24  2.498156
16  24  2.499105
17  24  2.498801
18  24  2.498744
19  24  2.498087
20  24  2.498864
21  24  2.499498
22  24  2.499313
23  24  2.498934
24  24  2.499001
25  24  2.499144
26  24  2.499346
27  24  2.498728
28  24  2.498950
29  24  2.498855
30  24  2.499524
31  24  2.499638
32  24  2.499617
33  24  2.499373
34  24  2.497954
35  24  2.498651
36  24  2.498341
37  24  2.498286
38  24  2.498121
39  24  2.497495
40  24  2.498484
41  24  2.498682
42  24  2.499719
43  24  2.498644
44  24  2.498523
45  24  2.497838
46  24  2.497608
47  24  2.496631
48  24  2.497194
49  24  2.498650
50  24  2.497303
51  24  2.497867
52  24  2.497936
53  24  2.498631
54  24  2.498007
55  24  2.497719
56  24  2.497713
57  24  2.497398
58  24  2.497779
59  24  2.498855
60  24  2.499408
61  24  2.499192
62  24  2.498619
63  24  2.497072
0  25  2.496331
1  25  2.497544
2  25  2.498160
3  25  2.498383
4  25  2.499021
5  25  2.498911
6  25  2.499248
7  25  2.499042
8  25  2.498995
9  25  2.498216
10  25  2.498519
11  25  2.498312
12  25  2.498255
13  25  2.498131
14  25  2.497882
15  25  2.498055
16  25  2.499092
17  25  2.499142
18  25  2.499362
19  25  2.497168
20  25  2.498020
21  25  2.499292
22  25  2.499356
23  25  2.498696
24  25  2.498667
25  25  2.498708
26  25  2.498880
27  25  2.498543
28  25  2.498639
29  25  2.498582
30  25  2.499134
31  25  2.499609
32  25  2.499828
33  25  2.499404
34  25  2.498062
35  25  2.498580
36  25  2.498468
37  25  2.498100
38  25  2.497947
39  25  2.496940
40  25  2.498300
41  25  2.498438
42  25  2.499554
43  25  2.498461
44  25  2.498649
45  25  2.498067
46  25  2.497911
47  25  2.497482
48  25  2.497492
49  25  2.499083
50  25  2.497677
51  25  2.497661
52  25  2.497750
53  25  2.499224
54  25  2.499082
55  25  2.498898
56  25  2.497839
57  25  2.497041
58  25  2.497037
59  25  2.498329
60  25  2.499340
61  25  2.498054
62  25  2.497767
63  25  2.494415
0  26  2.496227
1  26  2.496766
2  26  2.498455
3  26  2.498783
4  26  2.499107
5  26  2.499091
6  26  2.498648
7  26  2.498737
8  26  2.498685
9  26  2.497935
10  26  2.498529
11  26  2.498439
12  26  2.498749
13  26  2.497514
14  26  2.496978
15  26  2.497723
16  26  2.498147
17  26  2.499236
18  26  2.497825
19  26  2.496606
20  26  2.497221
21  26  2.498996
22  26  2.499321
23  26  2.498958
24  26  2.498932
25  26  2.498954
26  26  2.499234
27  26  2.499341
28  26  2.499009
29  26  2.499084
30  26  2.499075
31  26  2.499554
32  26  2.499612
33  26  2.498682
34  26  2.497568
35  26  2.497843
36  26  2.498248
37  26  2.497960
38  26  2.498351
39  26  2.497117
40  26  2.499178
41  26  2.498664
42  26  2.499524
43  26  2.498405
44  26  2.498743
45  26  2.498195
46  26  2.499115
47  26  2.498656
48  26  2.498637
49  26  2.499062
50  26  2.498699
51  26  2.499018
52  26  2.499142
53  26  2.499500
54  26  2.499224
55  26  2.498898
56  26  2.498095
57  26  2.497948
58  26  2.497308
59  26  2.497038
60  26  2.498412
61  26  2.497586
62  26  2.498169
63  26  2.495376
0  27  2.499367
1  27  2.499195
2  27  2.499626
3  27  2.499546
4  27  2.499405
5  27  2.499461
6  27  2.498639
7  27  2.498861
8  27  2.499208
9  27  2.498216
10  27  2.498845
11  27  2.498354
12  27  2.498734
13  27  2.497450
14  27  2.497397
15  27  2.498576
16  27  2.498308
17  27  2.498601
18  27  2.496851
19  27  2.496453
20  27  2.497597
21  27  2.499033
22  27  2.499092
23  27  2.499158
24  27  2.498394
25  27  2.498436
26  27  2.498446
27  27  2.499435
28  27  2.499167
29  27  2.498406
30  27  2.497940
31  27  2.498689
32  27  2.498754
33  27  2.497587
34  27  2.498127
35  27  2.498480
36  27  2.499012
37  27  2.498894
38  27  2.499098
39  27  2.498639
40  27  2.499589
41  27  2.499214
42  27  2.499186
43  27  2.498580
44  27  2.498820
45  27  2.498157
46  27  2.499227
47  27  2.498798
48  27  2.498446
49  27  2.499116
50  27  2.498209
51  27  2.499026
52  27  2.499032
53  27  2.499763
54  27  2.498930
55  27  2.498592
56  27  2.497337
57  27  2.497039
58  27  2.496511
59  27  2.497412
60  27  2.497962
61  27  2.495923
62  27  2.498291
63  27  2.498431
0  28  2.498259
1  28  2.498467
2  28  2.499130
3  28  2.499185
4  28  2.499300
5  28  2.499239
6  28  2.498762
7  28  2.497866
8  28  2.498677
9  28  2.498369
10  28  2.498330
11  28  2.497444
12  28  2.499515
13  28  2.498740
14  28  2.498773
15  28  2.498501
16  28  2.499047
17  28  2.499307
18  28  2.499193
19  28  2.499294
20  28  2.499091
21  28  2.499232
22  28  2.499189
23  28  2.499245
24  28  2.498582
25  28  2.498948
26  28  2.498782
27  28  2.498881
28  28  2.498142
29  28  2.497371
30  28  2.496791
31  28  2.499181
32  28  2.496784
33  28  2.496466
34  28  2.497988
35  28  2.499194
36  28  2.498285
37  28  2.498487
38  28  2.498677
39  28  2.499141
40  28  2.499374
41  28  2.499160
42  28  2.499147
43  28  2.497552
44  28  2.497613
45  28  2.498303
46  28  2.499188
47  28  2.498629
48  28  2.498153
49  28  2.498950
50  28  2.497831
51  28  2.498449
52  28  2.498540
53  28  2.499321
54  28  2.498638
55  28  2.498538
56  28  2.497840
57  28  2.498222
58  28  2.497991
59  28  2.499060
60  28  2.497807
61  28  2.496991
62  28  2.498284
63  28  2.498113
0  29  2.498273
1  29  2.498387
2  29  2.499260
3  29  2.499368
4  29  2.499488
5  29  2.499436
6  29  2.499205
7  29  2.496451
8  29  2.497444
9  29  2.497322
10  29  2.498766
11  29  2.497728
12  29  2.498563
13  29  2.498725
14  29  2.498817
15  29  2.498743
16  29  2.499227
17  29  2.498642
18  29  2.498703
19  29  2.499107
20  29  2.498866
21  29  2.499124
22  29  2.498778
23  29  2.498820
24  29  2.498071
25  29  2.498626
26  29  2.498676
27  29  2.499321
28  29  2.498682
29  29  2.497220
30  29  2.496546
31  29  2.499296
32  29  2.496682
33  29  2.494475
34  29  2.497976
35  29  2.498659
36  29  2.498808
37  29  2.498835
38  29  2.499090
39  29  2.498864
40  29  2.499148
41  29  2.499426
42  29  2.499642
43  29  2.497355
44  29  2.496857
45  29  2.497592
46  29  2.499311
47  29  2.498995
48  29  2.498356
49  29  2.498991
50  29  2.497925
51  29  2.498393
52  29  2.498281
53  29  2.498880
54  29  2.498400
55  29  2.498731
56  29  2.498033
57  29  2.498826
58  29  2.499225
59  29  2.499036
60  29  2.498718
61  29  2.497137
62  29  2.497598
63  29  2.497389
0  30  2.498523
1  30  2.499326
2  30  2.499362
3  30  2.499516
4  30  2.499044
5  30  2.498568
6  30  2.498859
7  30  2.496505
8  30  2.497108
9  30  2.497655
10  30  2.498189
11  30  2.497947
12  30  2.498188
13  30  2.498384
14  30  2.498871
15  30  2.498770
16  30  2.499050
17  30  2.497391
18  30  2.497977
19  30  2.498932
20  30  2.499110
21  30  2.498681
22  30  2.498339
23  30  2.498385
24  30  2.498009
25  30  2.498019
26  30  2.498432
27  30  2.499230
28  30  2.499055
29  30  2.497930
30  30  2.497770
31  30  2.499501
32  30  2.497488
33  30  2.494991
34  30  2.496919
35  30  2.497963
36  30  2.498527
37  30  2.497233
38  30  2.497639
39  30  2.497328
40  30  2.498616
41  30  2.499133
42  30  2.499774
43  30  2.497182
44  30  2.496398
45  30  2.496727
46  30  2.499022
47  30  2.499273
48  30  2.499317
49  30  2.499563
50  30  2.499506
51  30  2.499265
52  30  2.497643
53  30  2.497286
54  30  2.497426
55  30  2.499177
56  30  2.499068
57  30  2.497852
58  30  2.498545
59  30  2.498278
60  30  2.498664
61  30  2.499172
62  30  2.498714
63  30  2.498986
0  31  2.498398
1  31  2.499296
2  31  2.498818
3  31  2.499256
4  31  2.498101
5  31  2.498051
6  31  2.498924
7  31  2.497069
8  31  2.497649
9  31  2.497964
10  31  2.498832
11  31  2.498749
12  31  2.497848
13  31  2.497952
14  31  2.497965
15  31  2.498302
16  31  2.498067
17  31  2.497231
18  31  2.498615
19  31  2.499349
20  31  2.499385
21  31  2.498755
22  31  2.498293
23  31  2.498821
24  31  2.497715
25  31  2.497658
26  31  2.497689
27  31  2.498425
28  31  2.499683
29  31  2.498887
30  31  2.498934
31  31  2.498907
32  31  2.498343
33  31  2.495993
34  31  2.496332
35  31  2.497047
36  31  2.498244
37  31  2.498228
38  31  2.498686
39  31  2.498731
40  31  2.499150
41  31  2.499325
42  31  2.499899
43  31  2.499330
44  31  2.498853
45  31  2.498573
46  31  2.498829
47  31  2.498914
48  31  2.499008
49  31  2.499659
50  31  2.499407
51  31  2.499266
52  31  2.497949
53  31  2.497761
54  31  2.497958
55  31  2.499024
56  31  2.499078
57  31  2.497410
58  31  2.497830
59  31  2.497454
60  31  2.497492
61  31  2.498772
62  31  2.498165
63  31  2.499075
0  32  2.498312
1  32  2.499117
2  32  2.498943
3  32  2.499336
4  32  2.498702
5  32  2.498722
6  32  2.498865
7  32  2.499267
8  32  2.499014
9  32  2.499134
10  32  2.498301
11  32  2.499281
12  32  2.499015
13  32  2.498857
14  32  2.498576
15  32  2.498522
16  32  2.498606
17  32  2.498138
18  32  2.498211
19  32  2.498090
20  32  2.498318
21  32  2.499028
22  32  2.498575
23  32  2.499778
24  32  2.498084
25  32  2.497453
26  32  2.497108
27  32  2.496921
28  32  2.496722
29  32  2.497727
30  32  2.498534
31  32  2.498770
32  32  2.497543
33  32  2.498046
34  32  2.498526
35  32  2.498621
36  32  2.497690
37  32  2.497622
38  32  2.497998
39  32  2.498697
40  32  2.498936
41  32  2.499352
42  32  2.499850
43  32  2.499155
44  32  2.499213
45  32  2.498888
46  32  2.498929
47  32  2.498421
48  32  2.498384
49  32  2.499044
50  32  2.499471
51  32  2.499357
52  32  2.499087
53  32  2.498895
54  32  2.498874
55  32  2.498885
56  32  2.498453
57  32  2.497211
58  32  2.498894
59  32  2.498676
60  32  2.497748
61  32  2.498688
62  32  2.498303
63  32  2.498962
0  33  2.498885
1  33  2.498847
2  33  2.498415
3  33  2.498200
4  33  2.497670
5  33  2.498958
6  33  2.499018
7  33  2.499599
8  33  2.499149
9  33  2.498898
10  33  2.498767
11  33  2.499488
12  33  2.499369
13  33  2.498641
14  33  2.498217
15  33  2.497871
16  33  2.498577
17  33  2.498760
18  33  2.498448
19  33  2.497967
20  33  2.498570
21  33  2.499350
22  33  2.498923
23  33  2.498564
24  33  2.498331
25  33  2.496317
26  33  2.496296
27  33  2.496963
28  33  2.496362
29  33  2.497802
30  33  2.498701
31  33  2.499149
32  33  2.497729
33  33  2.497890
34  33  2.498748
35  33  2.498841
36  33  2.496914
37  33  2.497357
38  33  2.497447
39  33  2.499444
40  33  2.499430
41  33  2.499793
42  33  2.499744
43  33  2.499068
44  33  2.499118
45  33  2.499230
46  33  2.499655
47  33  2.499525
48  33  2.498870
49  33  2.499196
50  33  2.499631
51  33  2.499751
52  33  2.498690
53  33  2.497954
54  33  2.497811
55  33  2.498426
56  33  2.498700
57  33  2.497872
58  33  2.498559
59  33  2.497382
60  33  2.496743
61  33  2.498580
62  33  2.499402
63  33  2.499444
0  34  2.499041
1  34  2.498934
2  34  2.498824
3  34  2.498869
4  34  2.498530
5  34  2.499394
6  34  2.499235
7  34  2.498533
8  34  2.497495
9  34  2.497354
10  34  2.498476
11  34  2.499507
12  34  2.499462
13  34  2.499026
14  34  2.498450
15  34  2.498269
16  34  2.499026
17  34  2.498943
18  34  2.498306
19  34  2.498104
20  34  2.498409
21  34  2.499020
22  34  2.498144
23  34  2.497292
24  34  2.497518
25  34  2.497169
26  34  2.496962
27  34  2.497957
28  34  2.496401
29  34  2.497744
30  34  2.498776
31  34  2.499265
32  34  2.498523
33  34  2.498505
34  34  2.499147
35  34  2.498742
36  34  2.498477
37  34  2.497836
38  34  2.497770
39  34  2.498339
40  34  2.498481
41  34  2.497252
42  34  2.498179
43  34  2.498435
44  34  2.499022
45  34  2.499140
46  34  2.499862
47  34  2.499746
48  34  2.499417
49  34  2.498503
50  34  2.498806
51  34  2.499039
52  34  2.497582
53  34  2.497841
54  34  2.498796
55  34  2.498422
56  34  2.498589
57  34  2.498187
58  34  2.498745
59  34  2.498092
60  34  2.497943
61  34  2.498957
62  34  2.499815
63  34  2.499567
0  35  2.498879
1  35  2.498802
2  35  2.498576
3  35  2.498040
4  35  2.497341
5  35  2.497495
6  35  2.498361
7  35  2.498102
8  35  2.497974
9  35  2.497924
10  35  2.499069
11  35  2.499596
12  35  2.499550
13  35  2.498886
14  35  2.498631
15  35  2.498613
16  35  2.499418
17  35  2.498562
18  35  2.498652
19  35  2.498576
20  35  2.498424
21  35  2.498534
22  35  2.497805
23  35  2.495556
24  35  2.494751
25  35  2.496245
26  35  2.497686
27  35  2.498231
28  35  2.497876
29  35  2.499270
30  35  2.499316
31  35  2.499505
32  35  2.499510
33  35  2.499419
34  35  2.499514
35  35  2.499132
36  35  2.498845
37  35  2.498101
38  35  2.498084
39  35  2.498071
40  35  2.497583
41  35  2.495917
42  35  2.497393
43  35  2.498246
44  35  2.499155
45  35  2.499269
46  35  2.499783
47  35  2.498898
48  35  2.496565
49  35  2.496033
50  35  2.496440
51  35  2.498126
52  35  2.497212
53  35  2.497575
54  35  2.498282
55  35  2.498376
56  35  2.499069
57  35  2.498555
58  35  2.498239
59  35  2.497433
60  35  2.497582
61  35  2.498359
62  35  2.498868
63  35  2.498878
0  36  2.498020
1  36  2.497863
2  36  2.498898
3  36  2.498407
4  36  2.498045
5  36  2.498306
6  36  2.498875
7  36  2.498469
8  36  2.498420
9  36  2.497984
10  36  2.499171
11  36  2.499652
12  36  2.499741
13  36  2.499419
14  36  2.499162
15  36  2.499210
16  36  2.499284
17  36  2.497432
18  36  2.497488
19  36  2.498368
20  36  2.497713
21  36  2.498123
22  36  2.498975
23  36  2.498893
24  36  2.498554
25  36  2.498338
26  36  2.497876
27  36  2.497897
28  36  2.498086
29  36  2.499038
30  36  2.498341
31  36  2.498639
32  36  2.498569
33  36  2.499194
34  36  2.499275
35  36  2.499332
36  36  2.499426
37  36  2.498408
38  36  2.498851
39  36  2.498066
40  36  2.497829
41  36  2.495753
42  36  2.496986
43  36  2.498424
44  36  2.498783
45  36  2.498243
46  36  2.498669
47  36  2.498299
48  36  2.496252
49  36  2.495043
50  36  2.495376
51  36  2.496638
52  36  2.497068
53  36  2.497703
54  36  2.498503
55  36  2.498739
56  36  2.499041
57  36  2.498838
58  36  2.498461
59  36  2.498018
60  36  2.498484
61  36  2.498441
62  36  2.498798
63  36  2.498305
0  37  2.497878
1  37  2.497840
2  37  2.499551
3  37  2.499181
4  37  2.498777
5  37  2.498653
6  37  2.498882
7  37  2.498884
8  37  2.499717
9  37  2.499677
10  37  2.499756
11  37  2.499707
12  37  2.499466
13  37  2.498811
14  37  2.498482
15  37  2.498517
16  37  2.498824
17  37  2.496770
18  37  2.497283
19  37  2.498028
20  37  2.497472
21  37  2.497716
22  37  2.498652
23  37  2.497643
24  37  2.497237
25  37  2.497679
26  37  2.498024
27  37  2.498135
28  37  2.498748
29  37  2.498898
30  37  2.498690
31  37  2.497612
32  37  2.497706
33  37  2.499075
34  37  2.499426
35  37  2.499224
36  37  2.499653
37  37  2.498901
38  37  2.498851
39  37  2.498816
40  37  2.498348
41  37  2.497637
42  37  2.497757
43  37  2.498985
44  37  2.498666
45  37  2.498113
46  37  2.499002
47  37  2.499312
48  37  2.498873
49  37  2.498442
50  37  2.497820
51  37  2.497752
52  37  2.498173
53  37  2.495898
54  37  2.496127
55  37  2.496272
56  37  2.497546
57  37  2.498784
58  37  2.498653
59  37  2.498506
60  37  2.498528
61  37  2.498119
62  37  2.498506
63  37  2.498019
0  38  2.497395
1  38  2.497184
2  38  2.498602
3  38  2.498593
4  38  2.498716
5  38  2.498707
6  38  2.498533
7  38  2.497779
8  38  2.498590
9  38  2.498787
10  38  2.499121
11  38  2.499049
12  38  2.497954
13  38  2.498083
14  38  2.497984
15  38  2.498563
16  38  2.498695
17  38  2.497812
18  38  2.497988
19  38  2.498077
20  38  2.498533
21  38  2.498576
22  38  2.499027
23  38  2.498403
24  38  2.498271
25  38  2.498360
26  38  2.498657
27  38  2.498709
28  38  2.499498
29  38  2.499385
30  38  2.499138
31  38  2.497999
32  38  2.497741
33  38  2.498096
34  38  2.498770
35  38  2.498917
36  38  2.499757
37  38  2.499382
38  38  2.499169
39  38  2.499134
40  38  2.499177
41  38  2.499221
42  38  2.499154
43  38  2.498477
44  38  2.497831
45  38  2.497843
46  38  2.498954
47  38  2.499219
48  38  2.499027
49  38  2.496971
50  38  2.495873
51  38  2.495414
52  38  2.497132
53  38  2.495872
54  38  2.496889
55  38  2.496897
56  38  2.496669
57  38  2.497521
58  38  2.498314
59  38  2.497995
60  38  2.498369
61  38  2.498742
62  38  2.498959
63  38  2.498162
0  39  2.498162
1  39  2.498029
2  39  2.497953
3  39  2.498204
4  39  2.498242
5  39  2.498109
6  39  2.497973
7  39  2.496865
8  39  2.497375
9  39  2.498788
10  39  2.499116
11  39  2.498890
12  39  2.497568
13  39  2.497441
14  39  2.497649
15  39  2.498226
16  39  2.498881
17  39  2.498256
18  39  2.498284
19  39  2.496735
20  39  2.496954
21  39  2.497222
22  39  2.497894
23  39  2.498506
24  39  2.498410
25  39  2.498746
26  39  2.499286
27  39  2.498903
28  39  2.499275
29  39  2.499524
30  39  2.499606
31  39  2.498326
32  39  2.498145
33  39  2.498420
34  39  2.499353
35  39  2.499564
36  39  2.499733
37  39  2.498866
38  39  2.498789
39  39  2.498992
40  39  2.499204
41  39  2.498978
42  39  2.498727
43  39  2.497660
44  39  2.497567
45  39  2.498376
46  39  2.499029
47  39  2.499176
48  39  2.498642
49  39  2.498107
50  39  2.497786
51  39  2.499014
52  39  2.499341
53  39  2.497550
54  39  2.495047
55  39  2.494476
56  39  2.495175
57  39  2.497848
58  39  2.499035
59  39  2.498857
60  39  2.498713
61  39  2.498750
62  39  2.498955
63  39  2.498838
0  40  2.499066
1  40  2.498982
2  40  2.498810
3  40  2.498912
4  40  2.498474
5  40  2.497987
6  40  2.498649
7  40  2.496392
8  40  2.496478
9  40  2.498344
10  40  2.497726
11  40  2.497797
12  40  2.497776
13  40  2.499012
14  40  2.498926
15  40  2.498549
16  40  2.499238
17  40  2.498491
18  40  2.498882
19  40  2.498807
20  40  2.498577
21  40  2.498515
22  40  2.497880
23  40  2.498986
24  40  2.498824
25  40  2.499436
26  40  2.499472
27  40  2.499164
28  40  2.498853
29  40  2.498868
30  40  2.499198
31  40  2.499337
32  40  2.499356
33  40  2.499714
34  40  2.499660
35  40  2.499609
36  40  2.499488
37  40  2.498932
38  40  2.499070
39  40  2.499488
40  40  2.499297
41  40  2.498338
42  40  2.498268
43  40  2.497690
44  40  2.498115
45  40  2.497937
46  40  2.499113
47  40  2.499287
48  40  2.498860
49  40  2.498258
50  40  2.497901
51  40  2.499206
52  40  2.499583
53  40  2.499213
54  40  2.497339
55  40  2.497341
56  40  2.497056
57  40  2.497376
58  40  2.497852
59  40  2.496741
60  40  2.497190
61  40  2.497576
62  40  2.498566
63  40  2.498812
0  41  2.498940
1  41  2.499021
2  41  2.498916
3  41  2.499090
4  41  2.499160
5  41  2.498721
6  41  2.498934
7  41  2.497973
8  41  2.497991
9  41  2.499339
10  41  2.498770
11  41  2.498805
12  41  2.498271
13  41  2.498132
14  41  2.498202
15  41  2.498571
16  41  2.499260
17  41  2.498711
18  41  2.498734
19  41  2.498753
20  41  2.498971
21  41  2.499235
22  41  2.499272
23  41  2.499320
24  41  2.499222
25  41  2.499436
26  41  2.499517
27  41  2.498922
28  41  2.497832
29  41  2.497455
30  41  2.498240
31  41  2.498495
32  41  2.498329
33  41  2.498772
34  41  2.498621
35  41  2.498798
36  41  2.498637
37  41  2.498664
38  41  2.498556
39  41  2.499181
40  41  2.499211
41  41  2.498679
42  41  2.498179
43  41  2.497771
44  41  2.498724
45  41  2.498699
46  41  2.499225
47  41  2.499298
48  41  2.499122
49  41  2.498858
50  41  2.498416
51  41  2.499282
52  41  2.499351
53  41  2.499234
54  41  2.497865
55  41  2.498620
56  41  2.498377
57  41  2.498371
58  41  2.497684
59  41  2.496834
60  41  2.497133
61  41  2.497972
62  41  2.498627
63  41  2.498988
0  42  2.498489
1  42  2.499099
2  42  2.499019
3  42  2.498740
4  42  2.499081
5  42  2.499130
6  42  2.499413
7  42  2.498663
8  42  2.498788
9  42  2.499237
10  42  2.498276
11  42  2.498315
12  42  2.497811
13  42  2.497118
14  42  2.497046
15  42  2.497021
16  42  2.498396
17  42  2.499365
18  42  2.499052
19  42  2.498786
20  42  2.498780
21  42  2.499293
22  42  2.499217
23  42  2.499079
24  42  2.499156
25  42  2.499523
26  42  2.499674
27  42  2.498922
28  42  2.498399
29  42  2.498262
30  42  2.499577
31  42  2.498819
32  42  2.498154
33  42  2.498437
34  42  2.498358
35  42  2.498784
36  42  2.498796
37  42  2.499180
38  42  2.498901
39  42  2.499028
40  42  2.498307
41  42  2.498678
42  42  2.498890
43  42  2.498517
44  42  2.499510
45  42  2.499647
46  42  2.499333
47  42  2.499261
48  42  2.498999
49  42  2.498613
50  42  2.498195
51  42  2.498642
52  42  2.499102
53  42  2.498920
54  42  2.498397
55  42  2.498425
56  42  2.498598
57  42  2.498915
58  42  2.498161
59  42  2.498058
60  42  2.497998
61  42  2.498406
62  42  2.497799
63  42  2.498374
0  43  2.497896
1  43  2.499077
2  43  2.498886
3  43  2.498403
4  43  2.498902
5  43  2.499178
6  43  2.499706
7  43  2.499563
8  43  2.498943
9  43  2.498889
10  43  2.498488
11  43  2.498826
12  43  2.498539
13  43  2.497897
14  43  2.496482
15  43  2.496521
16  43  2.498246
17  43  2.499698
18  43  2.498928
19  43  2.498012
20  43  2.497695
21  43  2.498388
22  43  2.498356
23  43  2.498012
24  43  2.497310
25  43  2.498660
26  43  2.497748
27  43  2.498920
28  43  2.499191
29  43  2.499606
30  43  2.499637
31  43  2.499221
32  43  2.497855
33  43  2.498424
34  43  2.498199
35  43  2.498805
36  43  2.498812
37  43  2.499013
38  43  2.498937
39  43  2.498965
40  43  2.498308
41  43  2.498229
42  43  2.498575
43  43  2.498738
44  43  2.499426
45  43  2.499735
46  43  2.499651
47  43  2.499701
48  43  2.498896
49  43  2.498085
50  43  2.498190
51  43  2.498270
52  43  2.498470
53  43  2.498165
54  43  2.498102
55  43  2.498507
56  43  2.498841
57  43  2.499840
58  43  2.498599
59  43  2.498760
60  43  2.498239
61  43  2.498376
62  43  2.497916
63  43  2.498478
0  44  2.498120
1  44  2.499156
2  44  2.499189
3  44  2.498985
4  44  2.498765
5  44  2.499188
6  44  2.499617
7  44  2.499561
8  44  2.498940
9  44  2.498880
10  44  2.498452
11  44  2.498812
12  44  2.499012
13  44  2.498334
14  44  2.497328
15  44  2.496845
16  44  2.498070
17  44  2.499152
18  44  2.498357
19  44  2.498178
20  44  2.498213
21  44  2.498095
22  44  2.498196
23  44  2.496628
24  44  2.495849
25  44  2.498375
26  44  2.497240
27  44  2.498704
28  44  2.498553
29  44  2.498557
30  44  2.498582
31  44  2.498761
32  44  2.498261
33  44  2.499602
34  44  2.499113
35  44  2.498877
36  44  2.498616
37  44  2.498823
38  44  2.499229
39  44  2.499035
40  44  2.498546
41  44  2.498413
42  44  2.498955
43  44  2.498742
44  44  2.499070
45  44  2.499249
46  44  2.499501
47  44  2.499261
48  44  2.499004
49  44  2.498559
50  44  2.499233
51  44  2.499586
52  44  2.498682
53  44  2.497810
54  44  2.498131
55  44  2.497927
56  44  2.498675
57  44  2.498950
58  44  2.499148
59  44  2.498945
60  44  2.498306
61  44  2.498644
62  44  2.498562
63  44  2.498830
0  45  2.498862
1  45  2.498674
2  45  2.498272
3  45  2.498165
4  45  2.499265
5  45  2.498675
6  45  2.498769
7  45  2.498878
8  45  2.497901
9  45  2.498331
10  45  2.499278
11  45  2.499615
12  45  2.499551
13  45  2.498947
14  45  2.498279
15  45  2.497906
16  45  2.498387
17  45  2.498128
18  45  2.498207
19  45  2.499039
20  45  2.499427
21  45  2.499182
22  45  2.499589
23  45  2.496543
24  45  2.495727
25  45  2.498069
26  45  2.496538
27  45  2.498375
28  45  2.498551
29  45  2.499068
30  45  2.498817
31  45  2.499063
32  45  2.498454
33  45  2.499722
34  45  2.498769
35  45  2.498458
36  45  2.498224
37  45  2.499199
38  45  2.499482
39  45  2.499673
40  45  2.499784
41  45  2.499208
42  45  2.499136
43  45  2.498697
44  45  2.498761
45  45  2.498425
46  45  2.499213
47  45  2.498816
48  45  2.499143
49  45  2.498599
50  45  2.499130
51  45  2.499400
52  45  2.498586
53  45  2.498384
54  45  2.498914
55  45  2.498761
56  45  2.499243
57  45  2.498716
58  45  2.499022
59  45  2.498603
60  45  2.498628
61  45  2.498973
62  45  2.498727
63  45  2.499069
0  46  2.499475
1  46  2.498823
2  46  2.497326
3  46  2.497254
4  46  2.499609
5  46  2.498794
6  46  2.498245
7  46  2.498108
8  46  2.498698
9  46  2.498620
10  46  2.499151
11  46  2.499440
12  46  2.499407
13  46  2.498982
14  46  2.498659
15  46  2.497866
16  46  2.497001
17  46  2.496732
18  46  2.497336
19  46  2.498577
20  46  2.499362
21  46  2.498940
22  46  2.498538
23  46  2.496962
24  46  2.497670
25  46  2.498604
26  46  2.498056
27  46  2.498255
28  46  2.498421
29  46  2.498790
30  46  2.499420
31  46  2.499432
32  46  2.499386
33  46  2.499448
34  46  2.498830
35  46  2.498483
36  46  2.497735
37  46  2.498715
38  46  2.499181
39  46  2.498935
40  46  2.499115
41  46  2.497766
42  46  2.497622
43  46  2.498484
44  46  2.498251
45  46  2.498327
46  46  2.499292
47  46  2.499204
48  46  2.499463
49  46  2.499163
50  46  2.499268
51  46  2.499333
52  46  2.499304
53  46  2.499003
54  46  2.499268
55  46  2.498863
56  46  2.499376
57  46  2.498607
58  46  2.499202
59  46  2.498415
60  46  2.498424
61  46  2.497941
62  46  2.498124
63  46  2.499025
0  47  2.499347
1  47  2.499008
2  47  2.497867
3  47  2.497607
4  47  2.499523
5  47  2.498901
6  47  2.497340
7  47  2.496443
8  47  2.497008
9  47  2.497660
10  47  2.499029
11  47  2.499367
12  47  2.499425
13  47  2.498206
14  47  2.498293
15  47  2.496808
16  47  2.497654
17  47  2.498090
18  47  2.498362
19  47  2.497264
20  47  2.498459
21  47  2.498044
22  47  2.498219
23  47  2.498197
24  47  2.497411
25  47  2.497030
26  47  2.497568
27  47  2.498121
28  47  2.498949
29  47  2.498092
30  47  2.498474
31  47  2.498821
32  47  2.499110
33  47  2.498731
34  47  2.498291
35  47  2.498529
36  47  2.498328
37  47  2.499507
38  47  2.499406
39  47  2.498941
40  47  2.498890
41  47  2.497490
42  47  2.497378
43  47  2.499247
44  47  2.498658
45  47  2.498698
46  47  2.498837
47  47  2.498130
48  47  2.499157
49  47  2.498741
50  47  2.499398
51  47  2.499433
52  47  2.499495
53  47  2.499406
54  47  2.499424
55  47  2.499572
56  47  2.499461
57  47  2.498790
58  47  2.498867
59  47  2.498601
60  47  2.498285
61  47  2.497409
62  47  2.498207
63  47  2.498893
0  48  2.499380
1  48  2.499183
2  48  2.498494
3  48  2.498587
4  48  2.499072
5  48  2.499384
6  48  2.499009
7  48  2.497139
8  48  2.495006
9  48  2.495452
10  48  2.497214
11  48  2.499296
12  48  2.499254
13  48  2.499106
14  48  2.498451
15  48  2.496823
16  48  2.498077
17  48  2.498755
18  48  2.498634
19  48  2.497225
20  48  2.498675
21  48  2.498413
22  48  2.498871
23  48  2.499345
24  48  2.497279
25  48  2.497740
26  48  2.498474
27  48  2.499145
28  48  2.498988
29  48  2.497823
30  48  2.498697
31  48  2.498239
32  48  2.498259
33  48  2.497176
34  48  2.496901
35  48  2.497487
36  48  2.498141
37  48  2.499214
38  48  2.498579
39  48  2.498276
40  48  2.498673
41  48  2.497616
42  48  2.497555
43  48  2.498934
44  48  2.498519
45  48  2.498868
46  48  2.497868
47  48  2.496750
48  48  2.496537
49  48  2.498841
50  48  2.498878
51  48  2.499072
52  48  2.499001
53  48  2.498750
54  48  2.499217
55  48  2.499018
56  48  2.498988
57  48  2.498394
58  48  2.498661
59  48  2.498911
60  48  2.498956
61  48  2.498401
62  48  2.499583
63  48  2.499291
0  49  2.499667
1  49  2.499633
2  49  2.499409
3  49  2.498914
4  49  2.498061
5  49  2.498648
6  49  2.499393
7  49  2.498605
8  49  2.498650
9  49  2.497548
10  49  2.497890
11  49  2.499630
12  49  2.499486
13  49  2.497973
14  49  2.495786
15  49  2.495442
16  49  2.499205
17  49  2.499444
18  49  2.498986
19  49  2.498111
20  49  2.497651
21  49  2.496810
22  49  2.496920
23  49  2.497933
24  49  2.497283
25  49  2.497575
26  49  2.496826
27  49  2.498180
28  49  2.498663
29  49  2.498352
30  49  2.498801
31  49  2.497468
32  49  2.497962
33  49  2.496923
34  49  2.497270
35  49  2.497518
36  49  2.498934
37  49  2.499346
38  49  2.498857
39  49  2.498812
40  49  2.499021
41  49  2.498689
42  49  2.498969
43  49  2.498448
44  49  2.498605
45  49  2.499687
46  49  2.498737
47  49  2.496333
48  49  2.495789
49  49  2.498796
50  49  2.498758
51  49  2.498965
52  49  2.499207
53  49  2.498590
54  49  2.498868
55  49  2.498477
56  49  2.498524
57  49  2.497895
58  49  2.499180
59  49  2.499297
60  49  2.499037
61  49  2.498955
62  49  2.499818
63  49  2.499622
0  50  2.499475
1  50  2.499285
2  50  2.499693
3  50  2.498377
4  50  2.496627
5  50  2.496333
6  50  2.498418
7  50  2.498164
8  50  2.498340
9  50  2.497090
10  50  2.497564
11  50  2.499093
12  50  2.498854
13  50  2.498072
14  50  2.495872
15  50  2.495798
16  50  2.498850
17  50  2.499573
18  50  2.499293
19  50  2.499417
20  50  2.498521
21  50  2.498404
22  50  2.497219
23  50  2.497755
24  50  2.497844
25  50  2.498289
26  50  2.498090
27  50  2.498874
28  50  2.499315
29  50  2.498622
30  50  2.498010
31  50  2.496535
32  50  2.496423
33  50  2.496087
34  50  2.496797
35  50  2.498419
36  50  2.499023
37  50  2.498692
38  50  2.498363
39  50  2.499109
40  50  2.499254
41  50  2.499430
42  50  2.498669
43  50  2.498513
44  50  2.499299
45  50  2.499754
46  50  2.499245
47  50  2.497605
48  50  2.495566
49  50  2.498801
50  50  2.498311
51  50  2.498126
52  50  2.498884
53  50  2.498464
54  50  2.498196
55  50  2.498193
56  50  2.497595
57  50  2.498044
58  50  2.499641
59  50  2.498296
60  50  2.498152
61  50  2.498936
62  50  2.499763
63  50  2.499727
0  51  2.499160
1  51  2.499216
2  51  2.499203
3  51  2.497853
4  51  2.497227
5  51  2.497070
6  51  2.497941
7  51  2.497821
8  51  2.498118
9  51  2.498827
10  51  2.499113
11  51  2.499203
12  51  2.499228
13  51  2.498070
14  51  2.496747
15  51  2.496350
16  51  2.499186
17  51  2.499652
18  51  2.499374
19  51  2.499593
20  51  2.498061
21  51  2.497604
22  51  2.497030
23  51  2.497774
24  51  2.497676
25  51  2.497929
26  51  2.499550
27  51  2.499415
28  51  2.499362
29  51  2.498527
30  51  2.498466
31  51  2.497897
32  51  2.497955
33  51  2.497554
34  51  2.497884
35  51  2.499178
36  51  2.499327
37  51  2.499241
38  51  2.499208
39  51  2.499413
40  51  2.499154
41  51  2.499253
42  51  2.498897
43  51  2.498290
44  51  2.498373
45  51  2.498809
46  51  2.499744
47  51  2.498613
48  51  2.497563
49  51  2.498407
50  51  2.498653
51  51  2.498489
52  51  2.499335
53  51  2.499039
54  51  2.498466
55  51  2.498934
56  51  2.498078
57  51  2.497938
58  51  2.499632
59  51  2.498030
60  51  2.497668
61  51  2.497742
62  51  2.498292
63  51  2.498687
0  52  2.499277
1  52  2.498719
2  52  2.498802
3  52  2.497592
4  52  2.497525
5  52  2.497202
6  52  2.498234
7  52  2.498648
8  52  2.498886
9  52  2.499335
10  52  2.499124
11  52  2.499064
12  52  2.499267
13  52  2.499418
14  52  2.499296
15  52  2.498873
16  52  2.499514
17  52  2.499339
18  52  2.499138
19  52  2.499150
20  52  2.498633
21  52  2.498402
22  52  2.498726
23  52  2.498166
24  52  2.498026
25  52  2.497700
26  52  2.499681
27  52  2.499237
28  52  2.498489
29  52  2.498513
30  52  2.499059
31  52  2.498679
32  52  2.497429
33  52  2.496320
34  52  2.497177
35  52  2.498833
36  52  2.498896
37  52  2.499221
38  52  2.499040
39  52  2.499455
40  52  2.498779
41  52  2.498816
42  52  2.498836
43  52  2.498443
44  52  2.498661
45  52  2.498865
46  52  2.499437
47  52  2.499403
48  52  2.498121
49  52  2.498463
50  52  2.498266
51  52  2.498461
52  52  2.499164
53  52  2.498633
54  52  2.498604
55  52  2.498453
56  52  2.498065
57  52  2.498921
58  52  2.499615
59  52  2.498216
60  52  2.497786
61  52  2.497611
62  52  2.498415
63  52  2.498703
0  53  2.498514
1  53  2.497391
2  53  2.498486
3  53  2.498356
4  53  2.499233
5  53  2.499541
6  53  2.499388
7  53  2.499492
8  53  2.499697
9  53  2.499175
10  53  2.499128
11  53  2.498519
12  53  2.498480
13  53  2.498366
14  53  2.498431
15  53  2.499115
16  53  2.499235
17  53  2.498364
18  53  2.497986
19  53  2.498039
20  53  2.499451
21  53  2.499385
22  53  2.499523
23  53  2.498668
24  53  2.498362
25  53  2.497490
26  53  2.498405
27  53  2.497120
28  53  2.497283
29  53  2.498404
30  53  2.499451
31  53  2.499047
32  53  2.498597
33  53  2.498260
34  53  2.499193
35  53  2.498774
36  53  2.498922
37  53  2.499577
38  53  2.499414
39  53  2.498653
40  53  2.497936
41  53  2.497704
42  53  2.498874
43  53  2.499271
44  53  2.499209
45  53  2.499224
46  53  2.498810
47  53  2.498694
48  53  2.498548
49  53  2.499153
50  53  2.499151
51  53  2.498489
52  53  2.498750
53  53  2.497573
54  53  2.499018
55  53  2.499049
56  53  2.499518
57  53  2.498545
58  53  2.498514
59  53  2.497999
60  53  2.498344
61  53  2.498228
62  53  2.498508
63  53  2.498491
0  54  2.498725
1  54  2.497324
2  54  2.498445
3  54  2.498411
4  54  2.499499
5  54  2.499112
6  54  2.498954
7  54  2.498993
8  54  2.499505
9  54  2.499013
10  54  2.498941
11  54  2.498657
12  54  2.498480
13  54  2.498667
14  54  2.498394
15  54  2.499300
16  54  2.499122
17  54  2.498115
18  54  2.498187
19  54  2.497238
20  54  2.497422
21  54  2.497773
22  54  2.498199
23  54  2.499269
24  54  2.499173
25  54  2.498695
26  54  2.498605
27  54  2.497719
28  54  2.497677
29  54  2.498439
30  54  2.499341
31  54  2.499613
32  54  2.498934
33  54  2.498875
34  54  2.498384
35  54  2.498645
36  54  2.498837
37  54  2.499130
38  54  2.499233
39  54  2.498148
40  54  2.497894
41  54  2.496885
42  54  2.497706
43  54  2.498691
44  54  2.498777
45  54  2.499131
46  54  2.498234
47  54  2.498427
48  54  2.498346
49  54  2.499206
50  54  2.499134
51  54  2.497795
52  54  2.497768
53  54  2.495964
54  54  2.497460
55  54  2.498720
56  54  2.499094
57  54  2.498288
58  54  2.497803
59  54  2.497210
60  54  2.498403
61  54  2.498503
62  54  2.499426
63  54  2.499213
0  55  2.498532
1  55  2.497759
2  55  2.498618
3  55  2.498684
4  55  2.499597
5  55  2.499054
6  55  2.499105
7  55  2.499256
8  55  2.499650
9  55  2.499186
10  55  2.499182
11  55  2.499044
12  55  2.498929
13  55  2.498157
14  55  2.497039
15  55  2.497817
16  55  2.498211
17  55  2.498499
18  55  2.498416
19  55  2.497976
20  55  2.498189
21  55  2.498497
22  55  2.497866
23  55  2.498700
24  55  2.498662
25  55  2.498276
26  55  2.498119
27  55  2.497040
28  55  2.497981
29  55  2.498540
30  55  2.499661
31  55  2.499663
32  55  2.498992
33  55  2.498932
34  55  2.498052
35  55  2.498592
36  55  2.498654
37  55  2.498996
38  55  2.499325
39  55  2.498347
40  55  2.498587
41  55  2.498440
42  55  2.498530
43  55  2.498784
44  55  2.498770
45  55  2.499083
46  55  2.497802
47  55  2.498491
48  55  2.498450
49  55  2.499075
50  55  2.499346
51  55  2.497584
52  55  2.497892
53  55  2.497340
54  55  2.496867
55  55  2.498183
56  55  2.498982
57  55  2.497771
58  55  2.496888
59  55  2.495399
60  55  2.498423
61  55  2.498275
62  55  2.499333
63  55  2.498981
0  56  2.498978
1  56  2.498050
2  56  2.497786
3  56  2.497666
4  56  2.498702
5  56  2.498797
6  56  2.498854
7  56  2.498792
8  56  2.499396
9  56  2.499376
10  56  2.499182
11  56  2.499099
12  56  2.498386
13  56  2.498290
14  56  2.497126
15  56  2.497932
16  56  2.498425
17  56  2.499598
18  56  2.499184
19  56  2.498516
20  56  2.498292
21  56  2.498302
22  56  2.498113
23  56  2.498820
24  56  2.498862
25  56  2.498303
26  56  2.497630
27  56  2.498110
28  56  2.499165
29  56  2.499352
30  56  2.499390
31  56  2.499714
32  56  2.499007
33  56  2.499043
34  56  2.498333
35  56  2.498564
36  56  2.498574
37  56  2.498908
38  56  2.498828
39  56  2.498922
40  56  2.498338
41  56  2.498705
42  56  2.498584
43  56  2.498411
44  56  2.498540
45  56  2.498063
46  56  2.496406
47  56  2.496324
48  56  2.496373
49  56  2.497347
50  56  2.497987
51  56  2.497996
52  56  2.497639
53  56  2.497903
54  56  2.497523
55  56  2.497757
56  56  2.498853
57  56  2.498730
58  56  2.498004
59  56  2.496721
60  56  2.498495
61  56  2.498337
62  56  2.499285
63  56  2.498929
0  57  2.499347
1  57  2.498761
2  57  2.498213
3  57  2.498091
4  57  2.497884
5  57  2.498945
6  57  2.498155
7  57  2.498020
8  57  2.498304
9  57  2.498873
10  57  2.498745
11  57  2.498613
12  57  2.499012
13  57  2.498926
14  57  2.497142
15  57  2.497221
16  57  2.498132
17  57  2.498365
18  57  2.498776
19  57  2.498610
20  57  2.498467
21  57  2.498857
22  57  2.499110
23  57  2.498602
24  57  2.498567
25  57  2.497707
26  57  2.496875
27  57  2.497986
28  57  2.499441
29  57  2.499354
30  57  2.499099
31  57  2.499561
32  57  2.499380
33  57  2.499267
34  57  2.498719
35  57  2.498591
36  57  2.498576
37  57  2.498868
38  57  2.498864
39  57  2.499043
40  57  2.498754
41  57  2.499154
42  57  2.499518
43  57  2.499253
44  57  2.499139
45  57  2.498437
46  57  2.496726
47  57  2.496138
48  57  2.496158
49  57  2.497653
50  57  2.498263
51  57  2.499055
52  57  2.498274
53  57  2.497681
54  57  2.497602
55  57  2.498368
56  57  2.498551
57  57  2.498604
58  57  2.498355
59  57  2.497804
60  57  2.499678
61  57  2.499309
62  57  2.499160
63  57  2.499169
0  58  2.499312
1  58  2.498245
2  58  2.498287
3  58  2.498637
4  58  2.498712
5  58  2.499258
6  58  2.499187
7  58  2.498451
8  58  2.498191
9  58  2.497817
10  58  2.497386
11  58  2.496677
12  58  2.496419
13  58  2.497275
14  58  2.498262
15  58  2.498806
16  58  2.498634
17  58  2.498228
18  58  2.498945
19  58  2.498677
20  58  2.497547
21  58  2.497779
22  58  2.498514
23  58  2.498893
24  58  2.499135
25  58  2.499461
26  58  2.497809
27  58  2.497943
28  58  2.497599
29  58  2.498104
30  58  2.498369
31  58  2.499314
32  58  2.499157
33  58  2.499145
34  58  2.499707
35  58  2.499197
36  58  2.499087
37  58  2.498889
38  58  2.498582
39  58  2.499217
40  58  2.499312
41  58  2.499194
42  58  2.498290
43  58  2.498866
44  58  2.499040
45  58  2.498253
46  58  2.498047
47  58  2.498272
48  58  2.498402
49  58  2.498339
50  58  2.498206
51  58  2.499254
52  58  2.498465
53  58  2.497810
54  58  2.497638
55  58  2.497145
56  58  2.498232
57  58  2.498386
58  58  2.499405
59  58  2.499256
60  58  2.499656
61  58  2.499701
62  58  2.498961
63  58  2.499189
0  59  2.499501
1  59  2.497664
2  59  2.496641
3  59  2.496085
4  59  2.499071
5  59  2.499276
6  59  2.499245
7  59  2.499100
8  59  2.499123
9  59  2.499670
10  59  2.499002
11  59  2.498722
12  59  2.498454
13  59  2.498207
14  59  2.498699
15  59  2.498366
16  59  2.498084
17  59  2.498061
18  59  2.499370
19  59  2.498835
20  59  2.497103
21  59  2.496736
22  59  2.497760
23  59  2.497589
24  59  2.499424
25  59  2.499493
26  59  2.498122
27  59  2.498209
28  59  2.497334
29  59  2.498078
30  59  2.497916
31  59  2.498653
32  59  2.498831
33  59  2.499234
34  59  2.499732
35  59  2.499295
36  59  2.499060
37  59  2.499033
38  59  2.499443
39  59  2.498071
40  59  2.498756
41  59  2.497918
42  59  2.497644
43  59  2.499255
44  59  2.499451
45  59  2.499191
46  59  2.498850
47  59  2.499025
48  59  2.499010
49  59  2.499151
50  59  2.498750
51  59  2.498911
52  59  2.498094
53  59  2.498652
54  59  2.499176
55  59  2.498444
56  59  2.498172
57  59  2.497616
58  59  2.498586
59  59  2.498000
60  59  2.499405
61  59  2.499478
62  59  2.498603
63  59  2.498945
0  60  2.499063
1  60  2.496984
2  60  2.496372
3  60  2.495101
4  60  2.497069
5  60  2.498923
6  60  2.498990
7  60  2.498286
8  60  2.497150
9  60  2.499147
10  60  2.498785
11  60  2.498845
12  60  2.498460
13  60  2.498114
14  60  2.498717
15  60  2.498715
16  60  2.499342
17  60  2.499379
18  60  2.499424
19  60  2.498992
20  60  2.497384
21  60  2.497133
22  60  2.497912
23  60  2.497851
24  60  2.499288
25  60  2.499287
26  60  2.497560
27  60  2.497529
28  60  2.497385
29  60  2.498972
30  60  2.498232
31  60  2.498248
32  60  2.498874
33  60  2.499301
34  60  2.499815
35  60  2.499690
36  60  2.499633
37  60  2.499476
38  60  2.498824
39  60  2.497447
40  60  2.498361
41  60  2.497495
42  60  2.497055
43  60  2.498906
44  60  2.499221
45  60  2.499628
46  60  2.499721
47  60  2.499640
48  60  2.498608
49  60  2.498452
50  60  2.498215
51  60  2.498573
52  60  2.498087
53  60  2.498218
54  60  2.497638
55  60  2.497424
56  60  2.497490
57  60  2.498120
58  60  2.499043
59  60  2.497366
60  60  2.498562
61  60  2.497881
62  60  2.497659
63  60  2.497946
0  61  2.499630
1  61  2.496972
2  61  2.496755
3  61  2.495731
4  61  2.497469
5  61  2.499005
6  61  2.499178
7  61  2.498808
8  61  2.497484
9  61  2.498744
10  61  2.498586
11  61  2.499102
12  61  2.498892
13  61  2.498320
14  61  2.498863
15  61  2.498247
16  61  2.498539
17  61  2.498101
18  61  2.498464
19  61  2.498714
20  61  2.498004
21  61  2.498431
22  61  2.498859
23  61  2.498085
24  61  2.499029
25  61  2.499065
26  61  2.498458
27  61  2.498526
28  61  2.498379
29  61  2.499044
30  61  2.498307
31  61  2.498374
32  61  2.499040
33  61  2.499294
34  61  2.499655
35  61  2.499600
36  61  2.499635
37  61  2.499502
38  61  2.499191
39  61  2.497410
40  61  2.498056
41  61  2.497036
42  61  2.498364
43  61  2.498940
44  61  2.498979
45  61  2.499277
46  61  2.499271
47  61  2.499496
48  61  2.499362
49  61  2.499155
50  61  2.499005
51  61  2.499122
52  61  2.499482
53  61  2.498885
54  61  2.497525
55  61  2.497754
56  61  2.496994
57  61  2.498547
58  61  2.497983
59  61  2.496847
60  61  2.498517
61  61  2.496531
62  61  2.497568
63  61  2.498148
0  62  2.498532
1  62  2.499188
2  62  2.497969
3  62  2.497736
4  62  2.497787
5  62  2.499458
6  62  2.499033
7  62  2.498518
8  62  2.497185
9  62  2.498564
10  62  2.498573
11  62  2.499384
12  62  2.499045
13  62  2.498755
14  62  2.498878
15  62  2.498576
16  62  2.499051
17  62  2.498383
18  62  2.498322
19  62  2.498108
20  62  2.497854
21  62  2.498009
22  62  2.498714
23  62  2.498608
24  62  2.499376
25  62  2.498644
26  62  2.497451
27  62  2.497585
28  62  2.497416
29  62  2.498491
30  62  2.498714
31  62  2.498621
32  62  2.498760
33  62  2.498950
34  62  2.499189
35  62  2.499116
36  62  2.499112
37  62  2.498718
38  62  2.498465
39  62  2.498559
40  62  2.499618
41  62  2.498960
42  62  2.498141
43  62  2.497770
44  62  2.498524
45  62  2.498741
46  62  2.498963
47  62  2.499154
48  62  2.499072
49  62  2.499252
50  62  2.499270
51  62  2.499572
52  62  2.499148
53  62  2.498218
54  62  2.497456
55  62  2.497322
56  62  2.496730
57  62  2.498056
58  62  2.497814
59  62  2.497765
60  62  2.498766
61  62  2.497470
62  62  2.498069
63  62  2.498118
0  63  2.498749
1  63  2.498209
2  63  2.498122
3  63  2.497847
4  63  2.499128
5  63  2.499567
6  63  2.499561
7  63  2.498750
8  63  2.498154
9  63  2.498303
10  63  2.498446
11  63  2.499141
12  63  2.498989
13  63  2.499331
14  63  2.499245
15  63  2.498747
16  63  2.498718
17  63  2.498008
18  63  2.498333
19  63  2.498456
20  63  2.498840
21  63  2.498924
22  63  2.498502
23  63  2.498271
24  63  2.499132
25  63  2.498898
26  63  2.499532
27  63  2.498752
28  63  2.498448
29  63  2.498484
30  63  2.499084
31  63  2.498959
32  63  2.498879
33  63  2.498451
34  63  2.498353
35  63  2.498283
36  63  2.496646
37  63  2.496315
38  63  2.496751
39  63  2.497543
40  63  2.498923
41  63  2.498090
42  63  2.498239
43  63  2.498087
44  63  2.499580
45  63  2.498885
46  63  2.498701
47  63  2.498397
48  63  2.499273
49  63  2.499696
50  63  2.499714
51  63  2.499563
52  63  2.498833
53  63  2.498598
54  63  2.497848
55  63  2.498099
56  63  2.497268
57  63  2.498080
58  63  2.496491
59  63  2.497201
60  63  2.498725
61  63  2.497098
62  63  2.497604
63  63  2.497468
