# Mass field m(x,y) = Delta * R(x,y) at t = 100 seconds
# Grid: 64 x 64
# Columns: x  y  mass
0  0  2.498622
1  0  2.499578
2  0  2.499402
3  0  2.499141
4  0  2.498720
5  0  2.498180
6  0  2.497408
7  0  2.498591
8  0  2.498490
9  0  2.498598
10  0  2.498770
11  0  2.499022
12  0  2.498004
13  0  2.496064
14  0  2.497476
15  0  2.497992
16  0  2.499538
17  0  2.499115
18  0  2.498532
19  0  2.498266
20  0  2.498706
21  0  2.498371
22  0  2.499087
23  0  2.498816
24  0  2.498210
25  0  2.497971
26  0  2.498272
27  0  2.498511
28  0  2.498360
29  0  2.497586
30  0  2.497769
31  0  2.498291
32  0  2.497876
33  0  2.498357
34  0  2.498487
35  0  2.497307
36  0  2.496678
37  0  2.495625
38  0  2.498296
39  0  2.497543
40  0  2.497800
41  0  2.498520
42  0  2.499044
43  0  2.499087
44  0  2.499500
45  0  2.498849
46  0  2.498583
47  0  2.498053
48  0  2.498650
49  0  2.498572
50  0  2.498335
51  0  2.498601
52  0  2.499454
53  0  2.498550
54  0  2.498159
55  0  2.499086
56  0  2.498887
57  0  2.499454
58  0  2.499463
59  0  2.499472
60  0  2.498862
61  0  2.498641
62  0  2.498239
63  0  2.497592
0  1  2.498490
1  1  2.498403
2  1  2.498620
3  1  2.499002
4  1  2.498884
5  1  2.498098
6  1  2.497333
7  1  2.498900
8  1  2.499288
9  1  2.498912
10  1  2.498874
11  1  2.498999
12  1  2.497504
13  1  2.497139
14  1  2.497328
15  1  2.498163
16  1  2.499723
17  1  2.499321
18  1  2.499314
19  1  2.499130
20  1  2.499340
21  1  2.497700
22  1  2.496853
23  1  2.498858
24  1  2.498359
25  1  2.498800
26  1  2.498757
27  1  2.499082
28  1  2.499177
29  1  2.497932
30  1  2.497875
31  1  2.498592
32  1  2.498532
33  1  2.498835
34  1  2.498824
35  1  2.499475
36  1  2.499321
37  1  2.498606
38  1  2.497889
39  1  2.497552
40  1  2.497831
41  1  2.498727
42  1  2.499103
43  1  2.499413
44  1  2.499846
45  1  2.499297
46  1  2.499137
47  1  2.499020
48  1  2.499127
49  1  2.498652
50  1  2.496798
51  1  2.495642
52  1  2.496041
53  1  2.498044
54  1  2.498263
55  1  2.499430
56  1  2.499280
57  1  2.499339
58  1  2.499425
59  1  2.498743
60  1  2.497671
61  1  2.498177
62  1  2.498458
63  1  2.499032
0  2  2.498708
1  2  2.498045
2  2  2.498844
3  2  2.499342
4  2  2.499722
5  2  2.499788
6  2  2.499534
7  2  2.499215
8  2  2.498721
9  2  2.498778
10  2  2.498807
11  2  2.498950
12  2  2.498178
13  2  2.498054
14  2  2.497170
15  2  2.497999
16  2  2.499289
17  2  2.499174
18  2  2.499127
19  2  2.498911
20  2  2.498022
21  2  2.497099
22  2  2.496370
23  2  2.498154
24  2  2.497655
25  2  2.498645
26  2  2.498377
27  2  2.498497
28  2  2.498252
29  2  2.498298
30  2  2.498397
31  2  2.498904
32  2  2.499242
33  2  2.499269
34  2  2.499554
35  2  2.499670
36  2  2.499690
37  2  2.499243
38  2  2.499078
39  2  2.498462
40  2  2.498493
41  2  2.498755
42  2  2.499608
43  2  2.499605
44  2  2.499530
45  2  2.499058
46  2  2.499189
47  2  2.499372
48  2  2.498689
49  2  2.498200
50  2  2.497275
51  2  2.496256
52  2  2.495420
53  2  2.497421
54  2  2.498694
55  2  2.499763
56  2  2.499454
57  2  2.499184
58  2  2.498831
59  2  2.498772
60  2  2.498015
61  2  2.498246
62  2  2.498319
63  2  2.499341
0  3  2.498728
1  3  2.497731
2  3  2.498831
3  3  2.498823
4  3  2.499026
5  3  2.499131
6  3  2.498003
7  3  2.498274
8  3  2.498087
9  3  2.498717
10  3  2.498930
11  3  2.499163
12  3  2.497800
13  3  2.496883
14  3  2.496681
15  3  2.497618
16  3  2.496234
17  3  2.495883
18  3  2.496785
19  3  2.498473
20  3  2.498199
21  3  2.498271
22  3  2.496924
23  3  2.497866
24  3  2.497836
25  3  2.498816
26  3  2.498902
27  3  2.498758
28  3  2.498438
29  3  2.498424
30  3  2.498834
31  3  2.499147
32  3  2.498646
33  3  2.497682
34  3  2.498210
35  3  2.498600
36  3  2.499208
37  3  2.498916
38  3  2.498942
39  3  2.498226
40  3  2.498352
41  3  2.498584
42  3  2.499241
43  3  2.499509
44  3  2.499507
45  3  2.499056
46  3  2.498595
47  3  2.498175
48  3  2.497701
49  3  2.497754
50  3  2.497494
51  3  2.497658
52  3  2.498199
53  3  2.499273
54  3  2.499411
55  3  2.499157
56  3  2.499403
57  3  2.499036
58  3  2.499272
59  3  2.499009
60  3  2.498476
61  3  2.498786
62  3  2.498460
63  3  2.499164
0  4  2.498191
1  4  2.497542
2  4  2.497345
3  4  2.496811
4  4  2.497321
5  4  2.497969
6  4  2.496504
7  4  2.497715
8  4  2.498224
9  4  2.498652
10  4  2.498950
11  4  2.498905
12  4  2.498759
13  4  2.497833
14  4  2.498762
15  4  2.498528
16  4  2.496662
17  4  2.496467
18  4  2.496517
19  4  2.498030
20  4  2.497985
21  4  2.499431
22  4  2.498366
23  4  2.498628
24  4  2.498966
25  4  2.499403
26  4  2.499169
27  4  2.499032
28  4  2.498239
29  4  2.498245
30  4  2.498849
31  4  2.498607
32  4  2.498167
33  4  2.496703
34  4  2.497705
35  4  2.497792
36  4  2.499132
37  4  2.498986
38  4  2.498862
39  4  2.497851
40  4  2.498301
41  4  2.498354
42  4  2.499225
43  4  2.499558
44  4  2.499563
45  4  2.499258
46  4  2.498529
47  4  2.497958
48  4  2.497153
49  4  2.498138
50  4  2.497499
51  4  2.498153
52  4  2.498466
53  4  2.498462
54  4  2.498909
55  4  2.498665
56  4  2.499166
57  4  2.499041
58  4  2.499159
59  4  2.499223
60  4  2.499234
61  4  2.499766
62  4  2.499306
63  4  2.498362
0  5  2.498869
1  5  2.497837
2  5  2.497100
3  5  2.496917
4  5  2.497319
5  5  2.498189
6  5  2.496467
7  5  2.497519
8  5  2.498615
9  5  2.498672
10  5  2.499040
11  5  2.499155
12  5  2.498905
13  5  2.498466
14  5  2.498939
15  5  2.498805
16  5  2.498174
17  5  2.497893
18  5  2.497577
19  5  2.498020
20  5  2.498367
21  5  2.499516
22  5  2.498985
23  5  2.498717
24  5  2.498880
25  5  2.499192
26  5  2.499371
27  5  2.498847
28  5  2.498526
29  5  2.498270
30  5  2.498710
31  5  2.498087
32  5  2.499248
33  5  2.498962
34  5  2.497766
35  5  2.495512
36  5  2.497277
37  5  2.497885
38  5  2.498627
39  5  2.498545
40  5  2.498219
41  5  2.498329
42  5  2.498751
43  5  2.499479
44  5  2.499483
45  5  2.499753
46  5  2.498840
47  5  2.498217
48  5  2.498330
49  5  2.498772
50  5  2.497900
51  5  2.497802
52  5  2.498491
53  5  2.498779
54  5  2.498589
55  5  2.498737
56  5  2.498950
57  5  2.499333
58  5  2.499344
59  5  2.499498
60  5  2.499621
61  5  2.499686
62  5  2.499695
63  5  2.499190
0  6  2.498502
1  6  2.496112
2  6  2.495387
3  6  2.495351
4  6  2.497633
5  6  2.497294
6  6  2.497606
7  6  2.498626
8  6  2.499375
9  6  2.498338
10  6  2.498317
11  6  2.498352
12  6  2.498994
13  6  2.499093
14  6  2.498645
15  6  2.498354
16  6  2.498094
17  6  2.498267
18  6  2.498994
19  6  2.499092
20  6  2.499330
21  6  2.499372
22  6  2.498526
23  6  2.498343
24  6  2.498357
25  6  2.499140
26  6  2.498975
27  6  2.498782
28  6  2.498845
29  6  2.498094
30  6  2.497766
31  6  2.497030
32  6  2.499554
33  6  2.499034
34  6  2.497532
35  6  2.495759
36  6  2.497567
37  6  2.497649
38  6  2.498565
39  6  2.497773
40  6  2.498262
41  6  2.498270
42  6  2.498975
43  6  2.499365
44  6  2.499406
45  6  2.499077
46  6  2.499039
47  6  2.498847
48  6  2.498571
49  6  2.498274
50  6  2.498984
51  6  2.498890
52  6  2.498588
53  6  2.498477
54  6  2.498371
55  6  2.499089
56  6  2.499150
57  6  2.499430
58  6  2.498972
59  6  2.499130
60  6  2.498181
61  6  2.498395
62  6  2.498148
63  6  2.498722
0  7  2.498962
1  7  2.497835
2  7  2.497346
3  7  2.497227
4  7  2.498467
5  7  2.497944
6  7  2.499284
7  7  2.499133
8  7  2.499478
9  7  2.498809
10  7  2.498512
11  7  2.498585
12  7  2.499051
13  7  2.499516
14  7  2.498411
15  7  2.498328
16  7  2.498338
17  7  2.497713
18  7  2.498264
19  7  2.498834
20  7  2.499302
21  7  2.499395
22  7  2.498413
23  7  2.498260
24  7  2.498304
25  7  2.499506
26  7  2.499502
27  7  2.499269
28  7  2.498922
29  7  2.498260
30  7  2.497681
31  7  2.497088
32  7  2.498950
33  7  2.498660
34  7  2.498281
35  7  2.497491
36  7  2.497611
37  7  2.497482
38  7  2.498632
39  7  2.498524
40  7  2.499022
41  7  2.499080
42  7  2.498973
43  7  2.497864
44  7  2.497130
45  7  2.496741
46  7  2.499095
47  7  2.498555
48  7  2.498563
49  7  2.497559
50  7  2.498486
51  7  2.498338
52  7  2.498553
53  7  2.498171
54  7  2.497844
55  7  2.497963
56  7  2.498670
57  7  2.499445
58  7  2.499038
59  7  2.499045
60  7  2.497565
61  7  2.496423
62  7  2.496209
63  7  2.497822
0  8  2.498435
1  8  2.497530
2  8  2.496085
3  8  2.496067
4  8  2.496857
5  8  2.497063
6  8  2.499221
7  8  2.499529
8  8  2.499340
9  8  2.498647
10  8  2.498589
11  8  2.498986
12  8  2.499121
13  8  2.498948
14  8  2.497843
15  8  2.498368
16  8  2.499104
17  8  2.498642
18  8  2.499100
19  8  2.499114
20  8  2.499473
21  8  2.499209
22  8  2.497668
23  8  2.497576
24  8  2.498172
25  8  2.498696
26  8  2.498829
27  8  2.498832
28  8  2.499348
29  8  2.498851
30  8  2.497447
31  8  2.497120
32  8  2.498344
33  8  2.497908
34  8  2.497716
35  8  2.498660
36  8  2.498966
37  8  2.498683
38  8  2.499039
39  8  2.498861
40  8  2.499348
41  8  2.499360
42  8  2.499439
43  8  2.497947
44  8  2.496726
45  8  2.496757
46  8  2.499367
47  8  2.499340
48  8  2.498784
49  8  2.498912
50  8  2.498413
51  8  2.498118
52  8  2.497868
53  8  2.497929
54  8  2.498683
55  8  2.498446
56  8  2.498833
57  8  2.499142
58  8  2.499134
59  8  2.498669
60  8  2.497536
61  8  2.496203
62  8  2.496016
63  8  2.498099
0  9  2.498856
1  9  2.499454
2  9  2.499110
3  9  2.498863
4  9  2.498442
5  9  2.498646
6  9  2.498969
7  9  2.499406
8  9  2.499060
9  9  2.499140
10  9  2.498941
11  9  2.499041
12  9  2.498127
13  9  2.498590
14  9  2.497952
15  9  2.498651
16  9  2.498502
17  9  2.497919
18  9  2.496950
19  9  2.496841
20  9  2.497893
21  9  2.497819
22  9  2.497797
23  9  2.497661
24  9  2.498702
25  9  2.498820
26  9  2.499193
27  9  2.499338
28  9  2.499812
29  9  2.499198
30  9  2.497712
31  9  2.497003
32  9  2.498111
33  9  2.497564
34  9  2.497559
35  9  2.498650
36  9  2.498838
37  9  2.499012
38  9  2.499472
39  9  2.499486
40  9  2.499224
41  9  2.499335
42  9  2.499116
43  9  2.497137
44  9  2.496692
45  9  2.496655
46  9  2.498898
47  9  2.498975
48  9  2.499142
49  9  2.498491
50  9  2.497780
51  9  2.497890
52  9  2.498106
53  9  2.497760
54  9  2.498475
55  9  2.498563
56  9  2.499188
57  9  2.499443
58  9  2.498335
59  9  2.497995
60  9  2.498046
61  9  2.497283
62  9  2.497139
63  9  2.497837
0  10  2.498137
1  10  2.498463
2  10  2.498627
3  10  2.498947
4  10  2.498796
5  10  2.499019
6  10  2.498752
7  10  2.499252
8  10  2.498341
9  10  2.498469
10  10  2.499436
11  10  2.499352
12  10  2.498247
13  10  2.497885
14  10  2.497604
15  10  2.498570
16  10  2.498400
17  10  2.498074
18  10  2.497376
19  10  2.498008
20  10  2.498096
21  10  2.497466
22  10  2.497934
23  10  2.497894
24  10  2.498242
25  10  2.498245
26  10  2.498561
27  10  2.499061
28  10  2.499902
29  10  2.499013
30  10  2.498153
31  10  2.497469
32  10  2.498511
33  10  2.497995
34  10  2.497859
35  10  2.497545
36  10  2.498050
37  10  2.498169
38  10  2.499260
39  10  2.499121
40  10  2.498948
41  10  2.498814
42  10  2.499501
43  10  2.498752
44  10  2.499247
45  10  2.499166
46  10  2.498794
47  10  2.498687
48  10  2.498951
49  10  2.498563
50  10  2.498051
51  10  2.498471
52  10  2.497975
53  10  2.498191
54  10  2.498318
55  10  2.498428
56  10  2.498829
57  10  2.499652
58  10  2.498341
59  10  2.497819
60  10  2.498175
61  10  2.499358
62  10  2.498761
63  10  2.498759
0  11  2.497361
1  11  2.498083
2  11  2.498828
3  11  2.499486
4  11  2.499204
5  11  2.499114
6  11  2.498215
7  11  2.497940
8  11  2.497242
9  11  2.497811
10  11  2.498937
11  11  2.498662
12  11  2.498623
13  11  2.498336
14  11  2.498843
15  11  2.498705
16  11  2.498151
17  11  2.497763
18  11  2.497612
19  11  2.498469
20  11  2.497905
21  11  2.497973
22  11  2.498308
23  11  2.498307
24  11  2.497633
25  11  2.498255
26  11  2.497447
27  11  2.498625
28  11  2.499542
29  11  2.499507
30  11  2.498843
31  11  2.498073
32  11  2.497918
33  11  2.498319
34  11  2.498595
35  11  2.497433
36  11  2.498048
37  11  2.498637
38  11  2.498469
39  11  2.497952
40  11  2.498320
41  11  2.498013
42  11  2.498691
43  11  2.498543
44  11  2.499454
45  11  2.499003
46  11  2.498872
47  11  2.498260
48  11  2.498432
49  11  2.498462
50  11  2.498233
51  11  2.498432
52  11  2.498158
53  11  2.498688
54  11  2.498707
55  11  2.498668
56  11  2.499025
57  11  2.499275
58  11  2.498021
59  11  2.498128
60  11  2.497862
61  11  2.498922
62  11  2.498988
63  11  2.498523
0  12  2.497267
1  12  2.497024
2  12  2.497191
3  12  2.497827
4  12  2.498537
5  12  2.499007
6  12  2.498182
7  12  2.497620
8  12  2.496683
9  12  2.497209
10  12  2.497728
11  12  2.498398
12  12  2.498312
13  12  2.497237
14  12  2.498796
15  12  2.498645
16  12  2.498358
17  12  2.498410
18  12  2.498703
19  12  2.498739
20  12  2.498305
21  12  2.498278
22  12  2.498913
23  12  2.498075
24  12  2.497698
25  12  2.498836
26  12  2.497756
27  12  2.498546
28  12  2.499540
29  12  2.499628
30  12  2.499575
31  12  2.499473
32  12  2.499370
33  12  2.499259
34  12  2.498483
35  12  2.496545
36  12  2.497469
37  12  2.497628
38  12  2.498634
39  12  2.497860
40  12  2.498102
41  12  2.497533
42  12  2.498587
43  12  2.498427
44  12  2.499342
45  12  2.498466
46  12  2.498729
47  12  2.496404
48  12  2.497944
49  12  2.498857
50  12  2.497939
51  12  2.498416
52  12  2.498905
53  12  2.499275
54  12  2.498772
55  12  2.498567
56  12  2.498735
57  12  2.499439
58  12  2.499225
59  12  2.498687
60  12  2.498116
61  12  2.498379
62  12  2.498904
63  12  2.498281
0  13  2.497403
1  13  2.497676
2  13  2.498190
3  13  2.498409
4  13  2.498734
5  13  2.499390
6  13  2.499274
7  13  2.498837
8  13  2.496002
9  13  2.496407
10  13  2.496469
11  13  2.498448
12  13  2.498775
13  13  2.497854
14  13  2.498735
15  13  2.498598
16  13  2.499038
17  13  2.499290
18  13  2.499520
19  13  2.499337
20  13  2.499109
21  13  2.499043
22  13  2.499076
23  13  2.498240
24  13  2.498996
25  13  2.498925
26  13  2.498026
27  13  2.498847
28  13  2.499336
29  13  2.499151
30  13  2.499057
31  13  2.499063
32  13  2.499129
33  13  2.499290
34  13  2.498861
35  13  2.498073
36  13  2.498269
37  13  2.497582
38  13  2.498096
39  13  2.497560
40  13  2.498070
41  13  2.498075
42  13  2.499053
43  13  2.499057
44  13  2.499271
45  13  2.498640
46  13  2.498823
47  13  2.496490
48  13  2.498353
49  13  2.497476
50  13  2.496524
51  13  2.498168
52  13  2.499264
53  13  2.499112
54  13  2.498930
55  13  2.499094
56  13  2.499726
57  13  2.499234
58  13  2.499041
59  13  2.498176
60  13  2.498053
61  13  2.498816
62  13  2.498856
63  13  2.498196
0  14  2.497390
1  14  2.498361
2  14  2.499377
3  14  2.498561
4  14  2.497487
5  14  2.497587
6  14  2.498701
7  14  2.499021
8  14  2.498234
9  14  2.499245
10  14  2.499308
11  14  2.499623
12  14  2.499263
13  14  2.498020
14  14  2.498486
15  14  2.497980
16  14  2.498908
17  14  2.498983
18  14  2.499567
19  14  2.499701
20  14  2.499564
21  14  2.498983
22  14  2.498602
23  14  2.497129
24  14  2.498907
25  14  2.498341
26  14  2.498893
27  14  2.498974
28  14  2.499125
29  14  2.498373
30  14  2.498390
31  14  2.498650
32  14  2.499503
33  14  2.499354
34  14  2.499022
35  14  2.498219
36  14  2.497929
37  14  2.498169
38  14  2.498125
39  14  2.498099
40  14  2.498729
41  14  2.498892
42  14  2.498845
43  14  2.498856
44  14  2.498174
45  14  2.497800
46  14  2.498719
47  14  2.496340
48  14  2.497398
49  14  2.495893
50  14  2.496468
51  14  2.498501
52  14  2.499220
53  14  2.499159
54  14  2.498912
55  14  2.498947
56  14  2.499344
57  14  2.499475
58  14  2.499399
59  14  2.498350
60  14  2.498307
61  14  2.498173
62  14  2.497784
63  14  2.497065
0  15  2.496994
1  15  2.498532
2  15  2.499151
3  15  2.498836
4  15  2.497951
5  15  2.498313
6  15  2.498481
7  15  2.497669
8  15  2.495385
9  15  2.496012
10  15  2.498087
11  15  2.498989
12  15  2.499192
13  15  2.499149
14  15  2.499355
15  15  2.498122
16  15  2.498651
17  15  2.498973
18  15  2.499304
19  15  2.499609
20  15  2.499279
21  15  2.497434
22  15  2.498066
23  15  2.497568
24  15  2.499314
25  15  2.498860
26  15  2.498772
27  15  2.497619
28  15  2.498270
29  15  2.497572
30  15  2.498447
31  15  2.498598
32  15  2.499320
33  15  2.499381
34  15  2.499461
35  15  2.498676
36  15  2.497732
37  15  2.498447
38  15  2.498367
39  15  2.497327
40  15  2.498660
41  15  2.499079
42  15  2.499090
43  15  2.498898
44  15  2.498389
45  15  2.498855
46  15  2.499185
47  15  2.498739
48  15  2.498160
49  15  2.497758
50  15  2.498078
51  15  2.499385
52  15  2.499601
53  15  2.499253
54  15  2.498846
55  15  2.498944
56  15  2.498669
57  15  2.499193
58  15  2.497925
59  15  2.498183
60  15  2.498102
61  15  2.498255
62  15  2.497766
63  15  2.497651
0  16  2.496299
1  16  2.498253
2  16  2.498722
3  16  2.498795
4  16  2.498172
5  16  2.498328
6  16  2.498091
7  16  2.497440
8  16  2.497179
9  16  2.497046
10  16  2.497977
11  16  2.497841
12  16  2.498167
13  16  2.497990
14  16  2.497443
15  16  2.497166
16  16  2.497987
17  16  2.498563
18  16  2.499339
19  16  2.499055
20  16  2.498919
21  16  2.496596
22  16  2.497895
23  16  2.497638
24  16  2.499126
25  16  2.498826
26  16  2.498286
27  16  2.497367
28  16  2.497922
29  16  2.497442
30  16  2.498504
31  16  2.498065
32  16  2.498613
33  16  2.499178
34  16  2.498331
35  16  2.497173
36  16  2.497724
37  16  2.499538
38  16  2.498616
39  16  2.497694
40  16  2.498518
41  16  2.498650
42  16  2.497728
43  16  2.497972
44  16  2.497794
45  16  2.498888
46  16  2.498300
47  16  2.498515
48  16  2.497322
49  16  2.498687
50  16  2.498899
51  16  2.499612
52  16  2.499040
53  16  2.498522
54  16  2.498387
55  16  2.499279
56  16  2.498830
57  16  2.499002
58  16  2.497725
59  16  2.498806
60  16  2.498032
61  16  2.499057
62  16  2.498890
63  16  2.499113
0  17  2.496663
1  17  2.498891
2  17  2.498574
3  17  2.499253
4  17  2.499401
5  17  2.499033
6  17  2.498568
7  17  2.497988
8  17  2.497873
9  17  2.498244
10  17  2.498674
11  17  2.498622
12  17  2.498586
13  17  2.498670
14  17  2.498137
15  17  2.498556
16  17  2.498668
17  17  2.498988
18  17  2.499315
19  17  2.498339
20  17  2.498834
21  17  2.496927
22  17  2.498074
23  17  2.498336
24  17  2.498823
25  17  2.498869
26  17  2.497358
27  17  2.495573
28  17  2.495736
29  17  2.495997
30  17  2.497658
31  17  2.498385
32  17  2.498782
33  17  2.498807
34  17  2.497992
35  17  2.497996
36  17  2.498569
37  17  2.499032
38  17  2.499188
39  17  2.498504
40  17  2.498107
41  17  2.498444
42  17  2.498491
43  17  2.498712
44  17  2.498532
45  17  2.499015
46  17  2.497704
47  17  2.497953
48  17  2.496024
49  17  2.498907
50  17  2.499013
51  17  2.499388
52  17  2.499105
53  17  2.498805
54  17  2.498712
55  17  2.499329
56  17  2.498610
57  17  2.499008
58  17  2.497563
59  17  2.498665
60  17  2.498007
61  17  2.498736
62  17  2.497499
63  17  2.497462
0  18  2.497942
1  18  2.498831
2  18  2.498814
3  18  2.498194
4  18  2.498331
5  18  2.497736
6  18  2.498564
7  18  2.498546
8  18  2.498964
9  18  2.498632
10  18  2.499054
11  18  2.499238
12  18  2.498718
13  18  2.498557
14  18  2.498402
15  18  2.499110
16  18  2.499037
17  18  2.499177
18  18  2.499196
19  18  2.497660
20  18  2.498656
21  18  2.498777
22  18  2.499548
23  18  2.499409
24  18  2.498505
25  18  2.498719
26  18  2.498168
27  18  2.498084
28  18  2.497773
29  18  2.496976
30  18  2.497563
31  18  2.498031
32  18  2.497711
33  18  2.497558
34  18  2.497353
35  18  2.498812
36  18  2.499009
37  18  2.499165
38  18  2.499185
39  18  2.499274
40  18  2.498180
41  18  2.498791
42  18  2.498167
43  18  2.498338
44  18  2.498497
45  18  2.498226
46  18  2.497891
47  18  2.497981
48  18  2.495483
49  18  2.498168
50  18  2.497860
51  18  2.497567
52  18  2.497740
53  18  2.498397
54  18  2.498914
55  18  2.499696
56  18  2.499188
57  18  2.499314
58  18  2.498842
59  18  2.498537
60  18  2.497937
61  18  2.497710
62  18  2.497233
63  18  2.497847
0  19  2.498776
1  19  2.498550
2  19  2.498598
3  19  2.497968
4  19  2.498310
5  19  2.498392
6  19  2.499093
7  19  2.498924
8  19  2.499270
9  19  2.498874
10  19  2.498574
11  19  2.499405
12  19  2.498429
13  19  2.498649
14  19  2.498813
15  19  2.499662
16  19  2.499540
17  19  2.499340
18  19  2.497547
19  19  2.497293
20  19  2.498703
21  19  2.498495
22  19  2.499128
23  19  2.499044
24  19  2.498426
25  19  2.497931
26  19  2.497555
27  19  2.497904
28  19  2.498080
29  19  2.498726
30  19  2.498835
31  19  2.499166
32  19  2.498693
33  19  2.498865
34  19  2.498685
35  19  2.499219
36  19  2.498862
37  19  2.499366
38  19  2.499033
39  19  2.499031
40  19  2.498087
41  19  2.498611
42  19  2.498257
43  19  2.498347
44  19  2.498640
45  19  2.498175
46  19  2.498218
47  19  2.497597
48  19  2.496228
49  19  2.498749
50  19  2.498492
51  19  2.497926
52  19  2.497674
53  19  2.497422
54  19  2.499228
55  19  2.498726
56  19  2.498795
57  19  2.498613
58  19  2.499113
59  19  2.497735
60  19  2.498067
61  19  2.498859
62  19  2.499107
63  19  2.499122
0  20  2.498994
1  20  2.498567
2  20  2.498342
3  20  2.497178
4  20  2.497777
5  20  2.497428
6  20  2.498026
7  20  2.498391
8  20  2.498521
9  20  2.498329
10  20  2.498183
11  20  2.498759
12  20  2.498562
13  20  2.499251
14  20  2.499187
15  20  2.498931
16  20  2.499322
17  20  2.499175
18  20  2.497423
19  20  2.497559
20  20  2.498910
21  20  2.498696
22  20  2.499126
23  20  2.499006
24  20  2.499175
25  20  2.499360
26  20  2.499453
27  20  2.499490
28  20  2.499460
29  20  2.499342
30  20  2.499332
31  20  2.498911
32  20  2.499022
33  20  2.499412
34  20  2.499197
35  20  2.498734
36  20  2.498164
37  20  2.499214
38  20  2.498884
39  20  2.498756
40  20  2.497188
41  20  2.497883
42  20  2.497365
43  20  2.498386
44  20  2.498495
45  20  2.497680
46  20  2.498386
47  20  2.497927
48  20  2.497672
49  20  2.498888
50  20  2.498353
51  20  2.498120
52  20  2.497633
53  20  2.496891
54  20  2.499274
55  20  2.498442
56  20  2.498586
57  20  2.498422
58  20  2.499005
59  20  2.496927
60  20  2.497533
61  20  2.498507
62  20  2.499100
63  20  2.499147
0  21  2.499303
1  21  2.499497
2  21  2.498788
3  21  2.497729
4  21  2.497284
5  21  2.497360
6  21  2.498260
7  21  2.499329
8  21  2.498753
9  21  2.498647
10  21  2.498247
11  21  2.498235
12  21  2.497705
13  21  2.497594
14  21  2.498441
15  21  2.498734
16  21  2.499561
17  21  2.499730
18  21  2.498394
19  21  2.497994
20  21  2.498550
21  21  2.498955
22  21  2.499347
23  21  2.499460
24  21  2.499615
25  21  2.499780
26  21  2.499329
27  21  2.499239
28  21  2.499484
29  21  2.499610
30  21  2.499317
31  21  2.498673
32  21  2.498594
33  21  2.499404
34  21  2.498672
35  21  2.498832
36  21  2.498321
37  21  2.498699
38  21  2.498296
39  21  2.497845
40  21  2.498333
41  21  2.497330
42  21  2.497373
43  21  2.497931
44  21  2.497806
45  21  2.496584
46  21  2.497752
47  21  2.498378
48  21  2.498424
49  21  2.499278
50  21  2.498440
51  21  2.498158
52  21  2.497496
53  21  2.497566
54  21  2.499159
55  21  2.498202
56  21  2.498112
57  21  2.497475
58  21  2.499229
59  21  2.497381
60  21  2.498099
61  21  2.498298
62  21  2.499254
63  21  2.499159
0  22  2.499003
1  22  2.498935
2  22  2.499013
3  22  2.499161
4  22  2.499200
5  22  2.499022
6  22  2.498896
7  22  2.499177
8  22  2.498971
9  22  2.499050
10  22  2.499036
11  22  2.498532
12  22  2.498374
13  22  2.496861
14  22  2.497553
15  22  2.497940
16  22  2.499487
17  22  2.498984
18  22  2.498706
19  22  2.497975
20  22  2.498269
21  22  2.498472
22  22  2.498969
23  22  2.498927
24  22  2.499238
25  22  2.499742
26  22  2.499610
27  22  2.499414
28  22  2.498445
29  22  2.498794
30  22  2.498691
31  22  2.497515
32  22  2.497644
33  22  2.498932
34  22  2.498309
35  22  2.498332
36  22  2.498259
37  22  2.498758
38  22  2.498908
39  22  2.498879
40  22  2.498927
41  22  2.497648
42  22  2.498393
43  22  2.498405
44  22  2.497359
45  22  2.496027
46  22  2.497586
47  22  2.498809
48  22  2.498611
49  22  2.498806
50  22  2.497001
51  22  2.497131
52  22  2.496467
53  22  2.498608
54  22  2.499331
55  22  2.499071
56  22  2.498601
57  22  2.498782
58  22  2.499146
59  22  2.497267
60  22  2.497160
61  22  2.497329
62  22  2.498704
63  22  2.498786
0  23  2.499035
1  23  2.498433
2  23  2.498594
3  23  2.498575
4  23  2.498920
5  23  2.498761
6  23  2.498860
7  23  2.498604
8  23  2.499242
9  23  2.499293
10  23  2.499490
11  23  2.499237
12  23  2.499256
13  23  2.498721
14  23  2.498559
15  23  2.498797
16  23  2.499339
17  23  2.498758
18  23  2.498222
19  23  2.498049
20  23  2.497966
21  23  2.498343
22  23  2.498582
23  23  2.498694
24  23  2.499290
25  23  2.499830
26  23  2.499868
27  23  2.499348
28  23  2.498085
29  23  2.499083
30  23  2.498844
31  23  2.496762
32  23  2.497271
33  23  2.498568
34  23  2.498524
35  23  2.497841
36  23  2.498194
37  23  2.498687
38  23  2.498696
39  23  2.499154
40  23  2.499153
41  23  2.498350
42  23  2.499070
43  23  2.496675
44  23  2.496671
45  23  2.496621
46  23  2.499343
47  23  2.499287
48  23  2.499082
49  23  2.498614
50  23  2.497712
51  23  2.497830
52  23  2.496361
53  23  2.497797
54  23  2.498276
55  23  2.497907
56  23  2.497724
57  23  2.498342
58  23  2.498770
59  23  2.498651
60  23  2.498712
61  23  2.498732
62  23  2.499006
63  23  2.498923
0  24  2.499213
1  24  2.498131
2  24  2.498397
3  24  2.498240
4  24  2.499256
5  24  2.498889
6  24  2.498627
7  24  2.498533
8  24  2.498891
9  24  2.499069
10  24  2.499436
11  24  2.498874
12  24  2.498845
13  24  2.498371
14  24  2.498722
15  24  2.498874
16  24  2.499091
17  24  2.498727
18  24  2.498613
19  24  2.498632
20  24  2.498418
21  24  2.498582
22  24  2.498270
23  24  2.498189
24  24  2.497785
25  24  2.498489
26  24  2.498044
27  24  2.498135
28  24  2.498310
29  24  2.499051
30  24  2.498074
31  24  2.496974
32  24  2.496936
33  24  2.497570
34  24  2.499119
35  24  2.498592
36  24  2.498144
37  24  2.498525
38  24  2.498760
39  24  2.499374
40  24  2.499506
41  24  2.499429
42  24  2.499364
43  24  2.497834
44  24  2.497802
45  24  2.497924
46  24  2.499209
47  24  2.499070
48  24  2.498779
49  24  2.497400
50  24  2.496246
51  24  2.496668
52  24  2.498055
53  24  2.498374
54  24  2.498273
55  24  2.497669
56  24  2.497508
57  24  2.497283
58  24  2.497879
59  24  2.498552
60  24  2.499115
61  24  2.498703
62  24  2.499067
63  24  2.498815
0  25  2.498837
1  25  2.497864
2  25  2.498828
3  25  2.498011
4  25  2.499133
5  25  2.498436
6  25  2.498388
7  25  2.497918
8  25  2.498136
9  25  2.498707
10  25  2.498775
11  25  2.498348
12  25  2.498173
13  25  2.498102
14  25  2.498506
15  25  2.499373
16  25  2.498572
17  25  2.498751
18  25  2.498291
19  25  2.499298
20  25  2.498011
21  25  2.497930
22  25  2.497819
23  25  2.498445
24  25  2.497811
25  25  2.498465
26  25  2.497448
27  25  2.497809
28  25  2.498935
29  25  2.498569
30  25  2.498902
31  25  2.498436
32  25  2.497988
33  25  2.498212
34  25  2.498835
35  25  2.498371
36  25  2.497792
37  25  2.498336
38  25  2.498209
39  25  2.498284
40  25  2.498116
41  25  2.498544
42  25  2.499265
43  25  2.497931
44  25  2.498179
45  25  2.498112
46  25  2.499140
47  25  2.499190
48  25  2.498855
49  25  2.497854
50  25  2.497421
51  25  2.497326
52  25  2.499097
53  25  2.498506
54  25  2.497405
55  25  2.497281
56  25  2.497513
57  25  2.497199
58  25  2.497890
59  25  2.498898
60  25  2.499732
61  25  2.499389
62  25  2.499244
63  25  2.498486
0  26  2.498719
1  26  2.497976
2  26  2.498703
3  26  2.498815
4  26  2.498780
5  26  2.498553
6  26  2.498393
7  26  2.498381
8  26  2.498222
9  26  2.498987
10  26  2.498742
11  26  2.497929
12  26  2.496800
13  26  2.497331
14  26  2.498442
15  26  2.499402
16  26  2.498527
17  26  2.498772
18  26  2.498455
19  26  2.498629
20  26  2.497395
21  26  2.498441
22  26  2.498916
23  26  2.497809
24  26  2.496968
25  26  2.498202
26  26  2.497336
27  26  2.497812
28  26  2.498630
29  26  2.497591
30  26  2.498827
31  26  2.498627
32  26  2.498795
33  26  2.499146
34  26  2.498995
35  26  2.499189
36  26  2.498674
37  26  2.498392
38  26  2.498156
39  26  2.498364
40  26  2.498240
41  26  2.498563
42  26  2.499103
43  26  2.498959
44  26  2.499385
45  26  2.499400
46  26  2.499583
47  26  2.498865
48  26  2.498617
49  26  2.498402
50  26  2.497004
51  26  2.496412
52  26  2.498862
53  26  2.498253
54  26  2.498658
55  26  2.498999
56  26  2.498502
57  26  2.497904
58  26  2.498161
59  26  2.498988
60  26  2.499667
61  26  2.499396
62  26  2.498918
63  26  2.498187
0  27  2.499171
1  27  2.498871
2  27  2.498889
3  27  2.498290
4  27  2.497857
5  27  2.497881
6  27  2.498196
7  27  2.498482
8  27  2.498225
9  27  2.499104
10  27  2.498856
11  27  2.498645
12  27  2.498310
13  27  2.498444
14  27  2.497994
15  27  2.498453
16  27  2.497964
17  27  2.498553
18  27  2.497989
19  27  2.498439
20  27  2.497257
21  27  2.499244
22  27  2.499180
23  27  2.498695
24  27  2.498742
25  27  2.498896
26  27  2.498973
27  27  2.498405
28  27  2.498145
29  27  2.497473
30  27  2.498927
31  27  2.499070
32  27  2.498652
33  27  2.498463
34  27  2.498763
35  27  2.499038
36  27  2.499323
37  27  2.499171
38  27  2.498948
39  27  2.498914
40  27  2.499123
41  27  2.498905
42  27  2.497275
43  27  2.498347
44  27  2.499187
45  27  2.499287
46  27  2.499401
47  27  2.499204
48  27  2.499177
49  27  2.499376
50  27  2.497561
51  27  2.496632
52  27  2.497710
53  27  2.498283
54  27  2.498570
55  27  2.499009
56  27  2.498495
57  27  2.499049
58  27  2.499391
59  27  2.499295
60  27  2.499351
61  27  2.499401
62  27  2.498904
63  27  2.498535
0  28  2.499180
1  28  2.499438
2  28  2.498958
3  28  2.497431
4  28  2.496966
5  28  2.498536
6  28  2.498272
7  28  2.498551
8  28  2.498352
9  28  2.498493
10  28  2.499216
11  28  2.498973
12  28  2.498504
13  28  2.497390
14  28  2.497084
15  28  2.498471
16  28  2.498534
17  28  2.498582
18  28  2.498437
19  28  2.498719
20  28  2.497990
21  28  2.498561
22  28  2.498824
23  28  2.498637
24  28  2.499044
25  28  2.498955
26  28  2.498852
27  28  2.498855
28  28  2.498646
29  28  2.498416
30  28  2.499235
31  28  2.499558
32  28  2.499262
33  28  2.498903
34  28  2.499338
35  28  2.498382
36  28  2.498997
37  28  2.498688
38  28  2.498843
39  28  2.498844
40  28  2.499480
41  28  2.499175
42  28  2.497213
43  28  2.498252
44  28  2.499043
45  28  2.498539
46  28  2.499109
47  28  2.498440
48  28  2.498953
49  28  2.499082
50  28  2.498926
51  28  2.497805
52  28  2.498197
53  28  2.498116
54  28  2.498766
55  28  2.498650
56  28  2.498417
57  28  2.498799
58  28  2.499164
59  28  2.498631
60  28  2.498507
61  28  2.498299
62  28  2.498111
63  28  2.498699
0  29  2.498979
1  29  2.499639
2  29  2.499142
3  29  2.497000
4  29  2.496579
5  29  2.497055
6  29  2.496663
7  29  2.497585
8  29  2.498119
9  29  2.498646
10  29  2.499209
11  29  2.498581
12  29  2.498484
13  29  2.498385
14  29  2.498204
15  29  2.499092
16  29  2.498764
17  29  2.498034
18  29  2.498718
19  29  2.499426
20  29  2.498716
21  29  2.497976
22  29  2.497833
23  29  2.498051
24  29  2.498784
25  29  2.499151
26  29  2.499020
27  29  2.498576
28  29  2.498132
29  29  2.498492
30  29  2.499206
31  29  2.498960
32  29  2.498786
33  29  2.498408
34  29  2.498837
35  29  2.497323
36  29  2.498018
37  29  2.497536
38  29  2.499155
39  29  2.499189
40  29  2.497822
41  29  2.497813
42  29  2.497160
43  29  2.498481
44  29  2.499164
45  29  2.498681
46  29  2.498662
47  29  2.498148
48  29  2.498604
49  29  2.498526
50  29  2.498739
51  29  2.499568
52  29  2.499611
53  29  2.499013
54  29  2.498848
55  29  2.498457
56  29  2.498329
57  29  2.498765
58  29  2.498660
59  29  2.497547
60  29  2.497326
61  29  2.497599
62  29  2.498349
63  29  2.498839
0  30  2.498724
1  30  2.499554
2  30  2.499426
3  30  2.496500
4  30  2.495516
5  30  2.496480
6  30  2.495068
7  30  2.496860
8  30  2.497629
9  30  2.499016
10  30  2.498184
11  30  2.498592
12  30  2.498703
13  30  2.499421
14  30  2.499453
15  30  2.499439
16  30  2.498974
17  30  2.498333
18  30  2.498264
19  30  2.498504
20  30  2.498117
21  30  2.497863
22  30  2.496814
23  30  2.497779
24  30  2.498433
25  30  2.499683
26  30  2.498827
27  30  2.498112
28  30  2.497923
29  30  2.499081
30  30  2.499118
31  30  2.498771
32  30  2.499098
33  30  2.499326
34  30  2.499602
35  30  2.498914
36  30  2.497146
37  30  2.496549
38  30  2.498990
39  30  2.498992
40  30  2.498165
41  30  2.498221
42  30  2.498829
43  30  2.498990
44  30  2.498901
45  30  2.498473
46  30  2.498741
47  30  2.498029
48  30  2.498441
49  30  2.498375
50  30  2.498100
51  30  2.498464
52  30  2.498584
53  30  2.498784
54  30  2.498852
55  30  2.498174
56  30  2.498581
57  30  2.498835
58  30  2.498612
59  30  2.497959
60  30  2.497693
61  30  2.498159
62  30  2.497929
63  30  2.498430
0  31  2.498283
1  31  2.498984
2  31  2.499298
3  31  2.497515
4  31  2.497598
5  31  2.496682
6  31  2.497775
7  31  2.497146
8  31  2.497215
9  31  2.497999
10  31  2.498200
11  31  2.498810
12  31  2.499086
13  31  2.499561
14  31  2.499738
15  31  2.499653
16  31  2.499316
17  31  2.498983
18  31  2.497957
19  31  2.497991
20  31  2.498133
21  31  2.498020
22  31  2.496959
23  31  2.498899
24  31  2.498536
25  31  2.499395
26  31  2.499118
27  31  2.498989
28  31  2.499188
29  31  2.499447
30  31  2.499248
31  31  2.498935
32  31  2.499461
33  31  2.499765
34  31  2.499365
35  31  2.498578
36  31  2.497001
37  31  2.497468
38  31  2.499192
39  31  2.499466
40  31  2.498724
41  31  2.498729
42  31  2.497590
43  31  2.498024
44  31  2.497188
45  31  2.498390
46  31  2.498616
47  31  2.499107
48  31  2.498013
49  31  2.498186
50  31  2.497721
51  31  2.498867
52  31  2.499228
53  31  2.499252
54  31  2.499314
55  31  2.498853
56  31  2.499871
57  31  2.499581
58  31  2.498550
59  31  2.497899
60  31  2.497612
61  31  2.498463
62  31  2.498152
63  31  2.498288
0  32  2.499009
1  32  2.499005
2  32  2.499037
3  32  2.497390
4  32  2.497080
5  32  2.496662
6  32  2.497171
7  32  2.497137
8  32  2.497435
9  32  2.498363
10  32  2.498774
11  32  2.498746
12  32  2.498864
13  32  2.499375
14  32  2.499514
15  32  2.499477
16  32  2.499512
17  32  2.499367
18  32  2.498516
19  32  2.498531
20  32  2.497310
21  32  2.496288
22  32  2.494740
23  32  2.498537
24  32  2.498384
25  32  2.499343
26  32  2.499016
27  32  2.498843
28  32  2.498453
29  32  2.498051
30  32  2.498421
31  32  2.498785
32  32  2.499255
33  32  2.499161
34  32  2.499246
35  32  2.499074
36  32  2.498069
37  32  2.498423
38  32  2.498979
39  32  2.499762
40  32  2.499239
41  32  2.499300
42  32  2.497632
43  32  2.498231
44  32  2.497358
45  32  2.498213
46  32  2.497713
47  32  2.498889
48  32  2.499019
49  32  2.499612
50  32  2.498310
51  32  2.497802
52  32  2.498460
53  32  2.497725
54  32  2.498736
55  32  2.498980
56  32  2.499573
57  32  2.499345
58  32  2.498757
59  32  2.498918
60  32  2.498838
61  32  2.499302
62  32  2.498231
63  32  2.498803
0  33  2.498741
1  33  2.499191
2  33  2.498874
3  33  2.498852
4  33  2.498737
5  33  2.498846
6  33  2.498414
7  33  2.498919
8  33  2.498488
9  33  2.498072
10  33  2.498302
11  33  2.498954
12  33  2.499260
13  33  2.498945
14  33  2.498560
15  33  2.498944
16  33  2.499250
17  33  2.498911
18  33  2.498051
19  33  2.497622
20  33  2.497096
21  33  2.495395
22  33  2.495636
23  33  2.499160
24  33  2.499102
25  33  2.499469
26  33  2.499605
27  33  2.499042
28  33  2.498418
29  33  2.497488
30  33  2.498252
31  33  2.497528
32  33  2.498375
33  33  2.498968
34  33  2.499296
35  33  2.499240
36  33  2.499271
37  33  2.498879
38  33  2.498878
39  33  2.498950
40  33  2.499189
41  33  2.499250
42  33  2.497303
43  33  2.497413
44  33  2.496265
45  33  2.497238
46  33  2.496521
47  33  2.497515
48  33  2.497652
49  33  2.499461
50  33  2.499424
51  33  2.497969
52  33  2.497972
53  33  2.497605
54  33  2.498807
55  33  2.499604
56  33  2.499616
57  33  2.499417
58  33  2.499017
59  33  2.498611
60  33  2.498866
61  33  2.499184
62  33  2.498940
63  33  2.498642
0  34  2.498967
1  34  2.499415
2  34  2.497973
3  34  2.498176
4  34  2.497715
5  34  2.498278
6  34  2.498200
7  34  2.499233
8  34  2.498556
9  34  2.499016
10  34  2.498783
11  34  2.499264
12  34  2.498947
13  34  2.498986
14  34  2.498824
15  34  2.499135
16  34  2.499305
17  34  2.499236
18  34  2.499050
19  34  2.498192
20  34  2.497569
21  34  2.495461
22  34  2.495978
23  34  2.499354
24  34  2.497992
25  34  2.498615
26  34  2.498580
27  34  2.499175
28  34  2.498652
29  34  2.497953
30  34  2.499204
31  34  2.497894
32  34  2.497816
33  34  2.498075
34  34  2.499224
35  34  2.499075
36  34  2.498817
37  34  2.498124
38  34  2.498398
39  34  2.498953
40  34  2.499685
41  34  2.499467
42  34  2.498639
43  34  2.498783
44  34  2.498471
45  34  2.498714
46  34  2.497321
47  34  2.496904
48  34  2.497247
49  34  2.499423
50  34  2.499633
51  34  2.498219
52  34  2.497281
53  34  2.497212
54  34  2.498284
55  34  2.499781
56  34  2.499141
57  34  2.499081
58  34  2.498872
59  34  2.498806
60  34  2.498604
61  34  2.498513
62  34  2.498770
63  34  2.498593
0  35  2.498472
1  35  2.499376
2  35  2.497523
3  35  2.497524
4  35  2.498777
5  35  2.499052
6  35  2.498643
7  35  2.499000
8  35  2.499125
9  35  2.499448
10  35  2.499095
11  35  2.498657
12  35  2.498559
13  35  2.498605
14  35  2.498838
15  35  2.498967
16  35  2.498908
17  35  2.499278
18  35  2.499384
19  35  2.498657
20  35  2.497730
21  35  2.495274
22  35  2.497840
23  35  2.499397
24  35  2.498327
25  35  2.498649
26  35  2.498700
27  35  2.499238
28  35  2.498414
29  35  2.497849
30  35  2.499310
31  35  2.499488
32  35  2.499045
33  35  2.498784
34  35  2.499446
35  35  2.499219
36  35  2.498913
37  35  2.497328
38  35  2.497941
39  35  2.497804
40  35  2.499197
41  35  2.498569
42  35  2.498595
43  35  2.498827
44  35  2.498432
45  35  2.498121
46  35  2.498091
47  35  2.496278
48  35  2.496711
49  35  2.499043
50  35  2.498902
51  35  2.498499
52  35  2.496411
53  35  2.496624
54  35  2.498610
55  35  2.499858
56  35  2.499334
57  35  2.499204
58  35  2.498822
59  35  2.497880
60  35  2.497774
61  35  2.497556
62  35  2.498193
63  35  2.498126
0  36  2.498630
1  36  2.499165
2  36  2.497241
3  36  2.497051
4  36  2.498303
5  36  2.498271
6  36  2.498318
7  36  2.498986
8  36  2.499381
9  36  2.499740
10  36  2.499549
11  36  2.498242
12  36  2.498887
13  36  2.499050
14  36  2.499497
15  36  2.499526
16  36  2.499220
17  36  2.499337
18  36  2.499520
19  36  2.498217
20  36  2.497214
21  36  2.496083
22  36  2.499157
23  36  2.498889
24  36  2.497939
25  36  2.498125
26  36  2.498505
27  36  2.499471
28  36  2.498562
29  36  2.497887
30  36  2.497462
31  36  2.498595
32  36  2.498816
33  36  2.498591
34  36  2.499340
35  36  2.499047
36  36  2.498874
37  36  2.497971
38  36  2.499215
39  36  2.499126
40  36  2.499090
41  36  2.498494
42  36  2.498945
43  36  2.498859
44  36  2.499362
45  36  2.498646
46  36  2.498331
47  36  2.497674
48  36  2.498069
49  36  2.498045
50  36  2.498408
51  36  2.498110
52  36  2.497019
53  36  2.497175
54  36  2.498710
55  36  2.499525
56  36  2.498930
57  36  2.498737
58  36  2.498886
59  36  2.498534
60  36  2.498395
61  36  2.497872
62  36  2.498377
63  36  2.498682
0  37  2.499068
1  37  2.499086
2  37  2.497766
3  37  2.497668
4  37  2.498498
5  37  2.498413
6  37  2.499112
7  37  2.499331
8  37  2.499497
9  37  2.499343
10  37  2.498597
11  37  2.498089
12  37  2.499025
13  37  2.498617
14  37  2.499204
15  37  2.499385
16  37  2.499236
17  37  2.499301
18  37  2.499532
19  37  2.499151
20  37  2.498456
21  37  2.497984
22  37  2.498687
23  37  2.498297
24  37  2.498824
25  37  2.498755
26  37  2.499231
27  37  2.499246
28  37  2.498385
29  37  2.498218
30  37  2.497983
31  37  2.499118
32  37  2.498064
33  37  2.498820
34  37  2.498774
35  37  2.499406
36  37  2.499613
37  37  2.498329
38  37  2.498576
39  37  2.498346
40  37  2.498787
41  37  2.498579
42  37  2.499378
43  37  2.499051
44  37  2.499264
45  37  2.498548
46  37  2.498596
47  37  2.497834
48  37  2.498290
49  37  2.497496
50  37  2.498412
51  37  2.498317
52  37  2.498844
53  37  2.498718
54  37  2.499295
55  37  2.499133
56  37  2.498889
57  37  2.498730
58  37  2.499286
59  37  2.498611
60  37  2.498668
61  37  2.497740
62  37  2.498419
63  37  2.499248
0  38  2.499387
1  38  2.499319
2  38  2.498342
3  38  2.498755
4  38  2.498441
5  38  2.497743
6  38  2.498681
7  38  2.498679
8  38  2.499022
9  38  2.499146
10  38  2.498407
11  38  2.497988
12  38  2.498893
13  38  2.497946
14  38  2.498465
15  38  2.498865
16  38  2.499380
17  38  2.499043
18  38  2.498970
19  38  2.498522
20  38  2.498549
21  38  2.498581
22  38  2.498362
23  38  2.498342
24  38  2.499123
25  38  2.498727
26  38  2.499099
27  38  2.499092
28  38  2.497953
29  38  2.497723
30  38  2.498006
31  38  2.499471
32  38  2.498719
33  38  2.496831
34  38  2.496720
35  38  2.497774
36  38  2.499590
37  38  2.499567
38  38  2.499197
39  38  2.498794
40  38  2.498839
41  38  2.498737
42  38  2.499240
43  38  2.498853
44  38  2.499000
45  38  2.498541
46  38  2.499241
47  38  2.498750
48  38  2.498995
49  38  2.499106
50  38  2.499233
51  38  2.499393
52  38  2.499866
53  38  2.499857
54  38  2.498919
55  38  2.498613
56  38  2.498485
57  38  2.498713
58  38  2.499178
59  38  2.499185
60  38  2.499072
61  38  2.498412
62  38  2.498432
63  38  2.499531
0  39  2.498756
1  39  2.499274
2  39  2.498396
3  39  2.498690
4  39  2.498725
5  39  2.498725
6  39  2.499314
7  39  2.499174
8  39  2.499548
9  39  2.499252
10  39  2.498352
11  39  2.498153
12  39  2.499507
13  39  2.498327
14  39  2.498279
15  39  2.498685
16  39  2.499262
17  39  2.498590
18  39  2.498642
19  39  2.498485
20  39  2.498256
21  39  2.498059
22  39  2.498765
23  39  2.498831
24  39  2.499309
25  39  2.499041
26  39  2.498977
27  39  2.499171
28  39  2.498374
29  39  2.498324
30  39  2.498858
31  39  2.499513
32  39  2.498589
33  39  2.496707
34  39  2.496555
35  39  2.497432
36  39  2.498633
37  39  2.498956
38  39  2.499511
39  39  2.499275
40  39  2.499407
41  39  2.498935
42  39  2.499119
43  39  2.499103
44  39  2.498580
45  39  2.498300
46  39  2.499018
47  39  2.498849
48  39  2.498704
49  39  2.498606
50  39  2.498928
51  39  2.498950
52  39  2.499686
53  39  2.499585
54  39  2.498735
55  39  2.498210
56  39  2.498378
57  39  2.498573
58  39  2.499176
59  39  2.498481
60  39  2.498496
61  39  2.496289
62  39  2.496484
63  39  2.497089
0  40  2.498814
1  40  2.499214
2  40  2.499127
3  40  2.498971
4  40  2.498930
5  40  2.498762
6  40  2.499391
7  40  2.499518
8  40  2.499751
9  40  2.499469
10  40  2.498435
11  40  2.497709
12  40  2.499592
13  40  2.499695
14  40  2.499323
15  40  2.499515
16  40  2.499087
17  40  2.498326
18  40  2.498420
19  40  2.498292
20  40  2.498421
21  40  2.498518
22  40  2.498977
23  40  2.498967
24  40  2.499207
25  40  2.498835
26  40  2.497906
27  40  2.498255
28  40  2.497555
29  40  2.497329
30  40  2.498459
31  40  2.499486
32  40  2.499709
33  40  2.498195
34  40  2.497804
35  40  2.497871
36  40  2.497811
37  40  2.498690
38  40  2.498883
39  40  2.498236
40  40  2.498783
41  40  2.498904
42  40  2.498190
43  40  2.498222
44  40  2.498246
45  40  2.498191
46  40  2.499058
47  40  2.498793
48  40  2.498804
49  40  2.498607
50  40  2.498943
51  40  2.498901
52  40  2.499568
53  40  2.499473
54  40  2.498855
55  40  2.498497
56  40  2.498798
57  40  2.499336
58  40  2.499488
59  40  2.498765
60  40  2.498585
61  40  2.497278
62  40  2.497202
63  40  2.497110
0  41  2.498533
1  41  2.499064
2  41  2.499143
3  41  2.498886
4  41  2.498867
5  41  2.498339
6  41  2.498630
7  41  2.498857
8  41  2.499288
9  41  2.499060
10  41  2.498689
11  41  2.497974
12  41  2.498571
13  41  2.499323
14  41  2.499761
15  41  2.499593
16  41  2.499177
17  41  2.498672
18  41  2.498390
19  41  2.498049
20  41  2.497911
21  41  2.498202
22  41  2.497885
23  41  2.498073
24  41  2.498904
25  41  2.498882
26  41  2.496871
27  41  2.497540
28  41  2.499569
29  41  2.497778
30  41  2.497808
31  41  2.499384
32  41  2.499003
33  41  2.499142
34  41  2.498569
35  41  2.499155
36  41  2.499129
37  41  2.499417
38  41  2.497315
39  41  2.497327
40  41  2.497626
41  41  2.498240
42  41  2.496358
43  41  2.497618
44  41  2.498247
45  41  2.498584
46  41  2.499063
47  41  2.498874
48  41  2.498157
49  41  2.497234
50  41  2.497871
51  41  2.497259
52  41  2.498712
53  41  2.498631
54  41  2.499212
55  41  2.498856
56  41  2.498482
57  41  2.498643
58  41  2.498487
59  41  2.499066
60  41  2.498607
61  41  2.498511
62  41  2.498173
63  41  2.498590
0  42  2.499024
1  42  2.499263
2  42  2.499551
3  42  2.499263
4  42  2.498748
5  42  2.498269
6  42  2.498196
7  42  2.498131
8  42  2.499033
9  42  2.499131
10  42  2.499579
11  42  2.498831
12  42  2.498559
13  42  2.498745
14  42  2.498940
15  42  2.499187
16  42  2.499149
17  42  2.499397
18  42  2.499359
19  42  2.499216
20  42  2.497374
21  42  2.498506
22  42  2.497537
23  42  2.496585
24  42  2.498737
25  42  2.499261
26  42  2.496866
27  42  2.497091
28  42  2.499358
29  42  2.498299
30  42  2.498204
31  42  2.499435
32  42  2.498448
33  42  2.498822
34  42  2.498104
35  42  2.498915
36  42  2.498885
37  42  2.499023
38  42  2.497164
39  42  2.497092
40  42  2.496708
41  42  2.497513
42  42  2.495336
43  42  2.497555
44  42  2.498531
45  42  2.498780
46  42  2.498282
47  42  2.498283
48  42  2.497621
49  42  2.498484
50  42  2.498873
51  42  2.498158
52  42  2.498962
53  42  2.499004
54  42  2.499089
55  42  2.498864
56  42  2.498117
57  42  2.498269
58  42  2.497921
59  42  2.499188
60  42  2.499090
61  42  2.499154
62  42  2.499101
63  42  2.499411
0  43  2.498978
1  43  2.499540
2  43  2.498790
3  43  2.498175
4  43  2.497516
5  43  2.497214
6  43  2.497070
7  43  2.497205
8  43  2.497352
9  43  2.498067
10  43  2.499222
11  43  2.499229
12  43  2.498893
13  43  2.498123
14  43  2.498149
15  43  2.498541
16  43  2.499069
17  43  2.499162
18  43  2.499012
19  43  2.499203
20  43  2.497552
21  43  2.497688
22  43  2.496877
23  43  2.496044
24  43  2.497953
25  43  2.499307
26  43  2.498147
27  43  2.497765
28  43  2.499033
29  43  2.496933
30  43  2.497721
31  43  2.499043
32  43  2.497856
33  43  2.498473
34  43  2.498497
35  43  2.498989
36  43  2.498929
37  43  2.499021
38  43  2.498016
39  43  2.497659
40  43  2.497055
41  43  2.497732
42  43  2.496633
43  43  2.498294
44  43  2.498588
45  43  2.498458
46  43  2.498063
47  43  2.498544
48  43  2.498327
49  43  2.498333
50  43  2.497130
51  43  2.496896
52  43  2.498043
53  43  2.498975
54  43  2.499415
55  43  2.498992
56  43  2.498343
57  43  2.498272
58  43  2.498248
59  43  2.498607
60  43  2.498526
61  43  2.498514
62  43  2.498398
63  43  2.498441
0  44  2.499116
1  44  2.499264
2  44  2.497570
3  44  2.498206
4  44  2.497104
5  44  2.497339
6  44  2.496918
7  44  2.497339
8  44  2.497689
9  44  2.498434
10  44  2.498880
11  44  2.499147
12  44  2.499217
13  44  2.498372
14  44  2.498502
15  44  2.498637
16  44  2.498876
17  44  2.498957
18  44  2.498911
19  44  2.499092
20  44  2.497521
21  44  2.497263
22  44  2.496557
23  44  2.496745
24  44  2.497712
25  44  2.498288
26  44  2.498762
27  44  2.498500
28  44  2.499083
29  44  2.497350
30  44  2.498271
31  44  2.497729
32  44  2.498181
33  44  2.498392
34  44  2.498942
35  44  2.499385
36  44  2.499466
37  44  2.499468
38  44  2.498427
39  44  2.497414
40  44  2.496910
41  44  2.496656
42  44  2.497702
43  44  2.498721
44  44  2.499104
45  44  2.499017
46  44  2.498908
47  44  2.499256
48  44  2.498569
49  44  2.498607
50  44  2.497247
51  44  2.498520
52  44  2.498847
53  44  2.499148
54  44  2.499433
55  44  2.499016
56  44  2.499030
57  44  2.498685
58  44  2.498279
59  44  2.498540
60  44  2.498884
61  44  2.498900
62  44  2.498211
63  44  2.498353
0  45  2.498202
1  45  2.498715
2  45  2.497665
3  45  2.498251
4  45  2.498399
5  45  2.497579
6  45  2.496879
7  45  2.498037
8  45  2.497960
9  45  2.498441
10  45  2.498569
11  45  2.499193
12  45  2.499172
13  45  2.498824
14  45  2.498799
15  45  2.498667
16  45  2.499028
17  45  2.499256
18  45  2.499160
19  45  2.498805
20  45  2.498536
21  45  2.498848
22  45  2.498691
23  45  2.498333
24  45  2.498339
25  45  2.498348
26  45  2.498804
27  45  2.498680
28  45  2.499153
29  45  2.497647
30  45  2.497499
31  45  2.496882
32  45  2.498549
33  45  2.499079
34  45  2.498499
35  45  2.498514
36  45  2.498518
37  45  2.499638
38  45  2.499099
39  45  2.498768
40  45  2.499075
41  45  2.498770
42  45  2.498797
43  45  2.498540
44  45  2.499107
45  45  2.498926
46  45  2.498535
47  45  2.498740
48  45  2.498243
49  45  2.498162
50  45  2.497001
51  45  2.497856
52  45  2.498270
53  45  2.499326
54  45  2.499475
55  45  2.498777
56  45  2.498231
57  45  2.497785
58  45  2.497869
59  45  2.497706
60  45  2.498120
61  45  2.498361
62  45  2.498139
63  45  2.497942
0  46  2.497614
1  46  2.498580
2  46  2.498301
3  46  2.498512
4  46  2.498786
5  46  2.499474
6  46  2.499419
7  46  2.499757
8  46  2.499036
9  46  2.498720
10  46  2.497682
11  46  2.499041
12  46  2.498908
13  46  2.499028
14  46  2.499151
15  46  2.499171
16  46  2.499181
17  46  2.499068
18  46  2.498813
19  46  2.498650
20  46  2.498539
21  46  2.498839
22  46  2.499516
23  46  2.499239
24  46  2.499209
25  46  2.498827
26  46  2.498040
27  46  2.498265
28  46  2.498774
29  46  2.498701
30  46  2.497641
31  46  2.497769
32  46  2.498719
33  46  2.498943
34  46  2.497982
35  46  2.498477
36  46  2.498154
37  46  2.498989
38  46  2.498648
39  46  2.498431
40  46  2.498727
41  46  2.498501
42  46  2.496138
43  46  2.495892
44  46  2.496722
45  46  2.498891
46  46  2.498696
47  46  2.498785
48  46  2.498512
49  46  2.498061
50  46  2.498171
51  46  2.497801
52  46  2.498760
53  46  2.499146
54  46  2.499209
55  46  2.498662
56  46  2.498286
57  46  2.497201
58  46  2.498809
59  46  2.499128
60  46  2.499096
61  46  2.499026
62  46  2.498788
63  46  2.497894
0  47  2.499154
1  47  2.498986
2  47  2.499585
3  47  2.499111
4  47  2.499179
5  47  2.499103
6  47  2.498934
7  47  2.499872
8  47  2.498986
9  47  2.498397
10  47  2.497449
11  47  2.499055
12  47  2.498790
13  47  2.499175
14  47  2.499233
15  47  2.499510
16  47  2.499329
17  47  2.498853
18  47  2.499008
19  47  2.498911
20  47  2.498045
21  47  2.497296
22  47  2.498986
23  47  2.498731
24  47  2.498853
25  47  2.497983
26  47  2.497829
27  47  2.498313
28  47  2.498821
29  47  2.499027
30  47  2.498472
31  47  2.498253
32  47  2.498827
33  47  2.498909
34  47  2.498504
35  47  2.498659
36  47  2.498110
37  47  2.498404
38  47  2.498836
39  47  2.498390
40  47  2.498327
41  47  2.497691
42  47  2.495698
43  47  2.495693
44  47  2.496073
45  47  2.498975
46  47  2.498973
47  47  2.499279
48  47  2.499075
49  47  2.499156
50  47  2.499034
51  47  2.498483
52  47  2.498583
53  47  2.499293
54  47  2.499273
55  47  2.498732
56  47  2.498181
57  47  2.496447
58  47  2.498257
59  47  2.498496
60  47  2.498518
61  47  2.498594
62  47  2.499543
63  47  2.499411
0  48  2.497938
1  48  2.498467
2  48  2.499103
3  48  2.499121
4  48  2.498701
5  48  2.498853
6  48  2.498764
7  48  2.499615
8  48  2.499055
9  48  2.498573
10  48  2.497103
11  48  2.498922
12  48  2.498817
13  48  2.499074
14  48  2.499032
15  48  2.499204
16  48  2.499196
17  48  2.498767
18  48  2.498734
19  48  2.498804
20  48  2.498235
21  48  2.497921
22  48  2.499055
23  48  2.498792
24  48  2.499157
25  48  2.497692
26  48  2.497347
27  48  2.498440
28  48  2.498257
29  48  2.498811
30  48  2.498672
31  48  2.498658
32  48  2.499067
33  48  2.499214
34  48  2.498991
35  48  2.498676
36  48  2.498344
37  48  2.498066
38  48  2.498748
39  48  2.498724
40  48  2.498418
41  48  2.497387
42  48  2.498059
43  48  2.498546
44  48  2.497622
45  48  2.498708
46  48  2.498851
47  48  2.499055
48  48  2.499023
49  48  2.498966
50  48  2.499059
51  48  2.497987
52  48  2.498046
53  48  2.498178
54  48  2.498590
55  48  2.498876
56  48  2.498666
57  48  2.496768
58  48  2.496835
59  48  2.497429
60  48  2.497797
61  48  2.497878
62  48  2.499456
63  48  2.499513
0  49  2.496087
1  49  2.497160
2  49  2.498907
3  49  2.498739
4  49  2.498271
5  49  2.498758
6  49  2.498639
7  49  2.499390
8  49  2.498975
9  49  2.498499
10  49  2.497518
11  49  2.499238
12  49  2.499234
13  49  2.499359
14  49  2.499296
15  49  2.498918
16  49  2.498843
17  49  2.498795
18  49  2.498739
19  49  2.498591
20  49  2.498081
21  49  2.498010
22  49  2.498944
23  49  2.498447
24  49  2.498912
25  49  2.498382
26  49  2.499069
27  49  2.499593
28  49  2.499157
29  49  2.499147
30  49  2.498864
31  49  2.498615
32  49  2.498775
33  49  2.499591
34  49  2.499314
35  49  2.498666
36  49  2.498283
37  49  2.496898
38  49  2.497819
39  49  2.498106
40  49  2.499291
41  49  2.498601
42  49  2.498909
43  49  2.499134
44  49  2.498965
45  49  2.498961
46  49  2.498317
47  49  2.498364
48  49  2.498531
49  49  2.499327
50  49  2.499039
51  49  2.498386
52  49  2.498324
53  49  2.498914
54  49  2.499254
55  49  2.499236
56  49  2.498328
57  49  2.497457
58  49  2.496836
59  49  2.498286
60  49  2.498340
61  49  2.498406
62  49  2.499248
63  49  2.496901
0  50  2.496039
1  50  2.497572
2  50  2.497907
3  50  2.498509
4  50  2.498400
5  50  2.499169
6  50  2.499281
7  50  2.499459
8  50  2.498539
9  50  2.498359
10  50  2.497751
11  50  2.499514
12  50  2.499435
13  50  2.499574
14  50  2.499427
15  50  2.499767
16  50  2.499489
17  50  2.499575
18  50  2.499493
19  50  2.499525
20  50  2.499269
21  50  2.499227
22  50  2.498608
23  50  2.498384
24  50  2.496976
25  50  2.497432
26  50  2.497921
27  50  2.499543
28  50  2.499089
29  50  2.499051
30  50  2.498827
31  50  2.499059
32  50  2.499220
33  50  2.498610
34  50  2.498374
35  50  2.498594
36  50  2.499098
37  50  2.498118
38  50  2.497758
39  50  2.497646
40  50  2.499017
41  50  2.498881
42  50  2.499175
43  50  2.499294
44  50  2.499066
45  50  2.498331
46  50  2.497629
47  50  2.498172
48  50  2.498313
49  50  2.498858
50  50  2.498534
51  50  2.498457
52  50  2.498297
53  50  2.498877
54  50  2.498815
55  50  2.499440
56  50  2.497903
57  50  2.497689
58  50  2.496901
59  50  2.498179
60  50  2.498151
61  50  2.498227
62  50  2.497612
63  50  2.495924
0  51  2.497289
1  51  2.496687
2  51  2.496585
3  51  2.497251
4  51  2.497500
5  51  2.499103
6  51  2.499268
7  51  2.499225
8  51  2.498421
9  51  2.497759
10  51  2.497496
11  51  2.498471
12  51  2.499252
13  51  2.499004
14  51  2.498933
15  51  2.498527
16  51  2.498883
17  51  2.498995
18  51  2.499714
19  51  2.499827
20  51  2.499553
21  51  2.499289
22  51  2.497952
23  51  2.497744
24  51  2.496241
25  51  2.497997
26  51  2.497677
27  51  2.499326
28  51  2.499532
29  51  2.499411
30  51  2.499240
31  51  2.499178
32  51  2.499109
33  51  2.498585
34  51  2.498694
35  51  2.498757
36  51  2.498580
37  51  2.497823
38  51  2.498805
39  51  2.499214
40  51  2.499539
41  51  2.499397
42  51  2.499348
43  51  2.499266
44  51  2.499501
45  51  2.498132
46  51  2.497355
47  51  2.497254
48  51  2.498133
49  51  2.498391
50  51  2.498303
51  51  2.498702
52  51  2.498563
53  51  2.499205
54  51  2.499105
55  51  2.499552
56  51  2.498904
57  51  2.498774
58  51  2.498083
59  51  2.497916
60  51  2.497526
61  51  2.498780
62  51  2.498279
63  51  2.497139
0  52  2.498241
1  52  2.495523
2  52  2.497169
3  52  2.498581
4  52  2.498470
5  52  2.499181
6  52  2.499134
7  52  2.498697
8  52  2.499063
9  52  2.498396
10  52  2.497765
11  52  2.498321
12  52  2.498663
13  52  2.498306
14  52  2.497499
15  52  2.497781
16  52  2.498262
17  52  2.499168
18  52  2.499771
19  52  2.499428
20  52  2.499304
21  52  2.499304
22  52  2.498988
23  52  2.498850
24  52  2.497139
25  52  2.498329
26  52  2.497947
27  52  2.498715
28  52  2.498601
29  52  2.498402
30  52  2.499114
31  52  2.499321
32  52  2.498704
33  52  2.498571
34  52  2.498868
35  52  2.498681
36  52  2.498562
37  52  2.497445
38  52  2.497998
39  52  2.498984
40  52  2.499774
41  52  2.499855
42  52  2.499604
43  52  2.499513
44  52  2.499122
45  52  2.497908
46  52  2.497434
47  52  2.497829
48  52  2.499105
49  52  2.498616
50  52  2.498912
51  52  2.499814
52  52  2.498350
53  52  2.498303
54  52  2.498385
55  52  2.498804
56  52  2.499186
57  52  2.499523
58  52  2.499121
59  52  2.497890
60  52  2.497665
61  52  2.499498
62  52  2.499623
63  52  2.498970
0  53  2.498042
1  53  2.496873
2  53  2.498118
3  53  2.498610
4  53  2.498814
5  53  2.499627
6  53  2.499468
7  53  2.498621
8  53  2.498493
9  53  2.498019
10  53  2.498250
11  53  2.499140
12  53  2.498675
13  53  2.497650
14  53  2.497108
15  53  2.498235
16  53  2.498781
17  53  2.499116
18  53  2.498847
19  53  2.498507
20  53  2.498482
21  53  2.498443
22  53  2.498313
23  53  2.498450
24  53  2.497785
25  53  2.498502
26  53  2.498319
27  53  2.498962
28  53  2.498517
29  53  2.498313
30  53  2.499038
31  53  2.499167
32  53  2.498706
33  53  2.498385
34  53  2.498253
35  53  2.498950
36  53  2.499199
37  53  2.498994
38  53  2.498916
39  53  2.498633
40  53  2.498797
41  53  2.498598
42  53  2.498296
43  53  2.498237
44  53  2.498611
45  53  2.497894
46  53  2.498146
47  53  2.497960
48  53  2.499285
49  53  2.498893
50  53  2.498974
51  53  2.499598
52  53  2.498838
53  53  2.498510
54  53  2.499056
55  53  2.498839
56  53  2.499263
57  53  2.499700
58  53  2.499307
59  53  2.498494
60  53  2.498262
61  53  2.499184
62  53  2.499187
63  53  2.498601
0  54  2.499386
1  54  2.498526
2  54  2.498046
3  54  2.497866
4  54  2.498946
5  54  2.498603
6  54  2.498794
7  54  2.498436
8  54  2.498553
9  54  2.498890
10  54  2.498950
11  54  2.499175
12  54  2.498620
13  54  2.497467
14  54  2.496955
15  54  2.497983
16  54  2.499121
17  54  2.499071
18  54  2.498687
19  54  2.498319
20  54  2.498309
21  54  2.498182
22  54  2.498072
23  54  2.497874
24  54  2.498147
25  54  2.498771
26  54  2.499191
27  54  2.499186
28  54  2.498590
29  54  2.497723
30  54  2.496747
31  54  2.496889
32  54  2.497741
33  54  2.498227
34  54  2.497910
35  54  2.498954
36  54  2.499261
37  54  2.499461
38  54  2.499048
39  54  2.498383
40  54  2.497708
41  54  2.497521
42  54  2.497538
43  54  2.497987
44  54  2.498398
45  54  2.498979
46  54  2.499141
47  54  2.499006
48  54  2.499289
49  54  2.499295
50  54  2.499209
51  54  2.498977
52  54  2.498558
53  54  2.498250
54  54  2.498501
55  54  2.498398
56  54  2.498812
57  54  2.499118
58  54  2.499308
59  54  2.499563
60  54  2.499238
61  54  2.498914
62  54  2.499150
63  54  2.499032
0  55  2.499613
1  55  2.499187
2  55  2.498410
3  55  2.498307
4  55  2.498633
5  55  2.498433
6  55  2.498426
7  55  2.499018
8  55  2.498218
9  55  2.498533
10  55  2.498747
11  55  2.499309
12  55  2.499113
13  55  2.498355
14  55  2.498092
15  55  2.498307
16  55  2.498381
17  55  2.498677
18  55  2.498340
19  55  2.499057
20  55  2.499148
21  55  2.499472
22  55  2.498548
23  55  2.498060
24  55  2.498229
25  55  2.498695
26  55  2.499334
27  55  2.499730
28  55  2.499205
29  55  2.498430
30  55  2.495111
31  55  2.496149
32  55  2.497291
33  55  2.496561
34  55  2.497818
35  55  2.498575
36  55  2.498271
37  55  2.497668
38  55  2.498455
39  55  2.498317
40  55  2.497970
41  55  2.498232
42  55  2.498684
43  55  2.498526
44  55  2.498620
45  55  2.499295
46  55  2.499350
47  55  2.499657
48  55  2.499855
49  55  2.499779
50  55  2.499266
51  55  2.499069
52  55  2.499139
53  55  2.498693
54  55  2.498676
55  55  2.498648
56  55  2.498834
57  55  2.498915
58  55  2.499236
59  55  2.499735
60  55  2.499815
61  55  2.499218
62  55  2.499193
63  55  2.499034
0  56  2.499655
1  56  2.499751
2  56  2.499395
3  56  2.498405
4  56  2.498252
5  56  2.497845
6  56  2.498445
7  56  2.498467
8  56  2.498696
9  56  2.499229
10  56  2.498848
11  56  2.499361
12  56  2.499466
13  56  2.499182
14  56  2.498567
15  56  2.498368
16  56  2.498132
17  56  2.498719
18  56  2.498621
19  56  2.499078
20  56  2.498237
21  56  2.498409
22  56  2.498096
23  56  2.498379
24  56  2.498162
25  56  2.498343
26  56  2.498989
27  56  2.499144
28  56  2.499113
29  56  2.497621
30  56  2.493713
31  56  2.497539
32  56  2.497438
33  56  2.497075
34  56  2.498739
35  56  2.498365
36  56  2.498063
37  56  2.497797
38  56  2.498322
39  56  2.498498
40  56  2.498136
41  56  2.498370
42  56  2.498508
43  56  2.498896
44  56  2.499086
45  56  2.499358
46  56  2.499451
47  56  2.499527
48  56  2.499825
49  56  2.499785
50  56  2.499395
51  56  2.498478
52  56  2.498496
53  56  2.498565
54  56  2.499053
55  56  2.498881
56  56  2.499304
57  56  2.499302
58  56  2.499445
59  56  2.499764
60  56  2.499855
61  56  2.499489
62  56  2.499470
63  56  2.499362
0  57  2.499249
1  57  2.499265
2  57  2.498987
3  57  2.498126
4  57  2.497766
5  57  2.497544
6  57  2.498696
7  57  2.498629
8  57  2.499063
9  57  2.499027
10  57  2.498770
11  57  2.499382
12  57  2.498775
13  57  2.498412
14  57  2.498018
15  57  2.498692
16  57  2.499368
17  57  2.499389
18  57  2.498941
19  57  2.498975
20  57  2.498351
21  57  2.498762
22  57  2.498428
23  57  2.498989
24  57  2.498790
25  57  2.498386
26  57  2.498611
27  57  2.499017
28  57  2.498563
29  57  2.498058
30  57  2.495431
31  57  2.498170
32  57  2.498783
33  57  2.496950
34  57  2.498735
35  57  2.498516
36  57  2.498448
37  57  2.497377
38  57  2.497402
39  57  2.498167
40  57  2.499232
41  57  2.499412
42  57  2.499379
43  57  2.499495
44  57  2.499435
45  57  2.498271
46  57  2.497783
47  57  2.497418
48  57  2.499120
49  57  2.499603
50  57  2.499722
51  57  2.498730
52  57  2.498715
53  57  2.497834
54  57  2.498433
55  57  2.498016
56  57  2.499068
57  57  2.499061
58  57  2.499197
59  57  2.499174
60  57  2.499525
61  57  2.499517
62  57  2.499391
63  57  2.499271
0  58  2.499261
1  58  2.498942
2  58  2.499103
3  58  2.496552
4  58  2.496803
5  58  2.496346
6  58  2.498065
7  58  2.498086
8  58  2.497526
9  58  2.498983
10  58  2.498285
11  58  2.498497
12  58  2.497903
13  58  2.497785
14  58  2.498370
15  58  2.498504
16  58  2.498923
17  58  2.498534
18  58  2.498600
19  58  2.498915
20  58  2.498654
21  58  2.499309
22  58  2.498785
23  58  2.499145
24  58  2.498737
25  58  2.496611
26  58  2.497308
27  58  2.497177
28  58  2.496622
29  58  2.496445
30  58  2.495847
31  58  2.498392
32  58  2.498521
33  58  2.498630
34  58  2.499412
35  58  2.499346
36  58  2.499123
37  58  2.498621
38  58  2.498642
39  58  2.499093
40  58  2.499259
41  58  2.499289
42  58  2.499554
43  58  2.499420
44  58  2.499096
45  58  2.497981
46  58  2.497774
47  58  2.497304
48  58  2.498896
49  58  2.499562
50  58  2.499861
51  58  2.498782
52  58  2.498695
53  58  2.498118
54  58  2.498699
55  58  2.498907
56  58  2.499217
57  58  2.499136
58  58  2.499222
59  58  2.499259
60  58  2.499516
61  58  2.499275
62  58  2.499364
63  58  2.499572
0  59  2.498976
1  59  2.498397
2  59  2.498011
3  59  2.497093
4  59  2.497221
5  59  2.497635
6  59  2.497747
7  59  2.497908
8  59  2.497407
9  59  2.499173
10  59  2.497471
11  59  2.497348
12  59  2.497862
13  59  2.498540
14  59  2.498953
15  59  2.498661
16  59  2.498148
17  59  2.498088
18  59  2.499133
19  59  2.499534
20  59  2.499240
21  59  2.499227
22  59  2.498814
23  59  2.498689
24  59  2.498415
25  59  2.494746
26  59  2.496517
27  59  2.496783
28  59  2.497634
29  59  2.497507
30  59  2.497341
31  59  2.497540
32  59  2.497378
33  59  2.497729
34  59  2.498701
35  59  2.499103
36  59  2.499449
37  59  2.499456
38  59  2.499237
39  59  2.498852
40  59  2.499009
41  59  2.499488
42  59  2.499579
43  59  2.499402
44  59  2.498966
45  59  2.497990
46  59  2.498215
47  59  2.497941
48  59  2.498255
49  59  2.497887
50  59  2.498917
51  59  2.498215
52  59  2.499079
53  59  2.498141
54  59  2.499037
55  59  2.499220
56  59  2.498866
57  59  2.498431
58  59  2.499220
59  59  2.499131
60  59  2.499321
61  59  2.499071
62  59  2.499163
63  59  2.499507
0  60  2.498929
1  60  2.499092
2  60  2.498928
3  60  2.498750
4  60  2.498647
5  60  2.499387
6  60  2.497828
7  60  2.497559
8  60  2.496850
9  60  2.499336
10  60  2.498473
11  60  2.498636
12  60  2.498728
13  60  2.498748
14  60  2.498820
15  60  2.498498
16  60  2.498112
17  60  2.498005
18  60  2.499021
19  60  2.499181
20  60  2.499206
21  60  2.499107
22  60  2.498765
23  60  2.499182
24  60  2.498971
25  60  2.496315
26  60  2.497417
27  60  2.497886
28  60  2.499817
29  60  2.499559
30  60  2.497971
31  60  2.497801
32  60  2.498897
33  60  2.497754
34  60  2.498913
35  60  2.499296
36  60  2.499235
37  60  2.499271
38  60  2.499177
39  60  2.498784
40  60  2.498820
41  60  2.499379
42  60  2.499653
43  60  2.499558
44  60  2.499412
45  60  2.498991
46  60  2.499363
47  60  2.498938
48  60  2.497895
49  60  2.497416
50  60  2.498840
51  60  2.498304
52  60  2.499233
53  60  2.499058
54  60  2.499538
55  60  2.499180
56  60  2.499014
57  60  2.499110
58  60  2.499505
59  60  2.499018
60  60  2.498917
61  60  2.498448
62  60  2.498827
63  60  2.499026
0  61  2.497811
1  61  2.498545
2  61  2.499181
3  61  2.499102
4  61  2.499002
5  61  2.499608
6  61  2.499614
7  61  2.499048
8  61  2.498634
9  61  2.498469
10  61  2.499125
11  61  2.498948
12  61  2.499209
13  61  2.498751
14  61  2.499039
15  61  2.499195
16  61  2.498774
17  61  2.498465
18  61  2.499458
19  61  2.499418
20  61  2.499066
21  61  2.499052
22  61  2.498605
23  61  2.499255
24  61  2.499188
25  61  2.496906
26  61  2.497584
27  61  2.497132
28  61  2.499005
29  61  2.498933
30  61  2.497757
31  61  2.497837
32  61  2.498591
33  61  2.496979
34  61  2.498611
35  61  2.498955
36  61  2.499079
37  61  2.499210
38  61  2.499158
39  61  2.499221
40  61  2.498507
41  61  2.498758
42  61  2.499097
43  61  2.499481
44  61  2.499693
45  61  2.499036
46  61  2.499178
47  61  2.498908
48  61  2.497771
49  61  2.496662
50  61  2.497520
51  61  2.497382
52  61  2.499114
53  61  2.498648
54  61  2.497740
55  61  2.497407
56  61  2.496803
57  61  2.497803
58  61  2.498316
59  61  2.498448
60  61  2.498473
61  61  2.498823
62  61  2.498973
63  61  2.498754
0  62  2.497948
1  62  2.498838
2  62  2.499370
3  62  2.499136
4  62  2.498967
5  62  2.499319
6  62  2.499341
7  62  2.498798
8  62  2.498005
9  62  2.497658
10  62  2.498736
11  62  2.499238
12  62  2.499384
13  62  2.498924
14  62  2.498910
15  62  2.499155
16  62  2.499257
17  62  2.498307
18  62  2.498187
19  62  2.499058
20  62  2.499500
21  62  2.499665
22  62  2.499515
23  62  2.499458
24  62  2.499353
25  62  2.498039
26  62  2.498466
27  62  2.497887
28  62  2.498382
29  62  2.498564
30  62  2.497905
31  62  2.498028
32  62  2.498645
33  62  2.498052
34  62  2.498575
35  62  2.496462
36  62  2.496347
37  62  2.496143
38  62  2.499424
39  62  2.498526
40  62  2.498100
41  62  2.498135
42  62  2.498990
43  62  2.499239
44  62  2.499210
45  62  2.499008
46  62  2.499132
47  62  2.498278
48  62  2.498176
49  62  2.497861
50  62  2.498069
51  62  2.498680
52  62  2.499287
53  62  2.498626
54  62  2.498149
55  62  2.498514
56  62  2.498196
57  62  2.498654
58  62  2.498325
59  62  2.498451
60  62  2.497792
61  62  2.497759
62  62  2.498166
63  62  2.498440
0  63  2.497253
1  63  2.498549
2  63  2.499196
3  63  2.499084
4  63  2.498800
5  63  2.497953
6  63  2.497128
7  63  2.497937
8  63  2.497403
9  63  2.497926
10  63  2.498711
11  63  2.499401
12  63  2.499543
13  63  2.498411
14  63  2.498908
15  63  2.499351
16  63  2.499169
17  63  2.498461
18  63  2.497716
19  63  2.498469
20  63  2.499210
21  63  2.499442
22  63  2.499591
23  63  2.498814
24  63  2.498884
25  63  2.498353
26  63  2.498843
27  63  2.498368
28  63  2.498790
29  63  2.498236
30  63  2.498163
31  63  2.498062
32  63  2.497955
33  63  2.498024
34  63  2.498169
35  63  2.496732
36  63  2.496500
37  63  2.495474
38  63  2.498555
39  63  2.497453
40  63  2.497838
41  63  2.498732
42  63  2.498964
43  63  2.499287
44  63  2.499038
45  63  2.498939
46  63  2.498990
47  63  2.497943
48  63  2.498777
49  63  2.498493
50  63  2.498395
51  63  2.499745
52  63  2.499819
53  63  2.499194
54  63  2.498474
55  63  2.498698
56  63  2.498282
57  63  2.498662
58  63  2.498099
59  63  2.498842
60  63  2.498314
61  63  2.498300
62  63  2.497886
63  63  2.496914
