# Mass field m(x,y) = Delta * R(x,y) at t = 40 seconds
# Grid: 64 x 64
# Columns: x  y  mass
0  0  2.499500
1  0  2.496922
2  0  2.497464
3  0  2.496990
4  0  2.498532
5  0  2.498584
6  0  2.499182
7  0  2.499630
8  0  2.499512
9  0  2.499526
10  0  2.499555
11  0  2.499118
12  0  2.498973
13  0  2.496996
14  0  2.498013
15  0  2.497999
16  0  2.499184
17  0  2.499099
18  0  2.499044
19  0  2.498895
20  0  2.499355
21  0  2.499644
22  0  2.498732
23  0  2.498365
24  0  2.497816
25  0  2.498084
26  0  2.498811
27  0  2.498724
28  0  2.498041
29  0  2.497337
30  0  2.498133
31  0  2.498841
32  0  2.498873
33  0  2.498997
34  0  2.498741
35  0  2.499263
36  0  2.499349
37  0  2.499246
38  0  2.499241
39  0  2.499544
40  0  2.499572
41  0  2.499577
42  0  2.499622
43  0  2.497786
44  0  2.497066
45  0  2.496853
46  0  2.498389
47  0  2.498999
48  0  2.499094
49  0  2.499014
50  0  2.498412
51  0  2.498502
52  0  2.497301
53  0  2.495104
54  0  2.494756
55  0  2.495994
56  0  2.498726
57  0  2.499264
58  0  2.499372
59  0  2.499403
60  0  2.499377
61  0  2.499327
62  0  2.499515
63  0  2.499337
0  1  2.498749
1  1  2.497171
2  1  2.497944
3  1  2.498236
4  1  2.498218
5  1  2.496872
6  1  2.497877
7  1  2.498485
8  1  2.499578
9  1  2.499627
10  1  2.499673
11  1  2.499246
12  1  2.498945
13  1  2.497840
14  1  2.499119
15  1  2.499017
16  1  2.499166
17  1  2.497770
18  1  2.497900
19  1  2.497759
20  1  2.498835
21  1  2.499290
22  1  2.499017
23  1  2.499154
24  1  2.499095
25  1  2.498240
26  1  2.498156
27  1  2.498504
28  1  2.498519
29  1  2.498663
30  1  2.498336
31  1  2.498655
32  1  2.498343
33  1  2.499290
34  1  2.499088
35  1  2.499190
36  1  2.498372
37  1  2.498551
38  1  2.498994
39  1  2.499657
40  1  2.499357
41  1  2.498786
42  1  2.498767
43  1  2.496108
44  1  2.496598
45  1  2.497099
46  1  2.498558
47  1  2.499099
48  1  2.499070
49  1  2.499013
50  1  2.497283
51  1  2.497364
52  1  2.495770
53  1  2.498915
54  1  2.499529
55  1  2.499452
56  1  2.499538
57  1  2.498990
58  1  2.498890
59  1  2.499365
60  1  2.499098
61  1  2.498992
62  1  2.499157
63  1  2.498405
0  2  2.498524
1  2  2.498580
2  2  2.499486
3  2  2.499363
4  2  2.498141
5  2  2.496469
6  2  2.498324
7  2  2.497858
8  2  2.499029
9  2  2.498608
10  2  2.499470
11  2  2.498571
12  2  2.498805
13  2  2.498317
14  2  2.499500
15  2  2.499219
16  2  2.499286
17  2  2.498456
18  2  2.499319
19  2  2.498275
20  2  2.498773
21  2  2.498646
22  2  2.499024
23  2  2.499303
24  2  2.499201
25  2  2.497852
26  2  2.496913
27  2  2.498508
28  2  2.498411
29  2  2.498588
30  2  2.497996
31  2  2.498413
32  2  2.498236
33  2  2.499231
34  2  2.499243
35  2  2.498463
36  2  2.498084
37  2  2.498598
38  2  2.498488
39  2  2.498702
40  2  2.498448
41  2  2.498739
42  2  2.498559
43  2  2.494322
44  2  2.496838
45  2  2.496741
46  2  2.498648
47  2  2.498717
48  2  2.499445
49  2  2.499051
50  2  2.497264
51  2  2.496695
52  2  2.495606
53  2  2.498699
54  2  2.499142
55  2  2.499228
56  2  2.499334
57  2  2.498811
58  2  2.498773
59  2  2.499148
60  2  2.499056
61  2  2.499568
62  2  2.498648
63  2  2.497781
0  3  2.497072
1  3  2.498411
2  3  2.499329
3  3  2.499000
4  3  2.498152
5  3  2.496888
6  3  2.498617
7  3  2.497677
8  3  2.498161
9  3  2.498032
10  3  2.497954
11  3  2.498347
12  3  2.499120
13  3  2.499534
14  3  2.499218
15  3  2.499206
16  3  2.499604
17  3  2.498416
18  3  2.498287
19  3  2.497621
20  3  2.498995
21  3  2.499054
22  3  2.499191
23  3  2.498702
24  3  2.497688
25  3  2.496456
26  3  2.496684
27  3  2.498996
28  3  2.498951
29  3  2.499300
30  3  2.498555
31  3  2.498590
32  3  2.498611
33  3  2.499274
34  3  2.499520
35  3  2.497992
36  3  2.498220
37  3  2.499303
38  3  2.497761
39  3  2.498234
40  3  2.498213
41  3  2.498329
42  3  2.498333
43  3  2.496698
44  3  2.497669
45  3  2.496634
46  3  2.498001
47  3  2.497887
48  3  2.498854
49  3  2.498458
50  3  2.496931
51  3  2.496825
52  3  2.496640
53  3  2.498898
54  3  2.498106
55  3  2.498259
56  3  2.498412
57  3  2.499090
58  3  2.498997
59  3  2.498749
60  3  2.498503
61  3  2.499152
62  3  2.497406
63  3  2.495936
0  4  2.496322
1  4  2.498503
2  4  2.499365
3  4  2.498858
4  4  2.499177
5  4  2.498225
6  4  2.499101
7  4  2.498374
8  4  2.498504
9  4  2.497292
10  4  2.497139
11  4  2.497636
12  4  2.498881
13  4  2.499299
14  4  2.498408
15  4  2.498348
16  4  2.498847
17  4  2.498643
18  4  2.499139
19  4  2.499074
20  4  2.499612
21  4  2.499209
22  4  2.499203
23  4  2.498799
24  4  2.497765
25  4  2.497166
26  4  2.497480
27  4  2.498991
28  4  2.498949
29  4  2.499140
30  4  2.499179
31  4  2.499371
32  4  2.499415
33  4  2.499164
34  4  2.499256
35  4  2.498222
36  4  2.498390
37  4  2.498614
38  4  2.497212
39  4  2.497999
40  4  2.498417
41  4  2.497973
42  4  2.498189
43  4  2.498085
44  4  2.499069
45  4  2.499042
46  4  2.498133
47  4  2.497436
48  4  2.498652
49  4  2.498374
50  4  2.498387
51  4  2.498511
52  4  2.498305
53  4  2.498714
54  4  2.498741
55  4  2.498347
56  4  2.498216
57  4  2.497912
58  4  2.498276
59  4  2.498408
60  4  2.499041
61  4  2.499194
62  4  2.497253
63  4  2.496050
0  5  2.498066
1  5  2.499521
2  5  2.499430
3  5  2.499568
4  5  2.499645
5  5  2.499046
6  5  2.499027
7  5  2.499169
8  5  2.497467
9  5  2.495672
10  5  2.494837
11  5  2.496658
12  5  2.499041
13  5  2.499614
14  5  2.498321
15  5  2.498306
16  5  2.498724
17  5  2.499570
18  5  2.499798
19  5  2.499632
20  5  2.499650
21  5  2.499332
22  5  2.499377
23  5  2.498807
24  5  2.497581
25  5  2.497957
26  5  2.498658
27  5  2.498616
28  5  2.499598
29  5  2.499740
30  5  2.499725
31  5  2.499347
32  5  2.499282
33  5  2.499195
34  5  2.499206
35  5  2.498896
36  5  2.498546
37  5  2.498787
38  5  2.497905
39  5  2.498924
40  5  2.498622
41  5  2.498197
42  5  2.498494
43  5  2.499118
44  5  2.499669
45  5  2.499749
46  5  2.497849
47  5  2.497586
48  5  2.498556
49  5  2.498563
50  5  2.497605
51  5  2.497774
52  5  2.498084
53  5  2.499342
54  5  2.498386
55  5  2.498164
56  5  2.497514
57  5  2.497619
58  5  2.498035
59  5  2.498187
60  5  2.498733
61  5  2.498652
62  5  2.499011
63  5  2.498321
0  6  2.498688
1  6  2.499543
2  6  2.499231
3  6  2.499471
4  6  2.499394
5  6  2.498642
6  6  2.498070
7  6  2.498703
8  6  2.497659
9  6  2.497240
10  6  2.496236
11  6  2.496263
12  6  2.499134
13  6  2.499252
14  6  2.498815
15  6  2.498830
16  6  2.498571
17  6  2.499541
18  6  2.499289
19  6  2.499495
20  6  2.499501
21  6  2.499299
22  6  2.499303
23  6  2.499099
24  6  2.497479
25  6  2.497150
26  6  2.497571
27  6  2.497864
28  6  2.496396
29  6  2.498754
30  6  2.498669
31  6  2.499596
32  6  2.499047
33  6  2.499298
34  6  2.499276
35  6  2.499366
36  6  2.499558
37  6  2.498754
38  6  2.498882
39  6  2.499274
40  6  2.499134
41  6  2.498591
42  6  2.499138
43  6  2.498954
44  6  2.499186
45  6  2.499035
46  6  2.497695
47  6  2.497632
48  6  2.498796
49  6  2.499414
50  6  2.498118
51  6  2.498212
52  6  2.498527
53  6  2.499157
54  6  2.498701
55  6  2.498387
56  6  2.497521
57  6  2.497046
58  6  2.498105
59  6  2.497581
60  6  2.497540
61  6  2.497794
62  6  2.497657
63  6  2.498514
0  7  2.498715
1  7  2.499325
2  7  2.499085
3  7  2.499670
4  7  2.499287
5  7  2.498035
6  7  2.497826
7  7  2.498535
8  7  2.498967
9  7  2.498858
10  7  2.496991
11  7  2.495699
12  7  2.499056
13  7  2.498735
14  7  2.498990
15  7  2.498820
16  7  2.498340
17  7  2.498721
18  7  2.498610
19  7  2.498956
20  7  2.498763
21  7  2.498110
22  7  2.497794
23  7  2.498434
24  7  2.496646
25  7  2.497434
26  7  2.497631
27  7  2.497454
28  7  2.495117
29  7  2.498432
30  7  2.498415
31  7  2.499517
32  7  2.499324
33  7  2.499123
34  7  2.498914
35  7  2.499455
36  7  2.499440
37  7  2.499201
38  7  2.499263
39  7  2.499319
40  7  2.498859
41  7  2.498573
42  7  2.497216
43  7  2.495480
44  7  2.495992
45  7  2.495689
46  7  2.497414
47  7  2.497628
48  7  2.498577
49  7  2.498888
50  7  2.497906
51  7  2.498017
52  7  2.498662
53  7  2.498917
54  7  2.497718
55  7  2.498678
56  7  2.499098
57  7  2.499346
58  7  2.499552
59  7  2.497259
60  7  2.496413
61  7  2.496982
62  7  2.497629
63  7  2.498565
0  8  2.499233
1  8  2.498750
2  8  2.498858
3  8  2.499582
4  8  2.499337
5  8  2.497890
6  8  2.498622
7  8  2.498507
8  8  2.498672
9  8  2.499009
10  8  2.497996
11  8  2.497197
12  8  2.497995
13  8  2.497651
14  8  2.498159
15  8  2.498913
16  8  2.498728
17  8  2.498660
18  8  2.498556
19  8  2.499234
20  8  2.499001
21  8  2.498773
22  8  2.497961
23  8  2.498150
24  8  2.497670
25  8  2.499045
26  8  2.498176
27  8  2.496017
28  8  2.494483
29  8  2.498976
30  8  2.498674
31  8  2.499577
32  8  2.498462
33  8  2.498059
34  8  2.497780
35  8  2.498598
36  8  2.498485
37  8  2.498350
38  8  2.498133
39  8  2.498203
40  8  2.498210
41  8  2.498693
42  8  2.497613
43  8  2.497482
44  8  2.498019
45  8  2.495609
46  8  2.496938
47  8  2.497640
48  8  2.498645
49  8  2.498956
50  8  2.497609
51  8  2.496166
52  8  2.496426
53  8  2.498069
54  8  2.497937
55  8  2.498561
56  8  2.498702
57  8  2.498550
58  8  2.498877
59  8  2.497101
60  8  2.496540
61  8  2.496915
62  8  2.498068
63  8  2.498841
0  9  2.499159
1  9  2.498493
2  9  2.498841
3  9  2.498518
4  9  2.497805
5  9  2.495659
6  9  2.495929
7  9  2.496028
8  9  2.497321
9  9  2.498381
10  9  2.498822
11  9  2.497895
12  9  2.497651
13  9  2.497531
14  9  2.497976
15  9  2.498799
16  9  2.498796
17  9  2.498791
18  9  2.499032
19  9  2.499435
20  9  2.499263
21  9  2.498111
22  9  2.497777
23  9  2.497872
24  9  2.497505
25  9  2.499726
26  9  2.499280
27  9  2.497172
28  9  2.497689
29  9  2.499305
30  9  2.499049
31  9  2.499609
32  9  2.498586
33  9  2.497972
34  9  2.497530
35  9  2.498600
36  9  2.499212
37  9  2.499113
38  9  2.498925
39  9  2.498637
40  9  2.497799
41  9  2.498509
42  9  2.497726
43  9  2.498530
44  9  2.498902
45  9  2.497239
46  9  2.497757
47  9  2.498483
48  9  2.499265
49  9  2.498998
50  9  2.497812
51  9  2.497197
52  9  2.497587
53  9  2.498033
54  9  2.497981
55  9  2.498226
56  9  2.498038
57  9  2.498351
58  9  2.498288
59  9  2.498199
60  9  2.498846
61  9  2.499124
62  9  2.498547
63  9  2.498575
0  10  2.498917
1  10  2.498111
2  10  2.498649
3  10  2.497976
4  10  2.498022
5  10  2.496956
6  10  2.497428
7  10  2.497485
8  10  2.499008
9  10  2.498521
10  10  2.498878
11  10  2.498713
12  10  2.498224
13  10  2.498114
14  10  2.498306
15  10  2.499276
16  10  2.499262
17  10  2.498984
18  10  2.499153
19  10  2.499029
20  10  2.499436
21  10  2.498960
22  10  2.498786
23  10  2.497732
24  10  2.497200
25  10  2.497584
26  10  2.498151
27  10  2.497653
28  10  2.498645
29  10  2.498811
30  10  2.499415
31  10  2.499847
32  10  2.498979
33  10  2.497549
34  10  2.496565
35  10  2.497668
36  10  2.498951
37  10  2.498676
38  10  2.498200
39  10  2.497770
40  10  2.497868
41  10  2.498529
42  10  2.498492
43  10  2.499591
44  10  2.499598
45  10  2.499529
46  10  2.498474
47  10  2.499203
48  10  2.499421
49  10  2.499436
50  10  2.497760
51  10  2.497128
52  10  2.498137
53  10  2.498371
54  10  2.498940
55  10  2.498476
56  10  2.498138
57  10  2.497530
58  10  2.497988
59  10  2.498553
60  10  2.498815
61  10  2.498776
62  10  2.499416
63  10  2.498622
0  11  2.498230
1  11  2.497823
2  11  2.497868
3  11  2.497540
4  11  2.497932
5  11  2.497930
6  11  2.498281
7  11  2.498329
8  11  2.498968
9  11  2.498079
10  11  2.497562
11  11  2.497994
12  11  2.498264
13  11  2.498160
14  11  2.497806
15  11  2.497526
16  11  2.498501
17  11  2.498519
18  11  2.499048
19  11  2.498863
20  11  2.499385
21  11  2.499050
22  11  2.498778
23  11  2.497193
24  11  2.495992
25  11  2.495714
26  11  2.497109
27  11  2.498809
28  11  2.498647
29  11  2.498877
30  11  2.499119
31  11  2.499595
32  11  2.499531
33  11  2.498415
34  11  2.497907
35  11  2.498387
36  11  2.498240
37  11  2.497937
38  11  2.498415
39  11  2.498674
40  11  2.498438
41  11  2.498265
42  11  2.498212
43  11  2.499260
44  11  2.499334
45  11  2.498513
46  11  2.498476
47  11  2.499130
48  11  2.499773
49  11  2.499666
50  11  2.498238
51  11  2.497494
52  11  2.498809
53  11  2.498857
54  11  2.499102
55  11  2.498475
56  11  2.497320
57  11  2.496775
58  11  2.497504
59  11  2.498902
60  11  2.499019
61  11  2.498636
62  11  2.498580
63  11  2.498195
0  12  2.498004
1  12  2.497828
2  12  2.497821
3  12  2.498136
4  12  2.498044
5  12  2.498119
6  12  2.498141
7  12  2.498527
8  12  2.498372
9  12  2.498322
10  12  2.498050
11  12  2.498590
12  12  2.498663
13  12  2.498580
14  12  2.498554
15  12  2.497397
16  12  2.498401
17  12  2.498195
18  12  2.498977
19  12  2.498929
20  12  2.499305
21  12  2.499679
22  12  2.499091
23  12  2.497685
24  12  2.497813
25  12  2.497839
26  12  2.498712
27  12  2.499342
28  12  2.498811
29  12  2.499398
30  12  2.499186
31  12  2.499239
32  12  2.499499
33  12  2.497583
34  12  2.497304
35  12  2.497108
36  12  2.498193
37  12  2.498211
38  12  2.498602
39  12  2.499178
40  12  2.499205
41  12  2.499008
42  12  2.498812
43  12  2.498797
44  12  2.499065
45  12  2.498721
46  12  2.498788
47  12  2.499363
48  12  2.499732
49  12  2.498783
50  12  2.498809
51  12  2.498467
52  12  2.499542
53  12  2.499474
54  12  2.499091
55  12  2.498220
56  12  2.496631
57  12  2.496938
58  12  2.498203
59  12  2.499168
60  12  2.498542
61  12  2.498002
62  12  2.498042
63  12  2.497921
0  13  2.498236
1  13  2.498215
2  13  2.498207
3  13  2.498362
4  13  2.498422
5  13  2.498765
6  13  2.499014
7  13  2.498995
8  13  2.498018
9  13  2.498114
10  13  2.497921
11  13  2.498401
12  13  2.497663
13  13  2.496370
14  13  2.497747
15  13  2.497394
16  13  2.497388
17  13  2.496653
18  13  2.498254
19  13  2.498805
20  13  2.498867
21  13  2.499612
22  13  2.499212
23  13  2.497968
24  13  2.497221
25  13  2.497242
26  13  2.498127
27  13  2.499172
28  13  2.498929
29  13  2.499541
30  13  2.499398
31  13  2.499420
32  13  2.499424
33  13  2.498783
34  13  2.498709
35  13  2.498604
36  13  2.498639
37  13  2.498258
38  13  2.498347
39  13  2.499300
40  13  2.498927
41  13  2.498883
42  13  2.498868
43  13  2.499015
44  13  2.499287
45  13  2.497744
46  13  2.497527
47  13  2.497282
48  13  2.498930
49  13  2.498734
50  13  2.499143
51  13  2.498989
52  13  2.499627
53  13  2.499273
54  13  2.498941
55  13  2.498506
56  13  2.498164
57  13  2.498022
58  13  2.497551
59  13  2.498847
60  13  2.498536
61  13  2.498458
62  13  2.498017
63  13  2.498199
0  14  2.498407
1  14  2.498228
2  14  2.498709
3  14  2.499355
4  14  2.498007
5  14  2.498093
6  14  2.498832
7  14  2.498818
8  14  2.498152
9  14  2.498791
10  14  2.498827
11  14  2.498505
12  14  2.497329
13  14  2.496679
14  14  2.499057
15  14  2.498817
16  14  2.498252
17  14  2.497796
18  14  2.498030
19  14  2.498712
20  14  2.498371
21  14  2.499147
22  14  2.499350
23  14  2.499234
24  14  2.499161
25  14  2.498772
26  14  2.498382
27  14  2.498747
28  14  2.499293
29  14  2.499564
30  14  2.499439
31  14  2.499001
32  14  2.498734
33  14  2.498615
34  14  2.498955
35  14  2.499236
36  14  2.499310
37  14  2.498577
38  14  2.497933
39  14  2.498393
40  14  2.498887
41  14  2.498968
42  14  2.499044
43  14  2.498786
44  14  2.498924
45  14  2.498175
46  14  2.498379
47  14  2.497627
48  14  2.498017
49  14  2.497946
50  14  2.498712
51  14  2.499366
52  14  2.499525
53  14  2.498804
54  14  2.498558
55  14  2.497541
56  14  2.496180
57  14  2.496624
58  14  2.496936
59  14  2.499138
60  14  2.498967
61  14  2.499094
62  14  2.499130
63  14  2.498608
0  15  2.498082
1  15  2.496617
2  15  2.497504
3  15  2.499578
4  15  2.497759
5  15  2.498280
6  15  2.499043
7  15  2.499125
8  15  2.498549
9  15  2.498869
10  15  2.498645
11  15  2.498521
12  15  2.497835
13  15  2.497974
14  15  2.498210
15  15  2.498362
16  15  2.497494
17  15  2.497396
18  15  2.496336
19  15  2.498147
20  15  2.496785
21  15  2.496973
22  15  2.497726
23  15  2.498282
24  15  2.498579
25  15  2.498676
26  15  2.499338
27  15  2.499558
28  15  2.499700
29  15  2.499804
30  15  2.499766
31  15  2.499057
32  15  2.498486
33  15  2.498664
34  15  2.499210
35  15  2.499465
36  15  2.499594
37  15  2.499265
38  15  2.498590
39  15  2.498577
40  15  2.498496
41  15  2.498569
42  15  2.498543
43  15  2.498701
44  15  2.498927
45  15  2.498039
46  15  2.497810
47  15  2.497643
48  15  2.497654
49  15  2.497670
50  15  2.498383
51  15  2.499148
52  15  2.499336
53  15  2.498849
54  15  2.499024
55  15  2.498007
56  15  2.497018
57  15  2.497042
58  15  2.497833
59  15  2.498927
60  15  2.499619
61  15  2.499319
62  15  2.499251
63  15  2.497981
0  16  2.497267
1  16  2.496430
2  16  2.497274
3  16  2.499179
4  16  2.498148
5  16  2.498729
6  16  2.498964
7  16  2.499550
8  16  2.498770
9  16  2.498684
10  16  2.498333
11  16  2.499197
12  16  2.498751
13  16  2.498406
14  16  2.498856
15  16  2.499276
16  16  2.498283
17  16  2.498252
18  16  2.497690
19  16  2.498589
20  16  2.497104
21  16  2.497119
22  16  2.498086
23  16  2.498541
24  16  2.498834
25  16  2.498657
26  16  2.499595
27  16  2.499289
28  16  2.499408
29  16  2.499571
30  16  2.499867
31  16  2.499056
32  16  2.498562
33  16  2.498214
34  16  2.498744
35  16  2.499048
36  16  2.499356
37  16  2.499408
38  16  2.498657
39  16  2.498515
40  16  2.498390
41  16  2.499239
42  16  2.498509
43  16  2.498538
44  16  2.498765
45  16  2.499013
46  16  2.498935
47  16  2.498712
48  16  2.498065
49  16  2.497592
50  16  2.498210
51  16  2.498045
52  16  2.498956
53  16  2.498320
54  16  2.498855
55  16  2.497922
56  16  2.497436
57  16  2.497076
58  16  2.498359
59  16  2.499180
60  16  2.498491
61  16  2.498044
62  16  2.498514
63  16  2.497919
0  17  2.497706
1  17  2.496606
2  17  2.497485
3  17  2.499116
4  17  2.499196
5  17  2.499200
6  17  2.499073
7  17  2.499271
8  17  2.498865
9  17  2.498837
10  17  2.498607
11  17  2.499344
12  17  2.498301
13  17  2.497783
14  17  2.499310
15  17  2.498387
16  17  2.497664
17  17  2.497607
18  17  2.498048
19  17  2.499212
20  17  2.498408
21  17  2.499264
22  17  2.498244
23  17  2.498635
24  17  2.498775
25  17  2.499085
26  17  2.499583
27  17  2.499234
28  17  2.499221
29  17  2.499171
30  17  2.499236
31  17  2.498339
32  17  2.498343
33  17  2.498317
34  17  2.499150
35  17  2.499270
36  17  2.499241
37  17  2.499261
38  17  2.499240
39  17  2.499421
40  17  2.498841
41  17  2.499055
42  17  2.498394
43  17  2.498026
44  17  2.498731
45  17  2.499253
46  17  2.499057
47  17  2.498298
48  17  2.497937
49  17  2.497720
50  17  2.498416
51  17  2.496786
52  17  2.498429
53  17  2.498018
54  17  2.499184
55  17  2.498739
56  17  2.498559
57  17  2.498446
58  17  2.498892
59  17  2.499497
60  17  2.497076
61  17  2.497330
62  17  2.498920
63  17  2.498270
0  18  2.498600
1  18  2.498141
2  18  2.498252
3  18  2.498846
4  18  2.499717
5  18  2.499309
6  18  2.499192
7  18  2.499228
8  18  2.499119
9  18  2.497674
10  18  2.496756
11  18  2.496890
12  18  2.498141
13  18  2.498039
14  18  2.498911
15  18  2.497985
16  18  2.498593
17  18  2.498096
18  18  2.498979
19  18  2.498938
20  18  2.498284
21  18  2.497858
22  18  2.497486
23  18  2.498082
24  18  2.499079
25  18  2.499362
26  18  2.499471
27  18  2.498976
28  18  2.498640
29  18  2.498674
30  18  2.499302
31  18  2.499393
32  18  2.499121
33  18  2.498354
34  18  2.498182
35  18  2.498362
36  18  2.498940
37  18  2.498886
38  18  2.498425
39  18  2.498629
40  18  2.498326
41  18  2.499090
42  18  2.498531
43  18  2.498361
44  18  2.498803
45  18  2.499240
46  18  2.498692
47  18  2.498095
48  18  2.497917
49  18  2.498028
50  18  2.498435
51  18  2.497976
52  18  2.499279
53  18  2.498505
54  18  2.499395
55  18  2.499037
56  18  2.499454
57  18  2.499364
58  18  2.499589
59  18  2.499863
60  18  2.496992
61  18  2.496666
62  18  2.498371
63  18  2.498114
0  19  2.499333
1  19  2.498471
2  19  2.498651
3  19  2.498835
4  19  2.499725
5  19  2.499271
6  19  2.499113
7  19  2.499071
8  19  2.499042
9  19  2.496913
10  19  2.496388
11  19  2.498000
12  19  2.499433
13  19  2.499194
14  19  2.499029
15  19  2.498410
16  19  2.498662
17  19  2.498091
18  19  2.499285
19  19  2.499000
20  19  2.498588
21  19  2.497731
22  19  2.497575
23  19  2.498222
24  19  2.499343
25  19  2.499320
26  19  2.499052
27  19  2.499235
28  19  2.499022
29  19  2.499473
30  19  2.499459
31  19  2.499542
32  19  2.498700
33  19  2.498253
34  19  2.497947
35  19  2.497130
36  19  2.498631
37  19  2.498749
38  19  2.497884
39  19  2.498424
40  19  2.498996
41  19  2.499285
42  19  2.499421
43  19  2.498874
44  19  2.498924
45  19  2.498943
46  19  2.498389
47  19  2.497988
48  19  2.497854
49  19  2.498451
50  19  2.498744
51  19  2.498403
52  19  2.499220
53  19  2.499074
54  19  2.499352
55  19  2.499180
56  19  2.499199
57  19  2.499505
58  19  2.499428
59  19  2.499462
60  19  2.498033
61  19  2.497695
62  19  2.498561
63  19  2.498327
0  20  2.499230
1  20  2.499103
2  20  2.499269
3  20  2.499106
4  20  2.499313
5  20  2.498864
6  20  2.498735
7  20  2.499255
8  20  2.498424
9  20  2.497552
10  20  2.496731
11  20  2.496327
12  20  2.497212
13  20  2.497952
14  20  2.498558
15  20  2.498963
16  20  2.499020
17  20  2.498667
18  20  2.499164
19  20  2.499303
20  20  2.499094
21  20  2.497743
22  20  2.497867
23  20  2.498221
24  20  2.499477
25  20  2.499451
26  20  2.499274
27  20  2.499031
28  20  2.498657
29  20  2.498710
30  20  2.498413
31  20  2.498307
32  20  2.498741
33  20  2.499168
34  20  2.497359
35  20  2.496412
36  20  2.499017
37  20  2.498902
38  20  2.497029
39  20  2.497460
40  20  2.498565
41  20  2.498755
42  20  2.499259
43  20  2.499448
44  20  2.499250
45  20  2.499273
46  20  2.499080
47  20  2.499611
48  20  2.498787
49  20  2.499060
50  20  2.498800
51  20  2.499118
52  20  2.498736
53  20  2.498675
54  20  2.498390
55  20  2.498155
56  20  2.498309
57  20  2.499229
58  20  2.499631
59  20  2.499046
60  20  2.498991
61  20  2.498944
62  20  2.499404
63  20  2.499042
0  21  2.499130
1  21  2.499391
2  21  2.499621
3  21  2.499643
4  21  2.499271
5  21  2.498456
6  21  2.498216
7  21  2.499376
8  21  2.497336
9  21  2.497542
10  21  2.496563
11  21  2.497303
12  21  2.498004
13  21  2.498073
14  21  2.498178
15  21  2.498135
16  21  2.498202
17  21  2.498526
18  21  2.498991
19  21  2.499004
20  21  2.499016
21  21  2.497849
22  21  2.498393
23  21  2.498539
24  21  2.499371
25  21  2.499273
26  21  2.498892
27  21  2.498905
28  21  2.498862
29  21  2.498898
30  21  2.498580
31  21  2.497988
32  21  2.498648
33  21  2.498746
34  21  2.496238
35  21  2.496347
36  21  2.498912
37  21  2.497728
38  21  2.496926
39  21  2.497173
40  21  2.498226
41  21  2.498291
42  21  2.499270
43  21  2.499443
44  21  2.498737
45  21  2.498616
46  21  2.498581
47  21  2.499501
48  21  2.499560
49  21  2.499641
50  21  2.499664
51  21  2.499510
52  21  2.499130
53  21  2.498775
54  21  2.498165
55  21  2.498080
56  21  2.498282
57  21  2.499364
58  21  2.499592
59  21  2.498523
60  21  2.498486
61  21  2.499188
62  21  2.498996
63  21  2.499244
0  22  2.498955
1  22  2.499253
2  22  2.499266
3  22  2.499252
4  22  2.499049
5  22  2.498450
6  22  2.498010
7  22  2.499255
8  22  2.498365
9  22  2.498484
10  22  2.496733
11  22  2.497704
12  22  2.498192
13  22  2.498341
14  22  2.498893
15  22  2.498004
16  22  2.498290
17  22  2.498524
18  22  2.498468
19  22  2.498413
20  22  2.498815
21  22  2.499216
22  22  2.499577
23  22  2.499269
24  22  2.499285
25  22  2.499340
26  22  2.499033
27  22  2.499271
28  22  2.499015
29  22  2.498870
30  22  2.498869
31  22  2.498734
32  22  2.498888
33  22  2.499134
34  22  2.496300
35  22  2.497785
36  22  2.499081
37  22  2.496964
38  22  2.497033
39  22  2.497358
40  22  2.498163
41  22  2.498485
42  22  2.499588
43  22  2.499752
44  22  2.498940
45  22  2.498678
46  22  2.498660
47  22  2.499455
48  22  2.498656
49  22  2.499048
50  22  2.499056
51  22  2.499688
52  22  2.499188
53  22  2.499237
54  22  2.498959
55  22  2.498648
56  22  2.498757
57  22  2.498332
58  22  2.498487
59  22  2.498101
60  22  2.498906
61  22  2.499453
62  22  2.498912
63  22  2.499223
0  23  2.499180
1  23  2.499009
2  23  2.499116
3  23  2.499454
4  23  2.499089
5  23  2.499184
6  23  2.498831
7  23  2.498881
8  23  2.497010
9  23  2.497497
10  23  2.497384
11  23  2.499773
12  23  2.499618
13  23  2.499102
14  23  2.498172
15  23  2.497671
16  23  2.497934
17  23  2.497872
18  23  2.497555
19  23  2.498596
20  23  2.499069
21  23  2.499302
22  23  2.499682
23  23  2.498817
24  23  2.498970
25  23  2.498913
26  23  2.498555
27  23  2.499053
28  23  2.499341
29  23  2.499203
30  23  2.499395
31  23  2.499472
32  23  2.499263
33  23  2.499086
34  23  2.496203
35  23  2.496982
36  23  2.497781
37  23  2.497627
38  23  2.498452
39  23  2.498328
40  23  2.498673
41  23  2.498413
42  23  2.499285
43  23  2.499546
44  23  2.498604
45  23  2.498470
46  23  2.498188
47  23  2.498992
48  23  2.498020
49  23  2.498976
50  23  2.498441
51  23  2.498981
52  23  2.499595
53  23  2.499590
54  23  2.499618
55  23  2.499385
56  23  2.499096
57  23  2.498031
58  23  2.497050
59  23  2.497868
60  23  2.497883
61  23  2.496367
62  23  2.497006
63  23  2.498213
0  24  2.499627
1  24  2.499394
2  24  2.498769
3  24  2.498653
4  24  2.498483
5  24  2.499135
6  24  2.499482
7  24  2.499052
8  24  2.498139
9  24  2.498096
10  24  2.498830
11  24  2.499475
12  24  2.499325
13  24  2.498949
14  24  2.498259
15  24  2.498356
16  24  2.498173
17  24  2.497839
18  24  2.497751
19  24  2.498660
20  24  2.499184
21  24  2.499450
22  24  2.499569
23  24  2.498712
24  24  2.499214
25  24  2.499026
26  24  2.498056
27  24  2.498638
28  24  2.499563
29  24  2.499244
30  24  2.499095
31  24  2.498264
32  24  2.498138
33  24  2.499061
34  24  2.497989
35  24  2.498563
36  24  2.498104
37  24  2.498913
38  24  2.498932
39  24  2.499013
40  24  2.498769
41  24  2.498069
42  24  2.498616
43  24  2.499282
44  24  2.498883
45  24  2.498216
46  24  2.497723
47  24  2.498335
48  24  2.497839
49  24  2.498644
50  24  2.498237
51  24  2.498773
52  24  2.499099
53  24  2.498322
54  24  2.498396
55  24  2.498774
56  24  2.498132
57  24  2.498386
58  24  2.498031
59  24  2.499137
60  24  2.498150
61  24  2.496244
62  24  2.497177
63  24  2.497523
0  25  2.499716
1  25  2.499287
2  25  2.499273
3  25  2.498981
4  25  2.499557
5  25  2.499075
6  25  2.499407
7  25  2.498892
8  25  2.498729
9  25  2.497970
10  25  2.498280
11  25  2.499393
12  25  2.499473
13  25  2.499322
14  25  2.498377
15  25  2.497907
16  25  2.496987
17  25  2.496739
18  25  2.495634
19  25  2.497787
20  25  2.497461
21  25  2.498264
22  25  2.498735
23  25  2.497740
24  25  2.498534
25  25  2.498543
26  25  2.497738
27  25  2.498105
28  25  2.499605
29  25  2.499418
30  25  2.498095
31  25  2.497100
32  25  2.496902
33  25  2.498273
34  25  2.499464
35  25  2.499503
36  25  2.499362
37  25  2.499467
38  25  2.499350
39  25  2.499525
40  25  2.499309
41  25  2.497923
42  25  2.497947
43  25  2.498073
44  25  2.497525
45  25  2.497046
46  25  2.498077
47  25  2.498163
48  25  2.498163
49  25  2.498764
50  25  2.498364
51  25  2.498940
52  25  2.499000
53  25  2.498339
54  25  2.497950
55  25  2.498710
56  25  2.498809
57  25  2.499087
58  25  2.499012
59  25  2.498736
60  25  2.498135
61  25  2.496904
62  25  2.497273
63  25  2.497135
0  26  2.498992
1  26  2.499300
2  26  2.499613
3  26  2.499342
4  26  2.498975
5  26  2.498524
6  26  2.499233
7  26  2.499039
8  26  2.498943
9  26  2.498068
10  26  2.498548
11  26  2.499662
12  26  2.499687
13  26  2.499743
14  26  2.498471
15  26  2.497789
16  26  2.497653
17  26  2.497878
18  26  2.496846
19  26  2.498268
20  26  2.497406
21  26  2.498014
22  26  2.498624
23  26  2.498161
24  26  2.498453
25  26  2.498749
26  26  2.498205
27  26  2.498532
28  26  2.498836
29  26  2.498692
30  26  2.497652
31  26  2.496625
32  26  2.496404
33  26  2.497332
34  26  2.499431
35  26  2.499550
36  26  2.499022
37  26  2.499073
38  26  2.499005
39  26  2.499462
40  26  2.499279
41  26  2.498590
42  26  2.498408
43  26  2.498485
44  26  2.497696
45  26  2.496791
46  26  2.497838
47  26  2.498105
48  26  2.498090
49  26  2.498508
50  26  2.498838
51  26  2.499320
52  26  2.499101
53  26  2.498320
54  26  2.497939
55  26  2.497778
56  26  2.497503
57  26  2.497429
58  26  2.498507
59  26  2.498197
60  26  2.499351
61  26  2.498085
62  26  2.497195
63  26  2.497041
0  27  2.499121
1  27  2.498729
2  27  2.499125
3  27  2.498474
4  27  2.498454
5  27  2.498418
6  27  2.498582
7  27  2.498644
8  27  2.499084
9  27  2.498812
10  27  2.498228
11  27  2.498404
12  27  2.497777
13  27  2.498371
14  27  2.498767
15  27  2.498656
16  27  2.497666
17  27  2.497699
18  27  2.496862
19  27  2.497833
20  27  2.497017
21  27  2.497286
22  27  2.498054
23  27  2.498045
24  27  2.497653
25  27  2.498179
26  27  2.498346
27  27  2.498668
28  27  2.498844
29  27  2.498922
30  27  2.498052
31  27  2.499116
32  27  2.498358
33  27  2.497625
34  27  2.498770
35  27  2.498563
36  27  2.498652
37  27  2.499086
38  27  2.499229
39  27  2.499588
40  27  2.499573
41  27  2.499083
42  27  2.498545
43  27  2.498345
44  27  2.497962
45  27  2.497510
46  27  2.496972
47  27  2.496690
48  27  2.496631
49  27  2.499113
50  27  2.499387
51  27  2.499385
52  27  2.499369
53  27  2.499323
54  27  2.498855
55  27  2.497176
56  27  2.496481
57  27  2.495047
58  27  2.497834
59  27  2.498482
60  27  2.499161
61  27  2.499029
62  27  2.498486
63  27  2.499057
0  28  2.498568
1  28  2.498775
2  28  2.499491
3  28  2.499183
4  28  2.498715
5  28  2.498393
6  28  2.498175
7  28  2.496987
8  28  2.498580
9  28  2.498796
10  28  2.498631
11  28  2.498292
12  28  2.497541
13  28  2.498208
14  28  2.498632
15  28  2.499042
16  28  2.499170
17  28  2.499103
18  28  2.499243
19  28  2.498607
20  28  2.498234
21  28  2.497621
22  28  2.498288
23  28  2.499381
24  28  2.498986
25  28  2.499237
26  28  2.498669
27  28  2.498878
28  28  2.497902
29  28  2.498544
30  28  2.497958
31  28  2.499066
32  28  2.498769
33  28  2.496725
34  28  2.497581
35  28  2.498221
36  28  2.499306
37  28  2.499056
38  28  2.499018
39  28  2.499295
40  28  2.499215
41  28  2.499189
42  28  2.498824
43  28  2.498618
44  28  2.498750
45  28  2.498268
46  28  2.498126
47  28  2.497310
48  28  2.496110
49  28  2.497877
50  28  2.498784
51  28  2.498715
52  28  2.498995
53  28  2.498983
54  28  2.499082
55  28  2.498679
56  28  2.497977
57  28  2.495808
58  28  2.496915
59  28  2.498056
60  28  2.497945
61  28  2.497782
62  28  2.497210
63  28  2.498508
0  29  2.499111
1  29  2.499280
2  29  2.499418
3  29  2.498630
4  29  2.498062
5  29  2.496352
6  29  2.497338
7  29  2.496560
8  29  2.497918
9  29  2.498003
10  29  2.497549
11  29  2.497705
12  29  2.497429
13  29  2.497782
14  29  2.498410
15  29  2.498492
16  29  2.499140
17  29  2.498823
18  29  2.499231
19  29  2.498366
20  29  2.498494
21  29  2.498211
22  29  2.498147
23  29  2.499285
24  29  2.499120
25  29  2.499443
26  29  2.498829
27  29  2.498686
28  29  2.497628
29  29  2.498265
30  29  2.497587
31  29  2.498197
32  29  2.497945
33  29  2.496788
34  29  2.497329
35  29  2.497784
36  29  2.498597
37  29  2.498890
38  29  2.499241
39  29  2.499518
40  29  2.498961
41  29  2.499029
42  29  2.498587
43  29  2.498700
44  29  2.498828
45  29  2.498170
46  29  2.497230
47  29  2.495480
48  29  2.495779
49  29  2.498455
50  29  2.499495
51  29  2.499341
52  29  2.499159
53  29  2.499376
54  29  2.499288
55  29  2.498996
56  29  2.498562
57  29  2.498663
58  29  2.499154
59  29  2.499257
60  29  2.498384
61  29  2.498374
62  29  2.498838
63  29  2.499153
0  30  2.499531
1  30  2.499438
2  30  2.499481
3  30  2.499393
4  30  2.498827
5  30  2.496850
6  30  2.498027
7  30  2.496879
8  30  2.497365
9  30  2.497947
10  30  2.498250
11  30  2.498433
12  30  2.498539
13  30  2.497971
14  30  2.497815
15  30  2.497728
16  30  2.497734
17  30  2.498841
18  30  2.499171
19  30  2.498426
20  30  2.498140
21  30  2.499346
22  30  2.499101
23  30  2.499178
24  30  2.498260
25  30  2.498892
26  30  2.498434
27  30  2.499244
28  30  2.498226
29  30  2.498421
30  30  2.498214
31  30  2.499303
32  30  2.498964
33  30  2.496674
34  30  2.496360
35  30  2.496603
36  30  2.498837
37  30  2.499012
38  30  2.498958
39  30  2.499126
40  30  2.498818
41  30  2.498911
42  30  2.498636
43  30  2.498634
44  30  2.498726
45  30  2.498152
46  30  2.497043
47  30  2.495465
48  30  2.496517
49  30  2.498563
50  30  2.499740
51  30  2.499490
52  30  2.499165
53  30  2.498847
54  30  2.498883
55  30  2.499115
56  30  2.499082
57  30  2.498683
58  30  2.498732
59  30  2.499115
60  30  2.498964
61  30  2.498714
62  30  2.498995
63  30  2.499261
0  31  2.499252
1  31  2.499023
2  31  2.499475
3  31  2.499393
4  31  2.498909
5  31  2.498425
6  31  2.497532
7  31  2.497522
8  31  2.497862
9  31  2.499352
10  31  2.498719
11  31  2.497550
12  31  2.497550
13  31  2.497079
14  31  2.497980
15  31  2.498344
16  31  2.498559
17  31  2.499509
18  31  2.499372
19  31  2.498805
20  31  2.497513
21  31  2.498057
22  31  2.498293
23  31  2.498241
24  31  2.496756
25  31  2.499017
26  31  2.498621
27  31  2.499186
28  31  2.499260
29  31  2.499457
30  31  2.498908
31  31  2.499227
32  31  2.499199
33  31  2.498392
34  31  2.498146
35  31  2.497378
36  31  2.498700
37  31  2.498539
38  31  2.498895
39  31  2.499011
40  31  2.499178
41  31  2.499307
42  31  2.499491
43  31  2.498972
44  31  2.498680
45  31  2.498473
46  31  2.497709
47  31  2.498183
48  31  2.498749
49  31  2.498931
50  31  2.499832
51  31  2.499735
52  31  2.499568
53  31  2.499060
54  31  2.499020
55  31  2.499042
56  31  2.499417
57  31  2.498958
58  31  2.498926
59  31  2.499051
60  31  2.499279
61  31  2.499247
62  31  2.499764
63  31  2.499711
0  32  2.498996
1  32  2.499126
2  32  2.498745
3  32  2.498502
4  32  2.498072
5  32  2.497988
6  32  2.497172
7  32  2.497201
8  32  2.497890
9  32  2.499478
10  32  2.498845
11  32  2.496927
12  32  2.496974
13  32  2.496123
14  32  2.497816
15  32  2.498014
16  32  2.497706
17  32  2.499274
18  32  2.499238
19  32  2.499326
20  32  2.498060
21  32  2.497796
22  32  2.499026
23  32  2.498937
24  32  2.496505
25  32  2.498652
26  32  2.499081
27  32  2.499121
28  32  2.498952
29  32  2.498892
30  32  2.498979
31  32  2.499393
32  32  2.499789
33  32  2.499309
34  32  2.499322
35  32  2.498345
36  32  2.499043
37  32  2.499074
38  32  2.499406
39  32  2.499325
40  32  2.499483
41  32  2.499565
42  32  2.499627
43  32  2.499545
44  32  2.498579
45  32  2.498615
46  32  2.498070
47  32  2.497450
48  32  2.497004
49  32  2.497976
50  32  2.499519
51  32  2.499718
52  32  2.497952
53  32  2.498190
54  32  2.498041
55  32  2.499118
56  32  2.499469
57  32  2.498806
58  32  2.498542
59  32  2.499153
60  32  2.499717
61  32  2.497548
62  32  2.497027
63  32  2.497495
0  33  2.498500
1  33  2.498959
2  33  2.498742
3  33  2.498072
4  33  2.497876
5  33  2.498301
6  33  2.498834
7  33  2.498706
8  33  2.497653
9  33  2.499149
10  33  2.499457
11  33  2.497502
12  33  2.497486
13  33  2.496377
14  33  2.499241
15  33  2.498780
16  33  2.499194
17  33  2.499382
18  33  2.499481
19  33  2.498903
20  33  2.498992
21  33  2.497651
22  33  2.498129
23  33  2.498578
24  33  2.497862
25  33  2.498866
26  33  2.498589
27  33  2.498406
28  33  2.498773
29  33  2.499372
30  33  2.498886
31  33  2.499034
32  33  2.499213
33  33  2.499468
34  33  2.499539
35  33  2.498970
36  33  2.498372
37  33  2.498585
38  33  2.498621
39  33  2.499011
40  33  2.499464
41  33  2.499337
42  33  2.499277
43  33  2.499295
44  33  2.498772
45  33  2.498918
46  33  2.498524
47  33  2.497099
48  33  2.496770
49  33  2.498223
50  33  2.499175
51  33  2.499391
52  33  2.497533
53  33  2.498559
54  33  2.498017
55  33  2.499571
56  33  2.499697
57  33  2.499459
58  33  2.499343
59  33  2.498918
60  33  2.499301
61  33  2.497697
62  33  2.497108
63  33  2.497642
0  34  2.498722
1  34  2.499227
2  34  2.498415
3  34  2.498094
4  34  2.498517
5  34  2.499083
6  34  2.498599
7  34  2.498614
8  34  2.497947
9  34  2.498292
10  34  2.498522
11  34  2.497352
12  34  2.496209
13  34  2.495981
14  34  2.498614
15  34  2.499037
16  34  2.499358
17  34  2.499549
18  34  2.499573
19  34  2.499012
20  34  2.498770
21  34  2.498273
22  34  2.499080
23  34  2.499293
24  34  2.499247
25  34  2.499034
26  34  2.498530
27  34  2.498116
28  34  2.498466
29  34  2.498577
30  34  2.498797
31  34  2.498779
32  34  2.499125
33  34  2.499300
34  34  2.499306
35  34  2.498989
36  34  2.498282
37  34  2.498343
38  34  2.497802
39  34  2.497731
40  34  2.499430
41  34  2.499395
42  34  2.499382
43  34  2.498790
44  34  2.498895
45  34  2.499483
46  34  2.499393
47  34  2.498768
48  34  2.498130
49  34  2.498529
50  34  2.498922
51  34  2.499452
52  34  2.497787
53  34  2.498345
54  34  2.497717
55  34  2.499566
56  34  2.499612
57  34  2.499598
58  34  2.499275
59  34  2.498837
60  34  2.498567
61  34  2.497819
62  34  2.497202
63  34  2.497734
0  35  2.498281
1  35  2.499121
2  35  2.499516
3  35  2.499047
4  35  2.498761
5  35  2.498875
6  35  2.498370
7  35  2.498650
8  35  2.498361
9  35  2.498738
10  35  2.498864
11  35  2.497767
12  35  2.496933
13  35  2.497087
14  35  2.498841
15  35  2.499339
16  35  2.499676
17  35  2.499463
18  35  2.499285
19  35  2.498982
20  35  2.498895
21  35  2.498760
22  35  2.499044
23  35  2.499351
24  35  2.499755
25  35  2.499891
26  35  2.499246
27  35  2.498436
28  35  2.498338
29  35  2.499021
30  35  2.499413
31  35  2.499090
32  35  2.498222
33  35  2.497323
34  35  2.497599
35  35  2.498607
36  35  2.498567
37  35  2.497983
38  35  2.497437
39  35  2.497611
40  35  2.499373
41  35  2.499076
42  35  2.499139
43  35  2.498766
44  35  2.499006
45  35  2.499001
46  35  2.498993
47  35  2.499012
48  35  2.498869
49  35  2.498877
50  35  2.498335
51  35  2.498868
52  35  2.498595
53  35  2.499242
54  35  2.498765
55  35  2.499667
56  35  2.498247
57  35  2.498605
58  35  2.498016
59  35  2.498300
60  35  2.498111
61  35  2.498459
62  35  2.498470
63  35  2.498175
0  36  2.498840
1  36  2.497746
2  36  2.498616
3  36  2.498089
4  36  2.499285
5  36  2.498880
6  36  2.498059
7  36  2.498088
8  36  2.498930
9  36  2.498113
10  36  2.498049
11  36  2.498349
12  36  2.498427
13  36  2.498630
14  36  2.498328
15  36  2.498800
16  36  2.498039
17  36  2.498351
18  36  2.498437
19  36  2.499218
20  36  2.499644
21  36  2.499650
22  36  2.499263
23  36  2.499099
24  36  2.498957
25  36  2.499331
26  36  2.499054
27  36  2.498337
28  36  2.498211
29  36  2.499120
30  36  2.498788
31  36  2.498471
32  36  2.497820
33  36  2.497094
34  36  2.497450
35  36  2.497998
36  36  2.499454
37  36  2.497923
38  36  2.497441
39  36  2.497064
40  36  2.498806
41  36  2.498612
42  36  2.498904
43  36  2.498755
44  36  2.498806
45  36  2.498566
46  36  2.498638
47  36  2.498280
48  36  2.498887
49  36  2.498774
50  36  2.498675
51  36  2.498635
52  36  2.498315
53  36  2.497958
54  36  2.497962
55  36  2.498652
56  36  2.497455
57  36  2.498737
58  36  2.497627
59  36  2.497318
60  36  2.497256
61  36  2.497663
62  36  2.498076
63  36  2.497804
0  37  2.498527
1  37  2.497728
2  37  2.498635
3  37  2.498088
4  37  2.499526
5  37  2.498939
6  37  2.498845
7  37  2.498795
8  37  2.499136
9  37  2.498582
10  37  2.498585
11  37  2.498433
12  37  2.498892
13  37  2.499043
14  37  2.497853
15  37  2.498417
16  37  2.496995
17  37  2.496963
18  37  2.497914
19  37  2.498154
20  37  2.499124
21  37  2.499237
22  37  2.498732
23  37  2.498942
24  37  2.498843
25  37  2.499096
26  37  2.498691
27  37  2.498120
28  37  2.496984
29  37  2.498093
30  37  2.497417
31  37  2.499000
32  37  2.498380
33  37  2.497575
34  37  2.497706
35  37  2.498309
36  37  2.499404
37  37  2.498563
38  37  2.498665
39  37  2.498606
40  37  2.499056
41  37  2.498821
42  37  2.498799
43  37  2.498784
44  37  2.498934
45  37  2.498424
46  37  2.498735
47  37  2.498085
48  37  2.498795
49  37  2.498832
50  37  2.499039
51  37  2.498420
52  37  2.498121
53  37  2.498201
54  37  2.498105
55  37  2.498260
56  37  2.497171
57  37  2.498533
58  37  2.498326
59  37  2.496946
60  37  2.496401
61  37  2.496557
62  37  2.496916
63  37  2.497451
0  38  2.499143
1  38  2.498148
2  38  2.498584
3  38  2.498078
4  38  2.499442
5  38  2.498866
6  38  2.499112
7  38  2.498805
8  38  2.498266
9  38  2.497083
10  38  2.497218
11  38  2.498693
12  38  2.499571
13  38  2.499635
14  38  2.497792
15  38  2.497878
16  38  2.496412
17  38  2.497705
18  38  2.499134
19  38  2.498699
20  38  2.499122
21  38  2.499181
22  38  2.498822
23  38  2.498785
24  38  2.498941
25  38  2.499039
26  38  2.499228
27  38  2.498977
28  38  2.498439
29  38  2.498663
30  38  2.497366
31  38  2.498773
32  38  2.498792
33  38  2.499218
34  38  2.498936
35  38  2.498772
36  38  2.499475
37  38  2.497787
38  38  2.497658
39  38  2.497518
40  38  2.498859
41  38  2.498554
42  38  2.497891
43  38  2.498109
44  38  2.498380
45  38  2.498888
46  38  2.499177
47  38  2.498734
48  38  2.498860
49  38  2.498574
50  38  2.499477
51  38  2.498515
52  38  2.498847
53  38  2.498497
54  38  2.498642
55  38  2.497695
56  38  2.498316
57  38  2.499205
58  38  2.498200
59  38  2.497626
60  38  2.497405
61  38  2.496461
62  38  2.497220
63  38  2.498086
0  39  2.498954
1  39  2.499131
2  39  2.499126
3  39  2.499137
4  39  2.499525
5  39  2.499324
6  39  2.498827
7  39  2.498672
8  39  2.497680
9  39  2.497889
10  39  2.497142
11  39  2.498952
12  39  2.498420
13  39  2.498871
14  39  2.498127
15  39  2.499094
16  39  2.498402
17  39  2.497833
18  39  2.497640
19  39  2.497564
20  39  2.498238
21  39  2.498745
22  39  2.498743
23  39  2.499087
24  39  2.499540
25  39  2.499149
26  39  2.498950
27  39  2.498414
28  39  2.497132
29  39  2.497389
30  39  2.497746
31  39  2.499226
32  39  2.499217
33  39  2.499227
34  39  2.499426
35  39  2.499586
36  39  2.499427
37  39  2.498304
38  39  2.498659
39  39  2.498493
40  39  2.499225
41  39  2.498639
42  39  2.497439
43  39  2.497555
44  39  2.497882
45  39  2.498212
46  39  2.498855
47  39  2.498822
48  39  2.499025
49  39  2.498856
50  39  2.499306
51  39  2.499312
52  39  2.499475
53  39  2.499649
54  39  2.499677
55  39  2.498983
56  39  2.499269
57  39  2.499199
58  39  2.498925
59  39  2.498657
60  39  2.496661
61  39  2.495982
62  39  2.497025
63  39  2.498656
0  40  2.498540
1  40  2.498693
2  40  2.499135
3  40  2.499423
4  40  2.499577
5  40  2.499442
6  40  2.498768
7  40  2.498566
8  40  2.496947
9  40  2.497634
10  40  2.497118
11  40  2.499125
12  40  2.498263
13  40  2.498663
14  40  2.498134
15  40  2.499040
16  40  2.499228
17  40  2.498004
18  40  2.498036
19  40  2.498552
20  40  2.499468
21  40  2.499162
22  40  2.499255
23  40  2.499316
24  40  2.499513
25  40  2.499212
26  40  2.499059
27  40  2.497918
28  40  2.497606
29  40  2.497608
30  40  2.498401
31  40  2.498913
32  40  2.499212
33  40  2.498936
34  40  2.499377
35  40  2.499420
36  40  2.499537
37  40  2.496618
38  40  2.495762
39  40  2.495753
40  40  2.497695
41  40  2.498076
42  40  2.497416
43  40  2.498072
44  40  2.499060
45  40  2.498743
46  40  2.498849
47  40  2.498631
48  40  2.498776
49  40  2.498423
50  40  2.498756
51  40  2.499098
52  40  2.499624
53  40  2.499770
54  40  2.499679
55  40  2.499412
56  40  2.499333
57  40  2.498881
58  40  2.499281
59  40  2.499138
60  40  2.497966
61  40  2.498124
62  40  2.498327
63  40  2.498487
0  41  2.496759
1  41  2.497733
2  41  2.498989
3  41  2.499087
4  41  2.498725
5  41  2.499183
6  41  2.499031
7  41  2.499535
8  41  2.498561
9  41  2.498682
10  41  2.498169
11  41  2.498864
12  41  2.498113
13  41  2.498472
14  41  2.498461
15  41  2.498743
16  41  2.499079
17  41  2.498026
18  41  2.498723
19  41  2.498786
20  41  2.499644
21  41  2.499369
22  41  2.499082
23  41  2.498703
24  41  2.498342
25  41  2.498084
26  41  2.498550
27  41  2.497874
28  41  2.497928
29  41  2.497732
30  41  2.498229
31  41  2.498587
32  41  2.499052
33  41  2.498996
34  41  2.499170
35  41  2.499594
36  41  2.499509
37  41  2.497969
38  41  2.496975
39  41  2.496722
40  41  2.497677
41  41  2.497948
42  41  2.496943
43  41  2.497564
44  41  2.497134
45  41  2.498188
46  41  2.498343
47  41  2.498995
48  41  2.498944
49  41  2.498655
50  41  2.498656
51  41  2.498851
52  41  2.499227
53  41  2.499493
54  41  2.499495
55  41  2.499091
56  41  2.498858
57  41  2.498880
58  41  2.499542
59  41  2.499299
60  41  2.498557
61  41  2.498835
62  41  2.498084
63  41  2.497797
0  42  2.497729
1  42  2.498249
2  42  2.499296
3  42  2.499087
4  42  2.498390
5  42  2.498606
6  42  2.498831
7  42  2.499188
8  42  2.498621
9  42  2.498834
10  42  2.498880
11  42  2.499068
12  42  2.498428
13  42  2.497731
14  42  2.497824
15  42  2.497774
16  42  2.498315
17  42  2.497642
18  42  2.498661
19  42  2.497784
20  42  2.498931
21  42  2.499107
22  42  2.499048
23  42  2.498184
24  42  2.498044
25  42  2.498388
26  42  2.498968
27  42  2.497985
28  42  2.498362
29  42  2.498377
30  42  2.498642
31  42  2.498187
32  42  2.498774
33  42  2.498954
34  42  2.498728
35  42  2.499114
36  42  2.498926
37  42  2.498174
38  42  2.496590
39  42  2.496966
40  42  2.497636
41  42  2.498067
42  42  2.496849
43  42  2.497151
44  42  2.497293
45  42  2.497560
46  42  2.497546
47  42  2.498449
48  42  2.498833
49  42  2.499232
50  42  2.498304
51  42  2.498476
52  42  2.498883
53  42  2.499484
54  42  2.499505
55  42  2.499196
56  42  2.498685
57  42  2.498680
58  42  2.498959
59  42  2.498956
60  42  2.499470
61  42  2.499356
62  42  2.498851
63  42  2.499363
0  43  2.496889
1  43  2.497983
2  43  2.499079
3  43  2.498896
4  43  2.498225
5  43  2.498312
6  43  2.498706
7  43  2.499014
8  43  2.498753
9  43  2.499034
10  43  2.499233
11  43  2.499510
12  43  2.499330
13  43  2.498922
14  43  2.498655
15  43  2.498101
16  43  2.498247
17  43  2.498491
18  43  2.499157
19  43  2.498386
20  43  2.498466
21  43  2.498757
22  43  2.498647
23  43  2.497817
24  43  2.497583
25  43  2.498319
26  43  2.497462
27  43  2.498459
28  43  2.498466
29  43  2.499031
30  43  2.498672
31  43  2.498007
32  43  2.498655
33  43  2.498872
34  43  2.498469
35  43  2.498520
36  43  2.498287
37  43  2.498622
38  43  2.497853
39  43  2.498029
40  43  2.498460
41  43  2.498829
42  43  2.498355
43  43  2.498470
44  43  2.499157
45  43  2.499373
46  43  2.499416
47  43  2.499015
48  43  2.499405
49  43  2.499566
50  43  2.498862
51  43  2.499096
52  43  2.499182
53  43  2.499604
54  43  2.499455
55  43  2.498941
56  43  2.498682
57  43  2.498634
58  43  2.499158
59  43  2.498505
60  43  2.499094
61  43  2.498490
62  43  2.497728
63  43  2.498119
0  44  2.497994
1  44  2.497651
2  44  2.498443
3  44  2.498158
4  44  2.497655
5  44  2.498275
6  44  2.499217
7  44  2.498758
8  44  2.498482
9  44  2.498142
10  44  2.498674
11  44  2.498821
12  44  2.499285
13  44  2.499070
14  44  2.498998
15  44  2.498688
16  44  2.498770
17  44  2.499203
18  44  2.499287
19  44  2.498066
20  44  2.498054
21  44  2.498034
22  44  2.498174
23  44  2.498063
24  44  2.498071
25  44  2.497089
26  44  2.496232
27  44  2.497430
28  44  2.498213
29  44  2.498978
30  44  2.498924
31  44  2.498043
32  44  2.498549
33  44  2.498750
34  44  2.498272
35  44  2.498078
36  44  2.497297
37  44  2.499109
38  44  2.498947
39  44  2.498876
40  44  2.498479
41  44  2.498428
42  44  2.498428
43  44  2.498176
44  44  2.498942
45  44  2.499400
46  44  2.499666
47  44  2.499380
48  44  2.499445
49  44  2.499339
50  44  2.499003
51  44  2.499218
52  44  2.499165
53  44  2.499724
54  44  2.499774
55  44  2.499449
56  44  2.498965
57  44  2.497925
58  44  2.498291
59  44  2.497922
60  44  2.499132
61  44  2.498484
62  44  2.498698
63  44  2.498772
0  45  2.498370
1  45  2.497444
2  45  2.498352
3  45  2.497954
4  45  2.497837
5  45  2.498640
6  45  2.499005
7  45  2.498357
8  45  2.498853
9  45  2.498692
10  45  2.499396
11  45  2.499054
12  45  2.498836
13  45  2.495777
14  45  2.496648
15  45  2.497111
16  45  2.499116
17  45  2.499454
18  45  2.499143
19  45  2.498440
20  45  2.498040
21  45  2.497849
22  45  2.498060
23  45  2.498825
24  45  2.498149
25  45  2.497140
26  45  2.496987
27  45  2.497697
28  45  2.497998
29  45  2.498597
30  45  2.498282
31  45  2.498143
32  45  2.498276
33  45  2.499157
34  45  2.498297
35  45  2.497734
36  45  2.497132
37  45  2.498952
38  45  2.498638
39  45  2.499599
40  45  2.499141
41  45  2.498279
42  45  2.497821
43  45  2.497983
44  45  2.499193
45  45  2.499294
46  45  2.499559
47  45  2.499283
48  45  2.498889
49  45  2.498676
50  45  2.498550
51  45  2.499229
52  45  2.498629
53  45  2.498773
54  45  2.498679
55  45  2.499425
56  45  2.499445
57  45  2.498716
58  45  2.498995
59  45  2.498787
60  45  2.499275
61  45  2.498773
62  45  2.499044
63  45  2.498508
0  46  2.498487
1  46  2.497725
2  46  2.498405
3  46  2.497973
4  46  2.497804
5  46  2.498570
6  46  2.498694
7  46  2.498683
8  46  2.499209
9  46  2.498450
10  46  2.499119
11  46  2.498823
12  46  2.498868
13  46  2.495193
14  46  2.496508
15  46  2.495977
16  46  2.497712
17  46  2.498252
18  46  2.498219
19  46  2.498451
20  46  2.497460
21  46  2.496955
22  46  2.497095
23  46  2.499112
24  46  2.498454
25  46  2.497208
26  46  2.497663
27  46  2.498203
28  46  2.498724
29  46  2.499049
30  46  2.498600
31  46  2.498627
32  46  2.498318
33  46  2.499211
34  46  2.498447
35  46  2.498770
36  46  2.497579
37  46  2.498397
38  46  2.497111
39  46  2.499232
40  46  2.499454
41  46  2.498929
42  46  2.498483
43  46  2.498315
44  46  2.498207
45  46  2.497664
46  46  2.498508
47  46  2.498351
48  46  2.499296
49  46  2.498748
50  46  2.498376
51  46  2.498803
52  46  2.497915
53  46  2.498811
54  46  2.498719
55  46  2.499407
56  46  2.498940
57  46  2.498902
58  46  2.499714
59  46  2.499701
60  46  2.499526
61  46  2.499385
62  46  2.499552
63  46  2.498895
0  47  2.499551
1  47  2.498300
2  47  2.498530
3  47  2.497753
4  47  2.498575
5  47  2.498168
6  47  2.498344
7  47  2.497453
8  47  2.498224
9  47  2.497990
10  47  2.498635
11  47  2.497271
12  47  2.498333
13  47  2.494900
14  47  2.496369
15  47  2.495985
16  47  2.498161
17  47  2.498146
18  47  2.498522
19  47  2.499106
20  47  2.497590
21  47  2.497582
22  47  2.498206
23  47  2.499442
24  47  2.499079
25  47  2.498831
26  47  2.499514
27  47  2.499315
28  47  2.498842
29  47  2.499091
30  47  2.498423
31  47  2.498296
32  47  2.498305
33  47  2.498934
34  47  2.498761
35  47  2.498865
36  47  2.498899
37  47  2.498984
38  47  2.497775
39  47  2.498892
40  47  2.498700
41  47  2.498831
42  47  2.499440
43  47  2.499079
44  47  2.498174
45  47  2.498036
46  47  2.498544
47  47  2.498320
48  47  2.498917
49  47  2.498774
50  47  2.498772
51  47  2.498757
52  47  2.496520
53  47  2.496942
54  47  2.497669
55  47  2.499247
56  47  2.498323
57  47  2.499186
58  47  2.499738
59  47  2.499163
60  47  2.498595
61  47  2.498469
62  47  2.499254
63  47  2.499586
0  48  2.499063
1  48  2.498108
2  48  2.498038
3  48  2.498023
4  48  2.498935
5  48  2.498354
6  48  2.498326
7  48  2.498163
8  48  2.498262
9  48  2.498626
10  48  2.498491
11  48  2.497686
12  48  2.498595
13  48  2.497949
14  48  2.498514
15  48  2.497923
16  48  2.498203
17  48  2.498084
18  48  2.498640
19  48  2.499358
20  48  2.498222
21  48  2.497393
22  48  2.496889
23  48  2.498490
24  48  2.498540
25  48  2.498474
26  48  2.499369
27  48  2.498403
28  48  2.497959
29  48  2.499110
30  48  2.499076
31  48  2.499142
32  48  2.499190
33  48  2.499274
34  48  2.498472
35  48  2.498528
36  48  2.499432
37  48  2.499037
38  48  2.498207
39  48  2.498801
40  48  2.498485
41  48  2.498974
42  48  2.499630
43  48  2.499321
44  48  2.498689
45  48  2.498441
46  48  2.498301
47  48  2.498239
48  48  2.499074
49  48  2.499073
50  48  2.498361
51  48  2.498215
52  48  2.497614
53  48  2.497942
54  48  2.498217
55  48  2.499302
56  48  2.498534
57  48  2.498938
58  48  2.499154
59  48  2.497837
60  48  2.498041
61  48  2.498026
62  48  2.499159
63  48  2.499633
0  49  2.498807
1  49  2.499218
2  49  2.498946
3  49  2.499192
4  49  2.499105
5  49  2.498615
6  49  2.498780
7  49  2.498712
8  49  2.498958
9  49  2.499046
10  49  2.499130
11  49  2.497699
12  49  2.498315
13  49  2.498501
14  49  2.499201
15  49  2.499322
16  49  2.499279
17  49  2.499124
18  49  2.499038
19  49  2.499108
20  49  2.499004
21  49  2.498535
22  49  2.498492
23  49  2.498541
24  49  2.498247
25  49  2.498733
26  49  2.499182
27  49  2.498032
28  49  2.497502
29  49  2.498136
30  49  2.499126
31  49  2.499097
32  49  2.499158
33  49  2.499356
34  49  2.498330
35  49  2.497538
36  49  2.499256
37  49  2.498569
38  49  2.499065
39  49  2.498698
40  49  2.498304
41  49  2.499106
42  49  2.499679
43  49  2.499714
44  49  2.499549
45  49  2.499756
46  49  2.499418
47  49  2.499356
48  49  2.497341
49  49  2.498319
50  49  2.497516
51  49  2.498403
52  49  2.498706
53  49  2.498712
54  49  2.498487
55  49  2.499301
56  49  2.498721
57  49  2.499100
58  49  2.498819
59  49  2.496864
60  49  2.496987
61  49  2.498186
62  49  2.499096
63  49  2.499349
0  50  2.498626
1  50  2.499427
2  50  2.499193
3  50  2.499541
4  50  2.499208
5  50  2.499253
6  50  2.498696
7  50  2.498484
8  50  2.499348
9  50  2.499518
10  50  2.499690
11  50  2.499081
12  50  2.499199
13  50  2.498572
14  50  2.499066
15  50  2.498886
16  50  2.499316
17  50  2.499239
18  50  2.499058
19  50  2.498979
20  50  2.499048
21  50  2.498510
22  50  2.498021
23  50  2.498114
24  50  2.497577
25  50  2.498803
26  50  2.498351
27  50  2.496869
28  50  2.497417
29  50  2.497914
30  50  2.499176
31  50  2.499202
32  50  2.499052
33  50  2.499517
34  50  2.499141
35  50  2.498479
36  50  2.498664
37  50  2.498049
38  50  2.498503
39  50  2.497988
40  50  2.497908
41  50  2.499521
42  50  2.499443
43  50  2.499451
44  50  2.499465
45  50  2.499444
46  50  2.499442
47  50  2.498782
48  50  2.496755
49  50  2.498592
50  50  2.498370
51  50  2.498986
52  50  2.499106
53  50  2.499383
54  50  2.498868
55  50  2.498894
56  50  2.499053
57  50  2.498941
58  50  2.498865
59  50  2.496849
60  50  2.497300
61  50  2.499094
62  50  2.499254
63  50  2.499032
0  51  2.498756
1  51  2.499338
2  51  2.498540
3  51  2.499074
4  51  2.498974
5  51  2.499548
6  51  2.499024
7  51  2.498877
8  51  2.499333
9  51  2.499568
10  51  2.499311
11  51  2.499008
12  51  2.499013
13  51  2.498374
14  51  2.499118
15  51  2.498917
16  51  2.499229
17  51  2.498623
18  51  2.498289
19  51  2.498345
20  51  2.498309
21  51  2.498769
22  51  2.497797
23  51  2.498355
24  51  2.498171
25  51  2.499303
26  51  2.498722
27  51  2.496698
28  51  2.497516
29  51  2.497365
30  51  2.499298
31  51  2.499361
32  51  2.499412
33  51  2.499702
34  51  2.499524
35  51  2.498816
36  51  2.498709
37  51  2.498124
38  51  2.498267
39  51  2.498160
40  51  2.497799
41  51  2.498970
42  51  2.498314
43  51  2.498679
44  51  2.498572
45  51  2.499042
46  51  2.498796
47  51  2.498682
48  51  2.496732
49  51  2.498160
50  51  2.498086
51  51  2.499086
52  51  2.499240
53  51  2.499362
54  51  2.499097
55  51  2.499031
56  51  2.499187
57  51  2.498709
58  51  2.498255
59  51  2.497498
60  51  2.498211
61  51  2.499512
62  51  2.499410
63  51  2.498883
0  52  2.498350
1  52  2.498508
2  52  2.497478
3  52  2.498016
4  52  2.497407
5  52  2.498369
6  52  2.498394
7  52  2.498857
8  52  2.498920
9  52  2.499279
10  52  2.498831
11  52  2.498763
12  52  2.498849
13  52  2.498427
14  52  2.499251
15  52  2.498837
16  52  2.499032
17  52  2.498141
18  52  2.499043
19  52  2.499089
20  52  2.499129
21  52  2.499089
22  52  2.498279
23  52  2.498712
24  52  2.498726
25  52  2.499326
26  52  2.499084
27  52  2.497200
28  52  2.497392
29  52  2.497260
30  52  2.499139
31  52  2.499130
32  52  2.499221
33  52  2.499530
34  52  2.499458
35  52  2.499496
36  52  2.498549
37  52  2.498368
38  52  2.497397
39  52  2.497909
40  52  2.498189
41  52  2.498983
42  52  2.498517
43  52  2.498693
44  52  2.498750
45  52  2.498875
46  52  2.498588
47  52  2.498695
48  52  2.498559
49  52  2.498715
50  52  2.498296
51  52  2.498051
52  52  2.498266
53  52  2.498588
54  52  2.498783
55  52  2.498997
56  52  2.499377
57  52  2.499006
58  52  2.498502
59  52  2.497865
60  52  2.498614
61  52  2.499365
62  52  2.499677
63  52  2.499221
0  53  2.498211
1  53  2.498377
2  53  2.496621
3  53  2.497731
4  53  2.497157
5  53  2.498889
6  53  2.497634
7  53  2.498595
8  53  2.498538
9  53  2.499059
10  53  2.497834
11  53  2.496999
12  53  2.497137
13  53  2.498564
14  53  2.499388
15  53  2.499292
16  53  2.499243
17  53  2.497957
18  53  2.499126
19  53  2.499192
20  53  2.499240
21  53  2.498953
22  53  2.498253
23  53  2.499110
24  53  2.498904
25  53  2.499191
26  53  2.498661
27  53  2.496282
28  53  2.496426
29  53  2.497444
30  53  2.499676
31  53  2.499247
32  53  2.499124
33  53  2.499442
34  53  2.499440
35  53  2.499442
36  53  2.498475
37  53  2.498626
38  53  2.498078
39  53  2.498672
40  53  2.498787
41  53  2.498326
42  53  2.497580
43  53  2.498026
44  53  2.498814
45  53  2.499572
46  53  2.499452
47  53  2.499593
48  53  2.499273
49  53  2.498804
50  53  2.498343
51  53  2.498578
52  53  2.498420
53  53  2.498787
54  53  2.499459
55  53  2.499556
56  53  2.499653
57  53  2.499326
58  53  2.499385
59  53  2.499255
60  53  2.499444
61  53  2.499432
62  53  2.499547
63  53  2.499086
0  54  2.498593
1  54  2.498957
2  54  2.496511
3  54  2.497529
4  54  2.496586
5  54  2.496979
6  54  2.497104
7  54  2.498497
8  54  2.498844
9  54  2.499121
10  54  2.497375
11  54  2.496421
12  54  2.496261
13  54  2.497519
14  54  2.499049
15  54  2.498119
16  54  2.499326
17  54  2.498480
18  54  2.498841
19  54  2.499125
20  54  2.498987
21  54  2.498750
22  54  2.498880
23  54  2.499923
24  54  2.499538
25  54  2.499369
26  54  2.498043
27  54  2.497342
28  54  2.497908
29  54  2.499078
30  54  2.499637
31  54  2.499319
32  54  2.499091
33  54  2.498981
34  54  2.499267
35  54  2.499449
36  54  2.497941
37  54  2.498327
38  54  2.498282
39  54  2.498446
40  54  2.498919
41  54  2.497775
42  54  2.497199
43  54  2.497354
44  54  2.498726
45  54  2.498865
46  54  2.498802
47  54  2.498303
48  54  2.498474
49  54  2.497027
50  54  2.497159
51  54  2.497105
52  54  2.497762
53  54  2.498035
54  54  2.498913
55  54  2.499241
56  54  2.498677
57  54  2.498836
58  54  2.498713
59  54  2.499033
60  54  2.499352
61  54  2.499645
62  54  2.499285
63  54  2.499282
0  55  2.499056
1  55  2.499083
2  55  2.496488
3  55  2.497694
4  55  2.496557
5  55  2.496337
6  55  2.495731
7  55  2.496957
8  55  2.498043
9  55  2.499286
10  55  2.498348
11  55  2.498152
12  55  2.498157
13  55  2.496255
14  55  2.497863
15  55  2.497332
16  55  2.498359
17  55  2.498164
18  55  2.497308
19  55  2.497280
20  55  2.497395
21  55  2.498461
22  55  2.499037
23  55  2.499788
24  55  2.499711
25  55  2.499375
26  55  2.497568
27  55  2.497254
28  55  2.497566
29  55  2.496832
30  55  2.498464
31  55  2.498620
32  55  2.499805
33  55  2.499381
34  55  2.499208
35  55  2.499270
36  55  2.498939
37  55  2.498353
38  55  2.498517
39  55  2.498581
40  55  2.499400
41  55  2.497743
42  55  2.497156
43  55  2.496945
44  55  2.498544
45  55  2.498237
46  55  2.498510
47  55  2.497998
48  55  2.498746
49  55  2.497949
50  55  2.498671
51  55  2.498016
52  55  2.498528
53  55  2.498262
54  55  2.498655
55  55  2.498800
56  55  2.498395
57  55  2.497575
58  55  2.497667
59  55  2.498710
60  55  2.499400
61  55  2.499322
62  55  2.499145
63  55  2.499462
0  56  2.498436
1  56  2.498799
2  56  2.497520
3  56  2.498021
4  56  2.496967
5  56  2.496188
6  56  2.496863
7  56  2.497852
8  56  2.498722
9  56  2.499198
10  56  2.497758
11  56  2.495692
12  56  2.497112
13  56  2.496672
14  56  2.497182
15  56  2.497227
16  56  2.498003
17  56  2.498002
18  56  2.497466
19  56  2.497517
20  56  2.498398
21  56  2.499126
22  56  2.499693
23  56  2.499692
24  56  2.499523
25  56  2.499603
26  56  2.498649
27  56  2.498756
28  56  2.498166
29  56  2.497895
30  56  2.498299
31  56  2.498786
32  56  2.499660
33  56  2.499083
34  56  2.499039
35  56  2.499275
36  56  2.499364
37  56  2.499311
38  56  2.499127
39  56  2.498961
40  56  2.499059
41  56  2.498976
42  56  2.498285
43  56  2.498068
44  56  2.498364
45  56  2.498035
46  56  2.498110
47  56  2.497670
48  56  2.498558
49  56  2.498711
50  56  2.499334
51  56  2.498608
52  56  2.498577
53  56  2.498623
54  56  2.498614
55  56  2.498708
56  56  2.498616
57  56  2.497742
58  56  2.497483
59  56  2.498332
60  56  2.499040
61  56  2.499068
62  56  2.498856
63  56  2.498854
0  57  2.499137
1  57  2.499211
2  57  2.499107
3  57  2.498952
4  57  2.498312
5  57  2.497935
6  57  2.497589
7  57  2.498041
8  57  2.498670
9  57  2.499090
10  57  2.498685
11  57  2.495994
12  57  2.496463
13  57  2.498421
14  57  2.497013
15  57  2.498389
16  57  2.498753
17  57  2.498703
18  57  2.496870
19  57  2.496472
20  57  2.497436
21  57  2.499269
22  57  2.499485
23  57  2.499316
24  57  2.499537
25  57  2.499607
26  57  2.499493
27  57  2.499674
28  57  2.499285
29  57  2.498966
30  57  2.499043
31  57  2.499203
32  57  2.499506
33  57  2.499330
34  57  2.498656
35  57  2.498361
36  57  2.498307
37  57  2.498566
38  57  2.498591
39  57  2.498299
40  57  2.498338
41  57  2.498479
42  57  2.498695
43  57  2.498321
44  57  2.497930
45  57  2.498956
46  57  2.498890
47  57  2.498286
48  57  2.498604
49  57  2.498793
50  57  2.499345
51  57  2.499210
52  57  2.499207
53  57  2.499271
54  57  2.499152
55  57  2.499347
56  57  2.498399
57  57  2.497373
58  57  2.497558
59  57  2.498311
60  57  2.499361
61  57  2.498936
62  57  2.499008
63  57  2.498890
0  58  2.498731
1  58  2.499215
2  58  2.499579
3  58  2.499434
4  58  2.499749
5  58  2.499559
6  58  2.498933
7  58  2.499077
8  58  2.498990
9  58  2.498972
10  58  2.498164
11  58  2.497491
12  58  2.497100
13  58  2.498083
14  58  2.497251
15  58  2.499060
16  58  2.499153
17  58  2.498996
18  58  2.498550
19  58  2.498368
20  58  2.497582
21  58  2.498745
22  58  2.499488
23  58  2.499136
24  58  2.499614
25  58  2.499588
26  58  2.499544
27  58  2.499296
28  58  2.498632
29  58  2.498620
30  58  2.498500
31  58  2.499254
32  58  2.498518
33  58  2.498584
34  58  2.498350
35  58  2.498785
36  58  2.498813
37  58  2.499197
38  58  2.499208
39  58  2.499072
40  58  2.498642
41  58  2.498122
42  58  2.498967
43  58  2.498753
44  58  2.498538
45  58  2.499016
46  58  2.498918
47  58  2.498906
48  58  2.499602
49  58  2.499167
50  58  2.498136
51  58  2.498045
52  58  2.498978
53  58  2.499561
54  58  2.499689
55  58  2.499759
56  58  2.498557
57  58  2.498289
58  58  2.498183
59  58  2.498928
60  58  2.499350
61  58  2.499203
62  58  2.498828
63  58  2.498355
0  59  2.499068
1  59  2.499142
2  59  2.499733
3  59  2.499546
4  59  2.499762
5  59  2.499681
6  59  2.499276
7  59  2.499209
8  59  2.499119
9  59  2.499116
10  59  2.499108
11  59  2.498138
12  59  2.498079
13  59  2.497855
14  59  2.497797
15  59  2.498714
16  59  2.498841
17  59  2.498773
18  59  2.498083
19  59  2.498345
20  59  2.497711
21  59  2.498591
22  59  2.499004
23  59  2.499036
24  59  2.499146
25  59  2.498886
26  59  2.498989
27  59  2.498606
28  59  2.498326
29  59  2.498354
30  59  2.497626
31  59  2.498253
32  59  2.497754
33  59  2.498458
34  59  2.498242
35  59  2.498915
36  59  2.498625
37  59  2.498968
38  59  2.499095
39  59  2.498117
40  59  2.497547
41  59  2.495505
42  59  2.497310
43  59  2.496153
44  59  2.497310
45  59  2.498275
46  59  2.499316
47  59  2.498273
48  59  2.498306
49  59  2.497811
50  59  2.499039
51  59  2.498511
52  59  2.499141
53  59  2.499478
54  59  2.499714
55  59  2.499271
56  59  2.498336
57  59  2.498099
58  59  2.498182
59  59  2.498367
60  59  2.498980
61  59  2.498478
62  59  2.498692
63  59  2.498530
0  60  2.498983
1  60  2.499194
2  60  2.499402
3  60  2.498856
4  60  2.498817
5  60  2.499429
6  60  2.499053
7  60  2.498914
8  60  2.499062
9  60  2.499218
10  60  2.498768
11  60  2.497931
12  60  2.497907
13  60  2.497121
14  60  2.497405
15  60  2.497722
16  60  2.498702
17  60  2.498749
18  60  2.498332
19  60  2.498041
20  60  2.497697
21  60  2.498763
22  60  2.498820
23  60  2.498432
24  60  2.497696
25  60  2.496821
26  60  2.498436
27  60  2.498122
28  60  2.498237
29  60  2.498100
30  60  2.497517
31  60  2.498007
32  60  2.497953
33  60  2.498470
34  60  2.499043
35  60  2.498822
36  60  2.498787
37  60  2.499064
38  60  2.499215
39  60  2.498482
40  60  2.498055
41  60  2.496949
42  60  2.498442
43  60  2.498334
44  60  2.498207
45  60  2.498090
46  60  2.499163
47  60  2.497756
48  60  2.497220
49  60  2.497027
50  60  2.498432
51  60  2.498333
52  60  2.499021
53  60  2.498931
54  60  2.499317
55  60  2.499120
56  60  2.499026
57  60  2.498887
58  60  2.498976
59  60  2.498487
60  60  2.498404
61  60  2.497358
62  60  2.497848
63  60  2.497611
0  61  2.498668
1  61  2.498827
2  61  2.499450
3  61  2.498680
4  61  2.498747
5  61  2.499073
6  61  2.499045
7  61  2.498504
8  61  2.498676
9  61  2.498776
10  61  2.499034
11  61  2.497922
12  61  2.498293
13  61  2.497631
14  61  2.498283
15  61  2.497975
16  61  2.498533
17  61  2.498601
18  61  2.498361
19  61  2.498124
20  61  2.497563
21  61  2.498675
22  61  2.498382
23  61  2.498559
24  61  2.498215
25  61  2.496883
26  61  2.498251
27  61  2.498040
28  61  2.498181
29  61  2.497920
30  61  2.497271
31  61  2.498154
32  61  2.498269
33  61  2.498804
34  61  2.498656
35  61  2.498765
36  61  2.499325
37  61  2.499470
38  61  2.498767
39  61  2.497841
40  61  2.498317
41  61  2.498434
42  61  2.498316
43  61  2.496851
44  61  2.497686
45  61  2.497576
46  61  2.498921
47  61  2.497679
48  61  2.497272
49  61  2.497720
50  61  2.498631
51  61  2.498924
52  61  2.499250
53  61  2.498476
54  61  2.498922
55  61  2.498340
56  61  2.499094
57  61  2.499414
58  61  2.498832
59  61  2.497610
60  61  2.496305
61  61  2.495492
62  61  2.496680
63  61  2.496903
0  62  2.499280
1  62  2.499369
2  62  2.499293
3  62  2.498197
4  62  2.498095
5  62  2.498567
6  62  2.499528
7  62  2.499529
8  62  2.498895
9  62  2.498892
10  62  2.499013
11  62  2.498123
12  62  2.498791
13  62  2.498436
14  62  2.499432
15  62  2.498315
16  62  2.498653
17  62  2.498652
18  62  2.498627
19  62  2.498647
20  62  2.498245
21  62  2.498827
22  62  2.498576
23  62  2.498134
24  62  2.498283
25  62  2.497850
26  62  2.498489
27  62  2.498711
28  62  2.499326
29  62  2.498764
30  62  2.497997
31  62  2.498300
32  62  2.499083
33  62  2.498579
34  62  2.498701
35  62  2.498830
36  62  2.499495
37  62  2.499492
38  62  2.498718
39  62  2.498117
40  62  2.498126
41  62  2.498779
42  62  2.499043
43  62  2.498399
44  62  2.498858
45  62  2.498833
46  62  2.498722
47  62  2.498614
48  62  2.498565
49  62  2.499340
50  62  2.499642
51  62  2.499433
52  62  2.499292
53  62  2.497635
54  62  2.498112
55  62  2.497100
56  62  2.498878
57  62  2.499407
58  62  2.499124
59  62  2.498763
60  62  2.498562
61  62  2.498227
62  62  2.497670
63  62  2.497955
0  63  2.499236
1  63  2.497172
2  63  2.497779
3  63  2.497090
4  63  2.498707
5  63  2.498892
6  63  2.499153
7  63  2.499358
8  63  2.499033
9  63  2.499044
10  63  2.499073
11  63  2.498226
12  63  2.498773
13  63  2.497662
14  63  2.498494
15  63  2.498357
16  63  2.499232
17  63  2.499331
18  63  2.499389
19  63  2.499793
20  63  2.499243
21  63  2.499175
22  63  2.498259
23  63  2.498444
24  63  2.498147
25  63  2.498781
26  63  2.499149
27  63  2.499463
28  63  2.498946
29  63  2.498784
30  63  2.498097
31  63  2.498662
32  63  2.499281
33  63  2.499042
34  63  2.498985
35  63  2.499247
36  63  2.499333
37  63  2.499370
38  63  2.498605
39  63  2.498432
40  63  2.498261
41  63  2.498102
42  63  2.498659
43  63  2.498873
44  63  2.498951
45  63  2.498711
46  63  2.498467
47  63  2.499304
48  63  2.498897
49  63  2.499075
50  63  2.499169
51  63  2.499198
52  63  2.498426
53  63  2.495463
54  63  2.495417
55  63  2.495585
56  63  2.498775
57  63  2.499455
58  63  2.499030
59  63  2.498554
60  63  2.498165
61  63  2.498219
62  63  2.498116
63  63  2.498328
