# Mass field m(x,y) = Delta * R(x,y) at t = 20 seconds
# Grid: 64 x 64
# Columns: x  y  mass
0  0  2.499178
1  0  2.498637
2  0  2.498571
3  0  2.498445
4  0  2.499246
5  0  2.498908
6  0  2.498875
7  0  2.499202
8  0  2.499068
9  0  2.497824
10  0  2.497370
11  0  2.498032
12  0  2.498529
13  0  2.498774
14  0  2.499076
15  0  2.498724
16  0  2.498758
17  0  2.498617
18  0  2.498978
19  0  2.498343
20  0  2.497904
21  0  2.496203
22  0  2.496993
23  0  2.497540
24  0  2.499105
25  0  2.498758
26  0  2.499191
27  0  2.498567
28  0  2.499429
29  0  2.498882
30  0  2.497892
31  0  2.498097
32  0  2.497600
33  0  2.498601
34  0  2.499460
35  0  2.499179
36  0  2.498664
37  0  2.499185
38  0  2.499148
39  0  2.498564
40  0  2.498567
41  0  2.498960
42  0  2.498540
43  0  2.498730
44  0  2.498855
45  0  2.499024
46  0  2.499087
47  0  2.499295
48  0  2.499244
49  0  2.499289
50  0  2.499367
51  0  2.498831
52  0  2.498487
53  0  2.498496
54  0  2.497624
55  0  2.498384
56  0  2.498094
57  0  2.497866
58  0  2.497652
59  0  2.498519
60  0  2.498754
61  0  2.498917
62  0  2.498972
63  0  2.499086
0  1  2.499411
1  1  2.499339
2  1  2.499387
3  1  2.499177
4  1  2.499125
5  1  2.498993
6  1  2.498827
7  1  2.499008
8  1  2.498766
9  1  2.498190
10  1  2.497804
11  1  2.498402
12  1  2.498902
13  1  2.497870
14  1  2.498070
15  1  2.497535
16  1  2.497824
17  1  2.497900
18  1  2.498844
19  1  2.498259
20  1  2.497768
21  1  2.496994
22  1  2.497802
23  1  2.498281
24  1  2.499273
25  1  2.498950
26  1  2.499428
27  1  2.498860
28  1  2.498769
29  1  2.498790
30  1  2.498499
31  1  2.497638
32  1  2.497403
33  1  2.497905
34  1  2.498551
35  1  2.499436
36  1  2.498728
37  1  2.498893
38  1  2.498960
39  1  2.498617
40  1  2.498539
41  1  2.497748
42  1  2.497191
43  1  2.497885
44  1  2.499056
45  1  2.499500
46  1  2.499469
47  1  2.498073
48  1  2.498043
49  1  2.498113
50  1  2.499115
51  1  2.499152
52  1  2.498891
53  1  2.498772
54  1  2.498755
55  1  2.498809
56  1  2.498796
57  1  2.499052
58  1  2.498740
59  1  2.498474
60  1  2.498987
61  1  2.499104
62  1  2.499115
63  1  2.499388
0  2  2.499016
1  2  2.499556
2  2  2.499456
3  2  2.499341
4  2  2.499393
5  2  2.499126
6  2  2.499216
7  2  2.499081
8  2  2.499336
9  2  2.498484
10  2  2.498184
11  2  2.498562
12  2  2.499065
13  2  2.498023
14  2  2.498735
15  2  2.499232
16  2  2.498618
17  2  2.497740
18  2  2.497928
19  2  2.498322
20  2  2.499378
21  2  2.499029
22  2  2.499030
23  2  2.498946
24  2  2.499620
25  2  2.499079
26  2  2.498773
27  2  2.498563
28  2  2.498768
29  2  2.498741
30  2  2.498935
31  2  2.497297
32  2  2.497694
33  2  2.497793
34  2  2.497769
35  2  2.498237
36  2  2.497787
37  2  2.498079
38  2  2.498922
39  2  2.499366
40  2  2.499296
41  2  2.498286
42  2  2.498058
43  2  2.498393
44  2  2.499385
45  2  2.499165
46  2  2.499161
47  2  2.497949
48  2  2.497859
49  2  2.497888
50  2  2.497610
51  2  2.498649
52  2  2.498541
53  2  2.498437
54  2  2.498305
55  2  2.497456
56  2  2.498687
57  2  2.498842
58  2  2.499364
59  2  2.498232
60  2  2.499135
61  2  2.499217
62  2  2.498921
63  2  2.498874
0  3  2.499023
1  3  2.499712
2  3  2.499741
3  3  2.499535
4  3  2.499484
5  3  2.499292
6  3  2.499429
7  3  2.499174
8  3  2.499636
9  3  2.499335
10  3  2.499022
11  3  2.499029
12  3  2.498828
13  3  2.498158
14  3  2.499347
15  3  2.499243
16  3  2.498980
17  3  2.498056
18  3  2.497985
19  3  2.498625
20  3  2.499694
21  3  2.498898
22  3  2.499043
23  3  2.498940
24  3  2.499019
25  3  2.498477
26  3  2.498138
27  3  2.498587
28  3  2.498887
29  3  2.498661
30  3  2.498871
31  3  2.497200
32  3  2.497357
33  3  2.497365
34  3  2.498179
35  3  2.497536
36  3  2.497443
37  3  2.497679
38  3  2.498950
39  3  2.498970
40  3  2.499361
41  3  2.498861
42  3  2.498592
43  3  2.498593
44  3  2.499099
45  3  2.498974
46  3  2.498631
47  3  2.497414
48  3  2.496449
49  3  2.496545
50  3  2.495998
51  3  2.498302
52  3  2.498452
53  3  2.499227
54  3  2.499086
55  3  2.498188
56  3  2.499046
57  3  2.498895
58  3  2.499308
59  3  2.498691
60  3  2.499077
61  3  2.499167
62  3  2.499103
63  3  2.499021
0  4  2.498746
1  4  2.499606
2  4  2.499838
3  4  2.499643
4  4  2.498871
5  4  2.498488
6  4  2.498557
7  4  2.499438
8  4  2.499576
9  4  2.499599
10  4  2.499325
11  4  2.499244
12  4  2.498334
13  4  2.498223
14  4  2.498455
15  4  2.498371
16  4  2.498495
17  4  2.498479
18  4  2.498714
19  4  2.498945
20  4  2.499547
21  4  2.498933
22  4  2.498946
23  4  2.498753
24  4  2.498843
25  4  2.498471
26  4  2.496933
27  4  2.497804
28  4  2.498862
29  4  2.499044
30  4  2.498913
31  4  2.497399
32  4  2.497667
33  4  2.497322
34  4  2.497721
35  4  2.497369
36  4  2.498154
37  4  2.498259
38  4  2.499233
39  4  2.498985
40  4  2.499391
41  4  2.499348
42  4  2.498949
43  4  2.498951
44  4  2.499413
45  4  2.499407
46  4  2.498899
47  4  2.498734
48  4  2.497798
49  4  2.497420
50  4  2.495910
51  4  2.497555
52  4  2.497852
53  4  2.499775
54  4  2.499742
55  4  2.499049
56  4  2.499114
57  4  2.498920
58  4  2.499046
59  4  2.499068
60  4  2.499236
61  4  2.499373
62  4  2.499263
63  4  2.498625
0  5  2.499447
1  5  2.499366
2  5  2.499290
3  5  2.499276
4  5  2.498292
5  5  2.498431
6  5  2.498321
7  5  2.499088
8  5  2.499074
9  5  2.499083
10  5  2.498904
11  5  2.498901
12  5  2.497868
13  5  2.498822
14  5  2.497941
15  5  2.498128
16  5  2.499223
17  5  2.499289
18  5  2.499446
19  5  2.498810
20  5  2.498888
21  5  2.498799
22  5  2.499137
23  5  2.499125
24  5  2.499294
25  5  2.498968
26  5  2.497218
27  5  2.497037
28  5  2.498080
29  5  2.498282
30  5  2.498623
31  5  2.496704
32  5  2.495726
33  5  2.494700
34  5  2.496420
35  5  2.497422
36  5  2.499432
37  5  2.499258
38  5  2.499352
39  5  2.498920
40  5  2.499295
41  5  2.499418
42  5  2.499362
43  5  2.499223
44  5  2.499540
45  5  2.499743
46  5  2.499178
47  5  2.499171
48  5  2.497713
49  5  2.497306
50  5  2.497316
51  5  2.498132
52  5  2.497793
53  5  2.499089
54  5  2.499021
55  5  2.499087
56  5  2.499227
57  5  2.499230
58  5  2.499218
59  5  2.499310
60  5  2.498936
61  5  2.499367
62  5  2.499485
63  5  2.498927
0  6  2.498155
1  6  2.497826
2  6  2.497876
3  6  2.498637
4  6  2.497378
5  6  2.496789
6  6  2.496708
7  6  2.498264
8  6  2.498995
9  6  2.499022
10  6  2.498427
11  6  2.498250
12  6  2.496752
13  6  2.498945
14  6  2.497377
15  6  2.497399
16  6  2.499576
17  6  2.499463
18  6  2.498738
19  6  2.498608
20  6  2.499269
21  6  2.499393
22  6  2.498534
23  6  2.498613
24  6  2.498510
25  6  2.499351
26  6  2.497735
27  6  2.497202
28  6  2.498780
29  6  2.497814
30  6  2.497730
31  6  2.496813
32  6  2.495695
33  6  2.495197
34  6  2.495519
35  6  2.497466
36  6  2.499239
37  6  2.498828
38  6  2.498387
39  6  2.497921
40  6  2.498729
41  6  2.499127
42  6  2.499489
43  6  2.499428
44  6  2.499494
45  6  2.499778
46  6  2.499794
47  6  2.499617
48  6  2.498984
49  6  2.498454
50  6  2.497955
51  6  2.498286
52  6  2.498187
53  6  2.498567
54  6  2.498626
55  6  2.498527
56  6  2.498674
57  6  2.498542
58  6  2.498589
59  6  2.498961
60  6  2.498827
61  6  2.499660
62  6  2.499535
63  6  2.498798
0  7  2.496156
1  7  2.495265
2  7  2.496097
3  7  2.498027
4  7  2.497802
5  7  2.497293
6  7  2.496859
7  7  2.498033
8  7  2.498743
9  7  2.498987
10  7  2.498650
11  7  2.498534
12  7  2.496970
13  7  2.499172
14  7  2.497712
15  7  2.498262
16  7  2.499672
17  7  2.499631
18  7  2.498292
19  7  2.498681
20  7  2.498388
21  7  2.498860
22  7  2.498245
23  7  2.498666
24  7  2.498574
25  7  2.499403
26  7  2.499048
27  7  2.497475
28  7  2.498822
29  7  2.497548
30  7  2.497688
31  7  2.497268
32  7  2.497226
33  7  2.496326
34  7  2.495724
35  7  2.497684
36  7  2.499219
37  7  2.498460
38  7  2.498056
39  7  2.497702
40  7  2.498863
41  7  2.499171
42  7  2.499466
43  7  2.499147
44  7  2.499092
45  7  2.499120
46  7  2.498733
47  7  2.499136
48  7  2.498393
49  7  2.498351
50  7  2.498340
51  7  2.498676
52  7  2.499131
53  7  2.498749
54  7  2.498632
55  7  2.498751
56  7  2.498842
57  7  2.498619
58  7  2.498603
59  7  2.498954
60  7  2.498493
61  7  2.499365
62  7  2.499069
63  7  2.497871
0  8  2.497042
1  8  2.495705
2  8  2.495910
3  8  2.498455
4  8  2.498686
5  8  2.498027
6  8  2.497662
7  8  2.498487
8  8  2.499137
9  8  2.499506
10  8  2.499205
11  8  2.499006
12  8  2.496883
13  8  2.497525
14  8  2.496766
15  8  2.498014
16  8  2.499542
17  8  2.499709
18  8  2.498211
19  8  2.497896
20  8  2.496599
21  8  2.498136
22  8  2.496756
23  8  2.497098
24  8  2.497051
25  8  2.498579
26  8  2.498728
27  8  2.497954
28  8  2.498024
29  8  2.497470
30  8  2.496306
31  8  2.497517
32  8  2.497814
33  8  2.499067
34  8  2.498320
35  8  2.498893
36  8  2.498739
37  8  2.498138
38  8  2.497666
39  8  2.497662
40  8  2.498601
41  8  2.498972
42  8  2.499245
43  8  2.498900
44  8  2.498377
45  8  2.498402
46  8  2.497729
47  8  2.499214
48  8  2.498415
49  8  2.498759
50  8  2.498717
51  8  2.498980
52  8  2.498912
53  8  2.498633
54  8  2.498696
55  8  2.498278
56  8  2.498178
57  8  2.498410
58  8  2.499424
59  8  2.499281
60  8  2.499020
61  8  2.499359
62  8  2.499389
63  8  2.498943
0  9  2.495974
1  9  2.496127
2  9  2.497390
3  9  2.499080
4  9  2.499216
5  9  2.499319
6  9  2.498902
7  9  2.499049
8  9  2.499103
9  9  2.498982
10  9  2.499192
11  9  2.499344
12  9  2.497873
13  9  2.497569
14  9  2.497733
15  9  2.498408
16  9  2.499090
17  9  2.498984
18  9  2.497864
19  9  2.497469
20  9  2.497216
21  9  2.498936
22  9  2.499314
23  9  2.499078
24  9  2.498509
25  9  2.497430
26  9  2.498120
27  9  2.499088
28  9  2.498461
29  9  2.497719
30  9  2.497469
31  9  2.497562
32  9  2.498145
33  9  2.498880
34  9  2.498927
35  9  2.499222
36  9  2.499327
37  9  2.498996
38  9  2.499140
39  9  2.498833
40  9  2.498657
41  9  2.499052
42  9  2.498440
43  9  2.498117
44  9  2.497463
45  9  2.498434
46  9  2.497271
47  9  2.498426
48  9  2.497619
49  9  2.498199
50  9  2.498266
51  9  2.499081
52  9  2.498863
53  9  2.499207
54  9  2.499182
55  9  2.498915
56  9  2.498632
57  9  2.498958
58  9  2.499585
59  9  2.499243
60  9  2.498724
61  9  2.498937
62  9  2.498981
63  9  2.497659
0  10  2.498597
1  10  2.498487
2  10  2.499477
3  10  2.499801
4  10  2.499752
5  10  2.499620
6  10  2.499501
7  10  2.499212
8  10  2.499222
9  10  2.498869
10  10  2.498870
11  10  2.499271
12  10  2.498469
13  10  2.498198
14  10  2.498861
15  10  2.498463
16  10  2.499112
17  10  2.498795
18  10  2.498582
19  10  2.499196
20  10  2.499249
21  10  2.499144
22  10  2.499031
23  10  2.498954
24  10  2.498109
25  10  2.496631
26  10  2.496520
27  10  2.498862
28  10  2.498705
29  10  2.498034
30  10  2.498755
31  10  2.498317
32  10  2.498772
33  10  2.499180
34  10  2.499153
35  10  2.499347
36  10  2.499494
37  10  2.499577
38  10  2.499747
39  10  2.499045
40  10  2.498196
41  10  2.498724
42  10  2.498116
43  10  2.498538
44  10  2.497474
45  10  2.498691
46  10  2.498861
47  10  2.498278
48  10  2.498259
49  10  2.498877
50  10  2.499041
51  10  2.499048
52  10  2.498809
53  10  2.499457
54  10  2.499394
55  10  2.498674
56  10  2.498177
57  10  2.498617
58  10  2.498501
59  10  2.498141
60  10  2.497457
61  10  2.498321
62  10  2.498890
63  10  2.498390
0  11  2.498660
1  11  2.498193
2  11  2.498689
3  11  2.499926
4  11  2.499754
5  11  2.499653
6  11  2.498791
7  11  2.498546
8  11  2.498278
9  11  2.498706
10  11  2.498735
11  11  2.499146
12  11  2.498884
13  11  2.498595
14  11  2.498989
15  11  2.498550
16  11  2.498753
17  11  2.498712
18  11  2.498616
19  11  2.498812
20  11  2.498533
21  11  2.498729
22  11  2.498414
23  11  2.498063
24  11  2.496651
25  11  2.496263
26  11  2.497232
27  11  2.499035
28  11  2.498666
29  11  2.498292
30  11  2.498654
31  11  2.498618
32  11  2.498833
33  11  2.499032
34  11  2.499252
35  11  2.499762
36  11  2.499855
37  11  2.499840
38  11  2.499729
39  11  2.499177
40  11  2.498945
41  11  2.499305
42  11  2.498429
43  11  2.499237
44  11  2.498530
45  11  2.498611
46  11  2.498170
47  11  2.497624
48  11  2.497891
49  11  2.498000
50  11  2.497894
51  11  2.498100
52  11  2.498227
53  11  2.499766
54  11  2.499620
55  11  2.499265
56  11  2.498929
57  11  2.498807
58  11  2.498492
59  11  2.498837
60  11  2.498308
61  11  2.498658
62  11  2.498599
63  11  2.498354
0  12  2.499257
1  12  2.498643
2  12  2.498445
3  12  2.499830
4  12  2.499763
5  12  2.499709
6  12  2.498509
7  12  2.499110
8  12  2.499267
9  12  2.499271
10  12  2.498788
11  12  2.498860
12  12  2.498615
13  12  2.498924
14  12  2.498230
15  12  2.497776
16  12  2.497796
17  12  2.499256
18  12  2.499150
19  12  2.498709
20  12  2.498503
21  12  2.498700
22  12  2.498414
23  12  2.498383
24  12  2.496601
25  12  2.496642
26  12  2.496718
27  12  2.497235
28  12  2.497380
29  12  2.497586
30  12  2.498801
31  12  2.498659
32  12  2.499075
33  12  2.499370
34  12  2.499231
35  12  2.499523
36  12  2.498619
37  12  2.498580
38  12  2.498433
39  12  2.499398
40  12  2.499085
41  12  2.499002
42  12  2.498460
43  12  2.499431
44  12  2.499030
45  12  2.498903
46  12  2.498650
47  12  2.498666
48  12  2.498590
49  12  2.498281
50  12  2.498144
51  12  2.498081
52  12  2.498248
53  12  2.499146
54  12  2.499086
55  12  2.499284
56  12  2.498902
57  12  2.499103
58  12  2.499275
59  12  2.499092
60  12  2.498667
61  12  2.498680
62  12  2.498444
63  12  2.498111
0  13  2.499079
1  13  2.498683
2  13  2.498402
3  13  2.499168
4  13  2.499496
5  13  2.499223
6  13  2.497454
7  13  2.497771
8  13  2.499002
9  13  2.499140
10  13  2.498731
11  13  2.498167
12  13  2.495961
13  13  2.497406
14  13  2.496347
15  13  2.498130
16  13  2.496330
17  13  2.498334
18  13  2.498551
19  13  2.498922
20  13  2.497835
21  13  2.498642
22  13  2.498665
23  13  2.498980
24  13  2.498935
25  13  2.499610
26  13  2.499124
27  13  2.498504
28  13  2.498462
29  13  2.498324
30  13  2.499047
31  13  2.498871
32  13  2.499198
33  13  2.499516
34  13  2.499309
35  13  2.499457
36  13  2.498294
37  13  2.497377
38  13  2.497052
39  13  2.498340
40  13  2.498615
41  13  2.499016
42  13  2.498948
43  13  2.499263
44  13  2.499131
45  13  2.499177
46  13  2.499656
47  13  2.499672
48  13  2.498781
49  13  2.498170
50  13  2.498285
51  13  2.497977
52  13  2.498392
53  13  2.499076
54  13  2.498547
55  13  2.498279
56  13  2.498111
57  13  2.498814
58  13  2.498954
59  13  2.499187
60  13  2.499602
61  13  2.499092
62  13  2.498391
63  13  2.498064
0  14  2.499323
1  14  2.499306
2  14  2.499234
3  14  2.498586
4  14  2.498408
5  14  2.498285
6  14  2.498372
7  14  2.497853
8  14  2.497892
9  14  2.497130
10  14  2.497810
11  14  2.497968
12  14  2.496316
13  14  2.497917
14  14  2.496646
15  14  2.498009
16  14  2.496698
17  14  2.498467
18  14  2.498220
19  14  2.499069
20  14  2.499357
21  14  2.498897
22  14  2.498327
23  14  2.498405
24  14  2.499222
25  14  2.499637
26  14  2.499085
27  14  2.498937
28  14  2.498316
29  14  2.497806
30  14  2.497858
31  14  2.498004
32  14  2.499126
33  14  2.499485
34  14  2.499224
35  14  2.499233
36  14  2.497873
37  14  2.497161
38  14  2.497166
39  14  2.498681
40  14  2.498222
41  14  2.498323
42  14  2.498828
43  14  2.499664
44  14  2.499637
45  14  2.499362
46  14  2.499106
47  14  2.498741
48  14  2.498677
49  14  2.497882
50  14  2.499007
51  14  2.498449
52  14  2.498219
53  14  2.498288
54  14  2.497862
55  14  2.497812
56  14  2.497406
57  14  2.498373
58  14  2.498743
59  14  2.499139
60  14  2.499471
61  14  2.499030
62  14  2.498388
63  14  2.498305
0  15  2.498821
1  15  2.499762
2  15  2.499637
3  15  2.498291
4  15  2.498033
5  15  2.498090
6  15  2.498455
7  15  2.498110
8  15  2.497561
9  15  2.496899
10  15  2.497069
11  15  2.498696
12  15  2.496670
13  15  2.496930
14  15  2.497003
15  15  2.499183
16  15  2.498638
17  15  2.498716
18  15  2.498559
19  15  2.499401
20  15  2.499057
21  15  2.498950
22  15  2.498193
23  15  2.498345
24  15  2.499010
25  15  2.499506
26  15  2.499053
27  15  2.499268
28  15  2.498792
29  15  2.499103
30  15  2.498544
31  15  2.498896
32  15  2.498978
33  15  2.499445
34  15  2.499553
35  15  2.499467
36  15  2.499082
37  15  2.499336
38  15  2.499540
39  15  2.499607
40  15  2.499532
41  15  2.499352
42  15  2.499328
43  15  2.499286
44  15  2.499647
45  15  2.499280
46  15  2.498911
47  15  2.498191
48  15  2.498673
49  15  2.497166
50  15  2.498446
51  15  2.497989
52  15  2.498716
53  15  2.498625
54  15  2.498259
55  15  2.496973
56  15  2.496237
57  15  2.495664
58  15  2.496448
59  15  2.497079
60  15  2.498901
61  15  2.499514
62  15  2.498624
63  15  2.498653
0  16  2.498141
1  16  2.499399
2  16  2.499021
3  16  2.497951
4  16  2.498504
5  16  2.499295
6  16  2.498608
7  16  2.498031
8  16  2.497896
9  16  2.496000
10  16  2.496742
11  16  2.498455
12  16  2.498991
13  16  2.498510
14  16  2.498420
15  16  2.498388
16  16  2.498922
17  16  2.498915
18  16  2.499321
19  16  2.498813
20  16  2.497910
21  16  2.498406
22  16  2.497357
23  16  2.499028
24  16  2.499614
25  16  2.499670
26  16  2.499275
27  16  2.499562
28  16  2.498693
29  16  2.498902
30  16  2.498670
31  16  2.499094
32  16  2.498954
33  16  2.499517
34  16  2.499472
35  16  2.499525
36  16  2.499151
37  16  2.498980
38  16  2.498818
39  16  2.499079
40  16  2.499692
41  16  2.499288
42  16  2.499024
43  16  2.498069
44  16  2.498787
45  16  2.499113
46  16  2.498502
47  16  2.497629
48  16  2.498704
49  16  2.497236
50  16  2.498184
51  16  2.498374
52  16  2.498872
53  16  2.498617
54  16  2.499395
55  16  2.499451
56  16  2.498696
57  16  2.497272
58  16  2.497016
59  16  2.497387
60  16  2.499174
61  16  2.499671
62  16  2.498610
63  16  2.498218
0  17  2.498692
1  17  2.498609
2  17  2.498439
3  17  2.498397
4  17  2.498932
5  17  2.499008
6  17  2.497848
7  17  2.498167
8  17  2.496462
9  17  2.495919
10  17  2.496266
11  17  2.498616
12  17  2.498940
13  17  2.498446
14  17  2.498214
15  17  2.498445
16  17  2.498771
17  17  2.498667
18  17  2.499111
19  17  2.498840
20  17  2.497818
21  17  2.499336
22  17  2.497983
23  17  2.498998
24  17  2.499592
25  17  2.499593
26  17  2.499667
27  17  2.499220
28  17  2.498895
29  17  2.498791
30  17  2.499166
31  17  2.499138
32  17  2.499146
33  17  2.499442
34  17  2.499264
35  17  2.499315
36  17  2.498547
37  17  2.498271
38  17  2.498259
39  17  2.498849
40  17  2.499648
41  17  2.499038
42  17  2.498791
43  17  2.496928
44  17  2.497353
45  17  2.498792
46  17  2.498343
47  17  2.498850
48  17  2.498711
49  17  2.498079
50  17  2.498274
51  17  2.498437
52  17  2.499204
53  17  2.499463
54  17  2.499575
55  17  2.499643
56  17  2.497837
57  17  2.496106
58  17  2.495631
59  17  2.496762
60  17  2.498805
61  17  2.499708
62  17  2.498914
63  17  2.498768
0  18  2.498023
1  18  2.498269
2  18  2.498027
3  18  2.499028
4  18  2.499165
5  18  2.499156
6  18  2.497825
7  18  2.498476
8  18  2.497800
9  18  2.498700
10  18  2.499231
11  18  2.499404
12  18  2.499111
13  18  2.499012
14  18  2.498986
15  18  2.498728
16  18  2.498924
17  18  2.498885
18  18  2.498913
19  18  2.498967
20  18  2.498076
21  18  2.499159
22  18  2.498108
23  18  2.498408
24  18  2.498541
25  18  2.498642
26  18  2.498732
27  18  2.498245
28  18  2.498791
29  18  2.498701
30  18  2.499250
31  18  2.498552
32  18  2.498697
33  18  2.498890
34  18  2.498991
35  18  2.499007
36  18  2.498131
37  18  2.496808
38  18  2.497439
39  18  2.498062
40  18  2.499651
41  18  2.498992
42  18  2.498284
43  18  2.496919
44  18  2.496850
45  18  2.497610
46  18  2.498691
47  18  2.499239
48  18  2.498650
49  18  2.498585
50  18  2.498641
51  18  2.498896
52  18  2.498697
53  18  2.499806
54  18  2.499840
55  18  2.499398
56  18  2.498296
57  18  2.498030
58  18  2.498161
59  18  2.498561
60  18  2.498709
61  18  2.499282
62  18  2.499071
63  18  2.499331
0  19  2.498126
1  19  2.498076
2  19  2.497904
3  19  2.498853
4  19  2.498358
5  19  2.498351
6  19  2.497591
7  19  2.498603
8  19  2.497897
9  19  2.498923
10  19  2.499203
11  19  2.499419
12  19  2.499018
13  19  2.499043
14  19  2.499099
15  19  2.498785
16  19  2.498941
17  19  2.498924
18  19  2.498930
19  19  2.499766
20  19  2.499366
21  19  2.499626
22  19  2.499249
23  19  2.498852
24  19  2.498710
25  19  2.497881
26  19  2.498497
27  19  2.498335
28  19  2.499084
29  19  2.498413
30  19  2.498090
31  19  2.496962
32  19  2.497781
33  19  2.498504
34  19  2.498684
35  19  2.497575
36  19  2.497666
37  19  2.497315
38  19  2.498789
39  19  2.498726
40  19  2.499391
41  19  2.498206
42  19  2.497837
43  19  2.496979
44  19  2.497563
45  19  2.496726
46  19  2.498592
47  19  2.499551
48  19  2.498895
49  19  2.498455
50  19  2.497604
51  19  2.498183
52  19  2.498160
53  19  2.499272
54  19  2.499604
55  19  2.499413
56  19  2.498494
57  19  2.498412
58  19  2.498229
59  19  2.498643
60  19  2.498719
61  19  2.499351
62  19  2.499196
63  19  2.499315
0  20  2.498416
1  20  2.498706
2  20  2.498402
3  20  2.499063
4  20  2.498398
5  20  2.498557
6  20  2.498123
7  20  2.499139
8  20  2.498845
9  20  2.499159
10  20  2.498959
11  20  2.499225
12  20  2.499334
13  20  2.499380
14  20  2.498990
15  20  2.498612
16  20  2.499100
17  20  2.499008
18  20  2.498582
19  20  2.498777
20  20  2.497830
21  20  2.498643
22  20  2.498675
23  20  2.498627
24  20  2.498605
25  20  2.497602
26  20  2.497427
27  20  2.497646
28  20  2.498884
29  20  2.498746
30  20  2.498320
31  20  2.497108
32  20  2.497677
33  20  2.498300
34  20  2.498448
35  20  2.496897
36  20  2.496603
37  20  2.497298
38  20  2.498089
39  20  2.497437
40  20  2.498623
41  20  2.497902
42  20  2.498362
43  20  2.497620
44  20  2.498692
45  20  2.497711
46  20  2.498215
47  20  2.498526
48  20  2.498217
49  20  2.499208
50  20  2.498025
51  20  2.497961
52  20  2.497843
53  20  2.499010
54  20  2.499655
55  20  2.499368
56  20  2.499070
57  20  2.498142
58  20  2.498437
59  20  2.498355
60  20  2.498935
61  20  2.498924
62  20  2.498761
63  20  2.499402
0  21  2.498041
1  21  2.498985
2  21  2.499207
3  21  2.498801
4  21  2.498207
5  21  2.498482
6  21  2.498636
7  21  2.499473
8  21  2.499459
9  21  2.499726
10  21  2.498970
11  21  2.499164
12  21  2.499708
13  21  2.499536
14  21  2.499274
15  21  2.498953
16  21  2.499340
17  21  2.498693
18  21  2.498380
19  21  2.498200
20  21  2.497602
21  21  2.497802
22  21  2.498228
23  21  2.498204
24  21  2.498992
25  21  2.498638
26  21  2.498303
27  21  2.498474
28  21  2.498666
29  21  2.498468
30  21  2.496017
31  21  2.495989
32  21  2.497344
33  21  2.498481
34  21  2.498441
35  21  2.496381
36  21  2.496930
37  21  2.498528
38  21  2.498545
39  21  2.497061
40  21  2.497971
41  21  2.497755
42  21  2.498819
43  21  2.497570
44  21  2.497932
45  21  2.497929
46  21  2.497821
47  21  2.498446
48  21  2.498287
49  21  2.499218
50  21  2.499094
51  21  2.499128
52  21  2.498663
53  21  2.498739
54  21  2.498450
55  21  2.498657
56  21  2.498051
57  21  2.498653
58  21  2.499317
59  21  2.498982
60  21  2.499269
61  21  2.499139
62  21  2.498876
63  21  2.498090
0  22  2.498051
1  22  2.498885
2  22  2.499346
3  22  2.498565
4  22  2.497855
5  22  2.497923
6  22  2.498085
7  22  2.498681
8  22  2.498856
9  22  2.499400
10  22  2.499192
11  22  2.498972
12  22  2.499587
13  22  2.499419
14  22  2.499252
15  22  2.499269
16  22  2.499372
17  22  2.498882
18  22  2.498410
19  22  2.499155
20  22  2.498179
21  22  2.497937
22  22  2.497532
23  22  2.498008
24  22  2.498849
25  22  2.499012
26  22  2.498231
27  22  2.498355
28  22  2.498831
29  22  2.499160
30  22  2.496812
31  22  2.497062
32  22  2.497686
33  22  2.498350
34  22  2.499087
35  22  2.497105
36  22  2.497118
37  22  2.498127
38  22  2.498604
39  22  2.498581
40  22  2.499173
41  22  2.499323
42  22  2.498551
43  22  2.497757
44  22  2.498164
45  22  2.498631
46  22  2.498340
47  22  2.498276
48  22  2.498355
49  22  2.498517
50  22  2.497892
51  22  2.497959
52  22  2.497591
53  22  2.498722
54  22  2.497955
55  22  2.498294
56  22  2.497468
57  22  2.498224
58  22  2.499102
59  22  2.498638
60  22  2.499120
61  22  2.498966
62  22  2.498978
63  22  2.498067
0  23  2.496874
1  23  2.498859
2  23  2.499761
3  23  2.499451
4  23  2.498949
5  23  2.498843
6  23  2.498586
7  23  2.496886
8  23  2.496812
9  23  2.496904
10  23  2.499505
11  23  2.499218
12  23  2.499333
13  23  2.499300
14  23  2.499058
15  23  2.499268
16  23  2.499219
17  23  2.498623
18  23  2.497800
19  23  2.499503
20  23  2.498513
21  23  2.498342
22  23  2.497480
23  23  2.497437
24  23  2.499539
25  23  2.499343
26  23  2.498619
27  23  2.498376
28  23  2.498020
29  23  2.497739
30  23  2.496620
31  23  2.495957
32  23  2.495736
33  23  2.497941
34  23  2.499076
35  23  2.497452
36  23  2.498038
37  23  2.497664
38  23  2.498710
39  23  2.498319
40  23  2.499246
41  23  2.499230
42  23  2.498298
43  23  2.497663
44  23  2.498135
45  23  2.498618
46  23  2.498846
47  23  2.498564
48  23  2.499101
49  23  2.498638
50  23  2.498517
51  23  2.498552
52  23  2.498374
53  23  2.499101
54  23  2.497344
55  23  2.497531
56  23  2.496890
57  23  2.498310
58  23  2.498653
59  23  2.499030
60  23  2.498907
61  23  2.498756
62  23  2.498285
63  23  2.496700
0  24  2.498600
1  24  2.499678
2  24  2.499732
3  24  2.499450
4  24  2.499743
5  24  2.498952
6  24  2.498631
7  24  2.496280
8  24  2.496885
9  24  2.496040
10  24  2.498762
11  24  2.498883
12  24  2.499067
13  24  2.499532
14  24  2.498840
15  24  2.498834
16  24  2.498820
17  24  2.498750
18  24  2.497627
19  24  2.498532
20  24  2.497923
21  24  2.498406
22  24  2.497884
23  24  2.497856
24  24  2.498522
25  24  2.499514
26  24  2.499279
27  24  2.498305
28  24  2.497665
29  24  2.496789
30  24  2.497761
31  24  2.496516
32  24  2.497640
33  24  2.498015
34  24  2.499106
35  24  2.499149
36  24  2.499597
37  24  2.498023
38  24  2.497932
39  24  2.498534
40  24  2.498668
41  24  2.498949
42  24  2.499113
43  24  2.499254
44  24  2.498947
45  24  2.499093
46  24  2.498695
47  24  2.498952
48  24  2.499229
49  24  2.498822
50  24  2.498643
51  24  2.498649
52  24  2.498226
53  24  2.498802
54  24  2.498244
55  24  2.498875
56  24  2.498150
57  24  2.497894
58  24  2.497847
59  24  2.499004
60  24  2.499233
61  24  2.498596
62  24  2.497953
63  24  2.497761
0  25  2.498827
1  25  2.499442
2  25  2.499376
3  25  2.498799
4  25  2.499020
5  25  2.498341
6  25  2.498946
7  25  2.495716
8  25  2.495494
9  25  2.494862
10  25  2.497384
11  25  2.497521
12  25  2.497532
13  25  2.499518
14  25  2.498996
15  25  2.499086
16  25  2.498798
17  25  2.498502
18  25  2.497462
19  25  2.497627
20  25  2.498662
21  25  2.498875
22  25  2.498375
23  25  2.498373
24  25  2.498594
25  25  2.499434
26  25  2.499759
27  25  2.499194
28  25  2.499153
29  25  2.497699
30  25  2.497760
31  25  2.496829
32  25  2.498191
33  25  2.498006
34  25  2.499015
35  25  2.499520
36  25  2.499354
37  25  2.498886
38  25  2.498768
39  25  2.498800
40  25  2.497743
41  25  2.497592
42  25  2.497973
43  25  2.499178
44  25  2.499296
45  25  2.499283
46  25  2.498562
47  25  2.499117
48  25  2.499509
49  25  2.499281
50  25  2.499556
51  25  2.499498
52  25  2.499701
53  25  2.499511
54  25  2.499206
55  25  2.498937
56  25  2.498453
57  25  2.498772
58  25  2.498703
59  25  2.499459
60  25  2.499438
61  25  2.498924
62  25  2.498492
63  25  2.498325
0  26  2.499762
1  26  2.499513
2  26  2.499175
3  26  2.497663
4  26  2.497862
5  26  2.497378
6  26  2.498487
7  26  2.498058
8  26  2.498564
9  26  2.499295
10  26  2.498888
11  26  2.498508
12  26  2.498056
13  26  2.499082
14  26  2.499311
15  26  2.499320
16  26  2.498845
17  26  2.499284
18  26  2.498547
19  26  2.498363
20  26  2.499614
21  26  2.499628
22  26  2.498847
23  26  2.498866
24  26  2.498408
25  26  2.499001
26  26  2.498964
27  26  2.498161
28  26  2.498650
29  26  2.498290
30  26  2.497743
31  26  2.496366
32  26  2.496445
33  26  2.497358
34  26  2.498232
35  26  2.499617
36  26  2.499429
37  26  2.499075
38  26  2.498471
39  26  2.498540
40  26  2.497641
41  26  2.497675
42  26  2.497306
43  26  2.497953
44  26  2.499131
45  26  2.499030
46  26  2.498668
47  26  2.499015
48  26  2.499238
49  26  2.499520
50  26  2.499209
51  26  2.499042
52  26  2.499046
53  26  2.499228
54  26  2.499521
55  26  2.499393
56  26  2.498228
57  26  2.497276
58  26  2.497704
59  26  2.498576
60  26  2.499452
61  26  2.498861
62  26  2.499338
63  26  2.499285
0  27  2.499816
1  27  2.499752
2  27  2.499271
3  27  2.497696
4  27  2.497674
5  27  2.497961
6  27  2.499063
7  27  2.498727
8  27  2.499044
9  27  2.499371
10  27  2.498454
11  27  2.498369
12  27  2.497391
13  27  2.498061
14  27  2.499320
15  27  2.499716
16  27  2.499194
17  27  2.498611
18  27  2.498557
19  27  2.498634
20  27  2.499625
21  27  2.499785
22  27  2.499577
23  27  2.499521
24  27  2.498649
25  27  2.498416
26  27  2.498452
27  27  2.497822
28  27  2.498778
29  27  2.498801
30  27  2.498508
31  27  2.498448
32  27  2.495349
33  27  2.497738
34  27  2.497683
35  27  2.499395
36  27  2.499085
37  27  2.499372
38  27  2.499051
39  27  2.498756
40  27  2.497674
41  27  2.497163
42  27  2.497593
43  27  2.497922
44  27  2.499159
45  27  2.499087
46  27  2.499272
47  27  2.498738
48  27  2.498819
49  27  2.499166
50  27  2.498820
51  27  2.499023
52  27  2.498834
53  27  2.499434
54  27  2.499598
55  27  2.499358
56  27  2.498624
57  27  2.498086
58  27  2.498830
59  27  2.498644
60  27  2.499537
61  27  2.499034
62  27  2.499246
63  27  2.499754
0  28  2.497821
1  28  2.497116
2  28  2.498382
3  28  2.498016
4  28  2.499006
5  28  2.497772
6  28  2.497991
7  28  2.498537
8  28  2.499138
9  28  2.499500
10  28  2.499468
11  28  2.499242
12  28  2.497406
13  28  2.496971
14  28  2.498879
15  28  2.499415
16  28  2.498298
17  28  2.497976
18  28  2.497816
19  28  2.499039
20  28  2.499389
21  28  2.498827
22  28  2.498898
23  28  2.498876
24  28  2.498839
25  28  2.498453
26  28  2.498748
27  28  2.497961
28  28  2.498863
29  28  2.499172
30  28  2.499226
31  28  2.498654
32  28  2.496469
33  28  2.498490
34  28  2.498128
35  28  2.499546
36  28  2.499343
37  28  2.499326
38  28  2.498515
39  28  2.497700
40  28  2.497746
41  28  2.497805
42  28  2.498861
43  28  2.498319
44  28  2.499032
45  28  2.498653
46  28  2.499171
47  28  2.498880
48  28  2.498916
49  28  2.499141
50  28  2.498567
51  28  2.498886
52  28  2.498762
53  28  2.499361
54  28  2.499478
55  28  2.498507
56  28  2.497362
57  28  2.495954
58  28  2.498742
59  28  2.497862
60  28  2.499579
61  28  2.498932
62  28  2.499178
63  28  2.497757
0  29  2.496828
1  29  2.497293
2  29  2.498500
3  29  2.498193
4  29  2.498688
5  29  2.497701
6  29  2.498287
7  29  2.498981
8  29  2.498848
9  29  2.498826
10  29  2.498433
11  29  2.498997
12  29  2.497924
13  29  2.498047
14  29  2.498955
15  29  2.498951
16  29  2.498573
17  29  2.498319
18  29  2.497776
19  29  2.498176
20  29  2.498731
21  29  2.498596
22  29  2.498859
23  29  2.498987
24  29  2.499088
25  29  2.498566
26  29  2.498585
27  29  2.498471
28  29  2.499199
29  29  2.499020
30  29  2.498341
31  29  2.498204
32  29  2.497753
33  29  2.498571
34  29  2.498590
35  29  2.498873
36  29  2.498744
37  29  2.498813
38  29  2.499129
39  29  2.497739
40  29  2.497402
41  29  2.497755
42  29  2.499498
43  29  2.499519
44  29  2.499692
45  29  2.499087
46  29  2.498484
47  29  2.498473
48  29  2.498619
49  29  2.498740
50  29  2.498468
51  29  2.498895
52  29  2.499470
53  29  2.499579
54  29  2.499655
55  29  2.498312
56  29  2.498170
57  29  2.497258
58  29  2.499256
59  29  2.498554
60  29  2.499050
61  29  2.498772
62  29  2.498812
63  29  2.496883
0  30  2.497321
1  30  2.497813
2  30  2.498727
3  30  2.498224
4  30  2.498613
5  30  2.498129
6  30  2.498621
7  30  2.498472
8  30  2.498734
9  30  2.498177
10  30  2.498743
11  30  2.499273
12  30  2.498372
13  30  2.497885
14  30  2.497591
15  30  2.498557
16  30  2.498529
17  30  2.498704
18  30  2.498427
19  30  2.498469
20  30  2.498543
21  30  2.498843
22  30  2.499070
23  30  2.499067
24  30  2.499052
25  30  2.498996
26  30  2.499119
27  30  2.499044
28  30  2.499254
29  30  2.498815
30  30  2.498684
31  30  2.499181
32  30  2.499078
33  30  2.499056
34  30  2.499440
35  30  2.498700
36  30  2.498846
37  30  2.498936
38  30  2.499566
39  30  2.498558
40  30  2.498051
41  30  2.497537
42  30  2.498683
43  30  2.498346
44  30  2.498830
45  30  2.499753
46  30  2.499151
47  30  2.498246
48  30  2.498476
49  30  2.498393
50  30  2.498575
51  30  2.498473
52  30  2.499258
53  30  2.499434
54  30  2.499419
55  30  2.498579
56  30  2.498484
57  30  2.497084
58  30  2.498028
59  30  2.497646
60  30  2.498847
61  30  2.498617
62  30  2.498505
63  30  2.496804
0  31  2.498509
1  31  2.498653
2  31  2.498725
3  31  2.498762
4  31  2.499318
5  31  2.499596
6  31  2.499349
7  31  2.498972
8  31  2.498845
9  31  2.497476
10  31  2.497909
11  31  2.498638
12  31  2.499265
13  31  2.499279
14  31  2.499315
15  31  2.499596
16  31  2.499151
17  31  2.498597
18  31  2.498830
19  31  2.497361
20  31  2.497633
21  31  2.498332
22  31  2.498704
23  31  2.498953
24  31  2.498757
25  31  2.499362
26  31  2.499581
27  31  2.499104
28  31  2.499193
29  31  2.498158
30  31  2.497652
31  31  2.497701
32  31  2.498673
33  31  2.497905
34  31  2.498823
35  31  2.496770
36  31  2.497462
37  31  2.498084
38  31  2.499540
39  31  2.498786
40  31  2.498441
41  31  2.498033
42  31  2.498798
43  31  2.498361
44  31  2.498618
45  31  2.499753
46  31  2.498611
47  31  2.498107
48  31  2.498475
49  31  2.498362
50  31  2.498633
51  31  2.498481
52  31  2.499039
53  31  2.498825
54  31  2.498648
55  31  2.498389
56  31  2.498591
57  31  2.498206
58  31  2.498350
59  31  2.498600
60  31  2.498760
61  31  2.498778
62  31  2.498482
63  31  2.498258
0  32  2.499625
1  32  2.499085
2  32  2.498970
3  32  2.498776
4  32  2.499261
5  32  2.499480
6  32  2.499306
7  32  2.498525
8  32  2.499082
9  32  2.498150
10  32  2.499003
11  32  2.499002
12  32  2.499535
13  32  2.499585
14  32  2.499663
15  32  2.499650
16  32  2.498721
17  32  2.498587
18  32  2.499214
19  32  2.498780
20  32  2.498458
21  32  2.498316
22  32  2.498672
23  32  2.498989
24  32  2.498922
25  32  2.499335
26  32  2.499573
27  32  2.499294
28  32  2.499574
29  32  2.499015
30  32  2.498856
31  32  2.498147
32  32  2.499124
33  32  2.497231
34  32  2.498363
35  32  2.497638
36  32  2.498615
37  32  2.498722
38  32  2.499577
39  32  2.499132
40  32  2.499024
41  32  2.497717
42  32  2.497297
43  32  2.497278
44  32  2.498518
45  32  2.499180
46  32  2.498898
47  32  2.498892
48  32  2.498846
49  32  2.498021
50  32  2.497687
51  32  2.497668
52  32  2.498679
53  32  2.499011
54  32  2.499114
55  32  2.498162
56  32  2.498208
57  32  2.498078
58  32  2.499262
59  32  2.499553
60  32  2.499363
61  32  2.498841
62  32  2.498946
63  32  2.499079
0  33  2.499508
1  33  2.499391
2  33  2.499364
3  33  2.498930
4  33  2.498989
5  33  2.499732
6  33  2.499387
7  33  2.498847
8  33  2.498955
9  33  2.498849
10  33  2.498727
11  33  2.498701
12  33  2.499113
13  33  2.499624
14  33  2.499658
15  33  2.499534
16  33  2.498374
17  33  2.498486
18  33  2.499481
19  33  2.498446
20  33  2.497615
21  33  2.497481
22  33  2.499225
23  33  2.499204
24  33  2.498743
25  33  2.498911
26  33  2.498991
27  33  2.499410
28  33  2.499276
29  33  2.499364
30  33  2.499513
31  33  2.498227
32  33  2.498756
33  33  2.497023
34  33  2.498333
35  33  2.498530
36  33  2.498688
37  33  2.499088
38  33  2.499384
39  33  2.499147
40  33  2.499225
41  33  2.498601
42  33  2.498812
43  33  2.498755
44  33  2.498991
45  33  2.498398
46  33  2.498911
47  33  2.498979
48  33  2.498883
49  33  2.498705
50  33  2.496995
51  33  2.497156
52  33  2.498025
53  33  2.498955
54  33  2.499332
55  33  2.499112
56  33  2.499075
57  33  2.498278
58  33  2.499330
59  33  2.499743
60  33  2.499302
61  33  2.499380
62  33  2.499697
63  33  2.499650
0  34  2.499131
1  34  2.498886
2  34  2.499669
3  34  2.499478
4  34  2.499472
5  34  2.499422
6  34  2.499297
7  34  2.498285
8  34  2.498904
9  34  2.499320
10  34  2.499133
11  34  2.499033
12  34  2.498753
13  34  2.499261
14  34  2.499043
15  34  2.499157
16  34  2.498490
17  34  2.498083
18  34  2.498815
19  34  2.498499
20  34  2.496759
21  34  2.497610
22  34  2.499361
23  34  2.499233
24  34  2.498753
25  34  2.498760
26  34  2.498624
27  34  2.499235
28  34  2.498642
29  34  2.499115
30  34  2.499568
31  34  2.498751
32  34  2.498902
33  34  2.498172
34  34  2.498598
35  34  2.497383
36  34  2.498362
37  34  2.499188
38  34  2.498996
39  34  2.499278
40  34  2.498604
41  34  2.497910
42  34  2.497387
43  34  2.498412
44  34  2.498632
45  34  2.498592
46  34  2.498756
47  34  2.497939
48  34  2.498100
49  34  2.498488
50  34  2.497001
51  34  2.497623
52  34  2.498274
53  34  2.499260
54  34  2.499349
55  34  2.499041
56  34  2.499211
57  34  2.498497
58  34  2.499257
59  34  2.499439
60  34  2.499306
61  34  2.499251
62  34  2.499184
63  34  2.499020
0  35  2.498758
1  35  2.498842
2  35  2.499593
3  35  2.498967
4  35  2.497955
5  35  2.498652
6  35  2.498935
7  35  2.499280
8  35  2.499584
9  35  2.499371
10  35  2.498717
11  35  2.498457
12  35  2.497936
13  35  2.498516
14  35  2.498783
15  35  2.498716
16  35  2.497971
17  35  2.497340
18  35  2.498884
19  35  2.497958
20  35  2.496462
21  35  2.497216
22  35  2.499174
23  35  2.499134
24  35  2.498765
25  35  2.498626
26  35  2.498479
27  35  2.497972
28  35  2.497302
29  35  2.498632
30  35  2.499607
31  35  2.498996
32  35  2.499248
33  35  2.499255
34  35  2.499358
35  35  2.497946
36  35  2.498513
37  35  2.499221
38  35  2.498725
39  35  2.499411
40  35  2.498599
41  35  2.498575
42  35  2.497849
43  35  2.498917
44  35  2.498773
45  35  2.497897
46  35  2.498535
47  35  2.498083
48  35  2.498737
49  35  2.498904
50  35  2.497832
51  35  2.497728
52  35  2.497156
53  35  2.499032
54  35  2.499475
55  35  2.499547
56  35  2.499250
57  35  2.499209
58  35  2.499158
59  35  2.499408
60  35  2.499419
61  35  2.499445
62  35  2.499167
63  35  2.498842
0  36  2.498541
1  36  2.498732
2  36  2.499507
3  36  2.499088
4  36  2.497523
5  36  2.497201
6  36  2.496610
7  36  2.497561
8  36  2.498913
9  36  2.498974
10  36  2.499273
11  36  2.499320
12  36  2.499090
13  36  2.498954
14  36  2.499038
15  36  2.498658
16  36  2.498036
17  36  2.497299
18  36  2.498093
19  36  2.497714
20  36  2.497018
21  36  2.497359
22  36  2.499247
23  36  2.498978
24  36  2.499402
25  36  2.499105
26  36  2.498784
27  36  2.497427
28  36  2.497310
29  36  2.498204
30  36  2.499455
31  36  2.498963
32  36  2.498684
33  36  2.498310
34  36  2.498605
35  36  2.497354
36  36  2.498267
37  36  2.498456
38  36  2.498542
39  36  2.499172
40  36  2.498577
41  36  2.498755
42  36  2.498035
43  36  2.499020
44  36  2.499053
45  36  2.498847
46  36  2.498606
47  36  2.497638
48  36  2.498326
49  36  2.498910
50  36  2.499448
51  36  2.498895
52  36  2.497998
53  36  2.498350
54  36  2.499173
55  36  2.499519
56  36  2.499166
57  36  2.497915
58  36  2.497653
59  36  2.498124
60  36  2.499277
61  36  2.499471
62  36  2.499289
63  36  2.498436
0  37  2.498782
1  37  2.498902
2  37  2.499632
3  37  2.499204
4  37  2.497536
5  37  2.497728
6  37  2.497298
7  37  2.498557
8  37  2.498822
9  37  2.498544
10  37  2.498810
11  37  2.498591
12  37  2.498829
13  37  2.498843
14  37  2.499028
15  37  2.498755
16  37  2.498217
17  37  2.498595
18  37  2.499245
19  37  2.498994
20  37  2.498652
21  37  2.497662
22  37  2.499163
23  37  2.498996
24  37  2.499573
25  37  2.499262
26  37  2.498984
27  37  2.497540
28  37  2.497905
29  37  2.498443
30  37  2.499373
31  37  2.499363
32  37  2.499161
33  37  2.498718
34  37  2.498447
35  37  2.498413
36  37  2.498979
37  37  2.499259
38  37  2.499298
39  37  2.499469
40  37  2.499590
41  37  2.499293
42  37  2.499412
43  37  2.499517
44  37  2.499006
45  37  2.498665
46  37  2.499325
47  37  2.498754
48  37  2.498994
49  37  2.498836
50  37  2.498944
51  37  2.498559
52  37  2.498338
53  37  2.497734
54  37  2.498010
55  37  2.498391
56  37  2.498944
57  37  2.498049
58  37  2.497676
59  37  2.498682
60  37  2.499469
61  37  2.499781
62  37  2.499697
63  37  2.498809
0  38  2.498937
1  38  2.498931
2  38  2.499670
3  38  2.499257
4  38  2.499301
5  38  2.499058
6  38  2.498875
7  38  2.498738
8  38  2.498929
9  38  2.498614
10  38  2.499049
11  38  2.499254
12  38  2.499792
13  38  2.499712
14  38  2.499062
15  38  2.499248
16  38  2.499039
17  38  2.499437
18  38  2.499150
19  38  2.498171
20  38  2.498217
21  38  2.497380
22  38  2.498861
23  38  2.498796
24  38  2.499707
25  38  2.499372
26  38  2.498440
27  38  2.498240
28  38  2.498374
29  38  2.499421
30  38  2.499329
31  38  2.499154
32  38  2.499377
33  38  2.498154
34  38  2.496579
35  38  2.496610
36  38  2.498033
37  38  2.499048
38  38  2.499298
39  38  2.499358
40  38  2.499623
41  38  2.499755
42  38  2.499121
43  38  2.498232
44  38  2.497741
45  38  2.497760
46  38  2.498367
47  38  2.498414
48  38  2.498855
49  38  2.498859
50  38  2.498943
51  38  2.498520
52  38  2.499100
53  38  2.498338
54  38  2.497838
55  38  2.497558
56  38  2.498887
57  38  2.498713
58  38  2.499278
59  38  2.499631
60  38  2.499871
61  38  2.499640
62  38  2.499295
63  38  2.498985
0  39  2.498965
1  39  2.498939
2  39  2.499660
3  39  2.499447
4  39  2.499684
5  39  2.499639
6  39  2.499657
7  39  2.499811
8  39  2.499154
9  39  2.498895
10  39  2.499149
11  39  2.499412
12  39  2.499602
13  39  2.499121
14  39  2.498731
15  39  2.499475
16  39  2.499126
17  39  2.499321
18  39  2.498854
19  39  2.498888
20  39  2.499447
21  39  2.499258
22  39  2.499262
23  39  2.499357
24  39  2.499239
25  39  2.499246
26  39  2.498135
27  39  2.498232
28  39  2.498240
29  39  2.499403
30  39  2.499133
31  39  2.499045
32  39  2.499416
33  39  2.499339
34  39  2.498789
35  39  2.498624
36  39  2.498648
37  39  2.498811
38  39  2.499307
39  39  2.499514
40  39  2.499424
41  39  2.499023
42  39  2.498438
43  39  2.497772
44  39  2.497343
45  39  2.498130
46  39  2.498665
47  39  2.499218
48  39  2.499409
49  39  2.498247
50  39  2.497849
51  39  2.497113
52  39  2.498620
53  39  2.498447
54  39  2.498586
55  39  2.497946
56  39  2.498888
57  39  2.498743
58  39  2.498391
59  39  2.499186
60  39  2.499212
61  39  2.499697
62  39  2.499222
63  39  2.499198
0  40  2.498271
1  40  2.498386
2  40  2.499792
3  40  2.499510
4  40  2.499477
5  40  2.497916
6  40  2.498000
7  40  2.496893
8  40  2.497796
9  40  2.498039
10  40  2.498482
11  40  2.499270
12  40  2.499542
13  40  2.499116
14  40  2.498978
15  40  2.498922
16  40  2.498796
17  40  2.498919
18  40  2.498629
19  40  2.498113
20  40  2.498236
21  40  2.498425
22  40  2.498846
23  40  2.498425
24  40  2.498799
25  40  2.498141
26  40  2.497771
27  40  2.498147
28  40  2.498639
29  40  2.499529
30  40  2.499123
31  40  2.498921
32  40  2.499491
33  40  2.499321
34  40  2.498779
35  40  2.498845
36  40  2.498866
37  40  2.499382
38  40  2.499280
39  40  2.499193
40  40  2.499094
41  40  2.498905
42  40  2.498430
43  40  2.498126
44  40  2.497530
45  40  2.496617
46  40  2.496703
47  40  2.497602
48  40  2.498648
49  40  2.497625
50  40  2.497396
51  40  2.497288
52  40  2.499230
53  40  2.499112
54  40  2.498803
55  40  2.497272
56  40  2.498455
57  40  2.497768
58  40  2.498039
59  40  2.499289
60  40  2.499217
61  40  2.499176
62  40  2.498660
63  40  2.497707
0  41  2.498136
1  41  2.498101
2  41  2.498694
3  41  2.498936
4  41  2.498907
5  41  2.498093
6  41  2.498014
7  41  2.495259
8  41  2.497165
9  41  2.497800
10  41  2.496672
11  41  2.497825
12  41  2.499202
13  41  2.499078
14  41  2.499210
15  41  2.498732
16  41  2.498999
17  41  2.498698
18  41  2.499144
19  41  2.498690
20  41  2.498348
21  41  2.498119
22  41  2.498533
23  41  2.498298
24  41  2.498375
25  41  2.497833
26  41  2.498333
27  41  2.498214
28  41  2.498579
29  41  2.498667
30  41  2.498980
31  41  2.498801
32  41  2.499437
33  41  2.499665
34  41  2.499134
35  41  2.498515
36  41  2.498056
37  41  2.498980
38  41  2.499190
39  41  2.499360
40  41  2.499298
41  41  2.499082
42  41  2.498874
43  41  2.499273
44  41  2.499281
45  41  2.498436
46  41  2.498495
47  41  2.498169
48  41  2.499006
49  41  2.498707
50  41  2.498102
51  41  2.496438
52  41  2.498798
53  41  2.499017
54  41  2.498885
55  41  2.496748
56  41  2.497712
57  41  2.498749
58  41  2.497570
59  41  2.498026
60  41  2.498694
61  41  2.499116
62  41  2.498607
63  41  2.497482
0  42  2.497876
1  42  2.498354
2  42  2.497822
3  42  2.498991
4  42  2.498631
5  42  2.497523
6  42  2.497320
7  42  2.493659
8  42  2.497456
9  42  2.498689
10  42  2.496505
11  42  2.496351
12  42  2.497834
13  42  2.499166
14  42  2.499144
15  42  2.498082
16  42  2.498108
17  42  2.498425
18  42  2.499031
19  42  2.498746
20  42  2.497970
21  42  2.497571
22  42  2.498331
23  42  2.497691
24  42  2.498031
25  42  2.497510
26  42  2.498203
27  42  2.497412
28  42  2.496464
29  42  2.496409
30  42  2.497247
31  42  2.498878
32  42  2.499547
33  42  2.499119
34  42  2.497866
35  42  2.497846
36  42  2.497940
37  42  2.499211
38  42  2.499113
39  42  2.499094
40  42  2.498721
41  42  2.499189
42  42  2.499052
43  42  2.499112
44  42  2.498150
45  42  2.496882
46  42  2.497234
47  42  2.497945
48  42  2.499043
49  42  2.499160
50  42  2.498814
51  42  2.497446
52  42  2.497582
53  42  2.498546
54  42  2.498715
55  42  2.497159
56  42  2.497236
57  42  2.498780
58  42  2.498437
59  42  2.498117
60  42  2.498688
61  42  2.498428
62  42  2.498083
63  42  2.497057
0  43  2.498294
1  43  2.498241
2  43  2.497436
3  43  2.498776
4  43  2.498408
5  43  2.497566
6  43  2.497682
7  43  2.497062
8  43  2.498139
9  43  2.498032
10  43  2.497460
11  43  2.497769
12  43  2.498399
13  43  2.499218
14  43  2.498792
15  43  2.498419
16  43  2.497896
17  43  2.498240
18  43  2.498213
19  43  2.498725
20  43  2.498430
21  43  2.499428
22  43  2.498919
23  43  2.497645
24  43  2.498021
25  43  2.498564
26  43  2.499413
27  43  2.498131
28  43  2.496628
29  43  2.496248
30  43  2.497308
31  43  2.498242
32  43  2.498781
33  43  2.498530
34  43  2.497604
35  43  2.498031
36  43  2.498240
37  43  2.498489
38  43  2.498607
39  43  2.499473
40  43  2.499108
41  43  2.499335
42  43  2.498643
43  43  2.498472
44  43  2.497792
45  43  2.498534
46  43  2.497952
47  43  2.499155
48  43  2.499289
49  43  2.499617
50  43  2.498731
51  43  2.495861
52  43  2.495582
53  43  2.497029
54  43  2.498630
55  43  2.498107
56  43  2.497522
57  43  2.499427
58  43  2.499344
59  43  2.499395
60  43  2.498747
61  43  2.498600
62  43  2.498538
63  43  2.499172
0  44  2.497416
1  44  2.497295
2  44  2.497066
3  44  2.498727
4  44  2.498298
5  44  2.498470
6  44  2.498909
7  44  2.498383
8  44  2.498773
9  44  2.497374
10  44  2.496598
11  44  2.496320
12  44  2.497180
13  44  2.498864
14  44  2.498907
15  44  2.498023
16  44  2.497695
17  44  2.497200
18  44  2.497921
19  44  2.498402
20  44  2.498309
21  44  2.498988
22  44  2.499032
23  44  2.498224
24  44  2.498810
25  44  2.499271
26  44  2.498762
27  44  2.499292
28  44  2.498918
29  44  2.499089
30  44  2.499016
31  44  2.498970
32  44  2.498848
33  44  2.497802
34  44  2.497621
35  44  2.498207
36  44  2.498223
37  44  2.498594
38  44  2.498683
39  44  2.499422
40  44  2.499168
41  44  2.499541
42  44  2.499130
43  44  2.498659
44  44  2.498443
45  44  2.498724
46  44  2.497847
47  44  2.498519
48  44  2.498720
49  44  2.497596
50  44  2.497466
51  44  2.496692
52  44  2.498114
53  44  2.498878
54  44  2.499537
55  44  2.499084
56  44  2.497832
57  44  2.497599
58  44  2.498362
59  44  2.499438
60  44  2.499339
61  44  2.499208
62  44  2.498744
63  44  2.499037
0  45  2.498644
1  45  2.498492
2  45  2.499116
3  45  2.498908
4  45  2.498805
5  45  2.499058
6  45  2.499373
7  45  2.498920
8  45  2.498934
9  45  2.498205
10  45  2.498419
11  45  2.497971
12  45  2.498056
13  45  2.498884
14  45  2.499546
15  45  2.498355
16  45  2.498253
17  45  2.497641
18  45  2.498280
19  45  2.498476
20  45  2.498560
21  45  2.498225
22  45  2.497727
23  45  2.497837
24  45  2.497878
25  45  2.499055
26  45  2.498502
27  45  2.498775
28  45  2.498893
29  45  2.498774
30  45  2.499214
31  45  2.498673
32  45  2.499188
33  45  2.498477
34  45  2.498850
35  45  2.499044
36  45  2.497576
37  45  2.497869
38  45  2.497950
39  45  2.499301
40  45  2.499161
41  45  2.499620
42  45  2.498782
43  45  2.498596
44  45  2.498684
45  45  2.498730
46  45  2.497767
47  45  2.497931
48  45  2.498666
49  45  2.498122
50  45  2.498069
51  45  2.498007
52  45  2.498462
53  45  2.498629
54  45  2.499435
55  45  2.498943
56  45  2.497585
57  45  2.497410
58  45  2.498491
59  45  2.499583
60  45  2.498608
61  45  2.497917
62  45  2.497976
63  45  2.498847
0  46  2.498151
1  46  2.497961
2  46  2.497984
3  46  2.498310
4  46  2.498343
5  46  2.499269
6  46  2.499826
7  46  2.498945
8  46  2.498725
9  46  2.498020
10  46  2.497148
11  46  2.496737
12  46  2.496273
13  46  2.498487
14  46  2.499416
15  46  2.498072
16  46  2.497449
17  46  2.496848
18  46  2.498594
19  46  2.499168
20  46  2.499079
21  46  2.498907
22  46  2.497515
23  46  2.497487
24  46  2.497503
25  46  2.498100
26  46  2.497849
27  46  2.498085
28  46  2.498855
29  46  2.497736
30  46  2.499239
31  46  2.499435
32  46  2.499328
33  46  2.498526
34  46  2.498841
35  46  2.498975
36  46  2.497840
37  46  2.498327
38  46  2.498389
39  46  2.499036
40  46  2.498887
41  46  2.499291
42  46  2.498872
43  46  2.498784
44  46  2.498989
45  46  2.498839
46  46  2.498403
47  46  2.498492
48  46  2.498994
49  46  2.498490
50  46  2.498381
51  46  2.497553
52  46  2.498934
53  46  2.498821
54  46  2.499108
55  46  2.499126
56  46  2.498079
57  46  2.497313
58  46  2.498348
59  46  2.499383
60  46  2.498528
61  46  2.497658
62  46  2.498396
63  46  2.497530
0  47  2.498669
1  47  2.498775
2  47  2.497368
3  47  2.498047
4  47  2.498218
5  47  2.499676
6  47  2.499794
7  47  2.499458
8  47  2.499376
9  47  2.498982
10  47  2.497893
11  47  2.497826
12  47  2.497420
13  47  2.498955
14  47  2.499324
15  47  2.498953
16  47  2.498838
17  47  2.499482
18  47  2.498682
19  47  2.498680
20  47  2.498899
21  47  2.499274
22  47  2.496979
23  47  2.496872
24  47  2.496330
25  47  2.498184
26  47  2.498298
27  47  2.497505
28  47  2.498779
29  47  2.497717
30  47  2.498723
31  47  2.498633
32  47  2.499141
33  47  2.499382
34  47  2.499487
35  47  2.499124
36  47  2.496792
37  47  2.497035
38  47  2.498281
39  47  2.499079
40  47  2.499058
41  47  2.499356
42  47  2.498745
43  47  2.499280
44  47  2.499574
45  47  2.499493
46  47  2.498509
47  47  2.498793
48  47  2.499219
49  47  2.499350
50  47  2.499430
51  47  2.499187
52  47  2.499255
53  47  2.499017
54  47  2.499307
55  47  2.499375
56  47  2.498434
57  47  2.498336
58  47  2.499087
59  47  2.499404
60  47  2.498636
61  47  2.497642
62  47  2.498864
63  47  2.497260
0  48  2.498571
1  48  2.498552
2  48  2.497509
3  48  2.497142
4  48  2.497788
5  48  2.499601
6  48  2.499693
7  48  2.499685
8  48  2.499732
9  48  2.499130
10  48  2.497074
11  48  2.495414
12  48  2.495703
13  48  2.497835
14  48  2.498925
15  48  2.498687
16  48  2.498735
17  48  2.499579
18  48  2.499003
19  48  2.498902
20  48  2.499066
21  48  2.499462
22  48  2.498737
23  48  2.498532
24  48  2.497982
25  48  2.498260
26  48  2.498527
27  48  2.497383
28  48  2.497729
29  48  2.497760
30  48  2.498504
31  48  2.498824
32  48  2.499036
33  48  2.499377
34  48  2.499188
35  48  2.498790
36  48  2.498053
37  48  2.498009
38  48  2.499124
39  48  2.499097
40  48  2.499134
41  48  2.499222
42  48  2.498681
43  48  2.499528
44  48  2.499192
45  48  2.499378
46  48  2.498903
47  48  2.499206
48  48  2.498622
49  48  2.498946
50  48  2.499141
51  48  2.499155
52  48  2.499066
53  48  2.498995
54  48  2.499277
55  48  2.499468
56  48  2.499543
57  48  2.498780
58  48  2.499252
59  48  2.499264
60  48  2.498681
61  48  2.497733
62  48  2.498943
63  48  2.497650
0  49  2.498238
1  49  2.498173
2  49  2.498756
3  49  2.497247
4  49  2.497628
5  49  2.499576
6  49  2.499503
7  49  2.499538
8  49  2.499746
9  49  2.499156
10  49  2.498934
11  49  2.497400
12  49  2.497905
13  49  2.498109
14  49  2.499191
15  49  2.498886
16  49  2.498825
17  49  2.499068
18  49  2.498611
19  49  2.498712
20  49  2.498905
21  49  2.499457
22  49  2.498813
23  49  2.498904
24  49  2.498899
25  49  2.497711
26  49  2.497415
27  49  2.497211
28  49  2.498556
29  49  2.499342
30  49  2.497929
31  49  2.497774
32  49  2.497988
33  49  2.499851
34  49  2.499535
35  49  2.498827
36  49  2.497426
37  49  2.497381
38  49  2.499081
39  49  2.498143
40  49  2.498269
41  49  2.498350
42  49  2.499173
43  49  2.499330
44  49  2.499226
45  49  2.499377
46  49  2.499244
47  49  2.499268
48  49  2.498939
49  49  2.499098
50  49  2.498970
51  49  2.499350
52  49  2.499084
53  49  2.498920
54  49  2.499397
55  49  2.499655
56  49  2.499502
57  49  2.498318
58  49  2.498125
59  49  2.498829
60  49  2.498751
61  49  2.498522
62  49  2.499195
63  49  2.498753
0  50  2.498312
1  50  2.497733
2  50  2.497487
3  50  2.496988
4  50  2.497643
5  50  2.498629
6  50  2.498886
7  50  2.499002
8  50  2.499516
9  50  2.499240
10  50  2.499068
11  50  2.497765
12  50  2.497983
13  50  2.497605
14  50  2.499020
15  50  2.498882
16  50  2.499048
17  50  2.499464
18  50  2.499479
19  50  2.499468
20  50  2.499457
21  50  2.499408
22  50  2.499547
23  50  2.499630
24  50  2.499641
25  50  2.497763
26  50  2.498045
27  50  2.498225
28  50  2.499343
29  50  2.499221
30  50  2.498695
31  50  2.497634
32  50  2.497967
33  50  2.499864
34  50  2.498893
35  50  2.498742
36  50  2.498501
37  50  2.498363
38  50  2.498548
39  50  2.497308
40  50  2.497476
41  50  2.498064
42  50  2.499003
43  50  2.499173
44  50  2.499445
45  50  2.499310
46  50  2.498988
47  50  2.498593
48  50  2.498454
49  50  2.497787
50  50  2.497315
51  50  2.498045
52  50  2.498647
53  50  2.498850
54  50  2.498633
55  50  2.499248
56  50  2.498831
57  50  2.497602
58  50  2.497369
59  50  2.498463
60  50  2.498996
61  50  2.498992
62  50  2.499298
63  50  2.499366
0  51  2.499086
1  51  2.498257
2  51  2.496457
3  51  2.496472
4  51  2.497806
5  51  2.498706
6  51  2.499006
7  51  2.498910
8  51  2.499066
9  51  2.499013
10  51  2.499084
11  51  2.498769
12  51  2.498680
13  51  2.498453
14  51  2.499372
15  51  2.499678
16  51  2.499609
17  51  2.499200
18  51  2.499124
19  51  2.499166
20  51  2.499437
21  51  2.499043
22  51  2.498797
23  51  2.499236
24  51  2.499531
25  51  2.497078
26  51  2.497290
27  51  2.498053
28  51  2.499228
29  51  2.498408
30  51  2.497809
31  51  2.497758
32  51  2.497911
33  51  2.499470
34  51  2.498764
35  51  2.498680
36  51  2.498661
37  51  2.497461
38  51  2.497700
39  51  2.496152
40  51  2.497383
41  51  2.497695
42  51  2.498840
43  51  2.498623
44  51  2.499295
45  51  2.499161
46  51  2.499001
47  51  2.498468
48  51  2.499175
49  51  2.497754
50  51  2.496978
51  51  2.496791
52  51  2.498273
53  51  2.498804
54  51  2.498339
55  51  2.499206
56  51  2.499509
57  51  2.499629
58  51  2.498470
59  51  2.498328
60  51  2.497696
61  51  2.497988
62  51  2.497202
63  51  2.499210
0  52  2.499196
1  52  2.498780
2  52  2.497864
3  52  2.497932
4  52  2.498590
5  52  2.498778
6  52  2.499034
7  52  2.499227
8  52  2.498559
9  52  2.498582
10  52  2.498538
11  52  2.499760
12  52  2.499633
13  52  2.499432
14  52  2.499063
15  52  2.499141
16  52  2.498636
17  52  2.498080
18  52  2.498336
19  52  2.498132
20  52  2.498646
21  52  2.499342
22  52  2.497910
23  52  2.498204
24  52  2.499152
25  52  2.498193
26  52  2.498734
27  52  2.499140
28  52  2.499202
29  52  2.498229
30  52  2.497781
31  52  2.498247
32  52  2.498614
33  52  2.499030
34  52  2.498661
35  52  2.499225
36  52  2.498859
37  52  2.498391
38  52  2.498321
39  52  2.498561
40  52  2.498942
41  52  2.499187
42  52  2.498926
43  52  2.498959
44  52  2.499304
45  52  2.499549
46  52  2.498878
47  52  2.498159
48  52  2.497796
49  52  2.496832
50  52  2.496385
51  52  2.496912
52  52  2.498275
53  52  2.499149
54  52  2.498278
55  52  2.498003
56  52  2.498218
57  52  2.499044
58  52  2.498266
59  52  2.497437
60  52  2.497190
61  52  2.498204
62  52  2.497959
63  52  2.499601
0  53  2.498778
1  53  2.499044
2  53  2.498497
3  53  2.498535
4  53  2.498322
5  53  2.499381
6  53  2.499626
7  53  2.499672
8  53  2.499624
9  53  2.499156
10  53  2.498383
11  53  2.498905
12  53  2.499308
13  53  2.499025
14  53  2.498067
15  53  2.497824
16  53  2.498544
17  53  2.498309
18  53  2.499105
19  53  2.499215
20  53  2.498897
21  53  2.499165
22  53  2.497837
23  53  2.497432
24  53  2.498975
25  53  2.497135
26  53  2.498025
27  53  2.498386
28  53  2.499065
29  53  2.499292
30  53  2.499153
31  53  2.499385
32  53  2.499376
33  53  2.499190
34  53  2.499229
35  53  2.499454
36  53  2.498893
37  53  2.498659
38  53  2.498911
39  53  2.498721
40  53  2.499296
41  53  2.498632
42  53  2.498865
43  53  2.498418
44  53  2.498434
45  53  2.499368
46  53  2.499133
47  53  2.499179
48  53  2.498667
49  53  2.497022
50  53  2.496847
51  53  2.497388
52  53  2.498474
53  53  2.499324
54  53  2.499035
55  53  2.497638
56  53  2.497681
57  53  2.499022
58  53  2.498604
59  53  2.497608
60  53  2.495081
61  53  2.497594
62  53  2.497400
63  53  2.498934
0  54  2.498898
1  54  2.498425
2  54  2.498736
3  54  2.498216
4  54  2.498267
5  54  2.499344
6  54  2.499593
7  54  2.499564
8  54  2.499439
9  54  2.499112
10  54  2.498241
11  54  2.498473
12  54  2.498876
13  54  2.498548
14  54  2.497978
15  54  2.497890
16  54  2.498474
17  54  2.498487
18  54  2.499181
19  54  2.498857
20  54  2.499055
21  54  2.499015
22  54  2.498316
23  54  2.498336
24  54  2.499543
25  54  2.498814
26  54  2.498934
27  54  2.498638
28  54  2.498761
29  54  2.499111
30  54  2.499159
31  54  2.499018
32  54  2.499388
33  54  2.499104
34  54  2.499058
35  54  2.499281
36  54  2.498302
37  54  2.499075
38  54  2.499339
39  54  2.499336
40  54  2.499236
41  54  2.498804
42  54  2.499281
43  54  2.498128
44  54  2.497335
45  54  2.499207
46  54  2.498543
47  54  2.498576
48  54  2.498410
49  54  2.498558
50  54  2.498804
51  54  2.498996
52  54  2.498779
53  54  2.499240
54  54  2.499148
55  54  2.497813
56  54  2.497288
57  54  2.498649
58  54  2.498439
59  54  2.497234
60  54  2.497123
61  54  2.498347
62  54  2.497970
63  54  2.498150
0  55  2.498942
1  55  2.498669
2  55  2.498752
3  55  2.498311
4  55  2.499010
5  55  2.499039
6  55  2.499281
7  55  2.499119
8  55  2.499264
9  55  2.499405
10  55  2.498927
11  55  2.497909
12  55  2.498669
13  55  2.498232
14  55  2.497401
15  55  2.497649
16  55  2.498429
17  55  2.499692
18  55  2.499698
19  55  2.499354
20  55  2.499337
21  55  2.498942
22  55  2.499143
23  55  2.498418
24  55  2.498918
25  55  2.498075
26  55  2.498351
27  55  2.498304
28  55  2.498325
29  55  2.498150
30  55  2.498265
31  55  2.498593
32  55  2.498672
33  55  2.498409
34  55  2.499127
35  55  2.498703
36  55  2.498309
37  55  2.499449
38  55  2.499539
39  55  2.499118
40  55  2.498608
41  55  2.497419
42  55  2.497471
43  55  2.497445
44  55  2.496527
45  55  2.499495
46  55  2.498586
47  55  2.498190
48  55  2.498481
49  55  2.498012
50  55  2.498041
51  55  2.497974
52  55  2.498535
53  55  2.499285
54  55  2.499405
55  55  2.498513
56  55  2.497982
57  55  2.497939
58  55  2.497702
59  55  2.497290
60  55  2.496748
61  55  2.496995
62  55  2.496590
63  55  2.496879
0  56  2.498099
1  56  2.497296
2  56  2.498665
3  56  2.498296
4  56  2.499257
5  56  2.498816
6  56  2.498137
7  56  2.498036
8  56  2.497733
9  56  2.498878
10  56  2.498585
11  56  2.498552
12  56  2.499066
13  56  2.499528
14  56  2.498977
15  56  2.498757
16  56  2.498412
17  56  2.499493
18  56  2.499066
19  56  2.499221
20  56  2.498988
21  56  2.498829
22  56  2.499118
23  56  2.498809
24  56  2.498877
25  56  2.498505
26  56  2.498734
27  56  2.498612
28  56  2.498368
29  56  2.498377
30  56  2.498472
31  56  2.498519
32  56  2.498405
33  56  2.497957
34  56  2.498681
35  56  2.497957
36  56  2.498150
37  56  2.499726
38  56  2.499594
39  56  2.499388
40  56  2.498171
41  56  2.497557
42  56  2.496705
43  56  2.497790
44  56  2.496624
45  56  2.498945
46  56  2.498164
47  56  2.498549
48  56  2.498517
49  56  2.498257
50  56  2.496770
51  56  2.495992
52  56  2.497366
53  56  2.498169
54  56  2.499187
55  56  2.499072
56  56  2.498532
57  56  2.497743
58  56  2.498090
59  56  2.497461
60  56  2.497984
61  56  2.496883
62  56  2.496525
63  56  2.495332
0  57  2.498747
1  57  2.498513
2  57  2.499389
3  57  2.499113
4  57  2.499166
5  57  2.499222
6  57  2.499457
7  57  2.498611
8  57  2.498702
9  57  2.499171
10  57  2.499207
11  57  2.499017
12  57  2.499338
13  57  2.499574
14  57  2.498824
15  57  2.498727
16  57  2.498259
17  57  2.499085
18  57  2.498538
19  57  2.498764
20  57  2.499035
21  57  2.499238
22  57  2.499236
23  57  2.498776
24  57  2.498642
25  57  2.498552
26  57  2.498824
27  57  2.498317
28  57  2.497994
29  57  2.498235
30  57  2.498559
31  57  2.498366
32  57  2.498278
33  57  2.498261
34  57  2.498857
35  57  2.498087
36  57  2.498415
37  57  2.499303
38  57  2.499085
39  57  2.499589
40  57  2.499650
41  57  2.499134
42  57  2.497823
43  57  2.497532
44  57  2.496818
45  57  2.498417
46  57  2.497242
47  57  2.498206
48  57  2.498417
49  57  2.497312
50  57  2.495921
51  57  2.496006
52  57  2.498250
53  57  2.498438
54  57  2.498895
55  57  2.498759
56  57  2.499066
57  57  2.498234
58  57  2.498065
59  57  2.496891
60  57  2.497489
61  57  2.498164
62  57  2.497639
63  57  2.496101
0  58  2.498078
1  58  2.497813
2  58  2.497857
3  58  2.498999
4  58  2.499259
5  58  2.499199
6  58  2.499588
7  58  2.498727
8  58  2.498843
9  58  2.498577
10  58  2.498632
11  58  2.498044
12  58  2.497978
13  58  2.498475
14  58  2.499628
15  58  2.499678
16  58  2.499122
17  58  2.498612
18  58  2.497984
19  58  2.498355
20  58  2.499066
21  58  2.499328
22  58  2.499202
23  58  2.499321
24  58  2.498921
25  58  2.499035
26  58  2.499279
27  58  2.498836
28  58  2.498014
29  58  2.498075
30  58  2.497097
31  58  2.498301
32  58  2.498096
33  58  2.498245
34  58  2.498514
35  58  2.498402
36  58  2.499232
37  58  2.499357
38  58  2.498969
39  58  2.499355
40  58  2.499566
41  58  2.497994
42  58  2.498798
43  58  2.498991
44  58  2.498874
45  58  2.498787
46  58  2.497373
47  58  2.498532
48  58  2.498590
49  58  2.498400
50  58  2.496853
51  58  2.495924
52  58  2.496353
53  58  2.497060
54  58  2.498791
55  58  2.498238
56  58  2.498608
57  58  2.498973
58  58  2.499087
59  58  2.497921
60  58  2.498006
61  58  2.498309
62  58  2.499023
63  58  2.497520
0  59  2.497942
1  59  2.497932
2  59  2.497570
3  59  2.498832
4  59  2.499164
5  59  2.499032
6  59  2.499105
7  59  2.499081
8  59  2.499001
9  59  2.499330
10  59  2.498805
11  59  2.497689
12  59  2.497840
13  59  2.498317
14  59  2.499306
15  59  2.499322
16  59  2.498565
17  59  2.497904
18  59  2.498860
19  59  2.498421
20  59  2.498781
21  59  2.499291
22  59  2.499263
23  59  2.499209
24  59  2.498254
25  59  2.497828
26  59  2.498485
27  59  2.498841
28  59  2.498315
29  59  2.497654
30  59  2.496823
31  59  2.498878
32  59  2.498617
33  59  2.498721
34  59  2.498608
35  59  2.498522
36  59  2.499351
37  59  2.499188
38  59  2.499156
39  59  2.499073
40  59  2.499617
41  59  2.498033
42  59  2.498696
43  59  2.499156
44  59  2.497615
45  59  2.497610
46  59  2.497036
47  59  2.498636
48  59  2.499106
49  59  2.498508
50  59  2.498522
51  59  2.499074
52  59  2.498879
53  59  2.498766
54  59  2.499211
55  59  2.499228
56  59  2.499149
57  59  2.499201
58  59  2.498667
59  59  2.498227
60  59  2.498389
61  59  2.498866
62  59  2.499577
63  59  2.499130
0  60  2.497256
1  60  2.497354
2  60  2.498119
3  60  2.498548
4  60  2.498343
5  60  2.497616
6  60  2.498572
7  60  2.498029
8  60  2.497769
9  60  2.497515
10  60  2.498176
11  60  2.497367
12  60  2.498305
13  60  2.498698
14  60  2.499307
15  60  2.499263
16  60  2.498899
17  60  2.497922
18  60  2.498360
19  60  2.497844
20  60  2.497971
21  60  2.499098
22  60  2.498841
23  60  2.498971
24  60  2.498741
25  60  2.498928
26  60  2.499046
27  60  2.499219
28  60  2.498733
29  60  2.498413
30  60  2.496988
31  60  2.498586
32  60  2.498171
33  60  2.498569
34  60  2.497896
35  60  2.497977
36  60  2.498925
37  60  2.499465
38  60  2.499260
39  60  2.499149
40  60  2.499098
41  60  2.498137
42  60  2.498079
43  60  2.498835
44  60  2.498410
45  60  2.498537
46  60  2.498781
47  60  2.499186
48  60  2.499575
49  60  2.499532
50  60  2.499282
51  60  2.498777
52  60  2.498822
53  60  2.498904
54  60  2.499554
55  60  2.499454
56  60  2.498797
57  60  2.498616
58  60  2.498361
59  60  2.498758
60  60  2.499046
61  60  2.499201
62  60  2.499210
63  60  2.498767
0  61  2.498578
1  61  2.498578
2  61  2.499066
3  61  2.498928
4  61  2.498495
5  61  2.497679
6  61  2.498457
7  61  2.498079
8  61  2.497767
9  61  2.497260
10  61  2.497789
11  61  2.497673
12  61  2.497717
13  61  2.499399
14  61  2.498115
15  61  2.497641
16  61  2.498695
17  61  2.496119
18  61  2.496187
19  61  2.497565
20  61  2.497400
21  61  2.499377
22  61  2.499081
23  61  2.496809
24  61  2.497426
25  61  2.497762
26  61  2.499482
27  61  2.498916
28  61  2.498844
29  61  2.498547
30  61  2.499085
31  61  2.499377
32  61  2.498930
33  61  2.498955
34  61  2.498716
35  61  2.498239
36  61  2.497997
37  61  2.498434
38  61  2.497931
39  61  2.498751
40  61  2.498676
41  61  2.498891
42  61  2.498702
43  61  2.499714
44  61  2.498279
45  61  2.498307
46  61  2.498055
47  61  2.499477
48  61  2.499389
49  61  2.499427
50  61  2.499018
51  61  2.499092
52  61  2.499308
53  61  2.499775
54  61  2.499690
55  61  2.499041
56  61  2.498099
57  61  2.497581
58  61  2.498293
59  61  2.498610
60  61  2.499284
61  61  2.498413
62  61  2.498686
63  61  2.498253
0  62  2.499244
1  62  2.498368
2  62  2.498717
3  62  2.498399
4  62  2.499109
5  62  2.498517
6  62  2.499072
7  62  2.498761
8  62  2.498796
9  62  2.497309
10  62  2.496928
11  62  2.497211
12  62  2.497179
13  62  2.499317
14  62  2.498006
15  62  2.497850
16  62  2.498637
17  62  2.497232
18  62  2.496078
19  62  2.497321
20  62  2.497879
21  62  2.498691
22  62  2.498369
23  62  2.496268
24  62  2.497587
25  62  2.498342
26  62  2.499236
27  62  2.498414
28  62  2.498867
29  62  2.498963
30  62  2.499693
31  62  2.499537
32  62  2.499131
33  62  2.499430
34  62  2.499533
35  62  2.498239
36  62  2.497503
37  62  2.498821
38  62  2.497584
39  62  2.498445
40  62  2.498614
41  62  2.498851
42  62  2.498897
43  62  2.499794
44  62  2.498719
45  62  2.497943
46  62  2.497451
47  62  2.498467
48  62  2.499332
49  62  2.499407
50  62  2.498979
51  62  2.498892
52  62  2.498954
53  62  2.499455
54  62  2.498713
55  62  2.498623
56  62  2.497671
57  62  2.497423
58  62  2.498392
59  62  2.498159
60  62  2.499165
61  62  2.498052
62  62  2.498381
63  62  2.498025
0  63  2.499416
1  63  2.498291
2  63  2.498298
3  63  2.498025
4  63  2.499429
5  63  2.499445
6  63  2.499487
7  63  2.499349
8  63  2.498903
9  63  2.498214
10  63  2.496858
11  63  2.497278
12  63  2.496814
13  63  2.498144
14  63  2.498112
15  63  2.497919
16  63  2.498570
17  63  2.498148
18  63  2.497690
19  63  2.498137
20  63  2.498155
21  63  2.497098
22  63  2.497499
23  63  2.495939
24  63  2.497767
25  63  2.497930
26  63  2.499546
27  63  2.498726
28  63  2.499029
29  63  2.498858
30  63  2.498505
31  63  2.498302
32  63  2.497160
33  63  2.498386
34  63  2.499658
35  63  2.498613
36  63  2.497912
37  63  2.498932
38  63  2.497978
39  63  2.497817
40  63  2.497868
41  63  2.497950
42  63  2.497978
43  63  2.499310
44  63  2.498836
45  63  2.498543
46  63  2.498501
47  63  2.499025
48  63  2.499470
49  63  2.499468
50  63  2.499445
51  63  2.498930
52  63  2.498450
53  63  2.498781
54  63  2.498098
55  63  2.498946
56  63  2.498149
57  63  2.497482
58  63  2.497650
59  63  2.497887
60  63  2.498695
61  63  2.497924
62  63  2.498472
63  63  2.498738
