# Mass field m(x,y) = Delta * R(x,y) at t = 40 seconds
# Grid: 64 x 64
# Columns: x  y  mass
0  0  2.499564
1  0  2.496640
2  0  2.497343
3  0  2.496782
4  0  2.498477
5  0  2.498600
6  0  2.499304
7  0  2.499612
8  0  2.499455
9  0  2.499444
10  0  2.499531
11  0  2.499124
12  0  2.498993
13  0  2.497062
14  0  2.498038
15  0  2.498003
16  0  2.499180
17  0  2.499055
18  0  2.498996
19  0  2.498842
20  0  2.499324
21  0  2.499667
22  0  2.498988
23  0  2.498661
24  0  2.497633
25  0  2.498125
26  0  2.498807
27  0  2.498812
28  0  2.498143
29  0  2.497476
30  0  2.498276
31  0  2.498934
32  0  2.498811
33  0  2.498914
34  0  2.498806
35  0  2.499331
36  0  2.499267
37  0  2.499217
38  0  2.499295
39  0  2.499578
40  0  2.499595
41  0  2.499602
42  0  2.499614
43  0  2.497816
44  0  2.497081
45  0  2.496925
46  0  2.498594
47  0  2.498901
48  0  2.499016
49  0  2.498776
50  0  2.498420
51  0  2.498600
52  0  2.497525
53  0  2.495336
54  0  2.495020
55  0  2.496145
56  0  2.498760
57  0  2.499123
58  0  2.499273
59  0  2.499341
60  0  2.499318
61  0  2.499301
62  0  2.499518
63  0  2.499278
0  1  2.498891
1  1  2.497014
2  1  2.497834
3  1  2.498202
4  1  2.498174
5  1  2.496959
6  1  2.497980
7  1  2.498337
8  1  2.499545
9  1  2.499614
10  1  2.499681
11  1  2.499283
12  1  2.499005
13  1  2.497855
14  1  2.499100
15  1  2.498996
16  1  2.499161
17  1  2.497703
18  1  2.497877
19  1  2.497715
20  1  2.498636
21  1  2.499235
22  1  2.499198
23  1  2.499412
24  1  2.499049
25  1  2.498321
26  1  2.498336
27  1  2.498484
28  1  2.498439
29  1  2.498608
30  1  2.498199
31  1  2.498603
32  1  2.498145
33  1  2.499238
34  1  2.499148
35  1  2.499215
36  1  2.498344
37  1  2.498463
38  1  2.498938
39  1  2.499640
40  1  2.499423
41  1  2.498864
42  1  2.498792
43  1  2.496205
44  1  2.496644
45  1  2.497041
46  1  2.498638
47  1  2.498958
48  1  2.499006
49  1  2.498793
50  1  2.497455
51  1  2.497507
52  1  2.496214
53  1  2.499110
54  1  2.499461
55  1  2.499490
56  1  2.499548
57  1  2.498953
58  1  2.498803
59  1  2.499301
60  1  2.499101
61  1  2.498781
62  1  2.499221
63  1  2.498490
0  2  2.498737
1  2  2.498747
2  2  2.499460
3  2  2.499380
4  2  2.498016
5  2  2.496333
6  2  2.498262
7  2  2.497517
8  2  2.498985
9  2  2.498543
10  2  2.499498
11  2  2.498709
12  2  2.498878
13  2  2.498353
14  2  2.499480
15  2  2.499237
16  2  2.499313
17  2  2.498403
18  2  2.499262
19  2  2.498112
20  2  2.498499
21  2  2.498657
22  2  2.499112
23  2  2.499317
24  2  2.499311
25  2  2.497945
26  2  2.497195
27  2  2.498460
28  2  2.498347
29  2  2.498514
30  2  2.497970
31  2  2.498352
32  2  2.497981
33  2  2.499235
34  2  2.499321
35  2  2.498491
36  2  2.498135
37  2  2.498642
38  2  2.498455
39  2  2.498776
40  2  2.498657
41  2  2.498802
42  2  2.498548
43  2  2.494371
44  2  2.496779
45  2  2.496461
46  2  2.498605
47  2  2.498705
48  2  2.499455
49  2  2.499098
50  2  2.497599
51  2  2.496813
52  2  2.495991
53  2  2.498708
54  2  2.499007
55  2  2.499185
56  2  2.499343
57  2  2.498920
58  2  2.498701
59  2  2.499100
60  2  2.499006
61  2  2.499483
62  2  2.498897
63  2  2.498054
0  3  2.497208
1  3  2.498833
2  3  2.499479
3  3  2.499116
4  3  2.498053
5  3  2.496590
6  3  2.498482
7  3  2.497303
8  3  2.498036
9  3  2.497988
10  3  2.498034
11  3  2.498528
12  3  2.499132
13  3  2.499500
14  3  2.499229
15  3  2.499220
16  3  2.499610
17  3  2.498300
18  3  2.498148
19  3  2.497437
20  3  2.498848
21  3  2.499072
22  3  2.499134
23  3  2.498390
24  3  2.497728
25  3  2.496622
26  3  2.496874
27  3  2.498609
28  3  2.498729
29  3  2.499365
30  3  2.498567
31  3  2.498430
32  3  2.498443
33  3  2.499357
34  3  2.499544
35  3  2.497952
36  3  2.498183
37  3  2.499368
38  3  2.497711
39  3  2.498245
40  3  2.498461
41  3  2.498447
42  3  2.498372
43  3  2.496723
44  3  2.497499
45  3  2.496363
46  3  2.497986
47  3  2.497975
48  3  2.498909
49  3  2.498568
50  3  2.496977
51  3  2.496879
52  3  2.496757
53  3  2.498795
54  3  2.497977
55  3  2.498121
56  3  2.498289
57  3  2.499196
58  3  2.498901
59  3  2.498592
60  3  2.498343
61  3  2.498964
62  3  2.497463
63  3  2.496101
0  4  2.496274
1  4  2.498868
2  4  2.499431
3  4  2.498959
4  4  2.499218
5  4  2.498060
6  4  2.499025
7  4  2.498104
8  4  2.498334
9  4  2.497120
10  4  2.497084
11  4  2.497800
12  4  2.498882
13  4  2.499276
14  4  2.498483
15  4  2.498374
16  4  2.498896
17  4  2.498625
18  4  2.499089
19  4  2.499019
20  4  2.499603
21  4  2.499273
22  4  2.499237
23  4  2.498548
24  4  2.497724
25  4  2.497262
26  4  2.497463
27  4  2.498453
28  4  2.498665
29  4  2.499072
30  4  2.499136
31  4  2.499292
32  4  2.499395
33  4  2.499242
34  4  2.499248
35  4  2.498200
36  4  2.498355
37  4  2.498686
38  4  2.497190
39  4  2.498025
40  4  2.498562
41  4  2.498045
42  4  2.498189
43  4  2.498081
44  4  2.498970
45  4  2.498935
46  4  2.498277
47  4  2.497557
48  4  2.498713
49  4  2.498452
50  4  2.498216
51  4  2.498404
52  4  2.498149
53  4  2.498621
54  4  2.498716
55  4  2.498299
56  4  2.498105
57  4  2.497925
58  4  2.498193
59  4  2.498397
60  4  2.499014
61  4  2.499145
62  4  2.497216
63  4  2.496079
0  5  2.497664
1  5  2.499705
2  5  2.499479
3  5  2.499539
4  5  2.499653
5  5  2.498886
6  5  2.498921
7  5  2.499057
8  5  2.497281
9  5  2.495326
10  5  2.494645
11  5  2.496666
12  5  2.498991
13  5  2.499515
14  5  2.498388
15  5  2.498371
16  5  2.498798
17  5  2.499595
18  5  2.499819
19  5  2.499670
20  5  2.499653
21  5  2.499349
22  5  2.499385
23  5  2.498604
24  5  2.497310
25  5  2.497911
26  5  2.498246
27  5  2.497924
28  5  2.499365
29  5  2.499680
30  5  2.499623
31  5  2.499339
32  5  2.499254
33  5  2.499241
34  5  2.499196
35  5  2.498870
36  5  2.498496
37  5  2.498802
38  5  2.497883
39  5  2.498892
40  5  2.498703
41  5  2.498260
42  5  2.498454
43  5  2.499084
44  5  2.499645
45  5  2.499739
46  5  2.498056
47  5  2.497698
48  5  2.498627
49  5  2.498562
50  5  2.497521
51  5  2.497747
52  5  2.497989
53  5  2.499390
54  5  2.498284
55  5  2.498008
56  5  2.497349
57  5  2.497680
58  5  2.498119
59  5  2.498256
60  5  2.498786
61  5  2.498687
62  5  2.499063
63  5  2.498191
0  6  2.498344
1  6  2.499663
2  6  2.499252
3  6  2.499406
4  6  2.499358
5  6  2.498500
6  6  2.498041
7  6  2.498702
8  6  2.497628
9  6  2.497020
10  6  2.496220
11  6  2.496294
12  6  2.499134
13  6  2.499181
14  6  2.498879
15  6  2.498873
16  6  2.498631
17  6  2.499570
18  6  2.499363
19  6  2.499534
20  6  2.499501
21  6  2.499312
22  6  2.499307
23  6  2.499060
24  6  2.497272
25  6  2.497076
26  6  2.497396
27  6  2.497193
28  6  2.495918
29  6  2.498712
30  6  2.498526
31  6  2.499614
32  6  2.499012
33  6  2.499288
34  6  2.499259
35  6  2.499331
36  6  2.499540
37  6  2.498766
38  6  2.498902
39  6  2.499320
40  6  2.499167
41  6  2.498671
42  6  2.499138
43  6  2.498977
44  6  2.499170
45  6  2.498961
46  6  2.497899
47  6  2.497776
48  6  2.498820
49  6  2.499319
50  6  2.498150
51  6  2.498140
52  6  2.498498
53  6  2.499072
54  6  2.498517
55  6  2.498217
56  6  2.497382
57  6  2.497133
58  6  2.498284
59  6  2.497826
60  6  2.497607
61  6  2.497593
62  6  2.497625
63  6  2.498353
0  7  2.498405
1  7  2.499370
2  7  2.499128
3  7  2.499646
4  7  2.499198
5  7  2.497928
6  7  2.497841
7  7  2.498541
8  7  2.498957
9  7  2.498742
10  7  2.497151
11  7  2.495841
12  7  2.499153
13  7  2.498832
14  7  2.499064
15  7  2.498847
16  7  2.498388
17  7  2.498691
18  7  2.498597
19  7  2.498871
20  7  2.498678
21  7  2.498125
22  7  2.497876
23  7  2.498413
24  7  2.496501
25  7  2.497335
26  7  2.497505
27  7  2.496929
28  7  2.494623
29  7  2.498413
30  7  2.498186
31  7  2.499482
32  7  2.499334
33  7  2.499152
34  7  2.498909
35  7  2.499403
36  7  2.499403
37  7  2.499123
38  7  2.499165
39  7  2.499277
40  7  2.498909
41  7  2.498638
42  7  2.497205
43  7  2.495492
44  7  2.495918
45  7  2.495486
46  7  2.497525
47  7  2.497805
48  7  2.498652
49  7  2.498701
50  7  2.497888
51  7  2.497901
52  7  2.498705
53  7  2.498776
54  7  2.497494
55  7  2.498634
56  7  2.498942
57  7  2.499203
58  7  2.499519
59  7  2.497586
60  7  2.496755
61  7  2.497065
62  7  2.497516
63  7  2.498264
0  8  2.499051
1  8  2.498730
2  8  2.498914
3  8  2.499654
4  8  2.499381
5  8  2.497928
6  8  2.498690
7  8  2.498361
8  8  2.498545
9  8  2.498834
10  8  2.498134
11  8  2.497458
12  8  2.497827
13  8  2.497504
14  8  2.497972
15  8  2.498855
16  8  2.498739
17  8  2.498563
18  8  2.498435
19  8  2.499149
20  8  2.498961
21  8  2.498854
22  8  2.498104
23  8  2.498189
24  8  2.497808
25  8  2.499132
26  8  2.498283
27  8  2.495683
28  8  2.494067
29  8  2.498921
30  8  2.498379
31  8  2.499447
32  8  2.498408
33  8  2.498098
34  8  2.497745
35  8  2.498538
36  8  2.498389
37  8  2.498218
38  8  2.497940
39  8  2.498084
40  8  2.498149
41  8  2.498685
42  8  2.497555
43  8  2.497504
44  8  2.497957
45  8  2.495389
46  8  2.496918
47  8  2.497669
48  8  2.498661
49  8  2.498801
50  8  2.497648
51  8  2.496171
52  8  2.496524
53  8  2.498008
54  8  2.497657
55  8  2.498433
56  8  2.498538
57  8  2.498448
58  8  2.498940
59  8  2.497297
60  8  2.496863
61  8  2.497173
62  8  2.498002
63  8  2.498631
0  9  2.499184
1  9  2.498477
2  9  2.498851
3  9  2.498642
4  9  2.497924
5  9  2.495864
6  9  2.496123
7  9  2.495925
8  9  2.497294
9  9  2.498236
10  9  2.498873
11  9  2.498232
12  9  2.497395
13  9  2.497231
14  9  2.497642
15  9  2.498640
16  9  2.498735
17  9  2.498686
18  9  2.499015
19  9  2.499469
20  9  2.499320
21  9  2.498262
22  9  2.497898
23  9  2.497964
24  9  2.497713
25  9  2.499749
26  9  2.499232
27  9  2.497077
28  9  2.497540
29  9  2.499253
30  9  2.498839
31  9  2.499473
32  9  2.498534
33  9  2.497955
34  9  2.497441
35  9  2.498547
36  9  2.499105
37  9  2.498972
38  9  2.498756
39  9  2.498604
40  9  2.497743
41  9  2.498452
42  9  2.497651
43  9  2.498622
44  9  2.498917
45  9  2.497132
46  9  2.497683
47  9  2.498435
48  9  2.499261
49  9  2.498905
50  9  2.497880
51  9  2.497242
52  9  2.497608
53  9  2.498079
54  9  2.497818
55  9  2.498142
56  9  2.497953
57  9  2.498396
58  9  2.498448
59  9  2.498290
60  9  2.498813
61  9  2.498990
62  9  2.498308
63  9  2.498501
0  10  2.498958
1  10  2.498093
2  10  2.498665
3  10  2.498114
4  10  2.498147
5  10  2.496956
6  10  2.497411
7  10  2.497170
8  10  2.499084
9  10  2.498442
10  10  2.498880
11  10  2.498888
12  10  2.498116
13  10  2.498247
14  10  2.498533
15  10  2.499375
16  10  2.499112
17  10  2.498875
18  10  2.499248
19  10  2.499024
20  10  2.499403
21  10  2.498919
22  10  2.498729
23  10  2.497688
24  10  2.497332
25  10  2.497540
26  10  2.498143
27  10  2.497647
28  10  2.498542
29  10  2.498692
30  10  2.499319
31  10  2.499770
32  10  2.498854
33  10  2.497401
34  10  2.496396
35  10  2.497630
36  10  2.498945
37  10  2.498594
38  10  2.497997
39  10  2.497620
40  10  2.497802
41  10  2.498490
42  10  2.498426
43  10  2.499583
44  10  2.499599
45  10  2.499581
46  10  2.498515
47  10  2.499228
48  10  2.499415
49  10  2.499388
50  10  2.497792
51  10  2.497193
52  10  2.498113
53  10  2.498404
54  10  2.498963
55  10  2.498543
56  10  2.498150
57  10  2.497530
58  10  2.498009
59  10  2.498552
60  10  2.498742
61  10  2.498726
62  10  2.499411
63  10  2.498673
0  11  2.498175
1  11  2.497763
2  11  2.497855
3  11  2.497672
4  11  2.498148
5  11  2.497875
6  11  2.498190
7  11  2.498052
8  11  2.499043
9  11  2.498126
10  11  2.497573
11  11  2.497804
12  11  2.498057
13  11  2.498314
14  11  2.497977
15  11  2.497848
16  11  2.498197
17  11  2.498277
18  11  2.499051
19  11  2.498732
20  11  2.499346
21  11  2.499053
22  11  2.498665
23  11  2.496900
24  11  2.495867
25  11  2.495702
26  11  2.497239
27  11  2.498848
28  11  2.498574
29  11  2.498787
30  11  2.499101
31  11  2.499633
32  11  2.499517
33  11  2.498333
34  11  2.497796
35  11  2.498326
36  11  2.498190
37  11  2.497844
38  11  2.498269
39  11  2.498612
40  11  2.498523
41  11  2.498166
42  11  2.498035
43  11  2.499225
44  11  2.499346
45  11  2.498626
46  11  2.498556
47  11  2.499166
48  11  2.499766
49  11  2.499575
50  11  2.498267
51  11  2.497561
52  11  2.498809
53  11  2.498889
54  11  2.499140
55  11  2.498591
56  11  2.497390
57  11  2.496928
58  11  2.497657
59  11  2.499046
60  11  2.499070
61  11  2.498719
62  11  2.498664
63  11  2.498198
0  12  2.497843
1  12  2.497729
2  12  2.497825
3  12  2.498181
4  12  2.498178
5  12  2.498133
6  12  2.498076
7  12  2.498357
8  12  2.498334
9  12  2.498223
10  12  2.497966
11  12  2.498531
12  12  2.498546
13  12  2.498490
14  12  2.498627
15  12  2.497785
16  12  2.498126
17  12  2.497699
18  12  2.498853
19  12  2.498747
20  12  2.499244
21  12  2.499693
22  12  2.498920
23  12  2.497453
24  12  2.497863
25  12  2.497886
26  12  2.498785
27  12  2.499327
28  12  2.498842
29  12  2.499442
30  12  2.499183
31  12  2.499288
32  12  2.499540
33  12  2.497693
34  12  2.497340
35  12  2.497195
36  12  2.498166
37  12  2.498187
38  12  2.498646
39  12  2.499199
40  12  2.499297
41  12  2.498998
42  12  2.498799
43  12  2.498810
44  12  2.499100
45  12  2.498770
46  12  2.498793
47  12  2.499363
48  12  2.499759
49  12  2.498782
50  12  2.498761
51  12  2.498428
52  12  2.499535
53  12  2.499453
54  12  2.499149
55  12  2.498376
56  12  2.496779
57  12  2.497006
58  12  2.498093
59  12  2.499243
60  12  2.498598
61  12  2.497980
62  12  2.497947
63  12  2.497746
0  13  2.498206
1  13  2.498260
2  13  2.498234
3  13  2.498410
4  13  2.498536
5  13  2.498877
6  13  2.498985
7  13  2.498973
8  13  2.497898
9  13  2.497864
10  13  2.497707
11  13  2.498317
12  13  2.497433
13  13  2.496224
14  13  2.497963
15  13  2.497738
16  13  2.496768
17  13  2.495808
18  13  2.498002
19  13  2.498741
20  13  2.498832
21  13  2.499650
22  13  2.499170
23  13  2.497854
24  13  2.497202
25  13  2.497184
26  13  2.498097
27  13  2.499166
28  13  2.499024
29  13  2.499599
30  13  2.499398
31  13  2.499385
32  13  2.499440
33  13  2.498833
34  13  2.498806
35  13  2.498706
36  13  2.498519
37  13  2.498256
38  13  2.498398
39  13  2.499319
40  13  2.499124
41  13  2.498917
42  13  2.498757
43  13  2.498996
44  13  2.499293
45  13  2.497779
46  13  2.497489
47  13  2.497245
48  13  2.498901
49  13  2.498758
50  13  2.499116
51  13  2.498959
52  13  2.499644
53  13  2.499236
54  13  2.499024
55  13  2.498619
56  13  2.498238
57  13  2.497974
58  13  2.497448
59  13  2.498904
60  13  2.498529
61  13  2.498510
62  13  2.498009
63  13  2.498242
0  14  2.498366
1  14  2.498343
2  14  2.498879
3  14  2.499308
4  14  2.498075
5  14  2.498217
6  14  2.498791
7  14  2.498760
8  14  2.498170
9  14  2.498882
10  14  2.498952
11  14  2.498520
12  14  2.497253
13  14  2.496426
14  14  2.499020
15  14  2.498614
16  14  2.497921
17  14  2.497394
18  14  2.497956
19  14  2.498742
20  14  2.498293
21  14  2.499108
22  14  2.499351
23  14  2.499211
24  14  2.499138
25  14  2.498711
26  14  2.498380
27  14  2.498696
28  14  2.499370
29  14  2.499640
30  14  2.499460
31  14  2.498881
32  14  2.498603
33  14  2.498416
34  14  2.498850
35  14  2.499327
36  14  2.499285
37  14  2.498630
38  14  2.497957
39  14  2.498403
40  14  2.498905
41  14  2.499066
42  14  2.499085
43  14  2.498926
44  14  2.499024
45  14  2.498268
46  14  2.498362
47  14  2.497663
48  14  2.497995
49  14  2.498155
50  14  2.498832
51  14  2.499311
52  14  2.499529
53  14  2.498846
54  14  2.498680
55  14  2.497522
56  14  2.496023
57  14  2.496477
58  14  2.496941
59  14  2.499225
60  14  2.498901
61  14  2.499138
62  14  2.499165
63  14  2.498589
0  15  2.498122
1  15  2.496984
2  15  2.497893
3  15  2.499522
4  15  2.497913
5  15  2.498417
6  15  2.498957
7  15  2.499049
8  15  2.498615
9  15  2.498986
10  15  2.498580
11  15  2.498499
12  15  2.497738
13  15  2.497675
14  15  2.497651
15  15  2.497849
16  15  2.497257
17  15  2.497184
18  15  2.496103
19  15  2.497956
20  15  2.496349
21  15  2.496641
22  15  2.497692
23  15  2.498384
24  15  2.498574
25  15  2.498577
26  15  2.499363
27  15  2.499515
28  15  2.499754
29  15  2.499855
30  15  2.499791
31  15  2.499001
32  15  2.498420
33  15  2.498638
34  15  2.499115
35  15  2.499491
36  15  2.499655
37  15  2.499401
38  15  2.498561
39  15  2.498505
40  15  2.498283
41  15  2.498634
42  15  2.498586
43  15  2.498731
44  15  2.498878
45  15  2.498030
46  15  2.497829
47  15  2.497720
48  15  2.497744
49  15  2.497950
50  15  2.498554
51  15  2.499137
52  15  2.499340
53  15  2.498905
54  15  2.499097
55  15  2.497998
56  15  2.497009
57  15  2.497000
58  15  2.497819
59  15  2.499044
60  15  2.499521
61  15  2.499346
62  15  2.499287
63  15  2.498048
0  16  2.497362
1  16  2.496700
2  16  2.497537
3  16  2.499175
4  16  2.498261
5  16  2.498765
6  16  2.498804
7  16  2.499463
8  16  2.498760
9  16  2.498689
10  16  2.498299
11  16  2.499307
12  16  2.498584
13  16  2.497999
14  16  2.498471
15  16  2.499066
16  16  2.498269
17  16  2.498374
18  16  2.497726
19  16  2.498553
20  16  2.496808
21  16  2.496897
22  16  2.498048
23  16  2.498525
24  16  2.498714
25  16  2.498509
26  16  2.499570
27  16  2.499302
28  16  2.499434
29  16  2.499548
30  16  2.499864
31  16  2.498992
32  16  2.498537
33  16  2.498127
34  16  2.498512
35  16  2.499142
36  16  2.499443
37  16  2.499476
38  16  2.498734
39  16  2.498626
40  16  2.498247
41  16  2.499289
42  16  2.498231
43  16  2.498296
44  16  2.498528
45  16  2.499003
46  16  2.498930
47  16  2.498756
48  16  2.498178
49  16  2.497897
50  16  2.498309
51  16  2.497986
52  16  2.498950
53  16  2.498475
54  16  2.498914
55  16  2.497866
56  16  2.497475
57  16  2.497018
58  16  2.498206
59  16  2.499269
60  16  2.498538
61  16  2.498142
62  16  2.498579
63  16  2.498054
0  17  2.497858
1  17  2.496911
2  17  2.497683
3  17  2.499120
4  17  2.499247
5  17  2.499116
6  17  2.499082
7  17  2.499283
8  17  2.498803
9  17  2.498749
10  17  2.498523
11  17  2.499299
12  17  2.497890
13  17  2.497228
14  17  2.499147
15  17  2.498104
16  17  2.497679
17  17  2.497817
18  17  2.498225
19  17  2.499304
20  17  2.498375
21  17  2.499154
22  17  2.498075
23  17  2.498492
24  17  2.498709
25  17  2.499063
26  17  2.499521
27  17  2.499231
28  17  2.499240
29  17  2.499121
30  17  2.499256
31  17  2.498417
32  17  2.498402
33  17  2.498299
34  17  2.499064
35  17  2.499336
36  17  2.499282
37  17  2.499291
38  17  2.499272
39  17  2.499539
40  17  2.499000
41  17  2.499296
42  17  2.498201
43  17  2.498073
44  17  2.498679
45  17  2.499261
46  17  2.499092
47  17  2.498336
48  17  2.497999
49  17  2.497759
50  17  2.498185
51  17  2.496630
52  17  2.498321
53  17  2.498000
54  17  2.499181
55  17  2.498763
56  17  2.498626
57  17  2.498444
58  17  2.498694
59  17  2.499562
60  17  2.497127
61  17  2.497410
62  17  2.498799
63  17  2.498343
0  18  2.498590
1  18  2.497977
2  18  2.498102
3  18  2.498827
4  18  2.499708
5  18  2.499197
6  18  2.499238
7  18  2.499298
8  18  2.499084
9  18  2.497624
10  18  2.496603
11  18  2.496926
12  18  2.497960
13  18  2.497652
14  18  2.498878
15  18  2.497726
16  18  2.498615
17  18  2.498229
18  18  2.498961
19  18  2.499077
20  18  2.498261
21  18  2.497738
22  18  2.497370
23  18  2.498054
24  18  2.499100
25  18  2.499443
26  18  2.499521
27  18  2.498988
28  18  2.498685
29  18  2.498669
30  18  2.499377
31  18  2.499409
32  18  2.499142
33  18  2.498325
34  18  2.498050
35  18  2.498272
36  18  2.498906
37  18  2.498767
38  18  2.498064
39  18  2.498461
40  18  2.498322
41  18  2.499301
42  18  2.498329
43  18  2.498433
44  18  2.498797
45  18  2.499254
46  18  2.498724
47  18  2.498106
48  18  2.497740
49  18  2.498099
50  18  2.498354
51  18  2.497899
52  18  2.499151
53  18  2.498390
54  18  2.499358
55  18  2.499062
56  18  2.499470
57  18  2.499258
58  18  2.499442
59  18  2.499829
60  18  2.497022
61  18  2.496902
62  18  2.498461
63  18  2.498288
0  19  2.499322
1  19  2.498375
2  19  2.498611
3  19  2.498826
4  19  2.499737
5  19  2.499213
6  19  2.499192
7  19  2.499082
8  19  2.498978
9  19  2.496771
10  19  2.496187
11  19  2.498045
12  19  2.499383
13  19  2.498935
14  19  2.498925
15  19  2.498083
16  19  2.498732
17  19  2.498297
18  19  2.499255
19  19  2.499120
20  19  2.498568
21  19  2.497595
22  19  2.497477
23  19  2.498145
24  19  2.499274
25  19  2.499434
26  19  2.499168
27  19  2.499350
28  19  2.499122
29  19  2.499472
30  19  2.499453
31  19  2.499568
32  19  2.498831
33  19  2.498374
34  19  2.497838
35  19  2.496663
36  19  2.498502
37  19  2.498569
38  19  2.497191
39  19  2.498174
40  19  2.499040
41  19  2.499552
42  19  2.499394
43  19  2.498978
44  19  2.499059
45  19  2.498988
46  19  2.498434
47  19  2.498026
48  19  2.497677
49  19  2.498511
50  19  2.498701
51  19  2.498348
52  19  2.499209
53  19  2.498918
54  19  2.499332
55  19  2.499126
56  19  2.498987
57  19  2.499396
58  19  2.499446
59  19  2.499517
60  19  2.497860
61  19  2.497769
62  19  2.498590
63  19  2.498410
0  20  2.499218
1  20  2.499006
2  20  2.499196
3  20  2.499043
4  20  2.499291
5  20  2.498833
6  20  2.498711
7  20  2.499087
8  20  2.498102
9  20  2.497309
10  20  2.496552
11  20  2.496254
12  20  2.497000
13  20  2.497568
14  20  2.498250
15  20  2.498735
16  20  2.499035
17  20  2.498807
18  20  2.499226
19  20  2.499446
20  20  2.499113
21  20  2.497576
22  20  2.497749
23  20  2.498154
24  20  2.499446
25  20  2.499521
26  20  2.499305
27  20  2.499185
28  20  2.498652
29  20  2.498481
30  20  2.498166
31  20  2.498124
32  20  2.498579
33  20  2.499247
34  20  2.497339
35  20  2.495947
36  20  2.498953
37  20  2.498698
38  20  2.496176
39  20  2.497036
40  20  2.498525
41  20  2.498753
42  20  2.499286
43  20  2.499449
44  20  2.499376
45  20  2.499320
46  20  2.499047
47  20  2.499484
48  20  2.498557
49  20  2.498929
50  20  2.498637
51  20  2.499016
52  20  2.498662
53  20  2.498538
54  20  2.498477
55  20  2.498030
56  20  2.497959
57  20  2.499213
58  20  2.499636
59  20  2.498958
60  20  2.498799
61  20  2.498867
62  20  2.499329
63  20  2.498995
0  21  2.499040
1  21  2.499282
2  21  2.499546
3  21  2.499608
4  21  2.499286
5  21  2.498408
6  21  2.498109
7  21  2.499164
8  21  2.496823
9  21  2.497123
10  21  2.496153
11  21  2.497200
12  21  2.497918
13  21  2.497892
14  21  2.497861
15  21  2.497801
16  21  2.498138
17  21  2.498462
18  21  2.498877
19  21  2.498941
20  21  2.498859
21  21  2.497519
22  21  2.498310
23  21  2.498654
24  21  2.499460
25  21  2.499342
26  21  2.498978
27  21  2.499061
28  21  2.498741
29  21  2.498697
30  21  2.498491
31  21  2.497771
32  21  2.498479
33  21  2.498857
34  21  2.496602
35  21  2.496193
36  21  2.499010
37  21  2.497601
38  21  2.496315
39  21  2.497013
40  21  2.498188
41  21  2.498365
42  21  2.499347
43  21  2.499354
44  21  2.498883
45  21  2.498667
46  21  2.498599
47  21  2.499288
48  21  2.499471
49  21  2.499587
50  21  2.499542
51  21  2.499444
52  21  2.499065
53  21  2.498515
54  21  2.498213
55  21  2.497979
56  21  2.497921
57  21  2.499426
58  21  2.499579
59  21  2.498297
60  21  2.498251
61  21  2.499238
62  21  2.498937
63  21  2.499182
0  22  2.498876
1  22  2.499182
2  22  2.499159
3  22  2.499194
4  22  2.499058
5  22  2.498395
6  22  2.497813
7  22  2.499206
8  22  2.498297
9  22  2.498275
10  22  2.496163
11  22  2.497484
12  22  2.498105
13  22  2.498344
14  22  2.499078
15  22  2.498080
16  22  2.498417
17  22  2.498325
18  22  2.498248
19  22  2.498383
20  22  2.498731
21  22  2.499038
22  22  2.499396
23  22  2.499277
24  22  2.499341
25  22  2.499351
26  22  2.499202
27  22  2.499361
28  22  2.498809
29  22  2.498756
30  22  2.498882
31  22  2.498666
32  22  2.498797
33  22  2.499325
34  22  2.496799
35  22  2.497714
36  22  2.499087
37  22  2.496867
38  22  2.496693
39  22  2.497361
40  22  2.498132
41  22  2.498421
42  22  2.499634
43  22  2.499664
44  22  2.499059
45  22  2.498699
46  22  2.498728
47  22  2.499506
48  22  2.498718
49  22  2.498995
50  22  2.499028
51  22  2.499678
52  22  2.499085
53  22  2.499098
54  22  2.499031
55  22  2.498699
56  22  2.498563
57  22  2.498343
58  22  2.498416
59  22  2.497850
60  22  2.498764
61  22  2.499466
62  22  2.498910
63  22  2.499189
0  23  2.499154
1  23  2.498887
2  23  2.499072
3  23  2.499435
4  23  2.499043
5  23  2.499112
6  23  2.498740
7  23  2.498789
8  23  2.497220
9  23  2.497478
10  23  2.497194
11  23  2.499735
12  23  2.499563
13  23  2.499075
14  23  2.498392
15  23  2.497776
16  23  2.498182
17  23  2.497525
18  23  2.497201
19  23  2.498610
20  23  2.498938
21  23  2.499135
22  23  2.499596
23  23  2.498907
24  23  2.498986
25  23  2.498903
26  23  2.498831
27  23  2.499169
28  23  2.499195
29  23  2.499120
30  23  2.499308
31  23  2.499407
32  23  2.499254
33  23  2.499196
34  23  2.496816
35  23  2.497220
36  23  2.497928
37  23  2.497664
38  23  2.498379
39  23  2.498565
40  23  2.498804
41  23  2.498479
42  23  2.499224
43  23  2.499509
44  23  2.498591
45  23  2.498407
46  23  2.498116
47  23  2.499162
48  23  2.498315
49  23  2.498968
50  23  2.498638
51  23  2.499074
52  23  2.499550
53  23  2.499512
54  23  2.499641
55  23  2.499499
56  23  2.499028
57  23  2.497913
58  23  2.496889
59  23  2.497735
60  23  2.497700
61  23  2.496170
62  23  2.496778
63  23  2.498078
0  24  2.499601
1  24  2.499284
2  24  2.498599
3  24  2.498562
4  24  2.498405
5  24  2.499153
6  24  2.499370
7  24  2.498943
8  24  2.498197
9  24  2.498247
10  24  2.498870
11  24  2.499438
12  24  2.499281
13  24  2.498952
14  24  2.498265
15  24  2.498324
16  24  2.498408
17  24  2.497643
18  24  2.497382
19  24  2.498581
20  24  2.499259
21  24  2.499490
22  24  2.499532
23  24  2.498844
24  24  2.499219
25  24  2.499051
26  24  2.498405
27  24  2.498858
28  24  2.499526
29  24  2.499115
30  24  2.499138
31  24  2.498073
32  24  2.498139
33  24  2.498991
34  24  2.498411
35  24  2.498896
36  24  2.498397
37  24  2.498989
38  24  2.498942
39  24  2.499022
40  24  2.498718
41  24  2.498083
42  24  2.498374
43  24  2.499292
44  24  2.498787
45  24  2.498187
46  24  2.497653
47  24  2.498418
48  24  2.498114
49  24  2.498671
50  24  2.498326
51  24  2.498877
52  24  2.499012
53  24  2.498557
54  24  2.498541
55  24  2.498784
56  24  2.498115
57  24  2.498337
58  24  2.497970
59  24  2.499098
60  24  2.497975
61  24  2.496135
62  24  2.497010
63  24  2.497262
0  25  2.499692
1  25  2.499146
2  25  2.499087
3  25  2.498814
4  25  2.499526
5  25  2.499283
6  25  2.499555
7  25  2.498790
8  25  2.498668
9  25  2.498202
10  25  2.498682
11  25  2.499341
12  25  2.499430
13  25  2.499374
14  25  2.498338
15  25  2.498005
16  25  2.497444
17  25  2.496607
18  25  2.495345
19  25  2.497579
20  25  2.497278
21  25  2.498147
22  25  2.498755
23  25  2.497910
24  25  2.498564
25  25  2.498476
26  25  2.497852
27  25  2.498200
28  25  2.499576
29  25  2.499449
30  25  2.498552
31  25  2.497386
32  25  2.497318
33  25  2.498444
34  25  2.499589
35  25  2.499662
36  25  2.499486
37  25  2.499480
38  25  2.499350
39  25  2.499419
40  25  2.499179
41  25  2.497792
42  25  2.497806
43  25  2.498404
44  25  2.497459
45  25  2.497167
46  25  2.498021
47  25  2.498204
48  25  2.498330
49  25  2.498732
50  25  2.498429
51  25  2.499078
52  25  2.498955
53  25  2.498522
54  25  2.498147
55  25  2.498678
56  25  2.498791
57  25  2.499060
58  25  2.499008
59  25  2.498605
60  25  2.497936
61  25  2.497000
62  25  2.497213
63  25  2.496874
0  26  2.498897
1  26  2.499247
2  26  2.499609
3  26  2.499347
4  26  2.499066
5  26  2.498774
6  26  2.499151
7  26  2.498968
8  26  2.498977
9  26  2.498383
10  26  2.498823
11  26  2.499608
12  26  2.499685
13  26  2.499784
14  26  2.498314
15  26  2.497876
16  26  2.497884
17  26  2.497898
18  26  2.496867
19  26  2.498331
20  26  2.497378
21  26  2.498003
22  26  2.498597
23  26  2.498286
24  26  2.498496
25  26  2.498826
26  26  2.498266
27  26  2.498579
28  26  2.498935
29  26  2.498808
30  26  2.498105
31  26  2.497006
32  26  2.496916
33  26  2.497780
34  26  2.499482
35  26  2.499586
36  26  2.499118
37  26  2.499135
38  26  2.499033
39  26  2.499383
40  26  2.499129
41  26  2.498405
42  26  2.498273
43  26  2.498674
44  26  2.497647
45  26  2.496886
46  26  2.497646
47  26  2.497967
48  26  2.498141
49  26  2.498533
50  26  2.498808
51  26  2.499320
52  26  2.499015
53  26  2.498500
54  26  2.498097
55  26  2.497808
56  26  2.497618
57  26  2.497484
58  26  2.498473
59  26  2.497975
60  26  2.499249
61  26  2.498042
62  26  2.496879
63  26  2.496563
0  27  2.499207
1  27  2.498693
2  27  2.499113
3  27  2.498477
4  27  2.498520
5  27  2.498592
6  27  2.498477
7  27  2.498435
8  27  2.499125
9  27  2.498884
10  27  2.498455
11  27  2.498402
12  27  2.497827
13  27  2.498575
14  27  2.498885
15  27  2.498789
16  27  2.497875
17  27  2.497717
18  27  2.496898
19  27  2.497699
20  27  2.496935
21  27  2.497214
22  27  2.497977
23  27  2.498096
24  27  2.497702
25  27  2.498369
26  27  2.498425
27  27  2.498607
28  27  2.498827
29  27  2.499011
30  27  2.498427
31  27  2.499266
32  27  2.498780
33  27  2.498273
34  27  2.498780
35  27  2.498585
36  27  2.498779
37  27  2.499203
38  27  2.499306
39  27  2.499497
40  27  2.499525
41  27  2.499057
42  27  2.498645
43  27  2.498640
44  27  2.498018
45  27  2.497588
46  27  2.496888
47  27  2.496753
48  27  2.496802
49  27  2.499099
50  27  2.499316
51  27  2.499272
52  27  2.499259
53  27  2.499263
54  27  2.498925
55  27  2.497237
56  27  2.496606
57  27  2.495180
58  27  2.497779
59  27  2.498320
60  27  2.499153
61  27  2.499030
62  27  2.498298
63  27  2.498939
0  28  2.498690
1  28  2.498667
2  28  2.499447
3  28  2.499198
4  28  2.498739
5  28  2.498466
6  28  2.497947
7  28  2.496786
8  28  2.498598
9  28  2.498878
10  28  2.498673
11  28  2.498317
12  28  2.497575
13  28  2.498278
14  28  2.498763
15  28  2.499112
16  28  2.499279
17  28  2.499206
18  28  2.499326
19  28  2.498558
20  28  2.498225
21  28  2.497477
22  28  2.498194
23  28  2.499383
24  28  2.498956
25  28  2.499286
26  28  2.498678
27  28  2.498810
28  28  2.497769
29  28  2.498556
30  28  2.498247
31  28  2.499152
32  28  2.498917
33  28  2.497374
34  28  2.497778
35  28  2.498310
36  28  2.499382
37  28  2.499106
38  28  2.498981
39  28  2.499083
40  28  2.499115
41  28  2.499117
42  28  2.498763
43  28  2.498393
44  28  2.498668
45  28  2.498451
46  28  2.498226
47  28  2.497530
48  28  2.496470
49  28  2.497977
50  28  2.498519
51  28  2.498430
52  28  2.498769
53  28  2.498772
54  28  2.498978
55  28  2.498571
56  28  2.497891
57  28  2.495843
58  28  2.496838
59  28  2.497959
60  28  2.497989
61  28  2.497797
62  28  2.497050
63  28  2.498614
0  29  2.499243
1  29  2.499310
2  29  2.499451
3  29  2.498675
4  29  2.498097
5  29  2.496500
6  29  2.497360
7  29  2.496516
8  29  2.497844
9  29  2.498075
10  29  2.497607
11  29  2.497738
12  29  2.497399
13  29  2.497688
14  29  2.498333
15  29  2.498420
16  29  2.499220
17  29  2.498980
18  29  2.499339
19  29  2.498456
20  29  2.498510
21  29  2.498040
22  29  2.498068
23  29  2.499300
24  29  2.499182
25  29  2.499580
26  29  2.498926
27  29  2.498627
28  29  2.497387
29  29  2.498055
30  29  2.497560
31  29  2.498132
32  29  2.497781
33  29  2.497320
34  29  2.497570
35  29  2.497867
36  29  2.498728
37  29  2.499034
38  29  2.499227
39  29  2.499363
40  29  2.498911
41  29  2.498921
42  29  2.498493
43  29  2.498327
44  29  2.498571
45  29  2.498358
46  29  2.497216
47  29  2.495560
48  29  2.495925
49  29  2.498414
50  29  2.499333
51  29  2.499205
52  29  2.499120
53  29  2.499257
54  29  2.499248
55  29  2.498955
56  29  2.498410
57  29  2.498700
58  29  2.499162
59  29  2.499246
60  29  2.498382
61  29  2.498353
62  29  2.498656
63  29  2.499321
0  30  2.499599
1  30  2.499533
2  30  2.499525
3  30  2.499410
4  30  2.498820
5  30  2.496874
6  30  2.498041
7  30  2.496722
8  30  2.497151
9  30  2.497988
10  30  2.498285
11  30  2.498464
12  30  2.498553
13  30  2.497933
14  30  2.497809
15  30  2.497725
16  30  2.497859
17  30  2.498939
18  30  2.499144
19  30  2.498448
20  30  2.498212
21  30  2.499313
22  30  2.499172
23  30  2.499256
24  30  2.498439
25  30  2.499081
26  30  2.498647
27  30  2.499190
28  30  2.498019
29  30  2.498061
30  30  2.497921
31  30  2.499241
32  30  2.498718
33  30  2.496765
34  30  2.496497
35  30  2.496531
36  30  2.498845
37  30  2.499051
38  30  2.498702
39  30  2.498918
40  30  2.498825
41  30  2.498907
42  30  2.498621
43  30  2.498486
44  30  2.498656
45  30  2.498455
46  30  2.497088
47  30  2.495701
48  30  2.496622
49  30  2.498553
50  30  2.499707
51  30  2.499500
52  30  2.499143
53  30  2.498868
54  30  2.498877
55  30  2.499163
56  30  2.499051
57  30  2.498626
58  30  2.498758
59  30  2.499079
60  30  2.498958
61  30  2.498779
62  30  2.498893
63  30  2.499355
0  31  2.499160
1  31  2.499091
2  31  2.499423
3  31  2.499307
4  31  2.498797
5  31  2.498355
6  31  2.497614
7  31  2.497633
8  31  2.498032
9  31  2.499360
10  31  2.498802
11  31  2.497665
12  31  2.497691
13  31  2.497115
14  31  2.497982
15  31  2.498367
16  31  2.498593
17  31  2.499499
18  31  2.499324
19  31  2.498723
20  31  2.497554
21  31  2.497989
22  31  2.498236
23  31  2.498358
24  31  2.496999
25  31  2.499100
26  31  2.498859
27  31  2.499253
28  31  2.499281
29  31  2.499179
30  31  2.498444
31  31  2.499134
32  31  2.498928
33  31  2.498158
34  31  2.498053
35  31  2.497190
36  31  2.498632
37  31  2.498579
38  31  2.498836
39  31  2.498995
40  31  2.499266
41  31  2.499431
42  31  2.499362
43  31  2.498842
44  31  2.498852
45  31  2.498766
46  31  2.497726
47  31  2.498450
48  31  2.498329
49  31  2.498513
50  31  2.499819
51  31  2.499758
52  31  2.499602
53  31  2.499153
54  31  2.499083
55  31  2.499096
56  31  2.499372
57  31  2.498878
58  31  2.498911
59  31  2.499031
60  31  2.499296
61  31  2.499348
62  31  2.499744
63  31  2.499597
0  32  2.499040
1  32  2.499325
2  32  2.498963
3  32  2.498550
4  32  2.497914
5  32  2.498111
6  32  2.497424
7  32  2.497556
8  32  2.498242
9  32  2.499531
10  32  2.498989
11  32  2.497114
12  32  2.497198
13  32  2.496393
14  32  2.497829
15  32  2.497962
16  32  2.497651
17  32  2.499262
18  32  2.499171
19  32  2.499186
20  32  2.498172
21  32  2.497788
22  32  2.498911
23  32  2.499065
24  32  2.496896
25  32  2.498790
26  32  2.499202
27  32  2.499266
28  32  2.499002
29  32  2.498702
30  32  2.499079
31  32  2.499442
32  32  2.499705
33  32  2.499049
34  32  2.499260
35  32  2.498198
36  32  2.498943
37  32  2.499106
38  32  2.499374
39  32  2.499341
40  32  2.499499
41  32  2.499761
42  32  2.499685
43  32  2.499459
44  32  2.498766
45  32  2.498812
46  32  2.498062
47  32  2.497316
48  32  2.496357
49  32  2.497646
50  32  2.499490
51  32  2.499777
52  32  2.498334
53  32  2.498422
54  32  2.498218
55  32  2.499219
56  32  2.499484
57  32  2.498765
58  32  2.498504
59  32  2.499181
60  32  2.499766
61  32  2.497223
62  32  2.496625
63  32  2.497464
0  33  2.498535
1  33  2.499097
2  33  2.498854
3  33  2.498234
4  33  2.497772
5  33  2.498286
6  33  2.498884
7  33  2.498950
8  33  2.498324
9  33  2.499348
10  33  2.499463
11  33  2.497541
12  33  2.497552
13  33  2.496639
14  33  2.499253
15  33  2.498842
16  33  2.499268
17  33  2.499394
18  33  2.499411
19  33  2.498691
20  33  2.498966
21  33  2.497653
22  33  2.498078
23  33  2.498642
24  33  2.498050
25  33  2.499009
26  33  2.498700
27  33  2.498632
28  33  2.498876
29  33  2.499290
30  33  2.498998
31  33  2.499140
32  33  2.499108
33  33  2.499302
34  33  2.499540
35  33  2.498783
36  33  2.498148
37  33  2.498549
38  33  2.498589
39  33  2.498976
40  33  2.499457
41  33  2.499494
42  33  2.499375
43  33  2.499228
44  33  2.498859
45  33  2.498936
46  33  2.498403
47  33  2.496793
48  33  2.496308
49  33  2.498153
50  33  2.499085
51  33  2.499444
52  33  2.497929
53  33  2.498633
54  33  2.498176
55  33  2.499544
56  33  2.499631
57  33  2.499437
58  33  2.499315
59  33  2.498984
60  33  2.499466
61  33  2.497360
62  33  2.496799
63  33  2.497725
0  34  2.498744
1  34  2.499301
2  34  2.498573
3  34  2.498448
4  34  2.498576
5  34  2.498920
6  34  2.498590
7  34  2.498685
8  34  2.498173
9  34  2.498615
10  34  2.498675
11  34  2.497526
12  34  2.496395
13  34  2.496217
14  34  2.498625
15  34  2.499094
16  34  2.499381
17  34  2.499559
18  34  2.499572
19  34  2.498947
20  34  2.498767
21  34  2.498253
22  34  2.499075
23  34  2.499323
24  34  2.499322
25  34  2.499162
26  34  2.498715
27  34  2.498182
28  34  2.498435
29  34  2.498441
30  34  2.498872
31  34  2.498754
32  34  2.498991
33  34  2.499091
34  34  2.499238
35  34  2.498744
36  34  2.498054
37  34  2.498332
38  34  2.497667
39  34  2.497608
40  34  2.499461
41  34  2.499442
42  34  2.499464
43  34  2.498775
44  34  2.498899
45  34  2.499477
46  34  2.499374
47  34  2.498696
48  34  2.497953
49  34  2.498450
50  34  2.498790
51  34  2.499519
52  34  2.498064
53  34  2.498415
54  34  2.497916
55  34  2.499579
56  34  2.499624
57  34  2.499678
58  34  2.499345
59  34  2.498916
60  34  2.498793
61  34  2.497508
62  34  2.496897
63  34  2.497831
0  35  2.498298
1  35  2.499101
2  35  2.499413
3  35  2.499200
4  35  2.498912
5  35  2.498781
6  35  2.498346
7  35  2.498580
8  35  2.498401
9  35  2.498941
10  35  2.498963
11  35  2.497986
12  35  2.497138
13  35  2.497262
14  35  2.498892
15  35  2.499434
16  35  2.499652
17  35  2.499425
18  35  2.499346
19  35  2.498983
20  35  2.498900
21  35  2.498719
22  35  2.499047
23  35  2.499369
24  35  2.499739
25  35  2.499869
26  35  2.499344
27  35  2.498393
28  35  2.498252
29  35  2.498978
30  35  2.499333
31  35  2.499057
32  35  2.498131
33  35  2.496949
34  35  2.497435
35  35  2.498325
36  35  2.498427
37  35  2.498023
38  35  2.497430
39  35  2.497587
40  35  2.499369
41  35  2.499063
42  35  2.499182
43  35  2.498759
44  35  2.498928
45  35  2.498913
46  35  2.498936
47  35  2.498956
48  35  2.498763
49  35  2.498772
50  35  2.498448
51  35  2.499009
52  35  2.498746
53  35  2.499294
54  35  2.498992
55  35  2.499696
56  35  2.498312
57  35  2.498656
58  35  2.498204
59  35  2.498306
60  35  2.498312
61  35  2.498443
62  35  2.498308
63  35  2.498168
0  36  2.498802
1  36  2.497527
2  36  2.498556
3  36  2.498201
4  36  2.499395
5  36  2.498919
6  36  2.498023
7  36  2.498086
8  36  2.498780
9  36  2.498161
10  36  2.498015
11  36  2.498378
12  36  2.498345
13  36  2.498574
14  36  2.498338
15  36  2.498853
16  36  2.498043
17  36  2.498458
18  36  2.498585
19  36  2.499276
20  36  2.499671
21  36  2.499658
22  36  2.499248
23  36  2.499105
24  36  2.498950
25  36  2.499392
26  36  2.499110
27  36  2.498292
28  36  2.498194
29  36  2.499096
30  36  2.498688
31  36  2.498493
32  36  2.497811
33  36  2.496748
34  36  2.497305
35  36  2.497704
36  36  2.499453
37  36  2.497937
38  36  2.497362
39  36  2.496892
40  36  2.498699
41  36  2.498601
42  36  2.498979
43  36  2.498822
44  36  2.498806
45  36  2.498592
46  36  2.498621
47  36  2.498114
48  36  2.498837
49  36  2.498830
50  36  2.498799
51  36  2.498565
52  36  2.498195
53  36  2.498010
54  36  2.498273
55  36  2.498674
56  36  2.497611
57  36  2.498773
58  36  2.497759
59  36  2.497278
60  36  2.497280
61  36  2.497755
62  36  2.497949
63  36  2.497677
0  37  2.498433
1  37  2.497463
2  37  2.498598
3  37  2.498246
4  37  2.499591
5  37  2.498998
6  37  2.498888
7  37  2.498899
8  37  2.499318
9  37  2.498648
10  37  2.498587
11  37  2.498436
12  37  2.498849
13  37  2.498995
14  37  2.497927
15  37  2.498479
16  37  2.496997
17  37  2.497066
18  37  2.497978
19  37  2.498151
20  37  2.499156
21  37  2.499285
22  37  2.498744
23  37  2.498889
24  37  2.498852
25  37  2.499151
26  37  2.498750
27  37  2.498151
28  37  2.497065
29  37  2.498073
30  37  2.497144
31  37  2.498959
32  37  2.498289
33  37  2.497298
34  37  2.497639
35  37  2.498092
36  37  2.499527
37  37  2.498528
38  37  2.498599
39  37  2.498497
40  37  2.499025
41  37  2.498828
42  37  2.498858
43  37  2.498837
44  37  2.498911
45  37  2.498365
46  37  2.498706
47  37  2.497988
48  37  2.498791
49  37  2.498890
50  37  2.499038
51  37  2.498325
52  37  2.498003
53  37  2.498262
54  37  2.498313
55  37  2.498079
56  37  2.497277
57  37  2.498526
58  37  2.498265
59  37  2.496720
60  37  2.496171
61  37  2.496748
62  37  2.496895
63  37  2.497337
0  38  2.499123
1  38  2.497962
2  38  2.498588
3  38  2.498200
4  38  2.499451
5  38  2.498896
6  38  2.499071
7  38  2.498897
8  38  2.498357
9  38  2.497135
10  38  2.497257
11  38  2.498768
12  38  2.499581
13  38  2.499626
14  38  2.497922
15  38  2.498080
16  38  2.496451
17  38  2.497761
18  38  2.499155
19  38  2.498709
20  38  2.499167
21  38  2.499258
22  38  2.498850
23  38  2.498783
24  38  2.498952
25  38  2.499062
26  38  2.499209
27  38  2.498951
28  38  2.498418
29  38  2.498549
30  38  2.497123
31  38  2.498718
32  38  2.498581
33  38  2.499093
34  38  2.498944
35  38  2.498553
36  38  2.499554
37  38  2.498004
38  38  2.497856
39  38  2.497835
40  38  2.499002
41  38  2.498672
42  38  2.497989
43  38  2.498148
44  38  2.498437
45  38  2.499057
46  38  2.499389
47  38  2.498802
48  38  2.498897
49  38  2.498549
50  38  2.499352
51  38  2.498294
52  38  2.498678
53  38  2.498571
54  38  2.498778
55  38  2.497450
56  38  2.498300
57  38  2.499095
58  38  2.498011
59  38  2.497414
60  38  2.497175
61  38  2.496607
62  38  2.497304
63  38  2.498013
0  39  2.498948
1  39  2.499064
2  39  2.499174
3  39  2.499176
4  39  2.499430
5  39  2.499304
6  39  2.498852
7  39  2.498804
8  39  2.497761
9  39  2.497861
10  39  2.496942
11  39  2.498922
12  39  2.498455
13  39  2.498843
14  39  2.498114
15  39  2.499129
16  39  2.498301
17  39  2.497770
18  39  2.497788
19  39  2.497704
20  39  2.498333
21  39  2.498837
22  39  2.498872
23  39  2.499186
24  39  2.499502
25  39  2.499132
26  39  2.499009
27  39  2.498337
28  39  2.496964
29  39  2.497079
30  39  2.497584
31  39  2.499145
32  39  2.499243
33  39  2.499446
34  39  2.499504
35  39  2.499455
36  39  2.499538
37  39  2.498580
38  39  2.498764
39  39  2.498701
40  39  2.499331
41  39  2.498686
42  39  2.497433
43  39  2.497464
44  39  2.497874
45  39  2.498390
46  39  2.499054
47  39  2.499037
48  39  2.499108
49  39  2.498920
50  39  2.499252
51  39  2.499215
52  39  2.499309
53  39  2.499630
54  39  2.499649
55  39  2.498714
56  39  2.499197
57  39  2.499076
58  39  2.498688
59  39  2.498515
60  39  2.496493
61  39  2.495876
62  39  2.496959
63  39  2.498650
0  40  2.498447
1  40  2.498672
2  40  2.499249
3  40  2.499441
4  40  2.499524
5  40  2.499524
6  40  2.498994
7  40  2.498884
8  40  2.497181
9  40  2.497754
10  40  2.496980
11  40  2.499099
12  40  2.498414
13  40  2.498676
14  40  2.498018
15  40  2.499008
16  40  2.499193
17  40  2.498136
18  40  2.498174
19  40  2.498644
20  40  2.499485
21  40  2.499139
22  40  2.499228
23  40  2.499282
24  40  2.499478
25  40  2.499227
26  40  2.499120
27  40  2.497878
28  40  2.497539
29  40  2.497483
30  40  2.498469
31  40  2.498888
32  40  2.499366
33  40  2.499250
34  40  2.499473
35  40  2.499334
36  40  2.499656
37  40  2.496772
38  40  2.495729
39  40  2.495681
40  40  2.497684
41  40  2.498024
42  40  2.497441
43  40  2.498024
44  40  2.498977
45  40  2.498651
46  40  2.498735
47  40  2.498656
48  40  2.498858
49  40  2.498590
50  40  2.498882
51  40  2.499107
52  40  2.499580
53  40  2.499802
54  40  2.499671
55  40  2.499198
56  40  2.499289
57  40  2.498747
58  40  2.499107
59  40  2.499119
60  40  2.497958
61  40  2.498134
62  40  2.498332
63  40  2.498408
0  41  2.496447
1  41  2.497689
2  41  2.498867
3  41  2.498900
4  41  2.498636
5  41  2.499203
6  41  2.499318
7  41  2.499615
8  41  2.498542
9  41  2.498765
10  41  2.498082
11  41  2.498875
12  41  2.498382
13  41  2.498607
14  41  2.498356
15  41  2.498638
16  41  2.499032
17  41  2.498067
18  41  2.498720
19  41  2.498778
20  41  2.499658
21  41  2.499395
22  41  2.499132
23  41  2.498722
24  41  2.498471
25  41  2.498212
26  41  2.498663
27  41  2.497864
28  41  2.497905
29  41  2.497669
30  41  2.498245
31  41  2.498520
32  41  2.499031
33  41  2.499251
34  41  2.499336
35  41  2.499516
36  41  2.499656
37  41  2.497915
38  41  2.496965
39  41  2.496750
40  41  2.497643
41  41  2.497974
42  41  2.497034
43  41  2.497749
44  41  2.497387
45  41  2.498362
46  41  2.498313
47  41  2.498826
48  41  2.498908
49  41  2.498878
50  41  2.498734
51  41  2.498857
52  41  2.499259
53  41  2.499525
54  41  2.499408
55  41  2.498968
56  41  2.498930
57  41  2.498815
58  41  2.499528
59  41  2.499348
60  41  2.498637
61  41  2.498857
62  41  2.498087
63  41  2.497714
0  42  2.497199
1  42  2.498068
2  42  2.498977
3  42  2.498693
4  42  2.498339
5  42  2.498515
6  42  2.499023
7  42  2.499215
8  42  2.498699
9  42  2.498968
10  42  2.499001
11  42  2.499011
12  42  2.498482
13  42  2.497776
14  42  2.497853
15  42  2.497887
16  42  2.498520
17  42  2.497870
18  42  2.498671
19  42  2.497926
20  42  2.499004
21  42  2.498997
22  42  2.499032
23  42  2.497972
24  42  2.498012
25  42  2.498491
26  42  2.499109
27  42  2.498073
28  42  2.498516
29  42  2.498531
30  42  2.498603
31  42  2.498127
32  42  2.498534
33  42  2.498862
34  42  2.499052
35  42  2.499180
36  42  2.498992
37  42  2.497759
38  42  2.496264
39  42  2.496864
40  42  2.497539
41  42  2.497928
42  42  2.496776
43  42  2.497187
44  42  2.497454
45  42  2.497720
46  42  2.497622
47  42  2.498369
48  42  2.498871
49  42  2.499283
50  42  2.498314
51  42  2.498577
52  42  2.498954
53  42  2.499498
54  42  2.499407
55  42  2.499119
56  42  2.498740
57  42  2.498730
58  42  2.499083
59  42  2.499054
60  42  2.499473
61  42  2.499271
62  42  2.498954
63  42  2.499391
0  43  2.496603
1  43  2.497931
2  43  2.498880
3  43  2.498415
4  43  2.498207
5  43  2.498059
6  43  2.498747
7  43  2.498984
8  43  2.498713
9  43  2.499059
10  43  2.499223
11  43  2.499534
12  43  2.499371
13  43  2.498991
14  43  2.498637
15  43  2.498066
16  43  2.498355
17  43  2.498662
18  43  2.499207
19  43  2.498629
20  43  2.498514
21  43  2.498646
22  43  2.498682
23  43  2.497623
24  43  2.497494
25  43  2.498461
26  43  2.497766
27  43  2.498509
28  43  2.498571
29  43  2.499108
30  43  2.498525
31  43  2.497672
32  43  2.498372
33  43  2.498549
34  43  2.498358
35  43  2.498343
36  43  2.498225
37  43  2.498354
38  43  2.497707
39  43  2.497939
40  43  2.498489
41  43  2.498877
42  43  2.498420
43  43  2.498456
44  43  2.499120
45  43  2.499432
46  43  2.499498
47  43  2.498871
48  43  2.499375
49  43  2.499498
50  43  2.498671
51  43  2.498997
52  43  2.499086
53  43  2.499573
54  43  2.499415
55  43  2.498943
56  43  2.498717
57  43  2.498816
58  43  2.499262
59  43  2.498625
60  43  2.499113
61  43  2.498322
62  43  2.497842
63  43  2.498227
0  44  2.497885
1  44  2.497772
2  44  2.498162
3  44  2.497545
4  44  2.497566
5  44  2.498006
6  44  2.499416
7  44  2.498710
8  44  2.498352
9  44  2.498057
10  44  2.498624
11  44  2.498868
12  44  2.499329
13  44  2.499203
14  44  2.498990
15  44  2.498465
16  44  2.498695
17  44  2.499170
18  44  2.499187
19  44  2.498029
20  44  2.497797
21  44  2.497778
22  44  2.498048
23  44  2.497837
24  44  2.497880
25  44  2.497370
26  44  2.496624
27  44  2.497483
28  44  2.498276
29  44  2.499073
30  44  2.498915
31  44  2.497769
32  44  2.498361
33  44  2.498586
34  44  2.498052
35  44  2.497736
36  44  2.497049
37  44  2.499018
38  44  2.498972
39  44  2.498886
40  44  2.498552
41  44  2.498458
42  44  2.498439
43  44  2.498189
44  44  2.498906
45  44  2.499372
46  44  2.499705
47  44  2.499311
48  44  2.499394
49  44  2.499269
50  44  2.498860
51  44  2.499193
52  44  2.499118
53  44  2.499687
54  44  2.499803
55  44  2.499441
56  44  2.498809
57  44  2.497725
58  44  2.498180
59  44  2.497952
60  44  2.499024
61  44  2.498206
62  44  2.498684
63  44  2.498871
0  45  2.498491
1  45  2.497684
2  45  2.498242
3  45  2.497446
4  45  2.497704
5  45  2.498489
6  45  2.499202
7  45  2.498404
8  45  2.498863
9  45  2.498825
10  45  2.499372
11  45  2.499150
12  45  2.498814
13  45  2.496187
14  45  2.496771
15  45  2.496738
16  45  2.499166
17  45  2.499392
18  45  2.498968
19  45  2.498539
20  45  2.498024
21  45  2.497760
22  45  2.497827
23  45  2.498772
24  45  2.498036
25  45  2.497429
26  45  2.497259
27  45  2.497746
28  45  2.498024
29  45  2.498688
30  45  2.498489
31  45  2.498107
32  45  2.498062
33  45  2.499160
34  45  2.498491
35  45  2.497676
36  45  2.496992
37  45  2.498916
38  45  2.498763
39  45  2.499661
40  45  2.499186
41  45  2.498336
42  45  2.497924
43  45  2.498065
44  45  2.499210
45  45  2.499383
46  45  2.499627
47  45  2.499139
48  45  2.498787
49  45  2.498666
50  45  2.498505
51  45  2.499287
52  45  2.498538
53  45  2.498638
54  45  2.498791
55  45  2.499462
56  45  2.499279
57  45  2.498500
58  45  2.498906
59  45  2.498898
60  45  2.499101
61  45  2.498524
62  45  2.498966
63  45  2.498727
0  46  2.498499
1  46  2.497871
2  46  2.498096
3  46  2.497541
4  46  2.497707
5  46  2.498563
6  46  2.498894
7  46  2.498842
8  46  2.499260
9  46  2.498431
10  46  2.499035
11  46  2.498819
12  46  2.498791
13  46  2.495699
14  46  2.496603
15  46  2.495302
16  46  2.497758
17  46  2.498051
18  46  2.497987
19  46  2.498534
20  46  2.497535
21  46  2.496789
22  46  2.496626
23  46  2.499069
24  46  2.498414
25  46  2.497447
26  46  2.497785
27  46  2.498226
28  46  2.498659
29  46  2.499060
30  46  2.498790
31  46  2.498712
32  46  2.498127
33  46  2.499190
34  46  2.498548
35  46  2.498800
36  46  2.497626
37  46  2.498446
38  46  2.497315
39  46  2.499296
40  46  2.499447
41  46  2.499008
42  46  2.498579
43  46  2.498402
44  46  2.498325
45  46  2.497849
46  46  2.498492
47  46  2.498075
48  46  2.499194
49  46  2.498607
50  46  2.498324
51  46  2.498848
52  46  2.497921
53  46  2.498673
54  46  2.498824
55  46  2.499413
56  46  2.498638
57  46  2.498515
58  46  2.499709
59  46  2.499610
60  46  2.499273
61  46  2.499238
62  46  2.499517
63  46  2.499056
0  47  2.499578
1  47  2.498357
2  47  2.498582
3  47  2.497968
4  47  2.498732
5  47  2.498392
6  47  2.498415
7  47  2.497682
8  47  2.498304
9  47  2.497903
10  47  2.498526
11  47  2.497246
12  47  2.498518
13  47  2.495256
14  47  2.496383
15  47  2.495451
16  47  2.498201
17  47  2.497865
18  47  2.498256
19  47  2.499099
20  47  2.497607
21  47  2.497523
22  47  2.497855
23  47  2.499264
24  47  2.498985
25  47  2.498869
26  47  2.499440
27  47  2.499095
28  47  2.498611
29  47  2.499053
30  47  2.498752
31  47  2.498470
32  47  2.498042
33  47  2.498925
34  47  2.498848
35  47  2.499037
36  47  2.499075
37  47  2.498985
38  47  2.497888
39  47  2.498842
40  47  2.498690
41  47  2.498890
42  47  2.499447
43  47  2.499104
44  47  2.498318
45  47  2.498207
46  47  2.498419
47  47  2.497952
48  47  2.498858
49  47  2.498663
50  47  2.498738
51  47  2.498837
52  47  2.496826
53  47  2.497154
54  47  2.497859
55  47  2.499186
56  47  2.497836
57  47  2.498899
58  47  2.499667
59  47  2.499246
60  47  2.498493
61  47  2.498401
62  47  2.499242
63  47  2.499646
0  48  2.499059
1  48  2.498116
2  48  2.498065
3  48  2.498162
4  48  2.498960
5  48  2.498574
6  48  2.498316
7  48  2.498232
8  48  2.498292
9  48  2.498576
10  48  2.498354
11  48  2.497519
12  48  2.498572
13  48  2.497910
14  48  2.498398
15  48  2.497829
16  48  2.498225
17  48  2.497769
18  48  2.498445
19  48  2.499244
20  48  2.498169
21  48  2.497314
22  48  2.496714
23  48  2.498511
24  48  2.498390
25  48  2.498366
26  48  2.499206
27  48  2.497978
28  48  2.497683
29  48  2.499134
30  48  2.499307
31  48  2.499326
32  48  2.498986
33  48  2.499218
34  48  2.498640
35  48  2.498763
36  48  2.499459
37  48  2.499022
38  48  2.498284
39  48  2.498744
40  48  2.498517
41  48  2.499014
42  48  2.499626
43  48  2.499359
44  48  2.498822
45  48  2.498555
46  48  2.498073
47  48  2.497942
48  48  2.498991
49  48  2.498952
50  48  2.498473
51  48  2.498309
52  48  2.497700
53  48  2.498069
54  48  2.498308
55  48  2.499120
56  48  2.498024
57  48  2.498675
58  48  2.498912
59  48  2.497904
60  48  2.498013
61  48  2.497959
62  48  2.499140
63  48  2.499633
0  49  2.498840
1  49  2.499268
2  49  2.498860
3  49  2.499125
4  49  2.499169
5  49  2.498892
6  49  2.498904
7  49  2.498849
8  49  2.499146
9  49  2.499051
10  49  2.499009
11  49  2.497316
12  49  2.498127
13  49  2.498469
14  49  2.499119
15  49  2.499333
16  49  2.499186
17  49  2.499062
18  49  2.498921
19  49  2.499000
20  49  2.499041
21  49  2.498435
22  49  2.498429
23  49  2.498563
24  49  2.497861
25  49  2.498598
26  49  2.499036
27  49  2.497608
28  49  2.497207
29  49  2.498028
30  49  2.499231
31  49  2.499285
32  49  2.499034
33  49  2.499355
34  49  2.498496
35  49  2.497845
36  49  2.499190
37  49  2.498463
38  49  2.498970
39  49  2.498586
40  49  2.498341
41  49  2.499053
42  49  2.499623
43  49  2.499722
44  49  2.499586
45  49  2.499782
46  49  2.499204
47  49  2.499326
48  49  2.497185
49  49  2.498288
50  49  2.497922
51  49  2.498515
52  49  2.498732
53  49  2.498863
54  49  2.498575
55  49  2.499182
56  49  2.498365
57  49  2.498841
58  49  2.498514
59  49  2.496936
60  49  2.496930
61  49  2.498227
62  49  2.499137
63  49  2.499332
0  50  2.498594
1  50  2.499480
2  50  2.499277
3  50  2.499513
4  50  2.499206
5  50  2.499401
6  50  2.498860
7  50  2.498573
8  50  2.499438
9  50  2.499502
10  50  2.499503
11  50  2.498735
12  50  2.499067
13  50  2.498506
14  50  2.499039
15  50  2.498917
16  50  2.499215
17  50  2.499172
18  50  2.498984
19  50  2.498809
20  50  2.499057
21  50  2.498473
22  50  2.498045
23  50  2.498178
24  50  2.497133
25  50  2.498582
26  50  2.498111
27  50  2.496503
28  50  2.497272
29  50  2.497831
30  50  2.499048
31  50  2.499208
32  50  2.499033
33  50  2.499575
34  50  2.499292
35  50  2.498616
36  50  2.498697
37  50  2.498035
38  50  2.498489
39  50  2.497905
40  50  2.498003
41  50  2.499554
42  50  2.499508
43  50  2.499463
44  50  2.499457
45  50  2.499347
46  50  2.499264
47  50  2.498866
48  50  2.496635
49  50  2.498525
50  50  2.498500
51  50  2.498856
52  50  2.498906
53  50  2.499262
54  50  2.498771
55  50  2.498808
56  50  2.499057
57  50  2.498960
58  50  2.498857
59  50  2.496756
60  50  2.497208
61  50  2.499201
62  50  2.499235
63  50  2.498792
0  51  2.498521
1  51  2.499264
2  51  2.498843
3  51  2.499147
4  51  2.498693
5  51  2.499573
6  51  2.499130
7  51  2.498968
8  51  2.499336
9  51  2.499549
10  51  2.499142
11  51  2.498717
12  51  2.498940
13  51  2.498225
14  51  2.499010
15  51  2.498904
16  51  2.499170
17  51  2.498712
18  51  2.498264
19  51  2.498206
20  51  2.498219
21  51  2.498676
22  51  2.497710
23  51  2.498270
24  51  2.497797
25  51  2.499182
26  51  2.498556
27  51  2.496462
28  51  2.497532
29  51  2.497335
30  51  2.499108
31  51  2.499306
32  51  2.499413
33  51  2.499720
34  51  2.499590
35  51  2.498879
36  51  2.498753
37  51  2.498135
38  51  2.498206
39  51  2.498001
40  51  2.497822
41  51  2.498962
42  51  2.498191
43  51  2.498622
44  51  2.498522
45  51  2.498957
46  51  2.498580
47  51  2.498656
48  51  2.496814
49  51  2.498283
50  51  2.498306
51  51  2.499162
52  51  2.499306
53  51  2.499402
54  51  2.499004
55  51  2.498968
56  51  2.499265
57  51  2.498696
58  51  2.498244
59  51  2.497267
60  51  2.498017
61  51  2.499520
62  51  2.499396
63  51  2.498451
0  52  2.498372
1  52  2.498467
2  52  2.497932
3  52  2.498041
4  52  2.497014
5  52  2.498345
6  52  2.498303
7  52  2.498820
8  52  2.498818
9  52  2.499258
10  52  2.498709
11  52  2.498644
12  52  2.499033
13  52  2.498498
14  52  2.499306
15  52  2.498839
16  52  2.498990
17  52  2.498215
18  52  2.499067
19  52  2.499042
20  52  2.499025
21  52  2.499009
22  52  2.498150
23  52  2.498683
24  52  2.498588
25  52  2.499286
26  52  2.498908
27  52  2.497125
28  52  2.497552
29  52  2.497300
30  52  2.498891
31  52  2.499048
32  52  2.499172
33  52  2.499476
34  52  2.499482
35  52  2.499553
36  52  2.498682
37  52  2.498422
38  52  2.497348
39  52  2.497780
40  52  2.498150
41  52  2.498868
42  52  2.498427
43  52  2.498718
44  52  2.498773
45  52  2.498842
46  52  2.498469
47  52  2.498700
48  52  2.498593
49  52  2.498808
50  52  2.498295
51  52  2.498075
52  52  2.498243
53  52  2.498580
54  52  2.498578
55  52  2.498831
56  52  2.499439
57  52  2.498956
58  52  2.498418
59  52  2.497654
60  52  2.498524
61  52  2.499311
62  52  2.499500
63  52  2.499004
0  53  2.498153
1  53  2.498343
2  53  2.497280
3  53  2.497712
4  53  2.496788
5  53  2.498842
6  53  2.497356
7  53  2.498491
8  53  2.498327
9  53  2.498955
10  53  2.497561
11  53  2.496600
12  53  2.496918
13  53  2.498572
14  53  2.499456
15  53  2.499288
16  53  2.499220
17  53  2.498029
18  53  2.499102
19  53  2.499167
20  53  2.499129
21  53  2.498959
22  53  2.498243
23  53  2.499151
24  53  2.498881
25  53  2.499207
26  53  2.498770
27  53  2.496734
28  53  2.496791
29  53  2.497663
30  53  2.499515
31  53  2.499263
32  53  2.499077
33  53  2.499387
34  53  2.499452
35  53  2.499475
36  53  2.498634
37  53  2.498735
38  53  2.498071
39  53  2.498675
40  53  2.498787
41  53  2.498222
42  53  2.497528
43  53  2.498215
44  53  2.498942
45  53  2.499612
46  53  2.499372
47  53  2.499603
48  53  2.499268
49  53  2.498898
50  53  2.498340
51  53  2.498588
52  53  2.498359
53  53  2.498684
54  53  2.499345
55  53  2.499512
56  53  2.499700
57  53  2.499303
58  53  2.499274
59  53  2.499286
60  53  2.499432
61  53  2.499382
62  53  2.499491
63  53  2.498982
0  54  2.498427
1  54  2.499036
2  54  2.497412
3  54  2.497662
4  54  2.496289
5  54  2.496537
6  54  2.496701
7  54  2.498400
8  54  2.498656
9  54  2.498981
10  54  2.497255
11  54  2.496175
12  54  2.495896
13  54  2.497353
14  54  2.499025
15  54  2.497985
16  54  2.499235
17  54  2.498477
18  54  2.498808
19  54  2.499106
20  54  2.499033
21  54  2.498863
22  54  2.498893
23  54  2.499910
24  54  2.499563
25  54  2.499392
26  54  2.498285
27  54  2.497728
28  54  2.498141
29  54  2.499291
30  54  2.499525
31  54  2.499302
32  54  2.499000
33  54  2.498907
34  54  2.499241
35  54  2.499475
36  54  2.498157
37  54  2.498464
38  54  2.498341
39  54  2.498582
40  54  2.498989
41  54  2.497789
42  54  2.497341
43  54  2.497523
44  54  2.498725
45  54  2.499007
46  54  2.498813
47  54  2.498269
48  54  2.498365
49  54  2.496977
50  54  2.497091
51  54  2.497127
52  54  2.497714
53  54  2.497944
54  54  2.498683
55  54  2.499128
56  54  2.498702
57  54  2.498974
58  54  2.498842
59  54  2.499095
60  54  2.499380
61  54  2.499423
62  54  2.499252
63  54  2.499308
0  55  2.498974
1  55  2.499107
2  55  2.497186
3  55  2.497818
4  55  2.496821
5  55  2.496530
6  55  2.495790
7  55  2.496984
8  55  2.497893
9  55  2.499143
10  55  2.498491
11  55  2.498459
12  55  2.498007
13  55  2.496030
14  55  2.497923
15  55  2.497194
16  55  2.498270
17  55  2.498063
18  55  2.497331
19  55  2.497312
20  55  2.497453
21  55  2.498584
22  55  2.499038
23  55  2.499833
24  55  2.499705
25  55  2.499411
26  55  2.497925
27  55  2.497646
28  55  2.497915
29  55  2.497255
30  55  2.498472
31  55  2.498572
32  55  2.499738
33  55  2.499363
34  55  2.499214
35  55  2.499264
36  55  2.499003
37  55  2.498499
38  55  2.498687
39  55  2.498801
40  55  2.499447
41  55  2.497720
42  55  2.497259
43  55  2.497014
44  55  2.498467
45  55  2.498353
46  55  2.498543
47  55  2.497884
48  55  2.498626
49  55  2.497845
50  55  2.498648
51  55  2.498003
52  55  2.498495
53  55  2.498301
54  55  2.498512
55  55  2.498779
56  55  2.498392
57  55  2.497962
58  55  2.497964
59  55  2.498693
60  55  2.499357
61  55  2.499309
62  55  2.499292
63  55  2.499445
0  56  2.498475
1  56  2.498872
2  56  2.497891
3  56  2.498088
4  56  2.497333
5  56  2.496428
6  56  2.496716
7  56  2.497896
8  56  2.498806
9  56  2.499128
10  56  2.497878
11  56  2.496202
12  56  2.497265
13  56  2.496492
14  56  2.497311
15  56  2.497142
16  56  2.497848
17  56  2.497822
18  56  2.497462
19  56  2.497519
20  56  2.498446
21  56  2.499191
22  56  2.499699
23  56  2.499770
24  56  2.499550
25  56  2.499608
26  56  2.498837
27  56  2.498979
28  56  2.498452
29  56  2.498100
30  56  2.498275
31  56  2.498724
32  56  2.499624
33  56  2.499127
34  56  2.499099
35  56  2.499311
36  56  2.499389
37  56  2.499344
38  56  2.499201
39  56  2.499112
40  56  2.499157
41  56  2.499008
42  56  2.498289
43  56  2.498019
44  56  2.498214
45  56  2.498154
46  56  2.498363
47  56  2.497673
48  56  2.498616
49  56  2.498725
50  56  2.499311
51  56  2.498548
52  56  2.498501
53  56  2.498640
54  56  2.498493
55  56  2.498624
56  56  2.498582
57  56  2.498117
58  56  2.497947
59  56  2.498366
60  56  2.499003
61  56  2.499012
62  56  2.499064
63  56  2.498772
0  57  2.499110
1  57  2.499243
2  57  2.499150
3  57  2.498885
4  57  2.498420
5  57  2.497925
6  57  2.497545
7  57  2.498276
8  57  2.498785
9  57  2.499090
10  57  2.498711
11  57  2.496528
12  57  2.496992
13  57  2.498306
14  57  2.497152
15  57  2.498453
16  57  2.498698
17  57  2.498558
18  57  2.496863
19  57  2.496529
20  57  2.497511
21  57  2.499315
22  57  2.499508
23  57  2.499429
24  57  2.499551
25  57  2.499607
26  57  2.499535
27  57  2.499707
28  57  2.499329
29  57  2.499068
30  57  2.499096
31  57  2.499254
32  57  2.499485
33  57  2.499370
34  57  2.498652
35  57  2.498302
36  57  2.498215
37  57  2.498541
38  57  2.498661
39  57  2.498555
40  57  2.498559
41  57  2.498760
42  57  2.498461
43  57  2.498036
44  57  2.497629
45  57  2.498753
46  57  2.499109
47  57  2.498348
48  57  2.498585
49  57  2.498781
50  57  2.499311
51  57  2.499230
52  57  2.499219
53  57  2.499358
54  57  2.499130
55  57  2.499280
56  57  2.498488
57  57  2.497615
58  57  2.497684
59  57  2.498373
60  57  2.499290
61  57  2.499014
62  57  2.498992
63  57  2.498813
0  58  2.498835
1  58  2.499273
2  58  2.499571
3  58  2.499378
4  58  2.499785
5  58  2.499522
6  58  2.498744
7  58  2.499103
8  58  2.498962
9  58  2.499018
10  58  2.498297
11  58  2.497887
12  58  2.497598
13  58  2.497999
14  58  2.497234
15  58  2.499112
16  58  2.499210
17  58  2.499013
18  58  2.498587
19  58  2.498394
20  58  2.497760
21  58  2.498838
22  58  2.499544
23  58  2.499282
24  58  2.499664
25  58  2.499584
26  58  2.499578
27  58  2.499336
28  58  2.498685
29  58  2.498593
30  58  2.498517
31  58  2.499284
32  58  2.498463
33  58  2.498488
34  58  2.498256
35  58  2.498707
36  58  2.498741
37  58  2.499217
38  58  2.499162
39  58  2.499102
40  58  2.498802
41  58  2.498626
42  58  2.498771
43  58  2.498620
44  58  2.498422
45  58  2.498680
46  58  2.498976
47  58  2.499050
48  58  2.499628
49  58  2.499207
50  58  2.498129
51  58  2.498038
52  58  2.499036
53  58  2.499576
54  58  2.499681
55  58  2.499753
56  58  2.498713
57  58  2.498256
58  58  2.498167
59  58  2.498999
60  58  2.499368
61  58  2.499226
62  58  2.498888
63  58  2.498467
0  59  2.499061
1  59  2.499098
2  59  2.499709
3  59  2.499491
4  59  2.499743
5  59  2.499681
6  59  2.499071
7  59  2.499162
8  59  2.499081
9  59  2.499145
10  59  2.499192
11  59  2.498393
12  59  2.498361
13  59  2.497738
14  59  2.497752
15  59  2.498702
16  59  2.498858
17  59  2.498805
18  59  2.498179
19  59  2.498388
20  59  2.497859
21  59  2.498616
22  59  2.498959
23  59  2.499121
24  59  2.499221
25  59  2.498877
26  59  2.499103
27  59  2.498723
28  59  2.498353
29  59  2.498322
30  59  2.497575
31  59  2.498214
32  59  2.497840
33  59  2.498411
34  59  2.498307
35  59  2.498895
36  59  2.498557
37  59  2.499025
38  59  2.498994
39  59  2.497929
40  59  2.497560
41  59  2.495918
42  59  2.497014
43  59  2.495783
44  59  2.497380
45  59  2.498273
46  59  2.499302
47  59  2.498241
48  59  2.498282
49  59  2.497817
50  59  2.499045
51  59  2.498486
52  59  2.499273
53  59  2.499581
54  59  2.499718
55  59  2.499322
56  59  2.498526
57  59  2.498036
58  59  2.498078
59  59  2.498371
60  59  2.499002
61  59  2.498477
62  59  2.498746
63  59  2.498452
0  60  2.499035
1  60  2.499179
2  60  2.499343
3  60  2.498746
4  60  2.498715
5  60  2.499331
6  60  2.498780
7  60  2.498856
8  60  2.498979
9  60  2.499083
10  60  2.498460
11  60  2.497647
12  60  2.497782
13  60  2.496991
14  60  2.497400
15  60  2.497809
16  60  2.498721
17  60  2.498828
18  60  2.498507
19  60  2.498188
20  60  2.497853
21  60  2.498737
22  60  2.498648
23  60  2.498243
24  60  2.497765
25  60  2.496723
26  60  2.498453
27  60  2.498102
28  60  2.498237
29  60  2.497961
30  60  2.497431
31  60  2.497808
32  60  2.497942
33  60  2.498418
34  60  2.499140
35  60  2.498693
36  60  2.498675
37  60  2.499180
38  60  2.499225
39  60  2.498328
40  60  2.498080
41  60  2.497355
42  60  2.498493
43  60  2.498145
44  60  2.498235
45  60  2.498333
46  60  2.499292
47  60  2.497441
48  60  2.496998
49  60  2.496890
50  60  2.498369
51  60  2.498306
52  60  2.499088
53  60  2.498912
54  60  2.499276
55  60  2.499140
56  60  2.499194
57  60  2.498914
58  60  2.498901
59  60  2.498417
60  60  2.498312
61  60  2.497215
62  60  2.497760
63  60  2.497456
0  61  2.498628
1  61  2.498768
2  61  2.499374
3  61  2.498531
4  61  2.498654
5  61  2.499013
6  61  2.498822
7  61  2.498459
8  61  2.498540
9  61  2.498827
10  61  2.498981
11  61  2.497805
12  61  2.498201
13  61  2.497563
14  61  2.498338
15  61  2.498127
16  61  2.498537
17  61  2.498662
18  61  2.498481
19  61  2.498277
20  61  2.497755
21  61  2.498629
22  61  2.498187
23  61  2.498259
24  61  2.498334
25  61  2.496808
26  61  2.498214
27  61  2.498058
28  61  2.498219
29  61  2.497890
30  61  2.497295
31  61  2.497962
32  61  2.498202
33  61  2.498736
34  61  2.498557
35  61  2.498627
36  61  2.499265
37  61  2.499544
38  61  2.498767
39  61  2.497754
40  61  2.498384
41  61  2.498647
42  61  2.498292
43  61  2.496766
44  61  2.497828
45  61  2.497885
46  61  2.499255
47  61  2.497344
48  61  2.497071
49  61  2.497714
50  61  2.498704
51  61  2.499039
52  61  2.499358
53  61  2.498588
54  61  2.498874
55  61  2.498313
56  61  2.499210
57  61  2.499422
58  61  2.498637
59  61  2.497284
60  61  2.495870
61  61  2.495149
62  61  2.496467
63  61  2.496633
0  62  2.499304
1  62  2.499314
2  62  2.499232
3  62  2.497957
4  62  2.498007
5  62  2.498503
6  62  2.499454
7  62  2.499468
8  62  2.498706
9  62  2.498879
10  62  2.499046
11  62  2.498108
12  62  2.498759
13  62  2.498401
14  62  2.499445
15  62  2.498476
16  62  2.498690
17  62  2.498691
18  62  2.498682
19  62  2.498733
20  62  2.498403
21  62  2.498843
22  62  2.498529
23  62  2.497846
24  62  2.498225
25  62  2.497803
26  62  2.498294
27  62  2.498643
28  62  2.499394
29  62  2.498690
30  62  2.497954
31  62  2.498170
32  62  2.498817
33  62  2.498306
34  62  2.498420
35  62  2.498774
36  62  2.499463
37  62  2.499517
38  62  2.498797
39  62  2.498157
40  62  2.498153
41  62  2.498785
42  62  2.498843
43  62  2.498250
44  62  2.498921
45  62  2.498906
46  62  2.498933
47  62  2.498396
48  62  2.498372
49  62  2.499378
50  62  2.499684
51  62  2.499521
52  62  2.499316
53  62  2.497594
54  62  2.497888
55  62  2.496827
56  62  2.498880
57  62  2.499343
58  62  2.499001
59  62  2.498687
60  62  2.498547
61  62  2.498288
62  62  2.497475
63  62  2.497744
0  63  2.499187
1  63  2.496968
2  63  2.497711
3  63  2.496860
4  63  2.498647
5  63  2.498888
6  63  2.499181
7  63  2.499304
8  63  2.498900
9  63  2.499039
10  63  2.499124
11  63  2.498295
12  63  2.498794
13  63  2.497702
14  63  2.498544
15  63  2.498420
16  63  2.499233
17  63  2.499324
18  63  2.499380
19  63  2.499799
20  63  2.499396
21  63  2.499268
22  63  2.498430
23  63  2.498440
24  63  2.497894
25  63  2.498666
26  63  2.498956
27  63  2.499450
28  63  2.499014
29  63  2.498910
30  63  2.498296
31  63  2.498792
32  63  2.499253
33  63  2.498957
34  63  2.498977
35  63  2.499413
36  63  2.499284
37  63  2.499333
38  63  2.498597
39  63  2.498339
40  63  2.498096
41  63  2.497922
42  63  2.498399
43  63  2.498662
44  63  2.498867
45  63  2.498682
46  63  2.498710
47  63  2.499228
48  63  2.498833
49  63  2.499011
50  63  2.499095
51  63  2.499188
52  63  2.498402
53  63  2.495586
54  63  2.495648
55  63  2.495629
56  63  2.498773
57  63  2.499296
58  63  2.498882
59  63  2.498411
60  63  2.498155
61  63  2.498275
62  63  2.497926
63  63  2.498052
