# Mass field m(x,y) = Delta * R(x,y) at t = 30 seconds
# Grid: 64 x 64
# Columns: x  y  mass
0  0  2.497624
1  0  2.497714
2  0  2.499218
3  0  2.499130
4  0  2.498833
5  0  2.498025
6  0  2.498122
7  0  2.498192
8  0  2.498595
9  0  2.498989
10  0  2.498849
11  0  2.498966
12  0  2.498368
13  0  2.498368
14  0  2.498800
15  0  2.499321
16  0  2.499589
17  0  2.498954
18  0  2.499179
19  0  2.499298
20  0  2.498626
21  0  2.497940
22  0  2.498978
23  0  2.498700
24  0  2.499505
25  0  2.498940
26  0  2.498923
27  0  2.498675
28  0  2.498710
29  0  2.498849
30  0  2.498814
31  0  2.498640
32  0  2.498602
33  0  2.498197
34  0  2.496241
35  0  2.497102
36  0  2.497840
37  0  2.497828
38  0  2.498747
39  0  2.498329
40  0  2.498313
41  0  2.498187
42  0  2.499469
43  0  2.498909
44  0  2.498761
45  0  2.498046
46  0  2.499687
47  0  2.498814
48  0  2.498628
49  0  2.498491
50  0  2.499089
51  0  2.499064
52  0  2.499208
53  0  2.498972
54  0  2.498804
55  0  2.498512
56  0  2.495643
57  0  2.496668
58  0  2.497886
59  0  2.498083
60  0  2.498776
61  0  2.498885
62  0  2.499217
63  0  2.498347
0  1  2.498171
1  1  2.498034
2  1  2.499136
3  1  2.498667
4  1  2.498056
5  1  2.497454
6  1  2.498510
7  1  2.498741
8  1  2.498703
9  1  2.498603
10  1  2.498520
11  1  2.498711
12  1  2.497597
13  1  2.496843
14  1  2.497283
15  1  2.499437
16  1  2.499555
17  1  2.499117
18  1  2.497913
19  1  2.497087
20  1  2.497417
21  1  2.498198
22  1  2.499082
23  1  2.498915
24  1  2.499398
25  1  2.499418
26  1  2.499576
27  1  2.499594
28  1  2.498724
29  1  2.498598
30  1  2.498231
31  1  2.497360
32  1  2.496477
33  1  2.496945
34  1  2.496845
35  1  2.497188
36  1  2.497508
37  1  2.498323
38  1  2.498836
39  1  2.498646
40  1  2.498657
41  1  2.498060
42  1  2.498730
43  1  2.498655
44  1  2.498459
45  1  2.498190
46  1  2.499613
47  1  2.498868
48  1  2.498587
49  1  2.498309
50  1  2.498686
51  1  2.498816
52  1  2.498579
53  1  2.498610
54  1  2.498301
55  1  2.498077
56  1  2.496506
57  1  2.497530
58  1  2.498251
59  1  2.498600
60  1  2.499343
61  1  2.499359
62  1  2.499451
63  1  2.498294
0  2  2.498964
1  2  2.498876
2  2  2.499283
3  2  2.498292
4  2  2.497652
5  2  2.497766
6  2  2.499401
7  2  2.499475
8  2  2.498534
9  2  2.497564
10  2  2.497801
11  2  2.498664
12  2  2.498686
13  2  2.497112
14  2  2.496767
15  2  2.498579
16  2  2.499264
17  2  2.499024
18  2  2.497734
19  2  2.497532
20  2  2.498309
21  2  2.498305
22  2  2.499085
23  2  2.498407
24  2  2.498394
25  2  2.498384
26  2  2.499403
27  2  2.499336
28  2  2.497712
29  2  2.496699
30  2  2.497618
31  2  2.497416
32  2  2.497701
33  2  2.497726
34  2  2.498975
35  2  2.499380
36  2  2.499501
37  2  2.499295
38  2  2.499108
39  2  2.498708
40  2  2.498807
41  2  2.497511
42  2  2.497961
43  2  2.498489
44  2  2.498533
45  2  2.498301
46  2  2.499477
47  2  2.498854
48  2  2.498641
49  2  2.498018
50  2  2.498765
51  2  2.498862
52  2  2.498061
53  2  2.498528
54  2  2.497971
55  2  2.497996
56  2  2.497143
57  2  2.498173
58  2  2.498103
59  2  2.498603
60  2  2.499323
61  2  2.499413
62  2  2.498938
63  2  2.498451
0  3  2.499345
1  3  2.499253
2  3  2.499195
3  3  2.498330
4  3  2.498088
5  3  2.498204
6  3  2.499424
7  3  2.499105
8  3  2.498606
9  3  2.498112
10  3  2.498389
11  3  2.498298
12  3  2.498480
13  3  2.497251
14  3  2.497363
15  3  2.498394
16  3  2.498505
17  3  2.497810
18  3  2.496467
19  3  2.497994
20  3  2.499057
21  3  2.499264
22  3  2.499352
23  3  2.499039
24  3  2.498703
25  3  2.498799
26  3  2.499230
27  3  2.499093
28  3  2.497901
29  3  2.497123
30  3  2.497873
31  3  2.497923
32  3  2.497619
33  3  2.497444
34  3  2.499373
35  3  2.499072
36  3  2.499021
37  3  2.498764
38  3  2.499185
39  3  2.498654
40  3  2.498857
41  3  2.498172
42  3  2.498676
43  3  2.498574
44  3  2.498661
45  3  2.497774
46  3  2.497988
47  3  2.498017
48  3  2.499485
49  3  2.499182
50  3  2.499063
51  3  2.498153
52  3  2.497817
53  3  2.498536
54  3  2.499068
55  3  2.499107
56  3  2.498909
57  3  2.499177
58  3  2.499057
59  3  2.499179
60  3  2.499712
61  3  2.499601
62  3  2.498967
63  3  2.498759
0  4  2.498028
1  4  2.498317
2  4  2.498350
3  4  2.499033
4  4  2.498809
5  4  2.498992
6  4  2.499182
7  4  2.497074
8  4  2.496868
9  4  2.497319
10  4  2.497364
11  4  2.498501
12  4  2.499227
13  4  2.498197
14  4  2.498396
15  4  2.498906
16  4  2.499177
17  4  2.497950
18  4  2.497146
19  4  2.497458
20  4  2.498428
21  4  2.498617
22  4  2.498973
23  4  2.499000
24  4  2.498958
25  4  2.499229
26  4  2.498687
27  4  2.498851
28  4  2.498351
29  4  2.497061
30  4  2.495974
31  4  2.497282
32  4  2.498184
33  4  2.498338
34  4  2.498924
35  4  2.498684
36  4  2.498615
37  4  2.498845
38  4  2.499211
39  4  2.498609
40  4  2.498913
41  4  2.498492
42  4  2.498556
43  4  2.498756
44  4  2.499337
45  4  2.498734
46  4  2.498464
47  4  2.497723
48  4  2.499222
49  4  2.499333
50  4  2.498863
51  4  2.497679
52  4  2.497585
53  4  2.498340
54  4  2.498962
55  4  2.499653
56  4  2.499510
57  4  2.499601
58  4  2.499301
59  4  2.499063
60  4  2.499101
61  4  2.499218
62  4  2.499114
63  4  2.499038
0  5  2.497980
1  5  2.498148
2  5  2.497876
3  5  2.499353
4  5  2.499007
5  5  2.498996
6  5  2.499306
7  5  2.496357
8  5  2.496789
9  5  2.497351
10  5  2.498199
11  5  2.498286
12  5  2.499034
13  5  2.498512
14  5  2.498795
15  5  2.498195
16  5  2.498612
17  5  2.498927
18  5  2.498636
19  5  2.498380
20  5  2.498062
21  5  2.498189
22  5  2.498154
23  5  2.498559
24  5  2.498058
25  5  2.498686
26  5  2.498198
27  5  2.499148
28  5  2.499618
29  5  2.499265
30  5  2.496340
31  5  2.497345
32  5  2.497868
33  5  2.498629
34  5  2.499019
35  5  2.498765
36  5  2.498633
37  5  2.498908
38  5  2.499286
39  5  2.499169
40  5  2.498619
41  5  2.498793
42  5  2.499193
43  5  2.499604
44  5  2.499498
45  5  2.499013
46  5  2.498771
47  5  2.498487
48  5  2.499505
49  5  2.499669
50  5  2.499012
51  5  2.498255
52  5  2.498417
53  5  2.498277
54  5  2.498908
55  5  2.499400
56  5  2.499210
57  5  2.499077
58  5  2.498874
59  5  2.498363
60  5  2.498590
61  5  2.498331
62  5  2.499558
63  5  2.499529
0  6  2.497975
1  6  2.498376
2  6  2.497454
3  6  2.498933
4  6  2.499340
5  6  2.498876
6  6  2.498652
7  6  2.496441
8  6  2.496516
9  6  2.495762
10  6  2.497907
11  6  2.498722
12  6  2.499269
13  6  2.498851
14  6  2.498488
15  6  2.498545
16  6  2.498444
17  6  2.498610
18  6  2.498986
19  6  2.497788
20  6  2.498009
21  6  2.498233
22  6  2.497647
23  6  2.498062
24  6  2.497629
25  6  2.498839
26  6  2.498532
27  6  2.499076
28  6  2.499447
29  6  2.498455
30  6  2.497628
31  6  2.498567
32  6  2.499270
33  6  2.499334
34  6  2.499232
35  6  2.498818
36  6  2.498615
37  6  2.499027
38  6  2.499076
39  6  2.498899
40  6  2.498539
41  6  2.498718
42  6  2.499844
43  6  2.499166
44  6  2.499182
45  6  2.499006
46  6  2.499344
47  6  2.499161
48  6  2.499503
49  6  2.498777
50  6  2.498367
51  6  2.498682
52  6  2.499131
53  6  2.498653
54  6  2.498787
55  6  2.498908
56  6  2.498565
57  6  2.498202
58  6  2.497906
59  6  2.497892
60  6  2.498392
61  6  2.497315
62  6  2.499185
63  6  2.499381
0  7  2.499003
1  7  2.498965
2  7  2.498191
3  7  2.498724
4  7  2.498278
5  7  2.498160
6  7  2.498540
7  7  2.498887
8  7  2.498835
9  7  2.497923
10  7  2.499116
11  7  2.499082
12  7  2.499504
13  7  2.499092
14  7  2.498531
15  7  2.498027
16  7  2.498033
17  7  2.498772
18  7  2.499087
19  7  2.498330
20  7  2.498578
21  7  2.499049
22  7  2.498939
23  7  2.498171
24  7  2.497621
25  7  2.498810
26  7  2.498599
27  7  2.498356
28  7  2.498973
29  7  2.497629
30  7  2.498502
31  7  2.499544
32  7  2.499563
33  7  2.499394
34  7  2.499233
35  7  2.499098
36  7  2.499132
37  7  2.498618
38  7  2.498900
39  7  2.498832
40  7  2.498955
41  7  2.499122
42  7  2.499610
43  7  2.499103
44  7  2.499160
45  7  2.498624
46  7  2.499384
47  7  2.499357
48  7  2.499600
49  7  2.498910
50  7  2.498804
51  7  2.499463
52  7  2.499482
53  7  2.498849
54  7  2.498877
55  7  2.498694
56  7  2.498835
57  7  2.498669
58  7  2.498600
59  7  2.497395
60  7  2.497175
61  7  2.496395
62  7  2.498916
63  7  2.499370
0  8  2.499094
1  8  2.499274
2  8  2.498685
3  8  2.498038
4  8  2.497970
5  8  2.497869
6  8  2.498376
7  8  2.499496
8  8  2.499057
9  8  2.498302
10  8  2.499471
11  8  2.499427
12  8  2.499355
13  8  2.499111
14  8  2.499123
15  8  2.499300
16  8  2.499263
17  8  2.499419
18  8  2.497962
19  8  2.497990
20  8  2.499126
21  8  2.499085
22  8  2.498991
23  8  2.498380
24  8  2.498923
25  8  2.499304
26  8  2.498977
27  8  2.498575
28  8  2.498225
29  8  2.497525
30  8  2.498735
31  8  2.499032
32  8  2.499057
33  8  2.498956
34  8  2.499238
35  8  2.499090
36  8  2.499184
37  8  2.498673
38  8  2.498995
39  8  2.498960
40  8  2.499185
41  8  2.498989
42  8  2.498969
43  8  2.498972
44  8  2.498985
45  8  2.498377
46  8  2.499273
47  8  2.498686
48  8  2.498575
49  8  2.497362
50  8  2.498415
51  8  2.498670
52  8  2.499279
53  8  2.499138
54  8  2.499028
55  8  2.498867
56  8  2.498466
57  8  2.498699
58  8  2.498457
59  8  2.497993
60  8  2.497999
61  8  2.497744
62  8  2.499153
63  8  2.498992
0  9  2.498078
1  9  2.497994
2  9  2.498437
3  9  2.497754
4  9  2.497576
5  9  2.497473
6  9  2.498603
7  9  2.499598
8  9  2.499009
9  9  2.499011
10  9  2.499494
11  9  2.499264
12  9  2.498883
13  9  2.498705
14  9  2.499561
15  9  2.499439
16  9  2.499106
17  9  2.499109
18  9  2.497828
19  9  2.498712
20  9  2.499629
21  9  2.498761
22  9  2.498595
23  9  2.498485
24  9  2.498731
25  9  2.498169
26  9  2.497822
27  9  2.498127
28  9  2.496984
29  9  2.497170
30  9  2.497331
31  9  2.497806
32  9  2.498043
33  9  2.499097
34  9  2.499372
35  9  2.499444
36  9  2.499205
37  9  2.498676
38  9  2.498932
39  9  2.499216
40  9  2.499499
41  9  2.499375
42  9  2.499089
43  9  2.499544
44  9  2.499380
45  9  2.499072
46  9  2.499057
47  9  2.498604
48  9  2.498459
49  9  2.498035
50  9  2.499188
51  9  2.499184
52  9  2.499311
53  9  2.499081
54  9  2.498762
55  9  2.498866
56  9  2.498905
57  9  2.498857
58  9  2.498057
59  9  2.497240
60  9  2.499101
61  9  2.498910
62  9  2.499259
63  9  2.498908
0  10  2.498486
1  10  2.498274
2  10  2.498657
3  10  2.498128
4  10  2.498839
5  10  2.499155
6  10  2.499668
7  10  2.499331
8  10  2.499156
9  10  2.499288
10  10  2.499432
11  10  2.499132
12  10  2.498695
13  10  2.498557
14  10  2.499739
15  10  2.499410
16  10  2.499349
17  10  2.499371
18  10  2.498195
19  10  2.497988
20  10  2.498166
21  10  2.498434
22  10  2.498781
23  10  2.498711
24  10  2.498855
25  10  2.498366
26  10  2.497931
27  10  2.498513
28  10  2.496967
29  10  2.497366
30  10  2.497988
31  10  2.498357
32  10  2.498054
33  10  2.499118
34  10  2.499478
35  10  2.499474
36  10  2.498969
37  10  2.498194
38  10  2.497691
39  10  2.498079
40  10  2.498695
41  10  2.499283
42  10  2.498346
43  10  2.499098
44  10  2.498735
45  10  2.498691
46  10  2.498576
47  10  2.498218
48  10  2.498439
49  10  2.498496
50  10  2.499213
51  10  2.498883
52  10  2.499637
53  10  2.499625
54  10  2.499346
55  10  2.499188
56  10  2.499039
57  10  2.499016
58  10  2.497993
59  10  2.497082
60  10  2.499294
61  10  2.498303
62  10  2.499160
63  10  2.498979
0  11  2.498764
1  11  2.498986
2  11  2.498756
3  11  2.498719
4  11  2.498672
5  11  2.499002
6  11  2.499640
7  11  2.499532
8  11  2.499476
9  11  2.499394
10  11  2.499467
11  11  2.499173
12  11  2.498923
13  11  2.498056
14  11  2.499320
15  11  2.498607
16  11  2.499065
17  11  2.499233
18  11  2.499288
19  11  2.498984
20  11  2.498128
21  11  2.497425
22  11  2.498057
23  11  2.498152
24  11  2.498872
25  11  2.498388
26  11  2.498444
27  11  2.498758
28  11  2.497523
29  11  2.497571
30  11  2.497737
31  11  2.498203
32  11  2.497799
33  11  2.498948
34  11  2.498798
35  11  2.499468
36  11  2.499431
37  11  2.497476
38  11  2.497564
39  11  2.498465
40  11  2.498444
41  11  2.499364
42  11  2.498842
43  11  2.498954
44  11  2.498332
45  11  2.498521
46  11  2.498259
47  11  2.498902
48  11  2.498652
49  11  2.498671
50  11  2.498268
51  11  2.499009
52  11  2.498818
53  11  2.498669
54  11  2.498606
55  11  2.499523
56  11  2.499490
57  11  2.498505
58  11  2.498413
59  11  2.498080
60  11  2.499753
61  11  2.499054
62  11  2.499201
63  11  2.498826
0  12  2.498752
1  12  2.498060
2  12  2.498447
3  12  2.498960
4  12  2.499441
5  12  2.499035
6  12  2.498889
7  12  2.497973
8  12  2.498510
9  12  2.498491
10  12  2.499552
11  12  2.499401
12  12  2.499468
13  12  2.498953
14  12  2.499343
15  12  2.499023
16  12  2.499076
17  12  2.499332
18  12  2.499257
19  12  2.499335
20  12  2.498799
21  12  2.498102
22  12  2.498125
23  12  2.498562
24  12  2.499260
25  12  2.499212
26  12  2.499320
27  12  2.498982
28  12  2.498738
29  12  2.498510
30  12  2.498958
31  12  2.497876
32  12  2.497532
33  12  2.497837
34  12  2.498869
35  12  2.499105
36  12  2.498928
37  12  2.497280
38  12  2.497908
39  12  2.498402
40  12  2.498228
41  12  2.499390
42  12  2.497956
43  12  2.498067
44  12  2.497070
45  12  2.498341
46  12  2.498256
47  12  2.498950
48  12  2.498760
49  12  2.498741
50  12  2.498179
51  12  2.498534
52  12  2.498163
53  12  2.498339
54  12  2.498758
55  12  2.499643
56  12  2.499377
57  12  2.498915
58  12  2.498672
59  12  2.498886
60  12  2.498791
61  12  2.498556
62  12  2.498734
63  12  2.499007
0  13  2.497831
1  13  2.496714
2  13  2.498180
3  13  2.498953
4  13  2.499666
5  13  2.498818
6  13  2.498862
7  13  2.498363
8  13  2.498724
9  13  2.498158
10  13  2.499083
11  13  2.498912
12  13  2.499469
13  13  2.498961
14  13  2.499434
15  13  2.499322
16  13  2.498447
17  13  2.498933
18  13  2.498923
19  13  2.499020
20  13  2.498493
21  13  2.499160
22  13  2.498264
23  13  2.498687
24  13  2.498547
25  13  2.499157
26  13  2.498811
27  13  2.498462
28  13  2.498036
29  13  2.497753
30  13  2.498613
31  13  2.498167
32  13  2.498468
33  13  2.498369
34  13  2.499128
35  13  2.498808
36  13  2.498778
37  13  2.497745
38  13  2.497768
39  13  2.498928
40  13  2.498557
41  13  2.499517
42  13  2.498565
43  13  2.497726
44  13  2.495931
45  13  2.497359
46  13  2.498326
47  13  2.499107
48  13  2.498432
49  13  2.498866
50  13  2.498544
51  13  2.498270
52  13  2.497733
53  13  2.497774
54  13  2.498063
55  13  2.498579
56  13  2.499498
57  13  2.499406
58  13  2.498821
59  13  2.499032
60  13  2.498361
61  13  2.498109
62  13  2.498452
63  13  2.499055
0  14  2.498448
1  14  2.498130
2  14  2.499438
3  14  2.499476
4  14  2.499351
5  14  2.498769
6  14  2.498795
7  14  2.498568
8  14  2.498768
9  14  2.497974
10  14  2.498806
11  14  2.498688
12  14  2.499482
13  14  2.499537
14  14  2.498586
15  14  2.498424
16  14  2.496926
17  14  2.497391
18  14  2.498805
19  14  2.497222
20  14  2.497625
21  14  2.499101
22  14  2.498052
23  14  2.498496
24  14  2.497846
25  14  2.498762
26  14  2.498054
27  14  2.497792
28  14  2.497681
29  14  2.498042
30  14  2.498255
31  14  2.498627
32  14  2.498379
33  14  2.498229
34  14  2.499194
35  14  2.499554
36  14  2.499424
37  14  2.498632
38  14  2.497462
39  14  2.498844
40  14  2.499056
41  14  2.499368
42  14  2.497957
43  14  2.497746
44  14  2.496707
45  14  2.497841
46  14  2.499082
47  14  2.499194
48  14  2.499020
49  14  2.499538
50  14  2.499401
51  14  2.499097
52  14  2.499096
53  14  2.499362
54  14  2.498836
55  14  2.498453
56  14  2.498978
57  14  2.498461
58  14  2.498024
59  14  2.498722
60  14  2.497972
61  14  2.498059
62  14  2.498556
63  14  2.499695
0  15  2.498379
1  15  2.498237
2  15  2.499146
3  15  2.499292
4  15  2.499394
5  15  2.498751
6  15  2.498777
7  15  2.498840
8  15  2.499713
9  15  2.499168
10  15  2.499211
11  15  2.498950
12  15  2.498137
13  15  2.498185
14  15  2.496517
15  15  2.498125
16  15  2.497108
17  15  2.497478
18  15  2.498987
19  15  2.497423
20  15  2.497412
21  15  2.499141
22  15  2.497841
23  15  2.498270
24  15  2.497825
25  15  2.498854
26  15  2.498789
27  15  2.498388
28  15  2.498422
29  15  2.498808
30  15  2.498607
31  15  2.498926
32  15  2.498757
33  15  2.498981
34  15  2.499300
35  15  2.499477
36  15  2.499201
37  15  2.498870
38  15  2.498180
39  15  2.498974
40  15  2.498921
41  15  2.498778
42  15  2.497924
43  15  2.497089
44  15  2.496968
45  15  2.497536
46  15  2.499236
47  15  2.499331
48  15  2.499039
49  15  2.498842
50  15  2.498847
51  15  2.498262
52  15  2.498821
53  15  2.499274
54  15  2.499304
55  15  2.498937
56  15  2.499279
57  15  2.498352
58  15  2.498295
59  15  2.498387
60  15  2.498618
61  15  2.498727
62  15  2.499387
63  15  2.499666
0  16  2.498717
1  16  2.499087
2  16  2.499310
3  16  2.499302
4  16  2.499203
5  16  2.499168
6  16  2.499315
7  16  2.499254
8  16  2.499490
9  16  2.499107
10  16  2.499332
11  16  2.499217
12  16  2.498520
13  16  2.497749
14  16  2.495174
15  16  2.495930
16  16  2.497834
17  16  2.497856
18  16  2.498862
19  16  2.497395
20  16  2.496969
21  16  2.499128
22  16  2.498395
23  16  2.498820
24  16  2.498874
25  16  2.498628
26  16  2.498902
27  16  2.498438
28  16  2.498801
29  16  2.498836
30  16  2.498097
31  16  2.498351
32  16  2.498210
33  16  2.498696
34  16  2.499005
35  16  2.499290
36  16  2.499318
37  16  2.499579
38  16  2.499416
39  16  2.499648
40  16  2.499275
41  16  2.498671
42  16  2.498613
43  16  2.497748
44  16  2.497837
45  16  2.498161
46  16  2.499455
47  16  2.499641
48  16  2.499597
49  16  2.499349
50  16  2.499320
51  16  2.498546
52  16  2.498556
53  16  2.498639
54  16  2.498640
55  16  2.497864
56  16  2.497286
57  16  2.497799
58  16  2.498427
59  16  2.498500
60  16  2.498913
61  16  2.499051
62  16  2.499383
63  16  2.499638
0  17  2.497168
1  17  2.497948
2  17  2.498389
3  17  2.499156
4  17  2.499320
5  17  2.499334
6  17  2.499463
7  17  2.499162
8  17  2.499367
9  17  2.499093
10  17  2.499445
11  17  2.499207
12  17  2.498578
13  17  2.497941
14  17  2.497073
15  17  2.498128
16  17  2.499501
17  17  2.499372
18  17  2.498217
19  17  2.498083
20  17  2.498224
21  17  2.499117
22  17  2.499221
23  17  2.499235
24  17  2.499038
25  17  2.498089
26  17  2.497763
27  17  2.498468
28  17  2.499115
29  17  2.499590
30  17  2.499061
31  17  2.498991
32  17  2.498993
33  17  2.498989
34  17  2.498665
35  17  2.498586
36  17  2.499261
37  17  2.499390
38  17  2.499421
39  17  2.499052
40  17  2.498915
41  17  2.499036
42  17  2.499077
43  17  2.497798
44  17  2.498440
45  17  2.498486
46  17  2.499614
47  17  2.499436
48  17  2.499317
49  17  2.498884
50  17  2.499258
51  17  2.499133
52  17  2.499085
53  17  2.498785
54  17  2.498731
55  17  2.498506
56  17  2.498618
57  17  2.499052
58  17  2.499096
59  17  2.499453
60  17  2.499694
61  17  2.499365
62  17  2.499270
63  17  2.499441
0  18  2.497773
1  18  2.498247
2  18  2.498235
3  18  2.499013
4  18  2.499068
5  18  2.499522
6  18  2.499518
7  18  2.499082
8  18  2.499338
9  18  2.499110
10  18  2.499072
11  18  2.498983
12  18  2.498889
13  18  2.498254
14  18  2.498104
15  18  2.498401
16  18  2.499537
17  18  2.499403
18  18  2.498695
19  18  2.498549
20  18  2.498637
21  18  2.499272
22  18  2.499581
23  18  2.499113
24  18  2.498711
25  18  2.497612
26  18  2.497078
27  18  2.497535
28  18  2.498477
29  18  2.499450
30  18  2.498980
31  18  2.498819
32  18  2.498081
33  18  2.497717
34  18  2.497641
35  18  2.499027
36  18  2.499227
37  18  2.499350
38  18  2.499237
39  18  2.497760
40  18  2.498203
41  18  2.498774
42  18  2.499207
43  18  2.498809
44  18  2.499325
45  18  2.499383
46  18  2.499374
47  18  2.498901
48  18  2.498349
49  18  2.498727
50  18  2.498930
51  18  2.499134
52  18  2.499154
53  18  2.499371
54  18  2.499298
55  18  2.499043
56  18  2.498891
57  18  2.499431
58  18  2.499350
59  18  2.499671
60  18  2.499815
61  18  2.499428
62  18  2.499264
63  18  2.499281
0  19  2.497771
1  19  2.497785
2  19  2.498237
3  19  2.499115
4  19  2.499243
5  19  2.498941
6  19  2.498721
7  19  2.498441
8  19  2.498684
9  19  2.499482
10  19  2.498975
11  19  2.498729
12  19  2.498742
13  19  2.499541
14  19  2.499675
15  19  2.499714
16  19  2.499719
17  19  2.499397
18  19  2.499050
19  19  2.498693
20  19  2.498882
21  19  2.499237
22  19  2.499523
23  19  2.498883
24  19  2.498503
25  19  2.498018
26  19  2.497398
27  19  2.497869
28  19  2.498298
29  19  2.499137
30  19  2.499577
31  19  2.499238
32  19  2.498767
33  19  2.497635
34  19  2.497645
35  19  2.499182
36  19  2.499094
37  19  2.498834
38  19  2.499255
39  19  2.497597
40  19  2.499092
41  19  2.498956
42  19  2.498058
43  19  2.498076
44  19  2.498896
45  19  2.499484
46  19  2.499493
47  19  2.499111
48  19  2.498811
49  19  2.499491
50  19  2.499283
51  19  2.499341
52  19  2.498387
53  19  2.498411
54  19  2.498654
55  19  2.498952
56  19  2.499202
57  19  2.499516
58  19  2.498847
59  19  2.499196
60  19  2.499420
61  19  2.499189
62  19  2.499160
63  19  2.499057
0  20  2.499115
1  20  2.498843
2  20  2.499007
3  20  2.498854
4  20  2.499042
5  20  2.496941
6  20  2.497957
7  20  2.498295
8  20  2.499058
9  20  2.499563
10  20  2.498604
11  20  2.498494
12  20  2.498651
13  20  2.499615
14  20  2.499852
15  20  2.499876
16  20  2.499726
17  20  2.499304
18  20  2.499090
19  20  2.498948
20  20  2.499177
21  20  2.499155
22  20  2.499131
23  20  2.498584
24  20  2.498948
25  20  2.498956
26  20  2.498489
27  20  2.498255
28  20  2.498575
29  20  2.499156
30  20  2.499671
31  20  2.499347
32  20  2.499031
33  20  2.497457
34  20  2.497611
35  20  2.499347
36  20  2.498737
37  20  2.498745
38  20  2.499017
39  20  2.497745
40  20  2.498321
41  20  2.497802
42  20  2.497273
43  20  2.497790
44  20  2.498622
45  20  2.499476
46  20  2.499430
47  20  2.499071
48  20  2.498844
49  20  2.499469
50  20  2.499539
51  20  2.499655
52  20  2.498810
53  20  2.498601
54  20  2.498629
55  20  2.499135
56  20  2.499246
57  20  2.499309
58  20  2.498422
59  20  2.498606
60  20  2.498574
61  20  2.498896
62  20  2.499572
63  20  2.499382
0  21  2.498759
1  21  2.498841
2  21  2.499235
3  21  2.499158
4  21  2.499075
5  21  2.496853
6  21  2.497938
7  21  2.498523
8  21  2.498997
9  21  2.499238
10  21  2.498818
11  21  2.499197
12  21  2.498790
13  21  2.499437
14  21  2.499913
15  21  2.499936
16  21  2.499804
17  21  2.498844
18  21  2.498758
19  21  2.499035
20  21  2.499676
21  21  2.499445
22  21  2.498908
23  21  2.498742
24  21  2.499056
25  21  2.499360
26  21  2.498466
27  21  2.497928
28  21  2.497662
29  21  2.498094
30  21  2.497677
31  21  2.498022
32  21  2.498960
33  21  2.498124
34  21  2.498369
35  21  2.498954
36  21  2.498693
37  21  2.498725
38  21  2.499045
39  21  2.498951
40  21  2.499098
41  21  2.498606
42  21  2.498222
43  21  2.498515
44  21  2.499021
45  21  2.499374
46  21  2.499456
47  21  2.499473
48  21  2.499393
49  21  2.499201
50  21  2.499380
51  21  2.499206
52  21  2.499640
53  21  2.499185
54  21  2.498791
55  21  2.499434
56  21  2.498835
57  21  2.498608
58  21  2.497545
59  21  2.498757
60  21  2.498300
61  21  2.498483
62  21  2.499410
63  21  2.498966
0  22  2.498697
1  22  2.499041
2  22  2.499415
3  22  2.499409
4  22  2.499060
5  22  2.497271
6  22  2.498832
7  22  2.498470
8  22  2.499157
9  22  2.498960
10  22  2.498722
11  22  2.498703
12  22  2.499073
13  22  2.499235
14  22  2.499809
15  22  2.499936
16  22  2.499720
17  22  2.498951
18  22  2.498948
19  22  2.499511
20  22  2.499767
21  22  2.499748
22  22  2.499269
23  22  2.499193
24  22  2.499177
25  22  2.499471
26  22  2.498765
27  22  2.498771
28  22  2.498646
29  22  2.498458
30  22  2.497575
31  22  2.498414
32  22  2.498854
33  22  2.498326
34  22  2.498456
35  22  2.498868
36  22  2.499189
37  22  2.499511
38  22  2.498991
39  22  2.499301
40  22  2.499503
41  22  2.498536
42  22  2.498226
43  22  2.498423
44  22  2.498557
45  22  2.498510
46  22  2.499116
47  22  2.499284
48  22  2.499145
49  22  2.499141
50  22  2.499022
51  22  2.498792
52  22  2.499257
53  22  2.498980
54  22  2.498629
55  22  2.499625
56  22  2.498915
57  22  2.498843
58  22  2.498633
59  22  2.499398
60  22  2.497951
61  22  2.497719
62  22  2.498955
63  22  2.498832
0  23  2.498511
1  23  2.498816
2  23  2.499214
3  23  2.499502
4  23  2.499574
5  23  2.499245
6  23  2.499408
7  23  2.498800
8  23  2.498654
9  23  2.498397
10  23  2.498576
11  23  2.498568
12  23  2.498967
13  23  2.498200
14  23  2.499245
15  23  2.498682
16  23  2.498796
17  23  2.497816
18  23  2.498983
19  23  2.499417
20  23  2.499431
21  23  2.499516
22  23  2.499115
23  23  2.499129
24  23  2.498961
25  23  2.498782
26  23  2.498135
27  23  2.497778
28  23  2.497862
29  23  2.498157
30  23  2.497626
31  23  2.498348
32  23  2.498215
33  23  2.498964
34  23  2.498719
35  23  2.499331
36  23  2.498876
37  23  2.498712
38  23  2.499021
39  23  2.499310
40  23  2.499478
41  23  2.498719
42  23  2.498716
43  23  2.498354
44  23  2.497135
45  23  2.496660
46  23  2.497659
47  23  2.499114
48  23  2.498648
49  23  2.498819
50  23  2.497712
51  23  2.496744
52  23  2.497029
53  23  2.497335
54  23  2.498496
55  23  2.499242
56  23  2.498000
57  23  2.498765
58  23  2.498684
59  23  2.499411
60  23  2.498238
61  23  2.496835
62  23  2.498980
63  23  2.498635
0  24  2.498369
1  24  2.498456
2  24  2.499039
3  24  2.498863
4  24  2.499361
5  24  2.499043
6  24  2.498755
7  24  2.498119
8  24  2.498320
9  24  2.498286
10  24  2.499238
11  24  2.498854
12  24  2.499053
13  24  2.498152
14  24  2.499103
15  24  2.498799
16  24  2.498742
17  24  2.498085
18  24  2.498863
19  24  2.499499
20  24  2.499314
21  24  2.498932
22  24  2.499000
23  24  2.499145
24  24  2.499346
25  24  2.498727
26  24  2.498950
27  24  2.498855
28  24  2.499524
29  24  2.499638
30  24  2.499619
31  24  2.499373
32  24  2.497952
33  24  2.498652
34  24  2.498338
35  24  2.498290
36  24  2.498123
37  24  2.497493
38  24  2.498485
39  24  2.498683
40  24  2.499719
41  24  2.498643
42  24  2.498522
43  24  2.497835
44  24  2.497604
45  24  2.496635
46  24  2.497196
47  24  2.498649
48  24  2.497304
49  24  2.497868
50  24  2.497933
51  24  2.498629
52  24  2.498008
53  24  2.497720
54  24  2.497713
55  24  2.497398
56  24  2.497779
57  24  2.498853
58  24  2.499413
59  24  2.499228
60  24  2.498421
61  24  2.496564
62  24  2.497082
63  24  2.497644
0  25  2.498970
1  25  2.498598
2  25  2.499013
3  25  2.498897
4  25  2.499247
5  25  2.499041
6  25  2.498994
7  25  2.498212
8  25  2.498519
9  25  2.498319
10  25  2.498252
11  25  2.498132
12  25  2.497882
13  25  2.498054
14  25  2.499093
15  25  2.499143
16  25  2.499362
17  25  2.497165
18  25  2.498018
19  25  2.499294
20  25  2.499356
21  25  2.498694
22  25  2.498664
23  25  2.498708
24  25  2.498880
25  25  2.498543
26  25  2.498639
27  25  2.498583
28  25  2.499134
29  25  2.499609
30  25  2.499829
31  25  2.499403
32  25  2.498059
33  25  2.498579
34  25  2.498466
35  25  2.498106
36  25  2.497948
37  25  2.496934
38  25  2.498300
39  25  2.498439
40  25  2.499554
41  25  2.498462
42  25  2.498649
43  25  2.498061
44  25  2.497905
45  25  2.497483
46  25  2.497495
47  25  2.499083
48  25  2.497678
49  25  2.497661
50  25  2.497746
51  25  2.499223
52  25  2.499084
53  25  2.498899
54  25  2.497839
55  25  2.497042
56  25  2.497038
57  25  2.498328
58  25  2.499343
59  25  2.498066
60  25  2.497603
61  25  2.494597
62  25  2.496322
63  25  2.497173
0  26  2.499478
1  26  2.499032
2  26  2.499116
3  26  2.499082
4  26  2.498651
5  26  2.498737
6  26  2.498684
7  26  2.497930
8  26  2.498528
9  26  2.498444
10  26  2.498747
11  26  2.497520
12  26  2.496985
13  26  2.497723
14  26  2.498150
15  26  2.499238
16  26  2.497826
17  26  2.496601
18  26  2.497218
19  26  2.498997
20  26  2.499319
21  26  2.498957
22  26  2.498932
23  26  2.498955
24  26  2.499234
25  26  2.499341
26  26  2.499008
27  26  2.499083
28  26  2.499077
29  26  2.499555
30  26  2.499612
31  26  2.498682
32  26  2.497566
33  26  2.497844
34  26  2.498247
35  26  2.497965
36  26  2.498349
37  26  2.497108
38  26  2.499179
39  26  2.498667
40  26  2.499525
41  26  2.498405
42  26  2.498742
43  26  2.498191
44  26  2.499112
45  26  2.498658
46  26  2.498640
47  26  2.499063
48  26  2.498700
49  26  2.499019
50  26  2.499140
51  26  2.499500
52  26  2.499227
53  26  2.498899
54  26  2.498096
55  26  2.497947
56  26  2.497303
57  26  2.497025
58  26  2.498400
59  26  2.497575
60  26  2.498235
61  26  2.498267
62  26  2.499244
63  26  2.498973
0  27  2.499298
1  27  2.499494
2  27  2.499418
3  27  2.499467
4  27  2.498646
5  27  2.498864
6  27  2.499207
7  27  2.498211
8  27  2.498847
9  27  2.498364
10  27  2.498736
11  27  2.497458
12  27  2.497404
13  27  2.498574
14  27  2.498311
15  27  2.498604
16  27  2.496851
17  27  2.496447
18  27  2.497597
19  27  2.499036
20  27  2.499089
21  27  2.499155
22  27  2.498396
23  27  2.498438
24  27  2.498448
25  27  2.499435
26  27  2.499166
27  27  2.498408
28  27  2.497945
29  27  2.498690
30  27  2.498754
31  27  2.497587
32  27  2.498127
33  27  2.498481
34  27  2.499012
35  27  2.498895
36  27  2.499097
37  27  2.498633
38  27  2.499588
39  27  2.499216
40  27  2.499187
41  27  2.498581
42  27  2.498819
43  27  2.498153
44  27  2.499224
45  27  2.498801
46  27  2.498449
47  27  2.499116
48  27  2.498208
49  27  2.499025
50  27  2.499033
51  27  2.499764
52  27  2.498929
53  27  2.498592
54  27  2.497338
55  27  2.497039
56  27  2.496504
57  27  2.497392
58  27  2.497948
59  27  2.495920
60  27  2.498170
61  27  2.498173
62  27  2.498399
63  27  2.498641
0  28  2.498880
1  28  2.499144
2  28  2.499282
3  28  2.499240
4  28  2.498766
5  28  2.497868
6  28  2.498676
7  28  2.498366
8  28  2.498336
9  28  2.497458
10  28  2.499517
11  28  2.498742
12  28  2.498774
13  28  2.498500
14  28  2.499047
15  28  2.499308
16  28  2.499193
17  28  2.499291
18  28  2.499097
19  28  2.499236
20  28  2.499187
21  28  2.499244
22  28  2.498582
23  28  2.498948
24  28  2.498783
25  28  2.498882
26  28  2.498139
27  28  2.497371
28  28  2.496795
29  28  2.499180
30  28  2.496781
31  28  2.496464
32  28  2.497988
33  28  2.499196
34  28  2.498285
35  28  2.498487
36  28  2.498676
37  28  2.499138
38  28  2.499374
39  28  2.499162
40  28  2.499148
41  28  2.497551
42  28  2.497610
43  28  2.498301
44  28  2.499187
45  28  2.498633
46  28  2.498156
47  28  2.498950
48  28  2.497831
49  28  2.498448
50  28  2.498539
51  28  2.499321
52  28  2.498638
53  28  2.498538
54  28  2.497840
55  28  2.498221
56  28  2.497986
57  28  2.499055
58  28  2.497815
59  28  2.497066
60  28  2.498016
61  28  2.497620
62  28  2.497905
63  28  2.498380
0  29  2.499065
1  29  2.499277
2  29  2.499481
3  29  2.499440
4  29  2.499209
5  29  2.496453
6  29  2.497442
7  29  2.497323
8  29  2.498771
9  29  2.497739
10  29  2.498569
11  29  2.498723
12  29  2.498816
13  29  2.498743
14  29  2.499226
15  29  2.498645
16  29  2.498707
17  29  2.499106
18  29  2.498870
19  29  2.499124
20  29  2.498775
21  29  2.498822
22  29  2.498072
23  29  2.498624
24  29  2.498675
25  29  2.499323
26  29  2.498679
27  29  2.497222
28  29  2.496549
29  29  2.499297
30  29  2.496680
31  29  2.494473
32  29  2.497976
33  29  2.498658
34  29  2.498808
35  29  2.498834
36  29  2.499088
37  29  2.498862
38  29  2.499147
39  29  2.499426
40  29  2.499642
41  29  2.497355
42  29  2.496856
43  29  2.497594
44  29  2.499311
45  29  2.498997
46  29  2.498359
47  29  2.498991
48  29  2.497924
49  29  2.498392
50  29  2.498279
51  29  2.498879
52  29  2.498403
53  29  2.498732
54  29  2.498032
55  29  2.498821
56  29  2.499223
57  29  2.499035
58  29  2.498737
59  29  2.497270
60  29  2.497647
61  29  2.498148
62  29  2.498950
63  29  2.499163
0  30  2.499233
1  30  2.499506
2  30  2.499064
3  30  2.498580
4  30  2.498861
5  30  2.496509
6  30  2.497113
7  30  2.497661
8  30  2.498195
9  30  2.497954
10  30  2.498192
11  30  2.498384
12  30  2.498869
13  30  2.498770
14  30  2.499051
15  30  2.497396
16  30  2.497983
17  30  2.498930
18  30  2.499110
19  30  2.498681
20  30  2.498339
21  30  2.498387
22  30  2.498012
23  30  2.498020
24  30  2.498428
25  30  2.499231
26  30  2.499054
27  30  2.497931
28  30  2.497774
29  30  2.499501
30  30  2.497487
31  30  2.494990
32  30  2.496918
33  30  2.497961
34  30  2.498524
35  30  2.497228
36  30  2.497635
37  30  2.497326
38  30  2.498615
39  30  2.499133
40  30  2.499774
41  30  2.497185
42  30  2.496402
43  30  2.496730
44  30  2.499023
45  30  2.499274
46  30  2.499319
47  30  2.499563
48  30  2.499506
49  30  2.499266
50  30  2.497640
51  30  2.497286
52  30  2.497431
53  30  2.499177
54  30  2.499067
55  30  2.497846
56  30  2.498545
57  30  2.498289
58  30  2.498681
59  30  2.499223
60  30  2.498987
61  30  2.499212
62  30  2.498521
63  30  2.499223
0  31  2.498970
1  31  2.499221
2  31  2.498101
3  31  2.498056
4  31  2.498926
5  31  2.497074
6  31  2.497653
7  31  2.497969
8  31  2.498835
9  31  2.498750
10  31  2.497852
11  31  2.497956
12  31  2.497969
13  31  2.498307
14  31  2.498071
15  31  2.497237
16  31  2.498618
17  31  2.499346
18  31  2.499382
19  31  2.498756
20  31  2.498296
21  31  2.498821
22  31  2.497717
23  31  2.497661
24  31  2.497684
25  31  2.498421
26  31  2.499684
27  31  2.498890
28  31  2.498935
29  31  2.498907
30  31  2.498343
31  31  2.495993
32  31  2.496331
33  31  2.497042
34  31  2.498241
35  31  2.498224
36  31  2.498683
37  31  2.498730
38  31  2.499149
39  31  2.499324
40  31  2.499899
41  31  2.499329
42  31  2.498852
43  31  2.498572
44  31  2.498832
45  31  2.498915
46  31  2.499008
47  31  2.499659
48  31  2.499407
49  31  2.499268
50  31  2.497947
51  31  2.497760
52  31  2.497962
53  31  2.499025
54  31  2.499078
55  31  2.497407
56  31  2.497833
57  31  2.497470
58  31  2.497505
59  31  2.498789
60  31  2.498424
61  31  2.499076
62  31  2.498488
63  31  2.499029
0  32  2.499097
1  32  2.499357
2  32  2.498709
3  32  2.498724
4  32  2.498863
5  32  2.499266
6  32  2.499013
7  32  2.499135
8  32  2.498303
9  32  2.499281
10  32  2.499013
11  32  2.498857
12  32  2.498577
13  32  2.498526
14  32  2.498608
15  32  2.498137
16  32  2.498213
17  32  2.498089
18  32  2.498313
19  32  2.499031
20  32  2.498580
21  32  2.499778
22  32  2.498085
23  32  2.497457
24  32  2.497107
25  32  2.496918
26  32  2.496720
27  32  2.497728
28  32  2.498535
29  32  2.498770
30  32  2.497543
31  32  2.498046
32  32  2.498527
33  32  2.498621
34  32  2.497692
35  32  2.497622
36  32  2.497999
37  32  2.498698
38  32  2.498937
39  32  2.499352
40  32  2.499850
41  32  2.499154
42  32  2.499212
43  32  2.498887
44  32  2.498930
45  32  2.498423
46  32  2.498384
47  32  2.499044
48  32  2.499471
49  32  2.499360
50  32  2.499088
51  32  2.498896
52  32  2.498875
53  32  2.498884
54  32  2.498452
55  32  2.497207
56  32  2.498891
57  32  2.498682
58  32  2.497769
59  32  2.498715
60  32  2.498549
61  32  2.499154
62  32  2.498312
63  32  2.498849
0  33  2.498359
1  33  2.498193
2  33  2.497668
3  33  2.498951
4  33  2.499012
5  33  2.499596
6  33  2.499147
7  33  2.498896
8  33  2.498768
9  33  2.499488
10  33  2.499369
11  33  2.498637
12  33  2.498213
13  33  2.497871
14  33  2.498579
15  33  2.498761
16  33  2.498449
17  33  2.497970
18  33  2.498569
19  33  2.499349
20  33  2.498927
21  33  2.498565
22  33  2.498330
23  33  2.496320
24  33  2.496299
25  33  2.496962
26  33  2.496358
27  33  2.497803
28  33  2.498703
29  33  2.499149
30  33  2.497729
31  33  2.497889
32  33  2.498749
33  33  2.498843
34  33  2.496920
35  33  2.497360
36  33  2.497447
37  33  2.499444
38  33  2.499431
39  33  2.499794
40  33  2.499745
41  33  2.499067
42  33  2.499118
43  33  2.499231
44  33  2.499655
45  33  2.499524
46  33  2.498869
47  33  2.499196
48  33  2.499631
49  33  2.499752
50  33  2.498693
51  33  2.497958
52  33  2.497810
53  33  2.498423
54  33  2.498700
55  33  2.497869
56  33  2.498556
57  33  2.497391
58  33  2.496763
59  33  2.498589
60  33  2.499314
61  33  2.499359
62  33  2.498929
63  33  2.498858
0  34  2.498487
1  34  2.498863
2  34  2.498538
3  34  2.499394
4  34  2.499233
5  34  2.498534
6  34  2.497498
7  34  2.497357
8  34  2.498477
9  34  2.499507
10  34  2.499463
11  34  2.499027
12  34  2.498448
13  34  2.498269
14  34  2.499027
15  34  2.498945
16  34  2.498308
17  34  2.498108
18  34  2.498406
19  34  2.499017
20  34  2.498147
21  34  2.497295
22  34  2.497519
23  34  2.497172
24  34  2.496967
25  34  2.497957
26  34  2.496395
27  34  2.497746
28  34  2.498778
29  34  2.499264
30  34  2.498523
31  34  2.498505
32  34  2.499148
33  34  2.498747
34  34  2.498481
35  34  2.497833
36  34  2.497768
37  34  2.498338
38  34  2.498482
39  34  2.497259
40  34  2.498182
41  34  2.498433
42  34  2.499022
43  34  2.499140
44  34  2.499862
45  34  2.499746
46  34  2.499417
47  34  2.498504
48  34  2.498807
49  34  2.499038
50  34  2.497588
51  34  2.497846
52  34  2.498794
53  34  2.498420
54  34  2.498589
55  34  2.498185
56  34  2.498743
57  34  2.498099
58  34  2.497953
59  34  2.498957
60  34  2.499771
61  34  2.499238
62  34  2.498727
63  34  2.498749
0  35  2.498481
1  35  2.498129
2  35  2.497360
3  35  2.497501
4  35  2.498362
5  35  2.498104
6  35  2.497976
7  35  2.497926
8  35  2.499070
9  35  2.499596
10  35  2.499550
11  35  2.498888
12  35  2.498633
13  35  2.498613
14  35  2.499419
15  35  2.498562
16  35  2.498653
17  35  2.498578
18  35  2.498423
19  35  2.498530
20  35  2.497806
21  35  2.495558
22  35  2.494752
23  35  2.496245
24  35  2.497689
25  35  2.498228
26  35  2.497871
27  35  2.499273
28  35  2.499316
29  35  2.499504
30  35  2.499510
31  35  2.499418
32  35  2.499514
33  35  2.499135
34  35  2.498847
35  35  2.498099
36  35  2.498083
37  35  2.498071
38  35  2.497583
39  35  2.495923
40  35  2.497392
41  35  2.498243
42  35  2.499156
43  35  2.499269
44  35  2.499783
45  35  2.498898
46  35  2.496566
47  35  2.496036
48  35  2.496442
49  35  2.498126
50  35  2.497216
51  35  2.497578
52  35  2.498282
53  35  2.498377
54  35  2.499070
55  35  2.498557
56  35  2.498238
57  35  2.497442
58  35  2.497585
59  35  2.498380
60  35  2.498883
61  35  2.498595
62  35  2.498074
63  35  2.498024
0  36  2.498858
1  36  2.498492
2  36  2.498061
3  36  2.498309
4  36  2.498875
5  36  2.498468
6  36  2.498418
7  36  2.497984
8  36  2.499171
9  36  2.499652
10  36  2.499742
11  36  2.499419
12  36  2.499162
13  36  2.499209
14  36  2.499284
15  36  2.497431
16  36  2.497489
17  36  2.498371
18  36  2.497713
19  36  2.498122
20  36  2.498974
21  36  2.498892
22  36  2.498555
23  36  2.498340
24  36  2.497880
25  36  2.497897
26  36  2.498080
27  36  2.499042
28  36  2.498344
29  36  2.498638
30  36  2.498569
31  36  2.499193
32  36  2.499274
33  36  2.499333
34  36  2.499426
35  36  2.498405
36  36  2.498852
37  36  2.498065
38  36  2.497828
39  36  2.495759
40  36  2.496988
41  36  2.498426
42  36  2.498784
43  36  2.498243
44  36  2.498669
45  36  2.498300
46  36  2.496254
47  36  2.495048
48  36  2.495379
49  36  2.496639
50  36  2.497070
51  36  2.497702
52  36  2.498505
53  36  2.498741
54  36  2.499042
55  36  2.498835
56  36  2.498462
57  36  2.498024
58  36  2.498485
59  36  2.498460
60  36  2.498777
61  36  2.498076
62  36  2.497880
63  36  2.497923
0  37  2.499228
1  37  2.499146
2  37  2.498781
3  37  2.498655
4  37  2.498884
5  37  2.498885
6  37  2.499717
7  37  2.499678
8  37  2.499757
9  37  2.499706
10  37  2.499465
11  37  2.498810
12  37  2.498482
13  37  2.498517
14  37  2.498823
15  37  2.496767
16  37  2.497283
17  37  2.498030
18  37  2.497473
19  37  2.497715
20  37  2.498652
21  37  2.497645
22  37  2.497242
23  37  2.497683
24  37  2.498029
25  37  2.498135
26  37  2.498745
27  37  2.498901
28  37  2.498695
29  37  2.497608
30  37  2.497703
31  37  2.499074
32  37  2.499425
33  37  2.499223
34  37  2.499654
35  37  2.498901
36  37  2.498853
37  37  2.498816
38  37  2.498352
39  37  2.497643
40  37  2.497761
41  37  2.498986
42  37  2.498664
43  37  2.498111
44  37  2.499003
45  37  2.499313
46  37  2.498875
47  37  2.498441
48  37  2.497817
49  37  2.497750
50  37  2.498171
51  37  2.495896
52  37  2.496131
53  37  2.496275
54  37  2.497545
55  37  2.498778
56  37  2.498653
57  37  2.498507
58  37  2.498516
59  37  2.498115
60  37  2.498454
61  37  2.498326
62  37  2.497626
63  37  2.497484
0  38  2.497887
1  38  2.498493
2  38  2.498716
3  38  2.498706
4  38  2.498533
5  38  2.497780
6  38  2.498590
7  38  2.498785
8  38  2.499120
9  38  2.499049
10  38  2.497953
11  38  2.498083
12  38  2.497984
13  38  2.498563
14  38  2.498695
15  38  2.497812
16  38  2.497987
17  38  2.498075
18  38  2.498531
19  38  2.498572
20  38  2.499027
21  38  2.498404
22  38  2.498272
23  38  2.498357
24  38  2.498655
25  38  2.498709
26  38  2.499497
27  38  2.499387
28  38  2.499141
29  38  2.497994
30  38  2.497738
31  38  2.498101
32  38  2.498774
33  38  2.498917
34  38  2.499758
35  38  2.499383
36  38  2.499172
37  38  2.499135
38  38  2.499175
39  38  2.499219
40  38  2.499156
41  38  2.498477
42  38  2.497828
43  38  2.497841
44  38  2.498952
45  38  2.499217
46  38  2.499028
47  38  2.496968
48  38  2.495866
49  38  2.495409
50  38  2.497130
51  38  2.495871
52  38  2.496890
53  38  2.496897
54  38  2.496666
55  38  2.497517
56  38  2.498315
57  38  2.497996
58  38  2.498357
59  38  2.498728
60  38  2.498926
61  38  2.498766
62  38  2.497979
63  38  2.497720
0  39  2.498512
1  39  2.498195
2  39  2.498219
3  39  2.498103
4  39  2.497974
5  39  2.496865
6  39  2.497375
7  39  2.498785
8  39  2.499116
9  39  2.498891
10  39  2.497571
11  39  2.497445
12  39  2.497653
13  39  2.498228
14  39  2.498881
15  39  2.498255
16  39  2.498283
17  39  2.496733
18  39  2.496947
19  39  2.497215
20  39  2.497890
21  39  2.498502
22  39  2.498406
23  39  2.498744
24  39  2.499286
25  39  2.498906
26  39  2.499279
27  39  2.499521
28  39  2.499606
29  39  2.498322
30  39  2.498146
31  39  2.498425
32  39  2.499354
33  39  2.499561
34  39  2.499732
35  39  2.498873
36  39  2.498794
37  39  2.498992
38  39  2.499203
39  39  2.498978
40  39  2.498731
41  39  2.497658
42  39  2.497564
43  39  2.498378
44  39  2.499028
45  39  2.499173
46  39  2.498643
47  39  2.498106
48  39  2.497784
49  39  2.499014
50  39  2.499341
51  39  2.497548
52  39  2.495041
53  39  2.494470
54  39  2.495167
55  39  2.497844
56  39  2.499037
57  39  2.498859
58  39  2.498705
59  39  2.498728
60  39  2.499012
61  39  2.498916
62  39  2.498938
63  39  2.498784
0  40  2.498815
1  40  2.498931
2  40  2.498462
3  40  2.497972
4  40  2.498646
5  40  2.496392
6  40  2.496479
7  40  2.498343
8  40  2.497728
9  40  2.497800
10  40  2.497777
11  40  2.499012
12  40  2.498924
13  40  2.498550
14  40  2.499237
15  40  2.498488
16  40  2.498881
17  40  2.498808
18  40  2.498573
19  40  2.498513
20  40  2.497876
21  40  2.498984
22  40  2.498822
23  40  2.499437
24  40  2.499472
25  40  2.499167
26  40  2.498854
27  40  2.498860
28  40  2.499195
29  40  2.499341
30  40  2.499358
31  40  2.499713
32  40  2.499661
33  40  2.499608
34  40  2.499484
35  40  2.498940
36  40  2.499077
37  40  2.499486
38  40  2.499299
39  40  2.498340
40  40  2.498274
41  40  2.497690
42  40  2.498113
43  40  2.497940
44  40  2.499113
45  40  2.499287
46  40  2.498863
47  40  2.498258
48  40  2.497899
49  40  2.499207
50  40  2.499584
51  40  2.499212
52  40  2.497334
53  40  2.497338
54  40  2.497051
55  40  2.497374
56  40  2.497858
57  40  2.496746
58  40  2.497188
59  40  2.497577
60  40  2.498668
61  40  2.499008
62  40  2.498858
63  40  2.498699
0  41  2.499229
1  41  2.499169
2  41  2.499172
3  41  2.498703
4  41  2.498934
5  41  2.497974
6  41  2.497991
7  41  2.499340
8  41  2.498769
9  41  2.498805
10  41  2.498271
11  41  2.498129
12  41  2.498199
13  41  2.498573
14  41  2.499261
15  41  2.498707
16  41  2.498733
17  41  2.498755
18  41  2.498970
19  41  2.499235
20  41  2.499272
21  41  2.499319
22  41  2.499222
23  41  2.499435
24  41  2.499517
25  41  2.498926
26  41  2.497828
27  41  2.497446
28  41  2.498240
29  41  2.498497
30  41  2.498329
31  41  2.498771
32  41  2.498619
33  41  2.498801
34  41  2.498636
35  41  2.498669
36  41  2.498561
37  41  2.499178
38  41  2.499212
39  41  2.498677
40  41  2.498183
41  41  2.497777
42  41  2.498724
43  41  2.498699
44  41  2.499225
45  41  2.499298
46  41  2.499124
47  41  2.498857
48  41  2.498412
49  41  2.499280
50  41  2.499351
51  41  2.499233
52  41  2.497859
53  41  2.498620
54  41  2.498383
55  41  2.498377
56  41  2.497686
57  41  2.496834
58  41  2.497130
59  41  2.497977
60  41  2.498685
61  41  2.498925
62  41  2.498926
63  41  2.499087
0  42  2.499060
1  42  2.498799
2  42  2.499081
3  42  2.499112
4  42  2.499415
5  42  2.498663
6  42  2.498789
7  42  2.499237
8  42  2.498275
9  42  2.498313
10  42  2.497810
11  42  2.497116
12  42  2.497043
13  42  2.497018
14  42  2.498394
15  42  2.499363
16  42  2.499048
17  42  2.498788
18  42  2.498781
19  42  2.499291
20  42  2.499217
21  42  2.499079
22  42  2.499156
23  42  2.499523
24  42  2.499673
25  42  2.498921
26  42  2.498391
27  42  2.498254
28  42  2.499579
29  42  2.498826
30  42  2.498157
31  42  2.498436
32  42  2.498355
33  42  2.498789
34  42  2.498799
35  42  2.499184
36  42  2.498904
37  42  2.499027
38  42  2.498309
39  42  2.498676
40  42  2.498891
41  42  2.498525
42  42  2.499513
43  42  2.499649
44  42  2.499333
45  42  2.499260
46  42  2.499000
47  42  2.498615
48  42  2.498195
49  42  2.498643
50  42  2.499102
51  42  2.498923
52  42  2.498392
53  42  2.498423
54  42  2.498605
55  42  2.498919
56  42  2.498162
57  42  2.498050
58  42  2.497984
59  42  2.498321
60  42  2.497592
61  42  2.498465
62  42  2.498313
63  42  2.499187
0  43  2.499022
1  43  2.498471
2  43  2.498896
3  43  2.499164
4  43  2.499708
5  43  2.499561
6  43  2.498944
7  43  2.498888
8  43  2.498487
9  43  2.498826
10  43  2.498540
11  43  2.497898
12  43  2.496480
13  43  2.496516
14  43  2.498247
15  43  2.499697
16  43  2.498923
17  43  2.498016
18  43  2.497696
19  43  2.498383
20  43  2.498354
21  43  2.498010
22  43  2.497310
23  43  2.498661
24  43  2.497746
25  43  2.498916
26  43  2.499187
27  43  2.499603
28  43  2.499636
29  43  2.499226
30  43  2.497859
31  43  2.498422
32  43  2.498197
33  43  2.498811
34  43  2.498815
35  43  2.499018
36  43  2.498938
37  43  2.498963
38  43  2.498311
39  43  2.498230
40  43  2.498576
41  43  2.498743
42  43  2.499429
43  43  2.499736
44  43  2.499652
45  43  2.499700
46  43  2.498896
47  43  2.498088
48  43  2.498190
49  43  2.498271
50  43  2.498472
51  43  2.498171
52  43  2.498096
53  43  2.498505
54  43  2.498848
55  43  2.499841
56  43  2.498599
57  43  2.498760
58  43  2.498250
59  43  2.498354
60  43  2.497758
61  43  2.498531
62  43  2.497738
63  43  2.498737
0  44  2.499008
1  44  2.498909
2  44  2.498720
3  44  2.499181
4  44  2.499616
5  44  2.499559
6  44  2.498941
7  44  2.498880
8  44  2.498452
9  44  2.498813
10  44  2.499012
11  44  2.498336
12  44  2.497328
13  44  2.496842
14  44  2.498069
15  44  2.499151
16  44  2.498357
17  44  2.498179
18  44  2.498212
19  44  2.498091
20  44  2.498191
21  44  2.496621
22  44  2.495846
23  44  2.498374
24  44  2.497237
25  44  2.498702
26  44  2.498556
27  44  2.498555
28  44  2.498577
29  44  2.498764
30  44  2.498267
31  44  2.499604
32  44  2.499113
33  44  2.498877
34  44  2.498619
35  44  2.498828
36  44  2.499231
37  44  2.499038
38  44  2.498551
39  44  2.498416
40  44  2.498957
41  44  2.498745
42  44  2.499070
43  44  2.499248
44  44  2.499502
45  44  2.499261
46  44  2.499005
47  44  2.498560
48  44  2.499233
49  44  2.499586
50  44  2.498686
51  44  2.497821
52  44  2.498123
53  44  2.497919
54  44  2.498679
55  44  2.498953
56  44  2.499149
57  44  2.498950
58  44  2.498330
59  44  2.498610
60  44  2.498245
61  44  2.498692
62  44  2.498064
63  44  2.498705
0  45  2.497545
1  45  2.498000
2  45  2.499247
3  45  2.498667
4  45  2.498765
5  45  2.498880
6  45  2.497909
7  45  2.498336
8  45  2.499279
9  45  2.499617
10  45  2.499551
11  45  2.498949
12  45  2.498278
13  45  2.497906
14  45  2.498386
15  45  2.498128
16  45  2.498212
17  45  2.499039
18  45  2.499427
19  45  2.499182
20  45  2.499588
21  45  2.496540
22  45  2.495721
23  45  2.498067
24  45  2.496535
25  45  2.498377
26  45  2.498556
27  45  2.499067
28  45  2.498810
29  45  2.499065
30  45  2.498459
31  45  2.499724
32  45  2.498766
33  45  2.498456
34  45  2.498226
35  45  2.499202
36  45  2.499484
37  45  2.499674
38  45  2.499786
39  45  2.499209
40  45  2.499135
41  45  2.498698
42  45  2.498762
43  45  2.498423
44  45  2.499213
45  45  2.498816
46  45  2.499143
47  45  2.498600
48  45  2.499130
49  45  2.499400
50  45  2.498591
51  45  2.498390
52  45  2.498910
53  45  2.498756
54  45  2.499244
55  45  2.498719
56  45  2.499024
57  45  2.498617
58  45  2.498655
59  45  2.498925
60  45  2.498388
61  45  2.498610
62  45  2.498660
63  45  2.498417
0  46  2.497118
1  46  2.497120
2  46  2.499602
3  46  2.498789
4  46  2.498239
5  46  2.498103
6  46  2.498701
7  46  2.498623
8  46  2.499153
9  46  2.499440
10  46  2.499407
11  46  2.498981
12  46  2.498656
13  46  2.497868
14  46  2.497001
15  46  2.496731
16  46  2.497339
17  46  2.498575
18  46  2.499363
19  46  2.498943
20  46  2.498544
21  46  2.496967
22  46  2.497669
23  46  2.498601
24  46  2.498050
25  46  2.498250
26  46  2.498421
27  46  2.498789
28  46  2.499418
29  46  2.499433
30  46  2.499388
31  46  2.499447
32  46  2.498826
33  46  2.498482
34  46  2.497744
35  46  2.498718
36  46  2.499178
37  46  2.498933
38  46  2.499116
39  46  2.497769
40  46  2.497622
41  46  2.498484
42  46  2.498251
43  46  2.498326
44  46  2.499291
45  46  2.499204
46  46  2.499464
47  46  2.499164
48  46  2.499269
49  46  2.499334
50  46  2.499308
51  46  2.499006
52  46  2.499268
53  46  2.498859
54  46  2.499375
55  46  2.498610
56  46  2.499203
57  46  2.498434
58  46  2.498442
59  46  2.497894
60  46  2.498089
61  46  2.499132
62  46  2.499434
63  46  2.498608
0  47  2.497687
1  47  2.497478
2  47  2.499522
3  47  2.498895
4  47  2.497326
5  47  2.496433
6  47  2.497003
7  47  2.497657
8  47  2.499027
9  47  2.499363
10  47  2.499424
11  47  2.498203
12  47  2.498288
13  47  2.496807
14  47  2.497654
15  47  2.498090
16  47  2.498362
17  47  2.497265
18  47  2.498463
19  47  2.498051
20  47  2.498227
21  47  2.498199
22  47  2.497409
23  47  2.497020
24  47  2.497562
25  47  2.498117
26  47  2.498950
27  47  2.498095
28  47  2.498475
29  47  2.498820
30  47  2.499110
31  47  2.498731
32  47  2.498290
33  47  2.498531
34  47  2.498333
35  47  2.499509
36  47  2.499406
37  47  2.498939
38  47  2.498888
39  47  2.497491
40  47  2.497379
41  47  2.499247
42  47  2.498658
43  47  2.498696
44  47  2.498836
45  47  2.498129
46  47  2.499159
47  47  2.498744
48  47  2.499398
49  47  2.499433
50  47  2.499496
51  47  2.499407
52  47  2.499424
53  47  2.499570
54  47  2.499462
55  47  2.498792
56  47  2.498867
57  47  2.498615
58  47  2.498278
59  47  2.497313
60  47  2.498157
61  47  2.499042
62  47  2.499239
63  47  2.498767
0  48  2.498884
1  48  2.498666
2  48  2.499128
3  48  2.499395
4  48  2.499001
5  48  2.497135
6  48  2.494999
7  48  2.495446
8  48  2.497209
9  48  2.499294
10  48  2.499255
11  48  2.499106
12  48  2.498454
13  48  2.496825
14  48  2.498078
15  48  2.498754
16  48  2.498633
17  48  2.497226
18  48  2.498675
19  48  2.498414
20  48  2.498873
21  48  2.499346
22  48  2.497278
23  48  2.497738
24  48  2.498471
25  48  2.499146
26  48  2.498991
27  48  2.497827
28  48  2.498699
29  48  2.498240
30  48  2.498260
31  48  2.497178
32  48  2.496905
33  48  2.497491
34  48  2.498144
35  48  2.499214
36  48  2.498579
37  48  2.498274
38  48  2.498672
39  48  2.497617
40  48  2.497555
41  48  2.498934
42  48  2.498517
43  48  2.498867
44  48  2.497865
45  48  2.496747
46  48  2.496534
47  48  2.498842
48  48  2.498879
49  48  2.499071
50  48  2.499001
51  48  2.498754
52  48  2.499216
53  48  2.499018
54  48  2.498992
55  48  2.498393
56  48  2.498662
57  48  2.498917
58  48  2.498925
59  48  2.498309
60  48  2.499627
61  48  2.499289
62  48  2.499591
63  48  2.499260
0  49  2.499453
1  49  2.498991
2  49  2.498123
3  49  2.498658
4  49  2.499389
5  49  2.498606
6  49  2.498648
7  49  2.497545
8  49  2.497887
9  49  2.499631
10  49  2.499487
11  49  2.497974
12  49  2.495787
13  49  2.495443
14  49  2.499206
15  49  2.499443
16  49  2.498987
17  49  2.498111
18  49  2.497647
19  49  2.496806
20  49  2.496917
21  49  2.497930
22  49  2.497285
23  49  2.497582
24  49  2.496832
25  49  2.498185
26  49  2.498668
27  49  2.498355
28  49  2.498802
29  49  2.497467
30  49  2.497963
31  49  2.496924
32  49  2.497272
33  49  2.497521
34  49  2.498935
35  49  2.499347
36  49  2.498857
37  49  2.498812
38  49  2.499021
39  49  2.498691
40  49  2.498970
41  49  2.498449
42  49  2.498604
43  49  2.499688
44  49  2.498737
45  49  2.496331
46  49  2.495785
47  49  2.498797
48  49  2.498760
49  49  2.498966
50  49  2.499208
51  49  2.498595
52  49  2.498870
53  49  2.498478
54  49  2.498525
55  49  2.497890
56  49  2.499179
57  49  2.499295
58  49  2.499008
59  49  2.498893
60  49  2.499850
61  49  2.499766
62  49  2.499557
63  49  2.499459
0  50  2.499572
1  50  2.498260
2  50  2.496599
3  50  2.496323
4  50  2.498413
5  50  2.498164
6  50  2.498341
7  50  2.497090
8  50  2.497562
9  50  2.499092
10  50  2.498851
11  50  2.498073
12  50  2.495868
13  50  2.495796
14  50  2.498848
15  50  2.499572
16  50  2.499293
17  50  2.499417
18  50  2.498517
19  50  2.498403
20  50  2.497220
21  50  2.497754
22  50  2.497845
23  50  2.498292
24  50  2.498095
25  50  2.498878
26  50  2.499316
27  50  2.498621
28  50  2.498008
29  50  2.496534
30  50  2.496425
31  50  2.496087
32  50  2.496797
33  50  2.498421
34  50  2.499024
35  50  2.498692
36  50  2.498363
37  50  2.499108
38  50  2.499254
39  50  2.499430
40  50  2.498668
41  50  2.498513
42  50  2.499299
43  50  2.499755
44  50  2.499246
45  50  2.497605
46  50  2.495562
47  50  2.498801
48  50  2.498314
49  50  2.498128
50  50  2.498885
51  50  2.498468
52  50  2.498198
53  50  2.498196
54  50  2.497590
55  50  2.498038
56  50  2.499641
57  50  2.498299
58  50  2.498155
59  50  2.498977
60  50  2.499876
61  50  2.499577
62  50  2.499470
63  50  2.499298
0  51  2.499105
1  51  2.497866
2  51  2.497242
3  51  2.497094
4  51  2.497935
5  51  2.497814
6  51  2.498116
7  51  2.498827
8  51  2.499112
9  51  2.499202
10  51  2.499227
11  51  2.498073
12  51  2.496748
13  51  2.496350
14  51  2.499185
15  51  2.499652
16  51  2.499375
17  51  2.499594
18  51  2.498056
19  51  2.497602
20  51  2.497033
21  51  2.497774
22  51  2.497677
23  51  2.497931
24  51  2.499551
25  51  2.499416
26  51  2.499361
27  51  2.498528
28  51  2.498466
29  51  2.497900
30  51  2.497956
31  51  2.497551
32  51  2.497882
33  51  2.499179
34  51  2.499328
35  51  2.499241
36  51  2.499207
37  51  2.499412
38  51  2.499155
39  51  2.499253
40  51  2.498896
41  51  2.498290
42  51  2.498372
43  51  2.498808
44  51  2.499745
45  51  2.498611
46  51  2.497560
47  51  2.498404
48  51  2.498654
49  51  2.498492
50  51  2.499335
51  51  2.499041
52  51  2.498471
53  51  2.498939
54  51  2.498072
55  51  2.497931
56  51  2.499631
57  51  2.498029
58  51  2.497652
59  51  2.497706
60  51  2.498321
61  51  2.498827
62  51  2.499428
63  51  2.499460
0  52  2.498506
1  52  2.497514
2  52  2.497543
3  52  2.497226
4  52  2.498227
5  52  2.498645
6  52  2.498888
7  52  2.499334
8  52  2.499123
9  52  2.499064
10  52  2.499266
11  52  2.499420
12  52  2.499296
13  52  2.498873
14  52  2.499515
15  52  2.499339
16  52  2.499139
17  52  2.499150
18  52  2.498629
19  52  2.498399
20  52  2.498728
21  52  2.498165
22  52  2.498028
23  52  2.497703
24  52  2.499681
25  52  2.499238
26  52  2.498490
27  52  2.498514
28  52  2.499060
29  52  2.498683
30  52  2.497430
31  52  2.496317
32  52  2.497175
33  52  2.498833
34  52  2.498896
35  52  2.499221
36  52  2.499039
37  52  2.499455
38  52  2.498780
39  52  2.498816
40  52  2.498836
41  52  2.498443
42  52  2.498661
43  52  2.498864
44  52  2.499437
45  52  2.499403
46  52  2.498118
47  52  2.498460
48  52  2.498267
49  52  2.498463
50  52  2.499163
51  52  2.498635
52  52  2.498607
53  52  2.498453
54  52  2.498060
55  52  2.498917
56  52  2.499615
57  52  2.498218
58  52  2.497785
59  52  2.497609
60  52  2.498532
61  52  2.498580
62  52  2.498742
63  52  2.497883
0  53  2.498124
1  53  2.498093
2  53  2.499172
3  53  2.499534
4  53  2.499386
5  53  2.499493
6  53  2.499698
7  53  2.499173
8  53  2.499128
9  53  2.498518
10  53  2.498479
11  53  2.498366
12  53  2.498431
13  53  2.499115
14  53  2.499234
15  53  2.498364
16  53  2.497987
17  53  2.498043
18  53  2.499449
19  53  2.499383
20  53  2.499525
21  53  2.498668
22  53  2.498362
23  53  2.497490
24  53  2.498405
25  53  2.497117
26  53  2.497282
27  53  2.498402
28  53  2.499449
29  53  2.499051
30  53  2.498597
31  53  2.498257
32  53  2.499192
33  53  2.498775
34  53  2.498922
35  53  2.499577
36  53  2.499414
37  53  2.498653
38  53  2.497937
39  53  2.497705
40  53  2.498875
41  53  2.499272
42  53  2.499209
43  53  2.499224
44  53  2.498808
45  53  2.498693
46  53  2.498547
47  53  2.499153
48  53  2.499151
49  53  2.498490
50  53  2.498750
51  53  2.497575
52  53  2.499019
53  53  2.499045
54  53  2.499516
55  53  2.498540
56  53  2.498514
57  53  2.498005
58  53  2.498341
59  53  2.498213
60  53  2.498528
61  53  2.498586
62  53  2.498706
63  53  2.496834
0  54  2.498449
1  54  2.498082
2  54  2.499435
3  54  2.499109
4  54  2.498952
5  54  2.498992
6  54  2.499505
7  54  2.499010
8  54  2.498939
9  54  2.498657
10  54  2.498479
11  54  2.498667
12  54  2.498394
13  54  2.499300
14  54  2.499122
15  54  2.498115
16  54  2.498188
17  54  2.497240
18  54  2.497420
19  54  2.497775
20  54  2.498203
21  54  2.499270
22  54  2.499171
23  54  2.498694
24  54  2.498605
25  54  2.497718
26  54  2.497678
27  54  2.498439
28  54  2.499339
29  54  2.499616
30  54  2.498936
31  54  2.498874
32  54  2.498385
33  54  2.498646
34  54  2.498838
35  54  2.499131
36  54  2.499234
37  54  2.498148
38  54  2.497896
39  54  2.496888
40  54  2.497708
41  54  2.498692
42  54  2.498778
43  54  2.499131
44  54  2.498232
45  54  2.498425
46  54  2.498345
47  54  2.499206
48  54  2.499134
49  54  2.497797
50  54  2.497769
51  54  2.495966
52  54  2.497462
53  54  2.498717
54  54  2.499091
55  54  2.498282
56  54  2.497805
57  54  2.497214
58  54  2.498403
59  54  2.498516
60  54  2.499371
61  54  2.498784
62  54  2.498373
63  54  2.497102
0  55  2.498589
1  55  2.498427
2  55  2.499569
3  55  2.499053
4  55  2.499105
5  55  2.499254
6  55  2.499650
7  55  2.499184
8  55  2.499181
9  55  2.499043
10  55  2.498930
11  55  2.498158
12  55  2.497040
13  55  2.497818
14  55  2.498211
15  55  2.498499
16  55  2.498415
17  55  2.497976
18  55  2.498187
19  55  2.498498
20  55  2.497873
21  55  2.498699
22  55  2.498659
23  55  2.498277
24  55  2.498120
25  55  2.497041
26  55  2.497983
27  55  2.498539
28  55  2.499660
29  55  2.499665
30  55  2.498997
31  55  2.498931
32  55  2.498051
33  55  2.498591
34  55  2.498654
35  55  2.498998
36  55  2.499325
37  55  2.498346
38  55  2.498586
39  55  2.498442
40  55  2.498532
41  55  2.498785
42  55  2.498770
43  55  2.499084
44  55  2.497802
45  55  2.498491
46  55  2.498449
47  55  2.499075
48  55  2.499345
49  55  2.497586
50  55  2.497892
51  55  2.497340
52  55  2.496869
53  55  2.498182
54  55  2.498982
55  55  2.497765
56  55  2.496889
57  55  2.495405
58  55  2.498421
59  55  2.498249
60  55  2.499244
61  55  2.498779
62  55  2.498735
63  55  2.498424
0  56  2.498340
1  56  2.497900
2  56  2.498773
3  56  2.498805
4  56  2.498855
5  56  2.498790
6  56  2.499397
7  56  2.499377
8  56  2.499182
9  56  2.499102
10  56  2.498390
11  56  2.498292
12  56  2.497128
13  56  2.497932
14  56  2.498424
15  56  2.499599
16  56  2.499183
17  56  2.498514
18  56  2.498291
19  56  2.498301
20  56  2.498118
21  56  2.498820
22  56  2.498859
23  56  2.498305
24  56  2.497633
25  56  2.498111
26  56  2.499166
27  56  2.499353
28  56  2.499392
29  56  2.499716
30  56  2.499012
31  56  2.499043
32  56  2.498331
33  56  2.498564
34  56  2.498574
35  56  2.498909
36  56  2.498829
37  56  2.498922
38  56  2.498338
39  56  2.498705
40  56  2.498585
41  56  2.498414
42  56  2.498540
43  56  2.498064
44  56  2.496409
45  56  2.496327
46  56  2.496374
47  56  2.497348
48  56  2.497987
49  56  2.497998
50  56  2.497642
51  56  2.497905
52  56  2.497525
53  56  2.497759
54  56  2.498853
55  56  2.498726
56  56  2.498005
57  56  2.496722
58  56  2.498490
59  56  2.498307
60  56  2.499210
61  56  2.499020
62  56  2.499419
63  56  2.498865
0  57  2.498343
1  57  2.498338
2  57  2.497966
3  57  2.498948
4  57  2.498156
5  57  2.498021
6  57  2.498303
7  57  2.498871
8  57  2.498744
9  57  2.498613
10  57  2.499013
11  57  2.498925
12  57  2.497146
13  57  2.497223
14  57  2.498131
15  57  2.498365
16  57  2.498774
17  57  2.498609
18  57  2.498466
19  57  2.498852
20  57  2.499111
21  57  2.498602
22  57  2.498566
23  57  2.497711
24  57  2.496880
25  57  2.497988
26  57  2.499442
27  57  2.499356
28  57  2.499103
29  57  2.499563
30  57  2.499384
31  57  2.499268
32  57  2.498719
33  57  2.498592
34  57  2.498578
35  57  2.498870
36  57  2.498867
37  57  2.499044
38  57  2.498756
39  57  2.499157
40  57  2.499519
41  57  2.499255
42  57  2.499141
43  57  2.498438
44  57  2.496728
45  57  2.496141
46  57  2.496159
47  57  2.497654
48  57  2.498264
49  57  2.499056
50  57  2.498276
51  57  2.497683
52  57  2.497606
53  57  2.498372
54  57  2.498554
55  57  2.498603
56  57  2.498355
57  57  2.497807
58  57  2.499679
59  57  2.499258
60  57  2.499113
61  57  2.499206
62  57  2.499329
63  57  2.498618
0  58  2.498616
1  58  2.498808
2  58  2.498741
3  58  2.499258
4  58  2.499185
5  58  2.498451
6  58  2.498189
7  58  2.497812
8  58  2.497380
9  58  2.496669
10  58  2.496412
11  58  2.497270
12  58  2.498262
13  58  2.498808
14  58  2.498633
15  58  2.498228
16  58  2.498945
17  58  2.498679
18  58  2.497543
19  58  2.497775
20  58  2.498514
21  58  2.498892
22  58  2.499136
23  58  2.499461
24  58  2.497813
25  58  2.497946
26  58  2.497603
27  58  2.498108
28  58  2.498373
29  58  2.499312
30  58  2.499157
31  58  2.499147
32  58  2.499707
33  58  2.499196
34  58  2.499087
35  58  2.498894
36  58  2.498587
37  58  2.499218
38  58  2.499313
39  58  2.499197
40  58  2.498295
41  58  2.498868
42  58  2.499040
43  58  2.498254
44  58  2.498047
45  58  2.498272
46  58  2.498400
47  58  2.498339
48  58  2.498207
49  58  2.499252
50  58  2.498466
51  58  2.497810
52  58  2.497641
53  58  2.497150
54  58  2.498234
55  58  2.498387
56  58  2.499405
57  58  2.499256
58  58  2.499656
59  58  2.499698
60  58  2.498962
61  58  2.499431
62  58  2.499551
63  58  2.498735
0  59  2.496603
1  59  2.496029
2  59  2.499071
3  59  2.499284
4  59  2.499244
5  59  2.499099
6  59  2.499122
7  59  2.499669
8  59  2.499000
9  59  2.498719
10  59  2.498452
11  59  2.498203
12  59  2.498697
13  59  2.498365
14  59  2.498080
15  59  2.498059
16  59  2.499369
17  59  2.498839
18  59  2.497097
19  59  2.496732
20  59  2.497759
21  59  2.497584
22  59  2.499424
23  59  2.499494
24  59  2.498126
25  59  2.498213
26  59  2.497339
27  59  2.498081
28  59  2.497914
29  59  2.498650
30  59  2.498831
31  59  2.499235
32  59  2.499732
33  59  2.499294
34  59  2.499061
35  59  2.499037
36  59  2.499447
37  59  2.498075
38  59  2.498758
39  59  2.497922
40  59  2.497651
41  59  2.499257
42  59  2.499449
43  59  2.499192
44  59  2.498850
45  59  2.499025
46  59  2.499009
47  59  2.499150
48  59  2.498751
49  59  2.498912
50  59  2.498096
51  59  2.498653
52  59  2.499176
53  59  2.498446
54  59  2.498171
55  59  2.497616
56  59  2.498585
57  59  2.497998
58  59  2.499404
59  59  2.499475
60  59  2.498527
61  59  2.498415
62  59  2.499358
63  59  2.496938
0  60  2.496175
1  60  2.495017
2  60  2.497039
3  60  2.498931
4  60  2.498993
5  60  2.498282
6  60  2.497144
7  60  2.499147
8  60  2.498786
9  60  2.498847
10  60  2.498461
11  60  2.498115
12  60  2.498715
13  60  2.498710
14  60  2.499341
15  60  2.499378
16  60  2.499423
17  60  2.498995
18  60  2.497377
19  60  2.497131
20  60  2.497913
21  60  2.497847
22  60  2.499288
23  60  2.499287
24  60  2.497564
25  60  2.497533
26  60  2.497389
27  60  2.498973
28  60  2.498227
29  60  2.498244
30  60  2.498874
31  60  2.499302
32  60  2.499815
33  60  2.499689
34  60  2.499634
35  60  2.499477
36  60  2.498830
37  60  2.497453
38  60  2.498361
39  60  2.497495
40  60  2.497062
41  60  2.498906
42  60  2.499215
43  60  2.499626
44  60  2.499721
45  60  2.499640
46  60  2.498607
47  60  2.498451
48  60  2.498215
49  60  2.498576
50  60  2.498090
51  60  2.498218
52  60  2.497635
53  60  2.497426
54  60  2.497489
55  60  2.498119
56  60  2.499043
57  60  2.497359
58  60  2.498562
59  60  2.497967
60  60  2.497799
61  60  2.498300
62  60  2.499662
63  60  2.496970
0  61  2.496948
1  61  2.495660
2  61  2.497452
3  61  2.499020
4  61  2.499181
5  61  2.498804
6  61  2.497479
7  61  2.498745
8  61  2.498587
9  61  2.499101
10  61  2.498890
11  61  2.498322
12  61  2.498863
13  61  2.498245
14  61  2.498539
15  61  2.498103
16  61  2.498466
17  61  2.498714
18  61  2.497999
19  61  2.498429
20  61  2.498858
21  61  2.498082
22  61  2.499027
23  61  2.499063
24  61  2.498456
25  61  2.498527
26  61  2.498379
27  61  2.499045
28  61  2.498302
29  61  2.498370
30  61  2.499041
31  61  2.499295
32  61  2.499655
33  61  2.499601
34  61  2.499637
35  61  2.499501
36  61  2.499195
37  61  2.497415
38  61  2.498055
39  61  2.497036
40  61  2.498368
41  61  2.498939
42  61  2.498977
43  61  2.499274
44  61  2.499269
45  61  2.499496
46  61  2.499362
47  61  2.499154
48  61  2.499005
49  61  2.499125
50  61  2.499483
51  61  2.498882
52  61  2.497524
53  61  2.497755
54  61  2.496993
55  61  2.498547
56  61  2.497978
57  61  2.496835
58  61  2.498527
59  61  2.496667
60  61  2.497716
61  61  2.498128
62  61  2.499497
63  61  2.497074
0  62  2.498009
1  62  2.497672
2  62  2.497774
3  62  2.499469
4  62  2.499040
5  62  2.498513
6  62  2.497179
7  62  2.498567
8  62  2.498574
9  62  2.499383
10  62  2.499041
11  62  2.498757
12  62  2.498878
13  62  2.498574
14  62  2.499051
15  62  2.498384
16  62  2.498325
17  62  2.498110
18  62  2.497850
19  62  2.498005
20  62  2.498711
21  62  2.498605
22  62  2.499376
23  62  2.498642
24  62  2.497445
25  62  2.497580
26  62  2.497414
27  62  2.498491
28  62  2.498713
29  62  2.498619
30  62  2.498759
31  62  2.498953
32  62  2.499192
33  62  2.499118
34  62  2.499111
35  62  2.498713
36  62  2.498470
37  62  2.498564
38  62  2.499616
39  62  2.498961
40  62  2.498144
41  62  2.497772
42  62  2.498525
43  62  2.498739
44  62  2.498961
45  62  2.499155
46  62  2.499072
47  62  2.499252
48  62  2.499270
49  62  2.499573
50  62  2.499148
51  62  2.498214
52  62  2.497456
53  62  2.497324
54  62  2.496729
55  62  2.498056
56  62  2.497810
57  62  2.497753
58  62  2.498770
59  62  2.497569
60  62  2.498007
61  62  2.498155
62  62  2.498835
63  62  2.499554
0  63  2.497542
1  63  2.497612
2  63  2.499109
3  63  2.499573
4  63  2.499563
5  63  2.498750
6  63  2.498158
7  63  2.498304
8  63  2.498447
9  63  2.499142
10  63  2.498982
11  63  2.499328
12  63  2.499244
13  63  2.498748
14  63  2.498719
15  63  2.498009
16  63  2.498336
17  63  2.498458
18  63  2.498840
19  63  2.498921
20  63  2.498500
21  63  2.498270
22  63  2.499133
23  63  2.498898
24  63  2.499531
25  63  2.498749
26  63  2.498446
27  63  2.498483
28  63  2.499084
29  63  2.498956
30  63  2.498876
31  63  2.498452
32  63  2.498355
33  63  2.498282
34  63  2.496642
35  63  2.496309
36  63  2.496754
37  63  2.497549
38  63  2.498923
39  63  2.498090
40  63  2.498237
41  63  2.498084
42  63  2.499583
43  63  2.498880
44  63  2.498699
45  63  2.498400
46  63  2.499272
47  63  2.499698
48  63  2.499716
49  63  2.499563
50  63  2.498832
51  63  2.498597
52  63  2.497849
53  63  2.498100
54  63  2.497267
55  63  2.498080
56  63  2.496486
57  63  2.497192
58  63  2.498739
59  63  2.497139
60  63  2.497479
61  63  2.497744
62  63  2.498773
63  63  2.498249
