# Spinor density |Psi|^2 at t = 30 seconds
# Grid: 64 x 64
# Columns: x  y  density
0  0  0.00026744
1  0  0.00035334
2  0  0.00043466
3  0  0.00010258
4  0  0.00009811
5  0  0.00062885
6  0  0.00025528
7  0  0.00015852
8  0  0.00008720
9  0  0.00025708
10  0  0.00005913
11  0  0.00020210
12  0  0.00022241
13  0  0.00036423
14  0  0.00022941
15  0  0.00011066
16  0  0.00029909
17  0  0.00024113
18  0  0.00015415
19  0  0.00015089
20  0  0.00007638
21  0  0.00017577
22  0  0.00011468
23  0  0.00014167
24  0  0.00024265
25  0  0.00014690
26  0  0.00036735
27  0  0.00046049
28  0  0.00022586
29  0  0.00010179
30  0  0.00034318
31  0  0.00015488
32  0  0.00011162
33  0  0.00065139
34  0  0.00019524
35  0  0.00030386
36  0  0.00034027
37  0  0.00030598
38  0  0.00029143
39  0  0.00010816
40  0  0.00014933
41  0  0.00026692
42  0  0.00020015
43  0  0.00008453
44  0  0.00020507
45  0  0.00042150
46  0  0.00034723
47  0  0.00007702
48  0  0.00058116
49  0  0.00011522
50  0  0.00027264
51  0  0.00020452
52  0  0.00043210
53  0  0.00014461
54  0  0.00038773
55  0  0.00034627
56  0  0.00035722
57  0  0.00013801
58  0  0.00018571
59  0  0.00013529
60  0  0.00012278
61  0  0.00036447
62  0  0.00015167
63  0  0.00012313
0  1  0.00007448
1  1  0.00033761
2  1  0.00008374
3  1  0.00016959
4  1  0.00019919
5  1  0.00029671
6  1  0.00059806
7  1  0.00020648
8  1  0.00038587
9  1  0.00010037
10  1  0.00017643
11  1  0.00017221
12  1  0.00040838
13  1  0.00016844
14  1  0.00015382
15  1  0.00013428
16  1  0.00010402
17  1  0.00035365
18  1  0.00057228
19  1  0.00035090
20  1  0.00014530
21  1  0.00027876
22  1  0.00013851
23  1  0.00034437
24  1  0.00031008
25  1  0.00015277
26  1  0.00041444
27  1  0.00014355
28  1  0.00017339
29  1  0.00011271
30  1  0.00021195
31  1  0.00014803
32  1  0.00052295
33  1  0.00018610
34  1  0.00011149
35  1  0.00022683
36  1  0.00011914
37  1  0.00026593
38  1  0.00036976
39  1  0.00019355
40  1  0.00019961
41  1  0.00009476
42  1  0.00018679
43  1  0.00008906
44  1  0.00016203
45  1  0.00024730
46  1  0.00030211
47  1  0.00031501
48  1  0.00005906
49  1  0.00034914
50  1  0.00060153
51  1  0.00037412
52  1  0.00039948
53  1  0.00029473
54  1  0.00014229
55  1  0.00028978
56  1  0.00013227
57  1  0.00021137
58  1  0.00041290
59  1  0.00037998
60  1  0.00009975
61  1  0.00021032
62  1  0.00014473
63  1  0.00015867
0  2  0.00006581
1  2  0.00036735
2  2  0.00028884
3  2  0.00014387
4  2  0.00016781
5  2  0.00024232
6  2  0.00010964
7  2  0.00021673
8  2  0.00022523
9  2  0.00034232
10  2  0.00021634
11  2  0.00020116
12  2  0.00009291
13  2  0.00032525
14  2  0.00016696
15  2  0.00035820
16  2  0.00013980
17  2  0.00030222
18  2  0.00025713
19  2  0.00036326
20  2  0.00038539
21  2  0.00009852
22  2  0.00017869
23  2  0.00037558
24  2  0.00027883
25  2  0.00017586
26  2  0.00008213
27  2  0.00010102
28  2  0.00004147
29  2  0.00088286
30  2  0.00036271
31  2  0.00018730
32  2  0.00037345
33  2  0.00021110
34  2  0.00019173
35  2  0.00029202
36  2  0.00043662
37  2  0.00022740
38  2  0.00050761
39  2  0.00025170
40  2  0.00027101
41  2  0.00029748
42  2  0.00039713
43  2  0.00023983
44  2  0.00003370
45  2  0.00019434
46  2  0.00020964
47  2  0.00007036
48  2  0.00021446
49  2  0.00012512
50  2  0.00024317
51  2  0.00019307
52  2  0.00014976
53  2  0.00017208
54  2  0.00053208
55  2  0.00013470
56  2  0.00037812
57  2  0.00029482
58  2  0.00017460
59  2  0.00037149
60  2  0.00043669
61  2  0.00041886
62  2  0.00031696
63  2  0.00022383
0  3  0.00025078
1  3  0.00044473
2  3  0.00009572
3  3  0.00018800
4  3  0.00029353
5  3  0.00075965
6  3  0.00014009
7  3  0.00020199
8  3  0.00024697
9  3  0.00039339
10  3  0.00014621
11  3  0.00029207
12  3  0.00021254
13  3  0.00018312
14  3  0.00020787
15  3  0.00022183
16  3  0.00015803
17  3  0.00038576
18  3  0.00004606
19  3  0.00029809
20  3  0.00016629
21  3  0.00018810
22  3  0.00023514
23  3  0.00011767
24  3  0.00013516
25  3  0.00031229
26  3  0.00017860
27  3  0.00006653
28  3  0.00011620
29  3  0.00021887
30  3  0.00019848
31  3  0.00023209
32  3  0.00018037
33  3  0.00022011
34  3  0.00017744
35  3  0.00043893
36  3  0.00024053
37  3  0.00015216
38  3  0.00015417
39  3  0.00008792
40  3  0.00004001
41  3  0.00026242
42  3  0.00034550
43  3  0.00026289
44  3  0.00017968
45  3  0.00029081
46  3  0.00025159
47  3  0.00020839
48  3  0.00004362
49  3  0.00037561
50  3  0.00023557
51  3  0.00009961
52  3  0.00007386
53  3  0.00049622
54  3  0.00028825
55  3  0.00010262
56  3  0.00007823
57  3  0.00017758
58  3  0.00015251
59  3  0.00026205
60  3  0.00007908
61  3  0.00025669
62  3  0.00012155
63  3  0.00027783
0  4  0.00015449
1  4  0.00018457
2  4  0.00010346
3  4  0.00028557
4  4  0.00009365
5  4  0.00039470
6  4  0.00030603
7  4  0.00017496
8  4  0.00020960
9  4  0.00009743
10  4  0.00037876
11  4  0.00032406
12  4  0.00019771
13  4  0.00034676
14  4  0.00036067
15  4  0.00013467
16  4  0.00036146
17  4  0.00029475
18  4  0.00020813
19  4  0.00021679
20  4  0.00025002
21  4  0.00006448
22  4  0.00012590
23  4  0.00035032
24  4  0.00054246
25  4  0.00022416
26  4  0.00038357
27  4  0.00020333
28  4  0.00010061
29  4  0.00045670
30  4  0.00030979
31  4  0.00033182
32  4  0.00013139
33  4  0.00055558
34  4  0.00060623
35  4  0.00034700
36  4  0.00018640
37  4  0.00012501
38  4  0.00038490
39  4  0.00013045
40  4  0.00015498
41  4  0.00024752
42  4  0.00021073
43  4  0.00023956
44  4  0.00041112
45  4  0.00021864
46  4  0.00013089
47  4  0.00025827
48  4  0.00022910
49  4  0.00018246
50  4  0.00017784
51  4  0.00049344
52  4  0.00028690
53  4  0.00015338
54  4  0.00008509
55  4  0.00008145
56  4  0.00023410
57  4  0.00012685
58  4  0.00028735
59  4  0.00019544
60  4  0.00014290
61  4  0.00034862
62  4  0.00018790
63  4  0.00010829
0  5  0.00026684
1  5  0.00025139
2  5  0.00018907
3  5  0.00013364
4  5  0.00022312
5  5  0.00018879
6  5  0.00011911
7  5  0.00021679
8  5  0.00018673
9  5  0.00013714
10  5  0.00015915
11  5  0.00025196
12  5  0.00015837
13  5  0.00023415
14  5  0.00015300
15  5  0.00037501
16  5  0.00030747
17  5  0.00015846
18  5  0.00050257
19  5  0.00023559
20  5  0.00013708
21  5  0.00022915
22  5  0.00025384
23  5  0.00038612
24  5  0.00029008
25  5  0.00043409
26  5  0.00029979
27  5  0.00033698
28  5  0.00023166
29  5  0.00026067
30  5  0.00045921
31  5  0.00021228
32  5  0.00019389
33  5  0.00031146
34  5  0.00021830
35  5  0.00007643
36  5  0.00026307
37  5  0.00013462
38  5  0.00036280
39  5  0.00041782
40  5  0.00014612
41  5  0.00016493
42  5  0.00003959
43  5  0.00037057
44  5  0.00034385
45  5  0.00019980
46  5  0.00019197
47  5  0.00014397
48  5  0.00008520
49  5  0.00016666
50  5  0.00020608
51  5  0.00030436
52  5  0.00030485
53  5  0.00015088
54  5  0.00005593
55  5  0.00019797
56  5  0.00040003
57  5  0.00007378
58  5  0.00010446
59  5  0.00029168
60  5  0.00027401
61  5  0.00024779
62  5  0.00016477
63  5  0.00019199
0  6  0.00027030
1  6  0.00007032
2  6  0.00024289
3  6  0.00030239
4  6  0.00017711
5  6  0.00011318
6  6  0.00017596
7  6  0.00034514
8  6  0.00033381
9  6  0.00019820
10  6  0.00041061
11  6  0.00022768
12  6  0.00012188
13  6  0.00011387
14  6  0.00014245
15  6  0.00017511
16  6  0.00026509
17  6  0.00018458
18  6  0.00030016
19  6  0.00032347
20  6  0.00017725
21  6  0.00026131
22  6  0.00029795
23  6  0.00012775
24  6  0.00012619
25  6  0.00027944
26  6  0.00021409
27  6  0.00011350
28  6  0.00021924
29  6  0.00010140
30  6  0.00064830
31  6  0.00031413
32  6  0.00011660
33  6  0.00017006
34  6  0.00025195
35  6  0.00019339
36  6  0.00009276
37  6  0.00022053
38  6  0.00017753
39  6  0.00033400
40  6  0.00052297
41  6  0.00019990
42  6  0.00014757
43  6  0.00019153
44  6  0.00019385
45  6  0.00015132
46  6  0.00024974
47  6  0.00028913
48  6  0.00039611
49  6  0.00009498
50  6  0.00030856
51  6  0.00015220
52  6  0.00068341
53  6  0.00019547
54  6  0.00031966
55  6  0.00025275
56  6  0.00009487
57  6  0.00009716
58  6  0.00035538
59  6  0.00025016
60  6  0.00026188
61  6  0.00010750
62  6  0.00042909
63  6  0.00029267
0  7  0.00023778
1  7  0.00014075
2  7  0.00013962
3  7  0.00023718
4  7  0.00045807
5  7  0.00026414
6  7  0.00050879
7  7  0.00035338
8  7  0.00020579
9  7  0.00027852
10  7  0.00011055
11  7  0.00042383
12  7  0.00010707
13  7  0.00037102
14  7  0.00017349
15  7  0.00006517
16  7  0.00022592
17  7  0.00041140
18  7  0.00024742
19  7  0.00021417
20  7  0.00009953
21  7  0.00035622
22  7  0.00011202
23  7  0.00026751
24  7  0.00018711
25  7  0.00014825
26  7  0.00023136
27  7  0.00017872
28  7  0.00035736
29  7  0.00027918
30  7  0.00024959
31  7  0.00021795
32  7  0.00030030
33  7  0.00013888
34  7  0.00008738
35  7  0.00038292
36  7  0.00022170
37  7  0.00040481
38  7  0.00014870
39  7  0.00013073
40  7  0.00017755
41  7  0.00025324
42  7  0.00013406
43  7  0.00020286
44  7  0.00020964
45  7  0.00007158
46  7  0.00023303
47  7  0.00035214
48  7  0.00012246
49  7  0.00020124
50  7  0.00024104
51  7  0.00011464
52  7  0.00020796
53  7  0.00018493
54  7  0.00063714
55  7  0.00006318
56  7  0.00016310
57  7  0.00022331
58  7  0.00031389
59  7  0.00017959
60  7  0.00014964
61  7  0.00017207
62  7  0.00033965
63  7  0.00024859
0  8  0.00006569
1  8  0.00022242
2  8  0.00007037
3  8  0.00006052
4  8  0.00034638
5  8  0.00031682
6  8  0.00044622
7  8  0.00011672
8  8  0.00049663
9  8  0.00026486
10  8  0.00017752
11  8  0.00022024
12  8  0.00060600
13  8  0.00019251
14  8  0.00019108
15  8  0.00030243
16  8  0.00039923
17  8  0.00019638
18  8  0.00022519
19  8  0.00026130
20  8  0.00037880
21  8  0.00022137
22  8  0.00026717
23  8  0.00023082
24  8  0.00009287
25  8  0.00017668
26  8  0.00042367
27  8  0.00034947
28  8  0.00025279
29  8  0.00037195
30  8  0.00040733
31  8  0.00049199
32  8  0.00032456
33  8  0.00012707
34  8  0.00013277
35  8  0.00025164
36  8  0.00052380
37  8  0.00039507
38  8  0.00037685
39  8  0.00024272
40  8  0.00036652
41  8  0.00031127
42  8  0.00022939
43  8  0.00034094
44  8  0.00015007
45  8  0.00034725
46  8  0.00041479
47  8  0.00011967
48  8  0.00017735
49  8  0.00034707
50  8  0.00016158
51  8  0.00012902
52  8  0.00015041
53  8  0.00029876
54  8  0.00016536
55  8  0.00024626
56  8  0.00019096
57  8  0.00011522
58  8  0.00008765
59  8  0.00013086
60  8  0.00027054
61  8  0.00017379
62  8  0.00019393
63  8  0.00005950
0  9  0.00031143
1  9  0.00034436
2  9  0.00040069
3  9  0.00016185
4  9  0.00005946
5  9  0.00014658
6  9  0.00028193
7  9  0.00004483
8  9  0.00023090
9  9  0.00035112
10  9  0.00020752
11  9  0.00024900
12  9  0.00017210
13  9  0.00027307
14  9  0.00008828
15  9  0.00049980
16  9  0.00035632
17  9  0.00020700
18  9  0.00035788
19  9  0.00041873
20  9  0.00023193
21  9  0.00028351
22  9  0.00010359
23  9  0.00018408
24  9  0.00047651
25  9  0.00040405
26  9  0.00031899
27  9  0.00011293
28  9  0.00023041
29  9  0.00041464
30  9  0.00013087
31  9  0.00043055
32  9  0.00019834
33  9  0.00025865
34  9  0.00028489
35  9  0.00021369
36  9  0.00041709
37  9  0.00046992
38  9  0.00032873
39  9  0.00017328
40  9  0.00013389
41  9  0.00038839
42  9  0.00035789
43  9  0.00042972
44  9  0.00007739
45  9  0.00035433
46  9  0.00042533
47  9  0.00006169
48  9  0.00030483
49  9  0.00034538
50  9  0.00026735
51  9  0.00026501
52  9  0.00042239
53  9  0.00009827
54  9  0.00027146
55  9  0.00043656
56  9  0.00015864
57  9  0.00010155
58  9  0.00045625
59  9  0.00013705
60  9  0.00009544
61  9  0.00039521
62  9  0.00029260
63  9  0.00016754
0  10  0.00018663
1  10  0.00020447
2  10  0.00033713
3  10  0.00023915
4  10  0.00023986
5  10  0.00012861
6  10  0.00013668
7  10  0.00008978
8  10  0.00029772
9  10  0.00026890
10  10  0.00013155
11  10  0.00015935
12  10  0.00018689
13  10  0.00031774
14  10  0.00013500
15  10  0.00048031
16  10  0.00006253
17  10  0.00047312
18  10  0.00020196
19  10  0.00027995
20  10  0.00024921
21  10  0.00023010
22  10  0.00042399
23  10  0.00017192
24  10  0.00020703
25  10  0.00010755
26  10  0.00026189
27  10  0.00013399
28  10  0.00009847
29  10  0.00039773
30  10  0.00017239
31  10  0.00021154
32  10  0.00028152
33  10  0.00035696
34  10  0.00014539
35  10  0.00032483
36  10  0.00019849
37  10  0.00010612
38  10  0.00014887
39  10  0.00027994
40  10  0.00030472
41  10  0.00044673
42  10  0.00013388
43  10  0.00015563
44  10  0.00024174
45  10  0.00013938
46  10  0.00023216
47  10  0.00027615
48  10  0.00027979
49  10  0.00012024
50  10  0.00028612
51  10  0.00016461
52  10  0.00038025
53  10  0.00023448
54  10  0.00017689
55  10  0.00033367
56  10  0.00012988
57  10  0.00015253
58  10  0.00014547
59  10  0.00022823
60  10  0.00023487
61  10  0.00046381
62  10  0.00041563
63  10  0.00025829
0  11  0.00012007
1  11  0.00017737
2  11  0.00028625
3  11  0.00011296
4  11  0.00035504
5  11  0.00015321
6  11  0.00031577
7  11  0.00011831
8  11  0.00061020
9  11  0.00031777
10  11  0.00035314
11  11  0.00013961
12  11  0.00038305
13  11  0.00015061
14  11  0.00026732
15  11  0.00025107
16  11  0.00014922
17  11  0.00029618
18  11  0.00029509
19  11  0.00058674
20  11  0.00004257
21  11  0.00022674
22  11  0.00040505
23  11  0.00080969
24  11  0.00031882
25  11  0.00020745
26  11  0.00017328
27  11  0.00023090
28  11  0.00018190
29  11  0.00021356
30  11  0.00024199
31  11  0.00011177
32  11  0.00008058
33  11  0.00026953
34  11  0.00017850
35  11  0.00023095
36  11  0.00038823
37  11  0.00011747
38  11  0.00016042
39  11  0.00044394
40  11  0.00015566
41  11  0.00029265
42  11  0.00026585
43  11  0.00008107
44  11  0.00043119
45  11  0.00016818
46  11  0.00027592
47  11  0.00017415
48  11  0.00008849
49  11  0.00024224
50  11  0.00010841
51  11  0.00011701
52  11  0.00017056
53  11  0.00019374
54  11  0.00009014
55  11  0.00013955
56  11  0.00043709
57  11  0.00022245
58  11  0.00036089
59  11  0.00023431
60  11  0.00034565
61  11  0.00018945
62  11  0.00017599
63  11  0.00020839
0  12  0.00016950
1  12  0.00030978
2  12  0.00015598
3  12  0.00011578
4  12  0.00046219
5  12  0.00015322
6  12  0.00011370
7  12  0.00019584
8  12  0.00013784
9  12  0.00018459
10  12  0.00019523
11  12  0.00018785
12  12  0.00014405
13  12  0.00025165
14  12  0.00021496
15  12  0.00019282
16  12  0.00023282
17  12  0.00009249
18  12  0.00057321
19  12  0.00023053
20  12  0.00023966
21  12  0.00080774
22  12  0.00028017
23  12  0.00056318
24  12  0.00007253
25  12  0.00012649
26  12  0.00026810
27  12  0.00026554
28  12  0.00033657
29  12  0.00054334
30  12  0.00027676
31  12  0.00036120
32  12  0.00021636
33  12  0.00074925
34  12  0.00029956
35  12  0.00016078
36  12  0.00023344
37  12  0.00017219
38  12  0.00016016
39  12  0.00029953
40  12  0.00040696
41  12  0.00006616
42  12  0.00007907
43  12  0.00035597
44  12  0.00036123
45  12  0.00024758
46  12  0.00013007
47  12  0.00016434
48  12  0.00029729
49  12  0.00022065
50  12  0.00009061
51  12  0.00015267
52  12  0.00014668
53  12  0.00019888
54  12  0.00016086
55  12  0.00028582
56  12  0.00011399
57  12  0.00020570
58  12  0.00029719
59  12  0.00036284
60  12  0.00035906
61  12  0.00027186
62  12  0.00035174
63  12  0.00010264
0  13  0.00015367
1  13  0.00055813
2  13  0.00028000
3  13  0.00038584
4  13  0.00033287
5  13  0.00034366
6  13  0.00013209
7  13  0.00016177
8  13  0.00029062
9  13  0.00035816
10  13  0.00056130
11  13  0.00014489
12  13  0.00007664
13  13  0.00022791
14  13  0.00037656
15  13  0.00048612
16  13  0.00011933
17  13  0.00017706
18  13  0.00033722
19  13  0.00023020
20  13  0.00019537
21  13  0.00009885
22  13  0.00015152
23  13  0.00023756
24  13  0.00015191
25  13  0.00017082
26  13  0.00024121
27  13  0.00004923
28  13  0.00055113
29  13  0.00069465
30  13  0.00029625
31  13  0.00021856
32  13  0.00014749
33  13  0.00011637
34  13  0.00020604
35  13  0.00019011
36  13  0.00020406
37  13  0.00017289
38  13  0.00033284
39  13  0.00031418
40  13  0.00023530
41  13  0.00029239
42  13  0.00027536
43  13  0.00026617
44  13  0.00019355
45  13  0.00022831
46  13  0.00023481
47  13  0.00035411
48  13  0.00024059
49  13  0.00012941
50  13  0.00025559
51  13  0.00024045
52  13  0.00019813
53  13  0.00021452
54  13  0.00022567
55  13  0.00014961
56  13  0.00019475
57  13  0.00013204
58  13  0.00022018
59  13  0.00022367
60  13  0.00021862
61  13  0.00023208
62  13  0.00015016
63  13  0.00022926
0  14  0.00032831
1  14  0.00016752
2  14  0.00012168
3  14  0.00033315
4  14  0.00014158
5  14  0.00027735
6  14  0.00018265
7  14  0.00006846
8  14  0.00027544
9  14  0.00004644
10  14  0.00043997
11  14  0.00020885
12  14  0.00030971
13  14  0.00010117
14  14  0.00026989
15  14  0.00026398
16  14  0.00016007
17  14  0.00034595
18  14  0.00023806
19  14  0.00015117
20  14  0.00019079
21  14  0.00008714
22  14  0.00017480
23  14  0.00014346
24  14  0.00038289
25  14  0.00036046
26  14  0.00023546
27  14  0.00037787
28  14  0.00019522
29  14  0.00042279
30  14  0.00032540
31  14  0.00036525
32  14  0.00014559
33  14  0.00030908
34  14  0.00018566
35  14  0.00011319
36  14  0.00025995
37  14  0.00011244
38  14  0.00028337
39  14  0.00055217
40  14  0.00022353
41  14  0.00016528
42  14  0.00037637
43  14  0.00034111
44  14  0.00060854
45  14  0.00025920
46  14  0.00043959
47  14  0.00025907
48  14  0.00012466
49  14  0.00014453
50  14  0.00016955
51  14  0.00034854
52  14  0.00032074
53  14  0.00036575
54  14  0.00009349
55  14  0.00017195
56  14  0.00036222
57  14  0.00049148
58  14  0.00022875
59  14  0.00021373
60  14  0.00009090
61  14  0.00032977
62  14  0.00027493
63  14  0.00019414
0  15  0.00029439
1  15  0.00042070
2  15  0.00011757
3  15  0.00017893
4  15  0.00036244
5  15  0.00027444
6  15  0.00022313
7  15  0.00008578
8  15  0.00003822
9  15  0.00032790
10  15  0.00014919
11  15  0.00013090
12  15  0.00031276
13  15  0.00008127
14  15  0.00010901
15  15  0.00024733
16  15  0.00041064
17  15  0.00024547
18  15  0.00031433
19  15  0.00008454
20  15  0.00040204
21  15  0.00012066
22  15  0.00051631
23  15  0.00010181
24  15  0.00030544
25  15  0.00031159
26  15  0.00022602
27  15  0.00021121
28  15  0.00013000
29  15  0.00024072
30  15  0.00026893
31  15  0.00045317
32  15  0.00035248
33  15  0.00022529
34  15  0.00015934
35  15  0.00055495
36  15  0.00030002
37  15  0.00007098
38  15  0.00019834
39  15  0.00042578
40  15  0.00014015
41  15  0.00026503
42  15  0.00046580
43  15  0.00026698
44  15  0.00022530
45  15  0.00008306
46  15  0.00015182
47  15  0.00044610
48  15  0.00052270
49  15  0.00036315
50  15  0.00044274
51  15  0.00017660
52  15  0.00007996
53  15  0.00020570
54  15  0.00036268
55  15  0.00055137
56  15  0.00019228
57  15  0.00018254
58  15  0.00055560
59  15  0.00019953
60  15  0.00007520
61  15  0.00026800
62  15  0.00020041
63  15  0.00007405
0  16  0.00012234
1  16  0.00011395
2  16  0.00017775
3  16  0.00014001
4  16  0.00035351
5  16  0.00028650
6  16  0.00028351
7  16  0.00007792
8  16  0.00023458
9  16  0.00036756
10  16  0.00012890
11  16  0.00006231
12  16  0.00002884
13  16  0.00025371
14  16  0.00019363
15  16  0.00024083
16  16  0.00009085
17  16  0.00045721
18  16  0.00056046
19  16  0.00042296
20  16  0.00019510
21  16  0.00033068
22  16  0.00043248
23  16  0.00011716
24  16  0.00031034
25  16  0.00017983
26  16  0.00045405
27  16  0.00014554
28  16  0.00031838
29  16  0.00039072
30  16  0.00022773
31  16  0.00034929
32  16  0.00053341
33  16  0.00035885
34  16  0.00011235
35  16  0.00015059
36  16  0.00024693
37  16  0.00029424
38  16  0.00038748
39  16  0.00048010
40  16  0.00025961
41  16  0.00028964
42  16  0.00023117
43  16  0.00043791
44  16  0.00015171
45  16  0.00037569
46  16  0.00035957
47  16  0.00035556
48  16  0.00080312
49  16  0.00032280
50  16  0.00030786
51  16  0.00024156
52  16  0.00014346
53  16  0.00029460
54  16  0.00017377
55  16  0.00030986
56  16  0.00030892
57  16  0.00033029
58  16  0.00018090
59  16  0.00012633
60  16  0.00027839
61  16  0.00020171
62  16  0.00013099
63  16  0.00043771
0  17  0.00033968
1  17  0.00029662
2  17  0.00017681
3  17  0.00022893
4  17  0.00016192
5  17  0.00009551
6  17  0.00033731
7  17  0.00014890
8  17  0.00005536
9  17  0.00025721
10  17  0.00022305
11  17  0.00009171
12  17  0.00019481
13  17  0.00022958
14  17  0.00007306
15  17  0.00027458
16  17  0.00040480
17  17  0.00028317
18  17  0.00039386
19  17  0.00014912
20  17  0.00017325
21  17  0.00017969
22  17  0.00047737
23  17  0.00012100
24  17  0.00015785
25  17  0.00032562
26  17  0.00019606
27  17  0.00030227
28  17  0.00066105
29  17  0.00076164
30  17  0.00007000
31  17  0.00005131
32  17  0.00034258
33  17  0.00005925
34  17  0.00016339
35  17  0.00027283
36  17  0.00043468
37  17  0.00031086
38  17  0.00029122
39  17  0.00033212
40  17  0.00018965
41  17  0.00018745
42  17  0.00032861
43  17  0.00009800
44  17  0.00006161
45  17  0.00005214
46  17  0.00024200
47  17  0.00006700
48  17  0.00027827
49  17  0.00027428
50  17  0.00004666
51  17  0.00025712
52  17  0.00022666
53  17  0.00021026
54  17  0.00027282
55  17  0.00013614
56  17  0.00019487
57  17  0.00028127
58  17  0.00011383
59  17  0.00029018
60  17  0.00025156
61  17  0.00037841
62  17  0.00039654
63  17  0.00011832
0  18  0.00024814
1  18  0.00010135
2  18  0.00024324
3  18  0.00045684
4  18  0.00046368
5  18  0.00009671
6  18  0.00025695
7  18  0.00015727
8  18  0.00024442
9  18  0.00025062
10  18  0.00016961
11  18  0.00016386
12  18  0.00019760
13  18  0.00087529
14  18  0.00018563
15  18  0.00024850
16  18  0.00052817
17  18  0.00024938
18  18  0.00024860
19  18  0.00007190
20  18  0.00035009
21  18  0.00028125
22  18  0.00019131
23  18  0.00017765
24  18  0.00030804
25  18  0.00075439
26  18  0.00024401
27  18  0.00028801
28  18  0.00013654
29  18  0.00040101
30  18  0.00020320
31  18  0.00012642
32  18  0.00023969
33  18  0.00018631
34  18  0.00030330
35  18  0.00008208
36  18  0.00015069
37  18  0.00014352
38  18  0.00020424
39  18  0.00019917
40  18  0.00018064
41  18  0.00034894
42  18  0.00034128
43  18  0.00025897
44  18  0.00032624
45  18  0.00022090
46  18  0.00022849
47  18  0.00045216
48  18  0.00012803
49  18  0.00019479
50  18  0.00024041
51  18  0.00021719
52  18  0.00014928
53  18  0.00021559
54  18  0.00012425
55  18  0.00015617
56  18  0.00034886
57  18  0.00013303
58  18  0.00012638
59  18  0.00025986
60  18  0.00017058
61  18  0.00029878
62  18  0.00017861
63  18  0.00020280
0  19  0.00020089
1  19  0.00018210
2  19  0.00022229
3  19  0.00011512
4  19  0.00040130
5  19  0.00015918
6  19  0.00025038
7  19  0.00018990
8  19  0.00030108
9  19  0.00025616
10  19  0.00028757
11  19  0.00006713
12  19  0.00018662
13  19  0.00010326
14  19  0.00026850
15  19  0.00024144
16  19  0.00027746
17  19  0.00019924
18  19  0.00025136
19  19  0.00012308
20  19  0.00027849
21  19  0.00014342
22  19  0.00039484
23  19  0.00033078
24  19  0.00030364
25  19  0.00031371
26  19  0.00036649
27  19  0.00013043
28  19  0.00020095
29  19  0.00012204
30  19  0.00027194
31  19  0.00016915
32  19  0.00019882
33  19  0.00010721
34  19  0.00017208
35  19  0.00050829
36  19  0.00007754
37  19  0.00021439
38  19  0.00023191
39  19  0.00026613
40  19  0.00011063
41  19  0.00013621
42  19  0.00021118
43  19  0.00007528
44  19  0.00065418
45  19  0.00011186
46  19  0.00079061
47  19  0.00045878
48  19  0.00012452
49  19  0.00020207
50  19  0.00018950
51  19  0.00032336
52  19  0.00024100
53  19  0.00006034
54  19  0.00016002
55  19  0.00011064
56  19  0.00029100
57  19  0.00015936
58  19  0.00022510
59  19  0.00034259
60  19  0.00018399
61  19  0.00016242
62  19  0.00010523
63  19  0.00036570
0  20  0.00016416
1  20  0.00017529
2  20  0.00033072
3  20  0.00023496
4  20  0.00018655
5  20  0.00016007
6  20  0.00065354
7  20  0.00018344
8  20  0.00015038
9  20  0.00040423
10  20  0.00034284
11  20  0.00030608
12  20  0.00035266
13  20  0.00027779
14  20  0.00026608
15  20  0.00060424
16  20  0.00019315
17  20  0.00017191
18  20  0.00005419
19  20  0.00042080
20  20  0.00021411
21  20  0.00024424
22  20  0.00007679
23  20  0.00017642
24  20  0.00013346
25  20  0.00018672
26  20  0.00013327
27  20  0.00029658
28  20  0.00017010
29  20  0.00019613
30  20  0.00025018
31  20  0.00010295
32  20  0.00024079
33  20  0.00012105
34  20  0.00021612
35  20  0.00013632
36  20  0.00015309
37  20  0.00021806
38  20  0.00024314
39  20  0.00009039
40  20  0.00012290
41  20  0.00020117
42  20  0.00033635
43  20  0.00033853
44  20  0.00052362
45  20  0.00017424
46  20  0.00027594
47  20  0.00027382
48  20  0.00014935
49  20  0.00024841
50  20  0.00030217
51  20  0.00022355
52  20  0.00043011
53  20  0.00020696
54  20  0.00029227
55  20  0.00030221
56  20  0.00009635
57  20  0.00026279
58  20  0.00026940
59  20  0.00028938
60  20  0.00004950
61  20  0.00039592
62  20  0.00039108
63  20  0.00018033
0  21  0.00017177
1  21  0.00010854
2  21  0.00019768
3  21  0.00027382
4  21  0.00009884
5  21  0.00014665
6  21  0.00030431
7  21  0.00010505
8  21  0.00022372
9  21  0.00012393
10  21  0.00020025
11  21  0.00031787
12  21  0.00041646
13  21  0.00014882
14  21  0.00041783
15  21  0.00009937
16  21  0.00040421
17  21  0.00013932
18  21  0.00032685
19  21  0.00017472
20  21  0.00015091
21  21  0.00039470
22  21  0.00019495
23  21  0.00021873
24  21  0.00022600
25  21  0.00016994
26  21  0.00015535
27  21  0.00042935
28  21  0.00037228
29  21  0.00017410
30  21  0.00005375
31  21  0.00039690
32  21  0.00004869
33  21  0.00024961
34  21  0.00014071
35  21  0.00041722
36  21  0.00016550
37  21  0.00017453
38  21  0.00032731
39  21  0.00025368
40  21  0.00023066
41  21  0.00017689
42  21  0.00025835
43  21  0.00011202
44  21  0.00011781
45  21  0.00026964
46  21  0.00018272
47  21  0.00023271
48  21  0.00012531
49  21  0.00004651
50  21  0.00039802
51  21  0.00036723
52  21  0.00009528
53  21  0.00028233
54  21  0.00016350
55  21  0.00020272
56  21  0.00029788
57  21  0.00026475
58  21  0.00015757
59  21  0.00011467
60  21  0.00016078
61  21  0.00039508
62  21  0.00049640
63  21  0.00016222
0  22  0.00021800
1  22  0.00025856
2  22  0.00018972
3  22  0.00015093
4  22  0.00007490
5  22  0.00027060
6  22  0.00015347
7  22  0.00045198
8  22  0.00026324
9  22  0.00016773
10  22  0.00021490
11  22  0.00034065
12  22  0.00020465
13  22  0.00037920
14  22  0.00055452
15  22  0.00029930
16  22  0.00037615
17  22  0.00010343
18  22  0.00029529
19  22  0.00031278
20  22  0.00023928
21  22  0.00031028
22  22  0.00039342
23  22  0.00016488
24  22  0.00024805
25  22  0.00012760
26  22  0.00015946
27  22  0.00028369
28  22  0.00016087
29  22  0.00017657
30  22  0.00018075
31  22  0.00039414
32  22  0.00046627
33  22  0.00037056
34  22  0.00020020
35  22  0.00019450
36  22  0.00040197
37  22  0.00015514
38  22  0.00021339
39  22  0.00055041
40  22  0.00006618
41  22  0.00021464
42  22  0.00044856
43  22  0.00027542
44  22  0.00057041
45  22  0.00021229
46  22  0.00028056
47  22  0.00024553
48  22  0.00020722
49  22  0.00039234
50  22  0.00020958
51  22  0.00022758
52  22  0.00019388
53  22  0.00025154
54  22  0.00023652
55  22  0.00016803
56  22  0.00031394
57  22  0.00006080
58  22  0.00028802
59  22  0.00014403
60  22  0.00007650
61  22  0.00015790
62  22  0.00015816
63  22  0.00042740
0  23  0.00037578
1  23  0.00023488
2  23  0.00007611
3  23  0.00023936
4  23  0.00012994
5  23  0.00016866
6  23  0.00019148
7  23  0.00029711
8  23  0.00006233
9  23  0.00026867
10  23  0.00018326
11  23  0.00003833
12  23  0.00049587
13  23  0.00028031
14  23  0.00020231
15  23  0.00016144
16  23  0.00011742
17  23  0.00008007
18  23  0.00023319
19  23  0.00027458
20  23  0.00010260
21  23  0.00017613
22  23  0.00026262
23  23  0.00039073
24  23  0.00004048
25  23  0.00009122
26  23  0.00044870
27  23  0.00006530
28  23  0.00021537
29  23  0.00046828
30  23  0.00013533
31  23  0.00037968
32  23  0.00024971
33  23  0.00031758
34  23  0.00010804
35  23  0.00023674
36  23  0.00014891
37  23  0.00020351
38  23  0.00010809
39  23  0.00024095
40  23  0.00022695
41  23  0.00022836
42  23  0.00016056
43  23  0.00022093
44  23  0.00024838
45  23  0.00022476
46  23  0.00015199
47  23  0.00012323
48  23  0.00047011
49  23  0.00026058
50  23  0.00028729
51  23  0.00038639
52  23  0.00035209
53  23  0.00011754
54  23  0.00032238
55  23  0.00015411
56  23  0.00011327
57  23  0.00029922
58  23  0.00030936
59  23  0.00016325
60  23  0.00018929
61  23  0.00047092
62  23  0.00014073
63  23  0.00019288
0  24  0.00012364
1  24  0.00027043
2  24  0.00003940
3  24  0.00030681
4  24  0.00033763
5  24  0.00009863
6  24  0.00015305
7  24  0.00005079
8  24  0.00038345
9  24  0.00043596
10  24  0.00036915
11  24  0.00014400
12  24  0.00040088
13  24  0.00030900
14  24  0.00016898
15  24  0.00016029
16  24  0.00048382
17  24  0.00034068
18  24  0.00018512
19  24  0.00027528
20  24  0.00027772
21  24  0.00021196
22  24  0.00044698
23  24  0.00010958
24  24  0.00009700
25  24  0.00023274
26  24  0.00025459
27  24  0.00024059
28  24  0.00028691
29  24  0.00018664
30  24  0.00029177
31  24  0.00016939
32  24  0.00011154
33  24  0.00038099
34  24  0.00010442
35  24  0.00027420
36  24  0.00031431
37  24  0.00006553
38  24  0.00014145
39  24  0.00016087
40  24  0.00007715
41  24  0.00038200
42  24  0.00015403
43  24  0.00009492
44  24  0.00012932
45  24  0.00013336
46  24  0.00019098
47  24  0.00011844
48  24  0.00037437
49  24  0.00028154
50  24  0.00025904
51  24  0.00020885
52  24  0.00034341
53  24  0.00004178
54  24  0.00022071
55  24  0.00017603
56  24  0.00018996
57  24  0.00024904
58  24  0.00035721
59  24  0.00023514
60  24  0.00008609
61  24  0.00019381
62  24  0.00033533
63  24  0.00016569
0  25  0.00022505
1  25  0.00048620
2  25  0.00020904
3  25  0.00040927
4  25  0.00068534
5  25  0.00018427
6  25  0.00023423
7  25  0.00027129
8  25  0.00027414
9  25  0.00010764
10  25  0.00012161
11  25  0.00007090
12  25  0.00030478
13  25  0.00031370
14  25  0.00030077
15  25  0.00021074
16  25  0.00027922
17  25  0.00014684
18  25  0.00020702
19  25  0.00023698
20  25  0.00027576
21  25  0.00016639
22  25  0.00017581
23  25  0.00030229
24  25  0.00009981
25  25  0.00034640
26  25  0.00023813
27  25  0.00021929
28  25  0.00047512
29  25  0.00019107
30  25  0.00009891
31  25  0.00018430
32  25  0.00036271
33  25  0.00014176
34  25  0.00012416
35  25  0.00008481
36  25  0.00028088
37  25  0.00012996
38  25  0.00024010
39  25  0.00038080
40  25  0.00042805
41  25  0.00028428
42  25  0.00034104
43  25  0.00047535
44  25  0.00028287
45  25  0.00011886
46  25  0.00025783
47  25  0.00021577
48  25  0.00007885
49  25  0.00015583
50  25  0.00016634
51  25  0.00025123
52  25  0.00018988
53  25  0.00022144
54  25  0.00027554
55  25  0.00016620
56  25  0.00025601
57  25  0.00018140
58  25  0.00025703
59  25  0.00039657
60  25  0.00019682
61  25  0.00022203
62  25  0.00016941
63  25  0.00012327
0  26  0.00021100
1  26  0.00039458
2  26  0.00062792
3  26  0.00014512
4  26  0.00028355
5  26  0.00054281
6  26  0.00022356
7  26  0.00023082
8  26  0.00033157
9  26  0.00011085
10  26  0.00021126
11  26  0.00012936
12  26  0.00019374
13  26  0.00016366
14  26  0.00005591
15  26  0.00013551
16  26  0.00031137
17  26  0.00014272
18  26  0.00034409
19  26  0.00023224
20  26  0.00010923
21  26  0.00040425
22  26  0.00010452
23  26  0.00037521
24  26  0.00037763
25  26  0.00019544
26  26  0.00012825
27  26  0.00018423
28  26  0.00022942
29  26  0.00025545
30  26  0.00024413
31  26  0.00013246
32  26  0.00021296
33  26  0.00041741
34  26  0.00010737
35  26  0.00016845
36  26  0.00028621
37  26  0.00046082
38  26  0.00019020
39  26  0.00005395
40  26  0.00016182
41  26  0.00023598
42  26  0.00011576
43  26  0.00012861
44  26  0.00008542
45  26  0.00028389
46  26  0.00023885
47  26  0.00024436
48  26  0.00019465
49  26  0.00016515
50  26  0.00027917
51  26  0.00022152
52  26  0.00023287
53  26  0.00032268
54  26  0.00020281
55  26  0.00015393
56  26  0.00022350
57  26  0.00036712
58  26  0.00025798
59  26  0.00025982
60  26  0.00044611
61  26  0.00016613
62  26  0.00018288
63  26  0.00023306
0  27  0.00008490
1  27  0.00015875
2  27  0.00027067
3  27  0.00039886
4  27  0.00013135
5  27  0.00022243
6  27  0.00037428
7  27  0.00026605
8  27  0.00028778
9  27  0.00050576
10  27  0.00038412
11  27  0.00025464
12  27  0.00034597
13  27  0.00023940
14  27  0.00007911
15  27  0.00031115
16  27  0.00059124
17  27  0.00014571
18  27  0.00029758
19  27  0.00019332
20  27  0.00012348
21  27  0.00029247
22  27  0.00010711
23  27  0.00017146
24  27  0.00037715
25  27  0.00035420
26  27  0.00013386
27  27  0.00028782
28  27  0.00033064
29  27  0.00054154
30  27  0.00031725
31  27  0.00013188
32  27  0.00045333
33  27  0.00041561
34  27  0.00015642
35  27  0.00024931
36  27  0.00027646
37  27  0.00051366
38  27  0.00033364
39  27  0.00026754
40  27  0.00030554
41  27  0.00034403
42  27  0.00015240
43  27  0.00010914
44  27  0.00014663
45  27  0.00024240
46  27  0.00017237
47  27  0.00014492
48  27  0.00013484
49  27  0.00023591
50  27  0.00032861
51  27  0.00027164
52  27  0.00019639
53  27  0.00019982
54  27  0.00027601
55  27  0.00008949
56  27  0.00036762
57  27  0.00004064
58  27  0.00004676
59  27  0.00028244
60  27  0.00016750
61  27  0.00024186
62  27  0.00029555
63  27  0.00009381
0  28  0.00018491
1  28  0.00026110
2  28  0.00024160
3  28  0.00018063
4  28  0.00037267
5  28  0.00005929
6  28  0.00029615
7  28  0.00023797
8  28  0.00016404
9  28  0.00012032
10  28  0.00025110
11  28  0.00019012
12  28  0.00022932
13  28  0.00015782
14  28  0.00041040
15  28  0.00042776
16  28  0.00033486
17  28  0.00004893
18  28  0.00016328
19  28  0.00017937
20  28  0.00008417
21  28  0.00012487
22  28  0.00037005
23  28  0.00016901
24  28  0.00035515
25  28  0.00029845
26  28  0.00007976
27  28  0.00013839
28  28  0.00030169
29  28  0.00041018
30  28  0.00013732
31  28  0.00019418
32  28  0.00006934
33  28  0.00014879
34  28  0.00032764
35  28  0.00030374
36  28  0.00031254
37  28  0.00028165
38  28  0.00018810
39  28  0.00020610
40  28  0.00015901
41  28  0.00021557
42  28  0.00019453
43  28  0.00046050
44  28  0.00024301
45  28  0.00022401
46  28  0.00024292
47  28  0.00040323
48  28  0.00040193
49  28  0.00015521
50  28  0.00016269
51  28  0.00026268
52  28  0.00006918
53  28  0.00021136
54  28  0.00014677
55  28  0.00023164
56  28  0.00031068
57  28  0.00017401
58  28  0.00010516
59  28  0.00030615
60  28  0.00012493
61  28  0.00027840
62  28  0.00009119
63  28  0.00022461
0  29  0.00016785
1  29  0.00022013
2  29  0.00015003
3  29  0.00012003
4  29  0.00011002
5  29  0.00023517
6  29  0.00051988
7  29  0.00033994
8  29  0.00016885
9  29  0.00021199
10  29  0.00038729
11  29  0.00028007
12  29  0.00023544
13  29  0.00043355
14  29  0.00009670
15  29  0.00045430
16  29  0.00012398
17  29  0.00015172
18  29  0.00022654
19  29  0.00011373
20  29  0.00007779
21  29  0.00005278
22  29  0.00015074
23  29  0.00010776
24  29  0.00014705
25  29  0.00039969
26  29  0.00027326
27  29  0.00014929
28  29  0.00040466
29  29  0.00048968
30  29  0.00022003
31  29  0.00041298
32  29  0.00037507
33  29  0.00017123
34  29  0.00027888
35  29  0.00025790
36  29  0.00013372
37  29  0.00041740
38  29  0.00010341
39  29  0.00023335
40  29  0.00016760
41  29  0.00016383
42  29  0.00010937
43  29  0.00053382
44  29  0.00013473
45  29  0.00032560
46  29  0.00018464
47  29  0.00032450
48  29  0.00031205
49  29  0.00016797
50  29  0.00020031
51  29  0.00025883
52  29  0.00032397
53  29  0.00021359
54  29  0.00049724
55  29  0.00024770
56  29  0.00009797
57  29  0.00028440
58  29  0.00037498
59  29  0.00023895
60  29  0.00032464
61  29  0.00020795
62  29  0.00011688
63  29  0.00028002
0  30  0.00032740
1  30  0.00035007
2  30  0.00030685
3  30  0.00013838
4  30  0.00030361
5  30  0.00043510
6  30  0.00033744
7  30  0.00041365
8  30  0.00027489
9  30  0.00021361
10  30  0.00018382
11  30  0.00025158
12  30  0.00018114
13  30  0.00021496
14  30  0.00025424
15  30  0.00030638
16  30  0.00028268
17  30  0.00017821
18  30  0.00019804
19  30  0.00016164
20  30  0.00020851
21  30  0.00027722
22  30  0.00021979
23  30  0.00024334
24  30  0.00010034
25  30  0.00022714
26  30  0.00007746
27  30  0.00053868
28  30  0.00016602
29  30  0.00012584
30  30  0.00017391
31  30  0.00014640
32  30  0.00019043
33  30  0.00007852
34  30  0.00058355
35  30  0.00009716
36  30  0.00057946
37  30  0.00019354
38  30  0.00042352
39  30  0.00015610
40  30  0.00026010
41  30  0.00010999
42  30  0.00030433
43  30  0.00016118
44  30  0.00030676
45  30  0.00029294
46  30  0.00033966
47  30  0.00029255
48  30  0.00008377
49  30  0.00016676
50  30  0.00028452
51  30  0.00006955
52  30  0.00048473
53  30  0.00022735
54  30  0.00022472
55  30  0.00022092
56  30  0.00022146
57  30  0.00007752
58  30  0.00006907
59  30  0.00008656
60  30  0.00008333
61  30  0.00016376
62  30  0.00019812
63  30  0.00029518
0  31  0.00016374
1  31  0.00057125
2  31  0.00018309
3  31  0.00015496
4  31  0.00024749
5  31  0.00025424
6  31  0.00027388
7  31  0.00036900
8  31  0.00014011
9  31  0.00021212
10  31  0.00021450
11  31  0.00031692
12  31  0.00024998
13  31  0.00038442
14  31  0.00026917
15  31  0.00030872
16  31  0.00013597
17  31  0.00022623
18  31  0.00017627
19  31  0.00011796
20  31  0.00020260
21  31  0.00048945
22  31  0.00048183
23  31  0.00012558
24  31  0.00008105
25  31  0.00026591
26  31  0.00019107
27  31  0.00033519
28  31  0.00033848
29  31  0.00019113
30  31  0.00033024
31  31  0.00020851
32  31  0.00018742
33  31  0.00027826
34  31  0.00021744
35  31  0.00011891
36  31  0.00033557
37  31  0.00010819
38  31  0.00042185
39  31  0.00013415
40  31  0.00012880
41  31  0.00025710
42  31  0.00019173
43  31  0.00040678
44  31  0.00015309
45  31  0.00029573
46  31  0.00024652
47  31  0.00013948
48  31  0.00030466
49  31  0.00041467
50  31  0.00041178
51  31  0.00034149
52  31  0.00010705
53  31  0.00005108
54  31  0.00023808
55  31  0.00024911
56  31  0.00019048
57  31  0.00010821
58  31  0.00039273
59  31  0.00020352
60  31  0.00021671
61  31  0.00040150
62  31  0.00029443
63  31  0.00031834
0  32  0.00019235
1  32  0.00007231
2  32  0.00036914
3  32  0.00023378
4  32  0.00043267
5  32  0.00029458
6  32  0.00043681
7  32  0.00011408
8  32  0.00019200
9  32  0.00007317
10  32  0.00021272
11  32  0.00020196
12  32  0.00025671
13  32  0.00018812
14  32  0.00007787
15  32  0.00021374
16  32  0.00029223
17  32  0.00022733
18  32  0.00034122
19  32  0.00030174
20  32  0.00034754
21  32  0.00015400
22  32  0.00011296
23  32  0.00019434
24  32  0.00006739
25  32  0.00025760
26  32  0.00021846
27  32  0.00033356
28  32  0.00003804
29  32  0.00024741
30  32  0.00033207
31  32  0.00014469
32  32  0.00036363
33  32  0.00034144
34  32  0.00020067
35  32  0.00025701
36  32  0.00015183
37  32  0.00011492
38  32  0.00025940
39  32  0.00039952
40  32  0.00014250
41  32  0.00043719
42  32  0.00015450
43  32  0.00021959
44  32  0.00012873
45  32  0.00030392
46  32  0.00035600
47  32  0.00022468
48  32  0.00028334
49  32  0.00019305
50  32  0.00007756
51  32  0.00016707
52  32  0.00047218
53  32  0.00063166
54  32  0.00028533
55  32  0.00023832
56  32  0.00037755
57  32  0.00062806
58  32  0.00017436
59  32  0.00017019
60  32  0.00006291
61  32  0.00015487
62  32  0.00017453
63  32  0.00016429
0  33  0.00015388
1  33  0.00058451
2  33  0.00052816
3  33  0.00027800
4  33  0.00044882
5  33  0.00022750
6  33  0.00005865
7  33  0.00026612
8  33  0.00030420
9  33  0.00021602
10  33  0.00015268
11  33  0.00026132
12  33  0.00024451
13  33  0.00011683
14  33  0.00017500
15  33  0.00022761
16  33  0.00022195
17  33  0.00027593
18  33  0.00014798
19  33  0.00067093
20  33  0.00026383
21  33  0.00046629
22  33  0.00027350
23  33  0.00032144
24  33  0.00010855
25  33  0.00009275
26  33  0.00026224
27  33  0.00021854
28  33  0.00010494
29  33  0.00011514
30  33  0.00009954
31  33  0.00012220
32  33  0.00020627
33  33  0.00011869
34  33  0.00027702
35  33  0.00018412
36  33  0.00022981
37  33  0.00047514
38  33  0.00021399
39  33  0.00014062
40  33  0.00014498
41  33  0.00028800
42  33  0.00020434
43  33  0.00016662
44  33  0.00010095
45  33  0.00027621
46  33  0.00068128
47  33  0.00016476
48  33  0.00025538
49  33  0.00039439
50  33  0.00015980
51  33  0.00012292
52  33  0.00030181
53  33  0.00031285
54  33  0.00031153
55  33  0.00010401
56  33  0.00011021
57  33  0.00025326
58  33  0.00018222
59  33  0.00023284
60  33  0.00028204
61  33  0.00054143
62  33  0.00008839
63  33  0.00014967
0  34  0.00021613
1  34  0.00016128
2  34  0.00028605
3  34  0.00005749
4  34  0.00018744
5  34  0.00058642
6  34  0.00016716
7  34  0.00020179
8  34  0.00007987
9  34  0.00008558
10  34  0.00020822
11  34  0.00017013
12  34  0.00012894
13  34  0.00012149
14  34  0.00013595
15  34  0.00027035
16  34  0.00014313
17  34  0.00008222
18  34  0.00017471
19  34  0.00022882
20  34  0.00033732
21  34  0.00019775
22  34  0.00014741
23  34  0.00021613
24  34  0.00039785
25  34  0.00046634
26  34  0.00020307
27  34  0.00019288
28  34  0.00019972
29  34  0.00022135
30  34  0.00053444
31  34  0.00027980
32  34  0.00028490
33  34  0.00016234
34  34  0.00021092
35  34  0.00026215
36  34  0.00017661
37  34  0.00034556
38  34  0.00013823
39  34  0.00033323
40  34  0.00009312
41  34  0.00005128
42  34  0.00021013
43  34  0.00030638
44  34  0.00008376
45  34  0.00019640
46  34  0.00025561
47  34  0.00075321
48  34  0.00028737
49  34  0.00021525
50  34  0.00031419
51  34  0.00023072
52  34  0.00038614
53  34  0.00017657
54  34  0.00069901
55  34  0.00029727
56  34  0.00041008
57  34  0.00032351
58  34  0.00028014
59  34  0.00024506
60  34  0.00012419
61  34  0.00018450
62  34  0.00017597
63  34  0.00012497
0  35  0.00017517
1  35  0.00022388
2  35  0.00040046
3  35  0.00022574
4  35  0.00023867
5  35  0.00024158
6  35  0.00026762
7  35  0.00025158
8  35  0.00016917
9  35  0.00012497
10  35  0.00016435
11  35  0.00024615
12  35  0.00021131
13  35  0.00027239
14  35  0.00055275
15  35  0.00028370
16  35  0.00007748
17  35  0.00016766
18  35  0.00016431
19  35  0.00009843
20  35  0.00031413
21  35  0.00031229
22  35  0.00022896
23  35  0.00012119
24  35  0.00014701
25  35  0.00015066
26  35  0.00029214
27  35  0.00019505
28  35  0.00025128
29  35  0.00012688
30  35  0.00033482
31  35  0.00007218
32  35  0.00016664
33  35  0.00016366
34  35  0.00053069
35  35  0.00038905
36  35  0.00029676
37  35  0.00022002
38  35  0.00031836
39  35  0.00022978
40  35  0.00024282
41  35  0.00037724
42  35  0.00012558
43  35  0.00016100
44  35  0.00028537
45  35  0.00015670
46  35  0.00028857
47  35  0.00015325
48  35  0.00045241
49  35  0.00015949
50  35  0.00039427
51  35  0.00036523
52  35  0.00044779
53  35  0.00021441
54  35  0.00034757
55  35  0.00013626
56  35  0.00021943
57  35  0.00017827
58  35  0.00021921
59  35  0.00016524
60  35  0.00021511
61  35  0.00015294
62  35  0.00008876
63  35  0.00036210
0  36  0.00033272
1  36  0.00012261
2  36  0.00023441
3  36  0.00013911
4  36  0.00029405
5  36  0.00007634
6  36  0.00020954
7  36  0.00017125
8  36  0.00017411
9  36  0.00051493
10  36  0.00032970
11  36  0.00022756
12  36  0.00010417
13  36  0.00020020
14  36  0.00034333
15  36  0.00028964
16  36  0.00028570
17  36  0.00031184
18  36  0.00036819
19  36  0.00032163
20  36  0.00028525
21  36  0.00019967
22  36  0.00045016
23  36  0.00023200
24  36  0.00004756
25  36  0.00039376
26  36  0.00032024
27  36  0.00042430
28  36  0.00030697
29  36  0.00030308
30  36  0.00031887
31  36  0.00045191
32  36  0.00018264
33  36  0.00034669
34  36  0.00027174
35  36  0.00007024
36  36  0.00006833
37  36  0.00021211
38  36  0.00043688
39  36  0.00010159
40  36  0.00034137
41  36  0.00025164
42  36  0.00018514
43  36  0.00016756
44  36  0.00072521
45  36  0.00016635
46  36  0.00035232
47  36  0.00021908
48  36  0.00037588
49  36  0.00045208
50  36  0.00018908
51  36  0.00007652
52  36  0.00018883
53  36  0.00028792
54  36  0.00009822
55  36  0.00043559
56  36  0.00010092
57  36  0.00029958
58  36  0.00022798
59  36  0.00020117
60  36  0.00013547
61  36  0.00044480
62  36  0.00019230
63  36  0.00014218
0  37  0.00016901
1  37  0.00029691
2  37  0.00028599
3  37  0.00038493
4  37  0.00019744
5  37  0.00014392
6  37  0.00021922
7  37  0.00022579
8  37  0.00017485
9  37  0.00034915
10  37  0.00011828
11  37  0.00013404
12  37  0.00011787
13  37  0.00020471
14  37  0.00049958
15  37  0.00031683
16  37  0.00004435
17  37  0.00029074
18  37  0.00028272
19  37  0.00019669
20  37  0.00051842
21  37  0.00043260
22  37  0.00013804
23  37  0.00025800
24  37  0.00027928
25  37  0.00023014
26  37  0.00025771
27  37  0.00041231
28  37  0.00013209
29  37  0.00027300
30  37  0.00020340
31  37  0.00041215
32  37  0.00045361
33  37  0.00027809
34  37  0.00031045
35  37  0.00034376
36  37  0.00030256
37  37  0.00075738
38  37  0.00020815
39  37  0.00019315
40  37  0.00012039
41  37  0.00022191
42  37  0.00028320
43  37  0.00032430
44  37  0.00034380
45  37  0.00031473
46  37  0.00031957
47  37  0.00029142
48  37  0.00020589
49  37  0.00019316
50  37  0.00036342
51  37  0.00009529
52  37  0.00013055
53  37  0.00033719
54  37  0.00025112
55  37  0.00020118
56  37  0.00010985
57  37  0.00024229
58  37  0.00027662
59  37  0.00011619
60  37  0.00027713
61  37  0.00041933
62  37  0.00033655
63  37  0.00020854
0  38  0.00009910
1  38  0.00044854
2  38  0.00006470
3  38  0.00034353
4  38  0.00006582
5  38  0.00039073
6  38  0.00020276
7  38  0.00020003
8  38  0.00016421
9  38  0.00015516
10  38  0.00008750
11  38  0.00019005
12  38  0.00015502
13  38  0.00024408
14  38  0.00026721
15  38  0.00014990
16  38  0.00014397
17  38  0.00012144
18  38  0.00018923
19  38  0.00028805
20  38  0.00012820
21  38  0.00011948
22  38  0.00038425
23  38  0.00024146
24  38  0.00019827
25  38  0.00016223
26  38  0.00036511
27  38  0.00015398
28  38  0.00039641
29  38  0.00008751
30  38  0.00011131
31  38  0.00047194
32  38  0.00036884
33  38  0.00039250
34  38  0.00027887
35  38  0.00027766
36  38  0.00019398
37  38  0.00026067
38  38  0.00006734
39  38  0.00025881
40  38  0.00010303
41  38  0.00025703
42  38  0.00032091
43  38  0.00017221
44  38  0.00027328
45  38  0.00024809
46  38  0.00027131
47  38  0.00007201
48  38  0.00010504
49  38  0.00042768
50  38  0.00027766
51  38  0.00011698
52  38  0.00031194
53  38  0.00013696
54  38  0.00035102
55  38  0.00021065
56  38  0.00011669
57  38  0.00025897
58  38  0.00021418
59  38  0.00020460
60  38  0.00017689
61  38  0.00006764
62  38  0.00015181
63  38  0.00040210
0  39  0.00031979
1  39  0.00031995
2  39  0.00018930
3  39  0.00029311
4  39  0.00013714
5  39  0.00008439
6  39  0.00014848
7  39  0.00022599
8  39  0.00032208
9  39  0.00030979
10  39  0.00016811
11  39  0.00015477
12  39  0.00020974
13  39  0.00014900
14  39  0.00012174
15  39  0.00018819
16  39  0.00035141
17  39  0.00026300
18  39  0.00010913
19  39  0.00005051
20  39  0.00022538
21  39  0.00013678
22  39  0.00010374
23  39  0.00031835
24  39  0.00030390
25  39  0.00031159
26  39  0.00016476
27  39  0.00029302
28  39  0.00012643
29  39  0.00015172
30  39  0.00037475
31  39  0.00012851
32  39  0.00026092
33  39  0.00023727
34  39  0.00022876
35  39  0.00035819
36  39  0.00016690
37  39  0.00057768
38  39  0.00021491
39  39  0.00020012
40  39  0.00043161
41  39  0.00030088
42  39  0.00035242
43  39  0.00014191
44  39  0.00030369
45  39  0.00016858
46  39  0.00033185
47  39  0.00016882
48  39  0.00028822
49  39  0.00022541
50  39  0.00017323
51  39  0.00038078
52  39  0.00021684
53  39  0.00012607
54  39  0.00006064
55  39  0.00028071
56  39  0.00017133
57  39  0.00017866
58  39  0.00017967
59  39  0.00022801
60  39  0.00037379
61  39  0.00013951
62  39  0.00029763
63  39  0.00042983
0  40  0.00027039
1  40  0.00035432
2  40  0.00049864
3  40  0.00048637
4  40  0.00028844
5  40  0.00013047
6  40  0.00005085
7  40  0.00037797
8  40  0.00013217
9  40  0.00011616
10  40  0.00018012
11  40  0.00004458
12  40  0.00027961
13  40  0.00041866
14  40  0.00052729
15  40  0.00005541
16  40  0.00035300
17  40  0.00030530
18  40  0.00028777
19  40  0.00049307
20  40  0.00015221
21  40  0.00016590
22  40  0.00024988
23  40  0.00037851
24  40  0.00038196
25  40  0.00021766
26  40  0.00030835
27  40  0.00023800
28  40  0.00010305
29  40  0.00027411
30  40  0.00029683
31  40  0.00028988
32  40  0.00026705
33  40  0.00020884
34  40  0.00018544
35  40  0.00041570
36  40  0.00014356
37  40  0.00018809
38  40  0.00031038
39  40  0.00023420
40  40  0.00031331
41  40  0.00016159
42  40  0.00018862
43  40  0.00009150
44  40  0.00030613
45  40  0.00013172
46  40  0.00025244
47  40  0.00021863
48  40  0.00032151
49  40  0.00021227
50  40  0.00012710
51  40  0.00017531
52  40  0.00007992
53  40  0.00022727
54  40  0.00026352
55  40  0.00013925
56  40  0.00019733
57  40  0.00015363
58  40  0.00047688
59  40  0.00051391
60  40  0.00013431
61  40  0.00009315
62  40  0.00046853
63  40  0.00041459
0  41  0.00028922
1  41  0.00039410
2  41  0.00016646
3  41  0.00030337
4  41  0.00021788
5  41  0.00003416
6  41  0.00013412
7  41  0.00025504
8  41  0.00015147
9  41  0.00023249
10  41  0.00014430
11  41  0.00030327
12  41  0.00022550
13  41  0.00065468
14  41  0.00011744
15  41  0.00011054
16  41  0.00033911
17  41  0.00041663
18  41  0.00013207
19  41  0.00020469
20  41  0.00020141
21  41  0.00020458
22  41  0.00007914
23  41  0.00038571
24  41  0.00026095
25  41  0.00002334
26  41  0.00031900
27  41  0.00020529
28  41  0.00040434
29  41  0.00028310
30  41  0.00020901
31  41  0.00021451
32  41  0.00029097
33  41  0.00019445
34  41  0.00008523
35  41  0.00030333
36  41  0.00016155
37  41  0.00028953
38  41  0.00010259
39  41  0.00007713
40  41  0.00019539
41  41  0.00011068
42  41  0.00033463
43  41  0.00015542
44  41  0.00007923
45  41  0.00008413
46  41  0.00063965
47  41  0.00021401
48  41  0.00015937
49  41  0.00031170
50  41  0.00018027
51  41  0.00019706
52  41  0.00017059
53  41  0.00034722
54  41  0.00017362
55  41  0.00020777
56  41  0.00017800
57  41  0.00011445
58  41  0.00012840
59  41  0.00033596
60  41  0.00004651
61  41  0.00012111
62  41  0.00053358
63  41  0.00030860
0  42  0.00029110
1  42  0.00022201
2  42  0.00018920
3  42  0.00024320
4  42  0.00012241
5  42  0.00022828
6  42  0.00015652
7  42  0.00015350
8  42  0.00022958
9  42  0.00009816
10  42  0.00044312
11  42  0.00017281
12  42  0.00036354
13  42  0.00027056
14  42  0.00004500
15  42  0.00011686
16  42  0.00014599
17  42  0.00015600
18  42  0.00015709
19  42  0.00020573
20  42  0.00067839
21  42  0.00004266
22  42  0.00011229
23  42  0.00031538
24  42  0.00014605
25  42  0.00067407
26  42  0.00008498
27  42  0.00034888
28  42  0.00021122
29  42  0.00020402
30  42  0.00008817
31  42  0.00013714
32  42  0.00052248
33  42  0.00027517
34  42  0.00035243
35  42  0.00007995
36  42  0.00009945
37  42  0.00014271
38  42  0.00030549
39  42  0.00037250
40  42  0.00009355
41  42  0.00009856
42  42  0.00011775
43  42  0.00020878
44  42  0.00057520
45  42  0.00016636
46  42  0.00032889
47  42  0.00014916
48  42  0.00040036
49  42  0.00012326
50  42  0.00062175
51  42  0.00006332
52  42  0.00030108
53  42  0.00026931
54  42  0.00024840
55  42  0.00009263
56  42  0.00010504
57  42  0.00014956
58  42  0.00016485
59  42  0.00033934
60  42  0.00036179
61  42  0.00025896
62  42  0.00016045
63  42  0.00012895
0  43  0.00040943
1  43  0.00012178
2  43  0.00010573
3  43  0.00035231
4  43  0.00015294
5  43  0.00007088
6  43  0.00027636
7  43  0.00025078
8  43  0.00027081
9  43  0.00017938
10  43  0.00030195
11  43  0.00008532
12  43  0.00022879
13  43  0.00013787
14  43  0.00040708
15  43  0.00036861
16  43  0.00003690
17  43  0.00017291
18  43  0.00060441
19  43  0.00019575
20  43  0.00021123
21  43  0.00031677
22  43  0.00015122
23  43  0.00012362
24  43  0.00044471
25  43  0.00007810
26  43  0.00028221
27  43  0.00016615
28  43  0.00015911
29  43  0.00014009
30  43  0.00005422
31  43  0.00041006
32  43  0.00022769
33  43  0.00024056
34  43  0.00009134
35  43  0.00034304
36  43  0.00016342
37  43  0.00024250
38  43  0.00021349
39  43  0.00022527
40  43  0.00013620
41  43  0.00030289
42  43  0.00044236
43  43  0.00016972
44  43  0.00023256
45  43  0.00016472
46  43  0.00028858
47  43  0.00042986
48  43  0.00032529
49  43  0.00019514
50  43  0.00031433
51  43  0.00014854
52  43  0.00025480
53  43  0.00019545
54  43  0.00024523
55  43  0.00028858
56  43  0.00022087
57  43  0.00027434
58  43  0.00036512
59  43  0.00015932
60  43  0.00036700
61  43  0.00028709
62  43  0.00012208
63  43  0.00040517
0  44  0.00008859
1  44  0.00028825
2  44  0.00004250
3  44  0.00013414
4  44  0.00010502
5  44  0.00039164
6  44  0.00044853
7  44  0.00033803
8  44  0.00014900
9  44  0.00024291
10  44  0.00021738
11  44  0.00019714
12  44  0.00023713
13  44  0.00017193
14  44  0.00015595
15  44  0.00032530
16  44  0.00038266
17  44  0.00019868
18  44  0.00038080
19  44  0.00016974
20  44  0.00008235
21  44  0.00041355
22  44  0.00026477
23  44  0.00027897
24  44  0.00024375
25  44  0.00039302
26  44  0.00022111
27  44  0.00045909
28  44  0.00027404
29  44  0.00028512
30  44  0.00043501
31  44  0.00019105
32  44  0.00043444
33  44  0.00026003
34  44  0.00036226
35  44  0.00026683
36  44  0.00026303
37  44  0.00019357
38  44  0.00012643
39  44  0.00023066
40  44  0.00024837
41  44  0.00038768
42  44  0.00022829
43  44  0.00029786
44  44  0.00009144
45  44  0.00011208
46  44  0.00017447
47  44  0.00058637
48  44  0.00021438
49  44  0.00038560
50  44  0.00039768
51  44  0.00007843
52  44  0.00041364
53  44  0.00004393
54  44  0.00036155
55  44  0.00050403
56  44  0.00029523
57  44  0.00019940
58  44  0.00010047
59  44  0.00033390
60  44  0.00030593
61  44  0.00016393
62  44  0.00016720
63  44  0.00025097
0  45  0.00027674
1  45  0.00038315
2  45  0.00024547
3  45  0.00037419
4  45  0.00030047
5  45  0.00007535
6  45  0.00020685
7  45  0.00055590
8  45  0.00040643
9  45  0.00006815
10  45  0.00020759
11  45  0.00021847
12  45  0.00018935
13  45  0.00026096
14  45  0.00029570
15  45  0.00023185
16  45  0.00027855
17  45  0.00071326
18  45  0.00011322
19  45  0.00030354
20  45  0.00008165
21  45  0.00042078
22  45  0.00016525
23  45  0.00048210
24  45  0.00004755
25  45  0.00024130
26  45  0.00048419
27  45  0.00026412
28  45  0.00042632
29  45  0.00025627
30  45  0.00026230
31  45  0.00019733
32  45  0.00050128
33  45  0.00026667
34  45  0.00050193
35  45  0.00030766
36  45  0.00032923
37  45  0.00009589
38  45  0.00021436
39  45  0.00030048
40  45  0.00061852
41  45  0.00049283
42  45  0.00026625
43  45  0.00017936
44  45  0.00027706
45  45  0.00018704
46  45  0.00034210
47  45  0.00020658
48  45  0.00051586
49  45  0.00012275
50  45  0.00010126
51  45  0.00025011
52  45  0.00026501
53  45  0.00018458
54  45  0.00042315
55  45  0.00012788
56  45  0.00048078
57  45  0.00024489
58  45  0.00012409
59  45  0.00050975
60  45  0.00046083
61  45  0.00013439
62  45  0.00012164
63  45  0.00006224
0  46  0.00030920
1  46  0.00039951
2  46  0.00009613
3  46  0.00037527
4  46  0.00018119
5  46  0.00018682
6  46  0.00012030
7  46  0.00033118
8  46  0.00023351
9  46  0.00028413
10  46  0.00028911
11  46  0.00023644
12  46  0.00025675
13  46  0.00029001
14  46  0.00034134
15  46  0.00018618
16  46  0.00007186
17  46  0.00025971
18  46  0.00035866
19  46  0.00019326
20  46  0.00017547
21  46  0.00046426
22  46  0.00015529
23  46  0.00038065
24  46  0.00034945
25  46  0.00043010
26  46  0.00041562
27  46  0.00027889
28  46  0.00007528
29  46  0.00013677
30  46  0.00024364
31  46  0.00024037
32  46  0.00025038
33  46  0.00009383
34  46  0.00024414
35  46  0.00027091
36  46  0.00025941
37  46  0.00043350
38  46  0.00006429
39  46  0.00015721
40  46  0.00005545
41  46  0.00011310
42  46  0.00059688
43  46  0.00022550
44  46  0.00037611
45  46  0.00028200
46  46  0.00054586
47  46  0.00015225
48  46  0.00006933
49  46  0.00011835
50  46  0.00025970
51  46  0.00008576
52  46  0.00019553
53  46  0.00020964
54  46  0.00009587
55  46  0.00025837
56  46  0.00029456
57  46  0.00008495
58  46  0.00029369
59  46  0.00013421
60  46  0.00021720
61  46  0.00016008
62  46  0.00017926
63  46  0.00025672
0  47  0.00010792
1  47  0.00035109
2  47  0.00040276
3  47  0.00058628
4  47  0.00006529
5  47  0.00016645
6  47  0.00010846
7  47  0.00034126
8  47  0.00009501
9  47  0.00044348
10  47  0.00035801
11  47  0.00017027
12  47  0.00020619
13  47  0.00008480
14  47  0.00009921
15  47  0.00024019
16  47  0.00036875
17  47  0.00022272
18  47  0.00026069
19  47  0.00011845
20  47  0.00012898
21  47  0.00020318
22  47  0.00018503
23  47  0.00047918
24  47  0.00017570
25  47  0.00024817
26  47  0.00013044
27  47  0.00007862
28  47  0.00004771
29  47  0.00038496
30  47  0.00042440
31  47  0.00010963
32  47  0.00005707
33  47  0.00012330
34  47  0.00045810
35  47  0.00013202
36  47  0.00021815
37  47  0.00014509
38  47  0.00040480
39  47  0.00041011
40  47  0.00011204
41  47  0.00011834
42  47  0.00022715
43  47  0.00023759
44  47  0.00030489
45  47  0.00010635
46  47  0.00026355
47  47  0.00011751
48  47  0.00023088
49  47  0.00018278
50  47  0.00035006
51  47  0.00022964
52  47  0.00010656
53  47  0.00017949
54  47  0.00024269
55  47  0.00007859
56  47  0.00027303
57  47  0.00014236
58  47  0.00026525
59  47  0.00018705
60  47  0.00019217
61  47  0.00009758
62  47  0.00026102
63  47  0.00005448
0  48  0.00019416
1  48  0.00019784
2  48  0.00009217
3  48  0.00028986
4  48  0.00042436
5  48  0.00016415
6  48  0.00005479
7  48  0.00032710
8  48  0.00011718
9  48  0.00008842
10  48  0.00037621
11  48  0.00006100
12  48  0.00026688
13  48  0.00008140
14  48  0.00023215
15  48  0.00021226
16  48  0.00025515
17  48  0.00035259
18  48  0.00006686
19  48  0.00020251
20  48  0.00016003
21  48  0.00034579
22  48  0.00019508
23  48  0.00008793
24  48  0.00010661
25  48  0.00035998
26  48  0.00019222
27  48  0.00028211
28  48  0.00029523
29  48  0.00007129
30  48  0.00019544
31  48  0.00028662
32  48  0.00014345
33  48  0.00011151
34  48  0.00027400
35  48  0.00040850
36  48  0.00037155
37  48  0.00013434
38  48  0.00058341
39  48  0.00021947
40  48  0.00023866
41  48  0.00016793
42  48  0.00026625
43  48  0.00024042
44  48  0.00017696
45  48  0.00025698
46  48  0.00008316
47  48  0.00018475
48  48  0.00018146
49  48  0.00032105
50  48  0.00024896
51  48  0.00022526
52  48  0.00031304
53  48  0.00014238
54  48  0.00015928
55  48  0.00016525
56  48  0.00023466
57  48  0.00014970
58  48  0.00022913
59  48  0.00013389
60  48  0.00017554
61  48  0.00016049
62  48  0.00005562
63  48  0.00039773
0  49  0.00008268
1  49  0.00027614
2  49  0.00016271
3  49  0.00016045
4  49  0.00028826
5  49  0.00014553
6  49  0.00031931
7  49  0.00022532
8  49  0.00014719
9  49  0.00016996
10  49  0.00023572
11  49  0.00008501
12  49  0.00015455
13  49  0.00015275
14  49  0.00042431
15  49  0.00026111
16  49  0.00019437
17  49  0.00046474
18  49  0.00015840
19  49  0.00040318
20  49  0.00018635
21  49  0.00021818
22  49  0.00025861
23  49  0.00034272
24  49  0.00015006
25  49  0.00012635
26  49  0.00031283
27  49  0.00020887
28  49  0.00015128
29  49  0.00031356
30  49  0.00022147
31  49  0.00034444
32  49  0.00015243
33  49  0.00041349
34  49  0.00036181
35  49  0.00013354
36  49  0.00040448
37  49  0.00018933
38  49  0.00023014
39  49  0.00016703
40  49  0.00011371
41  49  0.00045380
42  49  0.00012114
43  49  0.00030232
44  49  0.00009290
45  49  0.00017723
46  49  0.00038935
47  49  0.00021259
48  49  0.00009880
49  49  0.00025946
50  49  0.00021737
51  49  0.00030404
52  49  0.00027103
53  49  0.00019698
54  49  0.00028936
55  49  0.00033644
56  49  0.00033110
57  49  0.00025600
58  49  0.00035181
59  49  0.00021889
60  49  0.00025963
61  49  0.00045091
62  49  0.00070078
63  49  0.00017829
0  50  0.00044764
1  50  0.00035647
2  50  0.00030207
3  50  0.00018575
4  50  0.00025683
5  50  0.00005584
6  50  0.00027520
7  50  0.00036378
8  50  0.00013380
9  50  0.00047316
10  50  0.00009988
11  50  0.00016716
12  50  0.00030341
13  50  0.00008445
14  50  0.00013884
15  50  0.00050928
16  50  0.00031243
17  50  0.00017596
18  50  0.00016323
19  50  0.00050680
20  50  0.00049918
21  50  0.00011458
22  50  0.00031522
23  50  0.00036855
24  50  0.00017303
25  50  0.00008426
26  50  0.00024938
27  50  0.00034248
28  50  0.00014346
29  50  0.00023799
30  50  0.00022858
31  50  0.00011785
32  50  0.00026271
33  50  0.00033944
34  50  0.00033320
35  50  0.00007710
36  50  0.00006167
37  50  0.00021230
38  50  0.00021427
39  50  0.00067297
40  50  0.00021572
41  50  0.00012774
42  50  0.00018776
43  50  0.00039647
44  50  0.00032752
45  50  0.00022789
46  50  0.00030573
47  50  0.00007812
48  50  0.00023693
49  50  0.00017391
50  50  0.00034071
51  50  0.00031361
52  50  0.00028200
53  50  0.00014619
54  50  0.00018462
55  50  0.00010074
56  50  0.00008623
57  50  0.00010834
58  50  0.00024245
59  50  0.00032656
60  50  0.00027072
61  50  0.00019881
62  50  0.00021277
63  50  0.00052401
0  51  0.00011186
1  51  0.00031607
2  51  0.00039443
3  51  0.00031724
4  51  0.00021064
5  51  0.00040370
6  51  0.00055682
7  51  0.00029149
8  51  0.00018499
9  51  0.00023384
10  51  0.00007201
11  51  0.00023456
12  51  0.00011551
13  51  0.00011559
14  51  0.00017875
15  51  0.00029889
16  51  0.00019473
17  51  0.00020030
18  51  0.00013986
19  51  0.00015644
20  51  0.00026916
21  51  0.00039231
22  51  0.00031665
23  51  0.00005344
24  51  0.00012677
25  51  0.00011048
26  51  0.00042924
27  51  0.00029947
28  51  0.00028492
29  51  0.00019655
30  51  0.00019466
31  51  0.00017616
32  51  0.00006187
33  51  0.00034515
34  51  0.00033167
35  51  0.00025843
36  51  0.00007289
37  51  0.00016442
38  51  0.00019305
39  51  0.00045030
40  51  0.00023163
41  51  0.00018528
42  51  0.00015389
43  51  0.00028463
44  51  0.00017761
45  51  0.00024077
46  51  0.00024687
47  51  0.00059122
48  51  0.00049699
49  51  0.00021913
50  51  0.00021165
51  51  0.00032062
52  51  0.00029241
53  51  0.00018932
54  51  0.00027722
55  51  0.00035599
56  51  0.00022175
57  51  0.00053288
58  51  0.00034192
59  51  0.00010365
60  51  0.00092045
61  51  0.00034135
62  51  0.00010600
63  51  0.00054725
0  52  0.00024188
1  52  0.00022526
2  52  0.00058684
3  52  0.00029984
4  52  0.00032259
5  52  0.00066371
6  52  0.00027434
7  52  0.00020153
8  52  0.00011264
9  52  0.00027057
10  52  0.00036939
11  52  0.00022153
12  52  0.00065379
13  52  0.00025398
14  52  0.00018473
15  52  0.00016463
16  52  0.00012380
17  52  0.00024446
18  52  0.00025931
19  52  0.00015732
20  52  0.00024604
21  52  0.00026471
22  52  0.00017626
23  52  0.00021534
24  52  0.00020345
25  52  0.00036429
26  52  0.00036700
27  52  0.00007967
28  52  0.00034723
29  52  0.00014012
30  52  0.00021984
31  52  0.00013908
32  52  0.00028068
33  52  0.00010311
34  52  0.00032910
35  52  0.00005032
36  52  0.00017749
37  52  0.00030502
38  52  0.00039325
39  52  0.00040538
40  52  0.00010831
41  52  0.00021759
42  52  0.00031053
43  52  0.00028710
44  52  0.00015020
45  52  0.00018238
46  52  0.00015616
47  52  0.00009542
48  52  0.00016808
49  52  0.00090083
50  52  0.00036220
51  52  0.00020495
52  52  0.00048777
53  52  0.00043849
54  52  0.00010576
55  52  0.00013257
56  52  0.00031672
57  52  0.00027481
58  52  0.00040223
59  52  0.00018866
60  52  0.00021665
61  52  0.00028389
62  52  0.00011245
63  52  0.00017342
0  53  0.00029971
1  53  0.00062569
2  53  0.00010650
3  53  0.00031479
4  53  0.00016861
5  53  0.00014780
6  53  0.00012660
7  53  0.00023598
8  53  0.00010189
9  53  0.00046843
10  53  0.00029247
11  53  0.00025382
12  53  0.00036603
13  53  0.00048745
14  53  0.00022581
15  53  0.00039599
16  53  0.00026281
17  53  0.00034385
18  53  0.00022251
19  53  0.00016944
20  53  0.00035409
21  53  0.00013998
22  53  0.00021765
23  53  0.00031964
24  53  0.00032454
25  53  0.00041054
26  53  0.00025080
27  53  0.00025287
28  53  0.00040792
29  53  0.00007843
30  53  0.00009234
31  53  0.00030308
32  53  0.00017146
33  53  0.00021298
34  53  0.00015549
35  53  0.00029022
36  53  0.00027505
37  53  0.00038687
38  53  0.00004904
39  53  0.00012261
40  53  0.00038184
41  53  0.00030063
42  53  0.00023772
43  53  0.00011158
44  53  0.00044678
45  53  0.00031277
46  53  0.00033237
47  53  0.00025994
48  53  0.00028607
49  53  0.00013922
50  53  0.00022123
51  53  0.00032690
52  53  0.00023132
53  53  0.00015634
54  53  0.00032512
55  53  0.00031576
56  53  0.00007778
57  53  0.00033912
58  53  0.00012858
59  53  0.00020081
60  53  0.00013329
61  53  0.00035741
62  53  0.00034552
63  53  0.00027240
0  54  0.00019842
1  54  0.00018922
2  54  0.00009634
3  54  0.00022184
4  54  0.00021344
5  54  0.00058089
6  54  0.00024700
7  54  0.00018259
8  54  0.00019174
9  54  0.00013179
10  54  0.00025267
11  54  0.00027050
12  54  0.00019270
13  54  0.00018702
14  54  0.00019083
15  54  0.00013513
16  54  0.00011055
17  54  0.00016721
18  54  0.00029331
19  54  0.00019643
20  54  0.00023005
21  54  0.00008672
22  54  0.00017585
23  54  0.00033952
24  54  0.00049394
25  54  0.00016875
26  54  0.00017620
27  54  0.00030391
28  54  0.00024502
29  54  0.00022872
30  54  0.00005915
31  54  0.00035864
32  54  0.00022525
33  54  0.00015445
34  54  0.00019173
35  54  0.00014809
36  54  0.00022578
37  54  0.00009724
38  54  0.00019004
39  54  0.00025918
40  54  0.00031230
41  54  0.00062592
42  54  0.00010818
43  54  0.00011959
44  54  0.00010271
45  54  0.00071852
46  54  0.00042104
47  54  0.00007739
48  54  0.00026992
49  54  0.00005132
50  54  0.00017456
51  54  0.00027138
52  54  0.00023300
53  54  0.00026772
54  54  0.00015128
55  54  0.00012326
56  54  0.00036978
57  54  0.00025265
58  54  0.00026420
59  54  0.00025339
60  54  0.00024529
61  54  0.00005699
62  54  0.00006402
63  54  0.00026278
0  55  0.00020575
1  55  0.00010469
2  55  0.00021231
3  55  0.00018148
4  55  0.00024901
5  55  0.00034351
6  55  0.00030036
7  55  0.00013209
8  55  0.00006446
9  55  0.00044084
10  55  0.00020034
11  55  0.00014595
12  55  0.00021031
13  55  0.00010937
14  55  0.00020923
15  55  0.00028034
16  55  0.00041613
17  55  0.00033386
18  55  0.00025254
19  55  0.00028494
20  55  0.00038063
21  55  0.00008483
22  55  0.00022374
23  55  0.00027699
24  55  0.00016362
25  55  0.00019949
26  55  0.00020872
27  55  0.00047391
28  55  0.00017020
29  55  0.00010592
30  55  0.00017352
31  55  0.00025008
32  55  0.00012788
33  55  0.00028614
34  55  0.00016843
35  55  0.00015671
36  55  0.00027732
37  55  0.00027877
38  55  0.00014565
39  55  0.00017015
40  55  0.00011519
41  55  0.00021696
42  55  0.00011630
43  55  0.00009397
44  55  0.00010898
45  55  0.00034898
46  55  0.00013738
47  55  0.00063259
48  55  0.00035675
49  55  0.00032264
50  55  0.00030841
51  55  0.00023654
52  55  0.00026173
53  55  0.00041762
54  55  0.00026522
55  55  0.00011742
56  55  0.00011368
57  55  0.00016259
58  55  0.00029079
59  55  0.00006074
60  55  0.00024954
61  55  0.00033145
62  55  0.00027006
63  55  0.00042020
0  56  0.00025179
1  56  0.00013379
2  56  0.00022744
3  56  0.00024826
4  56  0.00016708
5  56  0.00011396
6  56  0.00054530
7  56  0.00045180
8  56  0.00016109
9  56  0.00021345
10  56  0.00017901
11  56  0.00026943
12  56  0.00039083
13  56  0.00020600
14  56  0.00018382
15  56  0.00028974
16  56  0.00062483
17  56  0.00028356
18  56  0.00025278
19  56  0.00021086
20  56  0.00009087
21  56  0.00020317
22  56  0.00034614
23  56  0.00040332
24  56  0.00009183
25  56  0.00028744
26  56  0.00024335
27  56  0.00033652
28  56  0.00004695
29  56  0.00005102
30  56  0.00016678
31  56  0.00011628
32  56  0.00025388
33  56  0.00010871
34  56  0.00037017
35  56  0.00020183
36  56  0.00035991
37  56  0.00047678
38  56  0.00016128
39  56  0.00022143
40  56  0.00022783
41  56  0.00031557
42  56  0.00041298
43  56  0.00025368
44  56  0.00048933
45  56  0.00032679
46  56  0.00025727
47  56  0.00029848
48  56  0.00017833
49  56  0.00015030
50  56  0.00012587
51  56  0.00015944
52  56  0.00014821
53  56  0.00015981
54  56  0.00015515
55  56  0.00020051
56  56  0.00009373
57  56  0.00024433
58  56  0.00025197
59  56  0.00017697
60  56  0.00010478
61  56  0.00007709
62  56  0.00022062
63  56  0.00020297
0  57  0.00016748
1  57  0.00034657
2  57  0.00009617
3  57  0.00017296
4  57  0.00015410
5  57  0.00034345
6  57  0.00015443
7  57  0.00027174
8  57  0.00035645
9  57  0.00009320
10  57  0.00028406
11  57  0.00024924
12  57  0.00007943
13  57  0.00013295
14  57  0.00007863
15  57  0.00028550
16  57  0.00016499
17  57  0.00018436
18  57  0.00017484
19  57  0.00030940
20  57  0.00011312
21  57  0.00031180
22  57  0.00015719
23  57  0.00027245
24  57  0.00019544
25  57  0.00045235
26  57  0.00012912
27  57  0.00022461
28  57  0.00043604
29  57  0.00020986
30  57  0.00029281
31  57  0.00034482
32  57  0.00041200
33  57  0.00013287
34  57  0.00027336
35  57  0.00014779
36  57  0.00032055
37  57  0.00018515
38  57  0.00035900
39  57  0.00024671
40  57  0.00031362
41  57  0.00019429
42  57  0.00021265
43  57  0.00011292
44  57  0.00019428
45  57  0.00016991
46  57  0.00034151
47  57  0.00041957
48  57  0.00023022
49  57  0.00040242
50  57  0.00016931
51  57  0.00035704
52  57  0.00013114
53  57  0.00009715
54  57  0.00010602
55  57  0.00028423
56  57  0.00018747
57  57  0.00023042
58  57  0.00018886
59  57  0.00026208
60  57  0.00045126
61  57  0.00026906
62  57  0.00020194
63  57  0.00006487
0  58  0.00017232
1  58  0.00020654
2  58  0.00008362
3  58  0.00020788
4  58  0.00018351
5  58  0.00032924
6  58  0.00023921
7  58  0.00052956
8  58  0.00020394
9  58  0.00050420
10  58  0.00029196
11  58  0.00031127
12  58  0.00021708
13  58  0.00024570
14  58  0.00015096
15  58  0.00027683
16  58  0.00030009
17  58  0.00006932
18  58  0.00009610
19  58  0.00024545
20  58  0.00009445
21  58  0.00012028
22  58  0.00038535
23  58  0.00013139
24  58  0.00025091
25  58  0.00027916
26  58  0.00027973
27  58  0.00018643
28  58  0.00017801
29  58  0.00022395
30  58  0.00009786
31  58  0.00015481
32  58  0.00018182
33  58  0.00034279
34  58  0.00069769
35  58  0.00025585
36  58  0.00031740
37  58  0.00024725
38  58  0.00016593
39  58  0.00022737
40  58  0.00034477
41  58  0.00025974
42  58  0.00027552
43  58  0.00045279
44  58  0.00021498
45  58  0.00027659
46  58  0.00114468
47  58  0.00021923
48  58  0.00016532
49  58  0.00013476
50  58  0.00018499
51  58  0.00038680
52  58  0.00026278
53  58  0.00034189
54  58  0.00013126
55  58  0.00011397
56  58  0.00019412
57  58  0.00028896
58  58  0.00027627
59  58  0.00007579
60  58  0.00032471
61  58  0.00012367
62  58  0.00031669
63  58  0.00013034
0  59  0.00042037
1  59  0.00055704
2  59  0.00040239
3  59  0.00021145
4  59  0.00050562
5  59  0.00013479
6  59  0.00018934
7  59  0.00038141
8  59  0.00007313
9  59  0.00036868
10  59  0.00029503
11  59  0.00035092
12  59  0.00012489
13  59  0.00011893
14  59  0.00014550
15  59  0.00010158
16  59  0.00014396
17  59  0.00012390
18  59  0.00024998
19  59  0.00013266
20  59  0.00020601
21  59  0.00013728
22  59  0.00021467
23  59  0.00022402
24  59  0.00020810
25  59  0.00022047
26  59  0.00020525
27  59  0.00028093
28  59  0.00017740
29  59  0.00036978
30  59  0.00014134
31  59  0.00020991
32  59  0.00019323
33  59  0.00016331
34  59  0.00027673
35  59  0.00013057
36  59  0.00010036
37  59  0.00020330
38  59  0.00050791
39  59  0.00014002
40  59  0.00009908
41  59  0.00039156
42  59  0.00029004
43  59  0.00014469
44  59  0.00019514
45  59  0.00018530
46  59  0.00018384
47  59  0.00006573
48  59  0.00029109
49  59  0.00009135
50  59  0.00007627
51  59  0.00010736
52  59  0.00018023
53  59  0.00006982
54  59  0.00037709
55  59  0.00026877
56  59  0.00014650
57  59  0.00014989
58  59  0.00014546
59  59  0.00010275
60  59  0.00024118
61  59  0.00025890
62  59  0.00013130
63  59  0.00015365
0  60  0.00046576
1  60  0.00008820
2  60  0.00022567
3  60  0.00018568
4  60  0.00032142
5  60  0.00017267
6  60  0.00019583
7  60  0.00016309
8  60  0.00022076
9  60  0.00019583
10  60  0.00030175
11  60  0.00008746
12  60  0.00034581
13  60  0.00024737
14  60  0.00017719
15  60  0.00010996
16  60  0.00021849
17  60  0.00027730
18  60  0.00042810
19  60  0.00021715
20  60  0.00025543
21  60  0.00012119
22  60  0.00035253
23  60  0.00042617
24  60  0.00026948
25  60  0.00014654
26  60  0.00011274
27  60  0.00029475
28  60  0.00026811
29  60  0.00012966
30  60  0.00035281
31  60  0.00021611
32  60  0.00027322
33  60  0.00006927
34  60  0.00003480
35  60  0.00037165
36  60  0.00025526
37  60  0.00040563
38  60  0.00011873
39  60  0.00036270
40  60  0.00025880
41  60  0.00011442
42  60  0.00031487
43  60  0.00026352
44  60  0.00008556
45  60  0.00020621
46  60  0.00046336
47  60  0.00023378
48  60  0.00024898
49  60  0.00033653
50  60  0.00056809
51  60  0.00026666
52  60  0.00024789
53  60  0.00025079
54  60  0.00022997
55  60  0.00019628
56  60  0.00024333
57  60  0.00026547
58  60  0.00023742
59  60  0.00018947
60  60  0.00009214
61  60  0.00049198
62  60  0.00025449
63  60  0.00034960
0  61  0.00032132
1  61  0.00016408
2  61  0.00012876
3  61  0.00025690
4  61  0.00015196
5  61  0.00021631
6  61  0.00022630
7  61  0.00048950
8  61  0.00051181
9  61  0.00024462
10  61  0.00019277
11  61  0.00028931
12  61  0.00020317
13  61  0.00007540
14  61  0.00052040
15  61  0.00037456
16  61  0.00054489
17  61  0.00020079
18  61  0.00031008
19  61  0.00016163
20  61  0.00022386
21  61  0.00034925
22  61  0.00025534
23  61  0.00009806
24  61  0.00016756
25  61  0.00031628
26  61  0.00026404
27  61  0.00031854
28  61  0.00037103
29  61  0.00035203
30  61  0.00025838
31  61  0.00014874
32  61  0.00052575
33  61  0.00016076
34  61  0.00028741
35  61  0.00011932
36  61  0.00052342
37  61  0.00019741
38  61  0.00027599
39  61  0.00023980
40  61  0.00026055
41  61  0.00059165
42  61  0.00026301
43  61  0.00005684
44  61  0.00027124
45  61  0.00033756
46  61  0.00019027
47  61  0.00018016
48  61  0.00019301
49  61  0.00032341
50  61  0.00048791
51  61  0.00051019
52  61  0.00018449
53  61  0.00034174
54  61  0.00016437
55  61  0.00024898
56  61  0.00051539
57  61  0.00024651
58  61  0.00026673
59  61  0.00016814
60  61  0.00039656
61  61  0.00017759
62  61  0.00015531
63  61  0.00034395
0  62  0.00031471
1  62  0.00017405
2  62  0.00038706
3  62  0.00025613
4  62  0.00025619
5  62  0.00012096
6  62  0.00015259
7  62  0.00027746
8  62  0.00020224
9  62  0.00027039
10  62  0.00028325
11  62  0.00017637
12  62  0.00010926
13  62  0.00030498
14  62  0.00025352
15  62  0.00037354
16  62  0.00031337
17  62  0.00009116
18  62  0.00016852
19  62  0.00023669
20  62  0.00015826
21  62  0.00036455
22  62  0.00022570
23  62  0.00029479
24  62  0.00013683
25  62  0.00022164
26  62  0.00026922
27  62  0.00031084
28  62  0.00030274
29  62  0.00010742
30  62  0.00021886
31  62  0.00018244
32  62  0.00017186
33  62  0.00024277
34  62  0.00050975
35  62  0.00020266
36  62  0.00021141
37  62  0.00015124
38  62  0.00019481
39  62  0.00031245
40  62  0.00023761
41  62  0.00035539
42  62  0.00027374
43  62  0.00022744
44  62  0.00034874
45  62  0.00021834
46  62  0.00010959
47  62  0.00024042
48  62  0.00040836
49  62  0.00029987
50  62  0.00034423
51  62  0.00026455
52  62  0.00034029
53  62  0.00023442
54  62  0.00031983
55  62  0.00016641
56  62  0.00015282
57  62  0.00020561
58  62  0.00019611
59  62  0.00032245
60  62  0.00007700
61  62  0.00043448
62  62  0.00022469
63  62  0.00054152
0  63  0.00032360
1  63  0.00029214
2  63  0.00025676
3  63  0.00023477
4  63  0.00029378
5  63  0.00018615
6  63  0.00028110
7  63  0.00019388
8  63  0.00022134
9  63  0.00048226
10  63  0.00015920
11  63  0.00045914
12  63  0.00033015
13  63  0.00023146
14  63  0.00010453
15  63  0.00020226
16  63  0.00037793
17  63  0.00014223
18  63  0.00034698
19  63  0.00007225
20  63  0.00012478
21  63  0.00020725
22  63  0.00022467
23  63  0.00038200
24  63  0.00034745
25  63  0.00050537
26  63  0.00046761
27  63  0.00029523
28  63  0.00027883
29  63  0.00013731
30  63  0.00017098
31  63  0.00029807
32  63  0.00032549
33  63  0.00022663
34  63  0.00014809
35  63  0.00038923
36  63  0.00012633
37  63  0.00018909
38  63  0.00037674
39  63  0.00011432
40  63  0.00016577
41  63  0.00024598
42  63  0.00048683
43  63  0.00031225
44  63  0.00016103
45  63  0.00032511
46  63  0.00048498
47  63  0.00037918
48  63  0.00007779
49  63  0.00011398
50  63  0.00013560
51  63  0.00010736
52  63  0.00031866
53  63  0.00030724
54  63  0.00017166
55  63  0.00038510
56  63  0.00014204
57  63  0.00019619
58  63  0.00026073
59  63  0.00024940
60  63  0.00021933
61  63  0.00036044
62  63  0.00026882
63  63  0.00029083
