# Spinor density |Psi|^2 at t = 70 seconds
# Grid: 64 x 64
# Columns: x  y  density
0  0  0.00033237
1  0  0.00015922
2  0  0.00015691
3  0  0.00027631
4  0  0.00035952
5  0  0.00014222
6  0  0.00015579
7  0  0.00034920
8  0  0.00013163
9  0  0.00024583
10  0  0.00018773
11  0  0.00017940
12  0  0.00031753
13  0  0.00008706
14  0  0.00023681
15  0  0.00019025
16  0  0.00036888
17  0  0.00012875
18  0  0.00024953
19  0  0.00027717
20  0  0.00052209
21  0  0.00011671
22  0  0.00019221
23  0  0.00030379
24  0  0.00020244
25  0  0.00026041
26  0  0.00034529
27  0  0.00018890
28  0  0.00040007
29  0  0.00039205
30  0  0.00016529
31  0  0.00016663
32  0  0.00029514
33  0  0.00030040
34  0  0.00017199
35  0  0.00042878
36  0  0.00011421
37  0  0.00019420
38  0  0.00032392
39  0  0.00015224
40  0  0.00018363
41  0  0.00040841
42  0  0.00040497
43  0  0.00015933
44  0  0.00023731
45  0  0.00033976
46  0  0.00016108
47  0  0.00018467
48  0  0.00037778
49  0  0.00038957
50  0  0.00033741
51  0  0.00032104
52  0  0.00028496
53  0  0.00040391
54  0  0.00037071
55  0  0.00022174
56  0  0.00014375
57  0  0.00013049
58  0  0.00023921
59  0  0.00014272
60  0  0.00022793
61  0  0.00009483
62  0  0.00030714
63  0  0.00023570
0  1  0.00037042
1  1  0.00011443
2  1  0.00023540
3  1  0.00035641
4  1  0.00008633
5  1  0.00037683
6  1  0.00036584
7  1  0.00018372
8  1  0.00042543
9  1  0.00021112
10  1  0.00031174
11  1  0.00015454
12  1  0.00029242
13  1  0.00046591
14  1  0.00011043
15  1  0.00024280
16  1  0.00021108
17  1  0.00019603
18  1  0.00012435
19  1  0.00018670
20  1  0.00033659
21  1  0.00019556
22  1  0.00016841
23  1  0.00015599
24  1  0.00020250
25  1  0.00013204
26  1  0.00008687
27  1  0.00017802
28  1  0.00019682
29  1  0.00022340
30  1  0.00052413
31  1  0.00020841
32  1  0.00045580
33  1  0.00016357
34  1  0.00040193
35  1  0.00011208
36  1  0.00036704
37  1  0.00023451
38  1  0.00029034
39  1  0.00026273
40  1  0.00018402
41  1  0.00017275
42  1  0.00002674
43  1  0.00022840
44  1  0.00023508
45  1  0.00019780
46  1  0.00016780
47  1  0.00022734
48  1  0.00034037
49  1  0.00026884
50  1  0.00033755
51  1  0.00026229
52  1  0.00034749
53  1  0.00041601
54  1  0.00011264
55  1  0.00020923
56  1  0.00039664
57  1  0.00069044
58  1  0.00030164
59  1  0.00030238
60  1  0.00029466
61  1  0.00021921
62  1  0.00024177
63  1  0.00023070
0  2  0.00016504
1  2  0.00050931
2  2  0.00009146
3  2  0.00015498
4  2  0.00025119
5  2  0.00012635
6  2  0.00015830
7  2  0.00022008
8  2  0.00021738
9  2  0.00027019
10  2  0.00022778
11  2  0.00024696
12  2  0.00016579
13  2  0.00016321
14  2  0.00012784
15  2  0.00037811
16  2  0.00024508
17  2  0.00013141
18  2  0.00044281
19  2  0.00037713
20  2  0.00010239
21  2  0.00019890
22  2  0.00017214
23  2  0.00025565
24  2  0.00012192
25  2  0.00014099
26  2  0.00019867
27  2  0.00018318
28  2  0.00029373
29  2  0.00041430
30  2  0.00015445
31  2  0.00026640
32  2  0.00022574
33  2  0.00013440
34  2  0.00015257
35  2  0.00018276
36  2  0.00042188
37  2  0.00011643
38  2  0.00020963
39  2  0.00021241
40  2  0.00022967
41  2  0.00012653
42  2  0.00007355
43  2  0.00038325
44  2  0.00015705
45  2  0.00022070
46  2  0.00019444
47  2  0.00014860
48  2  0.00033895
49  2  0.00024679
50  2  0.00029921
51  2  0.00020625
52  2  0.00021997
53  2  0.00031755
54  2  0.00017444
55  2  0.00011347
56  2  0.00024257
57  2  0.00023888
58  2  0.00039312
59  2  0.00020998
60  2  0.00010852
61  2  0.00007007
62  2  0.00018388
63  2  0.00066800
0  3  0.00017416
1  3  0.00041102
2  3  0.00018827
3  3  0.00029040
4  3  0.00015091
5  3  0.00037547
6  3  0.00022453
7  3  0.00019992
8  3  0.00037013
9  3  0.00022963
10  3  0.00032123
11  3  0.00042879
12  3  0.00003737
13  3  0.00033178
14  3  0.00036727
15  3  0.00033590
16  3  0.00033935
17  3  0.00013572
18  3  0.00012786
19  3  0.00012810
20  3  0.00027607
21  3  0.00016219
22  3  0.00007455
23  3  0.00018844
24  3  0.00033806
25  3  0.00025503
26  3  0.00028147
27  3  0.00028484
28  3  0.00016006
29  3  0.00020131
30  3  0.00028315
31  3  0.00041717
32  3  0.00046163
33  3  0.00028798
34  3  0.00024378
35  3  0.00023245
36  3  0.00022386
37  3  0.00033357
38  3  0.00023256
39  3  0.00016568
40  3  0.00039582
41  3  0.00017724
42  3  0.00056657
43  3  0.00019601
44  3  0.00015328
45  3  0.00043545
46  3  0.00032180
47  3  0.00019954
48  3  0.00044983
49  3  0.00011054
50  3  0.00041716
51  3  0.00035545
52  3  0.00021519
53  3  0.00012234
54  3  0.00032032
55  3  0.00012035
56  3  0.00021033
57  3  0.00013532
58  3  0.00024379
59  3  0.00037856
60  3  0.00017021
61  3  0.00023722
62  3  0.00020688
63  3  0.00011153
0  4  0.00015632
1  4  0.00026644
2  4  0.00012292
3  4  0.00013183
4  4  0.00015745
5  4  0.00026087
6  4  0.00027927
7  4  0.00014293
8  4  0.00033196
9  4  0.00014435
10  4  0.00033934
11  4  0.00014798
12  4  0.00020587
13  4  0.00042795
14  4  0.00007224
15  4  0.00007084
16  4  0.00014214
17  4  0.00042379
18  4  0.00008909
19  4  0.00009361
20  4  0.00008776
21  4  0.00008389
22  4  0.00014933
23  4  0.00030760
24  4  0.00038848
25  4  0.00020015
26  4  0.00022982
27  4  0.00034961
28  4  0.00027229
29  4  0.00016979
30  4  0.00012734
31  4  0.00021656
32  4  0.00037374
33  4  0.00041957
34  4  0.00013641
35  4  0.00032194
36  4  0.00016085
37  4  0.00016400
38  4  0.00022321
39  4  0.00032955
40  4  0.00036589
41  4  0.00015666
42  4  0.00038760
43  4  0.00006372
44  4  0.00020118
45  4  0.00026551
46  4  0.00026820
47  4  0.00009871
48  4  0.00012946
49  4  0.00014263
50  4  0.00036032
51  4  0.00018421
52  4  0.00028326
53  4  0.00021343
54  4  0.00026642
55  4  0.00029962
56  4  0.00008386
57  4  0.00020203
58  4  0.00017458
59  4  0.00016429
60  4  0.00014721
61  4  0.00018394
62  4  0.00004625
63  4  0.00026196
0  5  0.00038503
1  5  0.00040858
2  5  0.00028071
3  5  0.00029182
4  5  0.00022038
5  5  0.00013499
6  5  0.00020359
7  5  0.00022179
8  5  0.00027431
9  5  0.00017948
10  5  0.00010406
11  5  0.00021413
12  5  0.00005472
13  5  0.00054000
14  5  0.00011403
15  5  0.00042130
16  5  0.00014884
17  5  0.00009458
18  5  0.00030768
19  5  0.00008786
20  5  0.00016418
21  5  0.00064541
22  5  0.00034551
23  5  0.00016786
24  5  0.00029544
25  5  0.00028063
26  5  0.00032432
27  5  0.00045943
28  5  0.00034371
29  5  0.00009792
30  5  0.00016599
31  5  0.00057311
32  5  0.00025572
33  5  0.00042920
34  5  0.00019151
35  5  0.00017424
36  5  0.00047703
37  5  0.00015579
38  5  0.00012600
39  5  0.00025278
40  5  0.00007782
41  5  0.00024667
42  5  0.00032964
43  5  0.00016722
44  5  0.00024080
45  5  0.00011058
46  5  0.00025087
47  5  0.00009795
48  5  0.00021660
49  5  0.00034721
50  5  0.00011735
51  5  0.00019348
52  5  0.00027584
53  5  0.00008343
54  5  0.00021699
55  5  0.00036035
56  5  0.00006659
57  5  0.00015422
58  5  0.00026364
59  5  0.00006133
60  5  0.00029059
61  5  0.00011131
62  5  0.00015199
63  5  0.00021881
0  6  0.00018234
1  6  0.00016055
2  6  0.00027727
3  6  0.00033577
4  6  0.00038405
5  6  0.00025778
6  6  0.00022800
7  6  0.00030353
8  6  0.00017151
9  6  0.00017876
10  6  0.00011516
11  6  0.00016287
12  6  0.00009288
13  6  0.00039752
14  6  0.00025572
15  6  0.00022079
16  6  0.00013527
17  6  0.00018314
18  6  0.00017983
19  6  0.00065338
20  6  0.00027174
21  6  0.00023672
22  6  0.00024195
23  6  0.00024077
24  6  0.00042688
25  6  0.00020931
26  6  0.00023882
27  6  0.00046459
28  6  0.00009796
29  6  0.00024495
30  6  0.00007207
31  6  0.00008915
32  6  0.00008023
33  6  0.00032839
34  6  0.00030048
35  6  0.00014078
36  6  0.00022198
37  6  0.00024582
38  6  0.00020401
39  6  0.00027725
40  6  0.00029808
41  6  0.00035431
42  6  0.00005974
43  6  0.00026258
44  6  0.00031528
45  6  0.00026784
46  6  0.00032671
47  6  0.00024238
48  6  0.00020642
49  6  0.00020871
50  6  0.00041494
51  6  0.00022431
52  6  0.00020629
53  6  0.00018355
54  6  0.00021001
55  6  0.00019877
56  6  0.00020091
57  6  0.00041960
58  6  0.00009384
59  6  0.00008817
60  6  0.00006584
61  6  0.00028028
62  6  0.00020324
63  6  0.00015506
0  7  0.00030335
1  7  0.00011707
2  7  0.00030488
3  7  0.00015810
4  7  0.00014043
5  7  0.00019450
6  7  0.00003930
7  7  0.00025746
8  7  0.00032854
9  7  0.00010251
10  7  0.00032343
11  7  0.00018588
12  7  0.00062208
13  7  0.00019008
14  7  0.00010273
15  7  0.00059736
16  7  0.00023818
17  7  0.00033425
18  7  0.00009442
19  7  0.00017349
20  7  0.00039473
21  7  0.00030430
22  7  0.00014655
23  7  0.00007229
24  7  0.00037838
25  7  0.00034714
26  7  0.00046349
27  7  0.00054323
28  7  0.00024659
29  7  0.00033946
30  7  0.00017097
31  7  0.00035217
32  7  0.00012576
33  7  0.00026396
34  7  0.00039894
35  7  0.00024771
36  7  0.00022526
37  7  0.00040485
38  7  0.00017075
39  7  0.00041943
40  7  0.00022336
41  7  0.00014348
42  7  0.00032192
43  7  0.00028650
44  7  0.00019509
45  7  0.00021583
46  7  0.00019624
47  7  0.00042304
48  7  0.00012967
49  7  0.00014463
50  7  0.00027931
51  7  0.00016595
52  7  0.00030602
53  7  0.00012626
54  7  0.00035987
55  7  0.00018575
56  7  0.00034047
57  7  0.00012860
58  7  0.00021641
59  7  0.00033608
60  7  0.00061999
61  7  0.00015053
62  7  0.00011596
63  7  0.00016195
0  8  0.00012271
1  8  0.00025644
2  8  0.00012886
3  8  0.00044578
4  8  0.00026539
5  8  0.00024028
6  8  0.00016142
7  8  0.00020927
8  8  0.00027308
9  8  0.00011129
10  8  0.00011186
11  8  0.00030662
12  8  0.00014977
13  8  0.00020430
14  8  0.00046862
15  8  0.00045542
16  8  0.00048125
17  8  0.00020505
18  8  0.00010610
19  8  0.00019228
20  8  0.00025331
21  8  0.00018199
22  8  0.00025148
23  8  0.00006365
24  8  0.00038084
25  8  0.00019893
26  8  0.00014073
27  8  0.00029467
28  8  0.00018388
29  8  0.00028419
30  8  0.00028484
31  8  0.00045529
32  8  0.00016102
33  8  0.00019594
34  8  0.00007091
35  8  0.00021693
36  8  0.00014806
37  8  0.00015053
38  8  0.00007037
39  8  0.00009267
40  8  0.00016748
41  8  0.00049884
42  8  0.00022930
43  8  0.00008839
44  8  0.00020171
45  8  0.00032429
46  8  0.00013550
47  8  0.00025372
48  8  0.00012663
49  8  0.00040396
50  8  0.00023874
51  8  0.00011841
52  8  0.00020361
53  8  0.00019227
54  8  0.00024730
55  8  0.00026491
56  8  0.00018618
57  8  0.00017556
58  8  0.00039143
59  8  0.00037978
60  8  0.00039541
61  8  0.00014927
62  8  0.00043194
63  8  0.00028816
0  9  0.00032287
1  9  0.00025851
2  9  0.00054106
3  9  0.00028248
4  9  0.00019773
5  9  0.00023310
6  9  0.00014739
7  9  0.00049474
8  9  0.00020399
9  9  0.00042610
10  9  0.00024846
11  9  0.00029012
12  9  0.00039551
13  9  0.00018253
14  9  0.00026183
15  9  0.00025307
16  9  0.00008440
17  9  0.00022559
18  9  0.00005663
19  9  0.00018770
20  9  0.00023343
21  9  0.00005596
22  9  0.00011985
23  9  0.00034937
24  9  0.00011002
25  9  0.00015092
26  9  0.00036533
27  9  0.00011351
28  9  0.00035680
29  9  0.00018890
30  9  0.00024693
31  9  0.00042296
32  9  0.00023442
33  9  0.00019195
34  9  0.00021980
35  9  0.00018902
36  9  0.00033206
37  9  0.00024944
38  9  0.00046158
39  9  0.00030412
40  9  0.00019351
41  9  0.00051934
42  9  0.00028889
43  9  0.00029529
44  9  0.00041098
45  9  0.00030395
46  9  0.00023872
47  9  0.00020251
48  9  0.00034072
49  9  0.00012506
50  9  0.00032678
51  9  0.00024055
52  9  0.00019817
53  9  0.00025654
54  9  0.00014573
55  9  0.00021358
56  9  0.00023309
57  9  0.00052077
58  9  0.00022471
59  9  0.00042211
60  9  0.00021744
61  9  0.00012567
62  9  0.00041938
63  9  0.00009726
0  10  0.00004935
1  10  0.00011170
2  10  0.00026400
3  10  0.00010599
4  10  0.00010391
5  10  0.00033591
6  10  0.00023326
7  10  0.00015223
8  10  0.00012475
9  10  0.00035775
10  10  0.00014079
11  10  0.00012928
12  10  0.00011372
13  10  0.00018501
14  10  0.00013617
15  10  0.00043206
16  10  0.00016112
17  10  0.00015625
18  10  0.00016422
19  10  0.00019427
20  10  0.00008061
21  10  0.00011779
22  10  0.00047096
23  10  0.00014078
24  10  0.00031434
25  10  0.00026371
26  10  0.00014257
27  10  0.00031309
28  10  0.00021108
29  10  0.00023484
30  10  0.00014155
31  10  0.00008593
32  10  0.00013143
33  10  0.00006787
34  10  0.00036389
35  10  0.00037145
36  10  0.00010148
37  10  0.00030258
38  10  0.00013174
39  10  0.00023309
40  10  0.00020813
41  10  0.00015633
42  10  0.00010740
43  10  0.00023890
44  10  0.00034889
45  10  0.00019731
46  10  0.00012366
47  10  0.00019146
48  10  0.00026861
49  10  0.00044567
50  10  0.00026711
51  10  0.00009162
52  10  0.00052542
53  10  0.00045510
54  10  0.00016715
55  10  0.00026057
56  10  0.00019502
57  10  0.00015539
58  10  0.00010678
59  10  0.00008401
60  10  0.00035117
61  10  0.00007865
62  10  0.00020373
63  10  0.00014131
0  11  0.00029836
1  11  0.00011641
2  11  0.00014140
3  11  0.00011435
4  11  0.00049667
5  11  0.00035174
6  11  0.00009816
7  11  0.00030610
8  11  0.00026461
9  11  0.00030203
10  11  0.00009073
11  11  0.00023746
12  11  0.00009473
13  11  0.00039490
14  11  0.00024037
15  11  0.00014303
16  11  0.00012328
17  11  0.00038889
18  11  0.00022118
19  11  0.00015265
20  11  0.00022764
21  11  0.00031547
22  11  0.00031826
23  11  0.00007023
24  11  0.00030751
25  11  0.00020800
26  11  0.00015261
27  11  0.00021260
28  11  0.00023765
29  11  0.00020924
30  11  0.00022508
31  11  0.00017573
32  11  0.00013076
33  11  0.00024972
34  11  0.00017480
35  11  0.00010947
36  11  0.00031412
37  11  0.00021754
38  11  0.00015142
39  11  0.00027447
40  11  0.00016748
41  11  0.00019860
42  11  0.00012560
43  11  0.00037425
44  11  0.00035041
45  11  0.00026021
46  11  0.00018702
47  11  0.00010690
48  11  0.00082839
49  11  0.00020267
50  11  0.00017691
51  11  0.00032787
52  11  0.00044314
53  11  0.00025717
54  11  0.00019642
55  11  0.00028064
56  11  0.00019093
57  11  0.00005566
58  11  0.00034502
59  11  0.00011878
60  11  0.00014059
61  11  0.00015114
62  11  0.00003566
63  11  0.00027361
0  12  0.00013467
1  12  0.00034645
2  12  0.00019151
3  12  0.00017851
4  12  0.00018417
5  12  0.00020003
6  12  0.00012176
7  12  0.00025757
8  12  0.00020427
9  12  0.00042557
10  12  0.00012808
11  12  0.00015024
12  12  0.00020216
13  12  0.00035568
14  12  0.00011934
15  12  0.00061114
16  12  0.00016624
17  12  0.00013871
18  12  0.00009315
19  12  0.00017927
20  12  0.00031067
21  12  0.00034134
22  12  0.00040000
23  12  0.00019395
24  12  0.00012905
25  12  0.00040464
26  12  0.00018121
27  12  0.00035727
28  12  0.00031685
29  12  0.00021891
30  12  0.00044229
31  12  0.00020453
32  12  0.00008276
33  12  0.00014779
34  12  0.00019242
35  12  0.00023970
36  12  0.00032196
37  12  0.00026137
38  12  0.00009308
39  12  0.00016031
40  12  0.00020857
41  12  0.00029461
42  12  0.00021426
43  12  0.00041921
44  12  0.00017989
45  12  0.00012328
46  12  0.00030264
47  12  0.00024755
48  12  0.00011181
49  12  0.00012237
50  12  0.00009573
51  12  0.00010461
52  12  0.00010153
53  12  0.00010889
54  12  0.00014942
55  12  0.00021496
56  12  0.00036476
57  12  0.00025692
58  12  0.00031126
59  12  0.00023903
60  12  0.00010764
61  12  0.00028955
62  12  0.00044014
63  12  0.00008285
0  13  0.00016729
1  13  0.00013106
2  13  0.00010472
3  13  0.00013751
4  13  0.00035830
5  13  0.00020974
6  13  0.00011619
7  13  0.00031238
8  13  0.00023505
9  13  0.00053531
10  13  0.00035603
11  13  0.00044846
12  13  0.00013497
13  13  0.00025784
14  13  0.00045828
15  13  0.00021243
16  13  0.00018855
17  13  0.00016069
18  13  0.00031948
19  13  0.00020435
20  13  0.00009553
21  13  0.00038812
22  13  0.00048038
23  13  0.00038795
24  13  0.00010107
25  13  0.00043024
26  13  0.00012329
27  13  0.00012910
28  13  0.00012525
29  13  0.00021417
30  13  0.00022054
31  13  0.00049480
32  13  0.00054244
33  13  0.00024720
34  13  0.00033640
35  13  0.00016028
36  13  0.00017560
37  13  0.00021060
38  13  0.00018056
39  13  0.00025107
40  13  0.00005897
41  13  0.00042617
42  13  0.00019559
43  13  0.00026100
44  13  0.00010892
45  13  0.00025416
46  13  0.00019932
47  13  0.00017055
48  13  0.00014538
49  13  0.00036023
50  13  0.00033791
51  13  0.00014076
52  13  0.00022007
53  13  0.00016859
54  13  0.00046588
55  13  0.00011372
56  13  0.00021569
57  13  0.00010230
58  13  0.00015018
59  13  0.00029555
60  13  0.00036678
61  13  0.00011250
62  13  0.00021650
63  13  0.00027679
0  14  0.00041543
1  14  0.00038339
2  14  0.00032574
3  14  0.00012113
4  14  0.00022758
5  14  0.00020749
6  14  0.00004643
7  14  0.00025967
8  14  0.00033203
9  14  0.00034686
10  14  0.00017460
11  14  0.00027885
12  14  0.00020362
13  14  0.00009020
14  14  0.00038990
15  14  0.00034359
16  14  0.00016544
17  14  0.00039533
18  14  0.00027792
19  14  0.00029467
20  14  0.00017633
21  14  0.00043150
22  14  0.00024322
23  14  0.00019286
24  14  0.00007016
25  14  0.00026013
26  14  0.00017002
27  14  0.00033102
28  14  0.00017816
29  14  0.00026545
30  14  0.00010350
31  14  0.00032189
32  14  0.00013029
33  14  0.00015199
34  14  0.00021532
35  14  0.00019257
36  14  0.00023320
37  14  0.00019774
38  14  0.00016505
39  14  0.00008442
40  14  0.00060575
41  14  0.00052266
42  14  0.00036067
43  14  0.00057581
44  14  0.00036015
45  14  0.00016915
46  14  0.00025685
47  14  0.00016976
48  14  0.00022949
49  14  0.00019871
50  14  0.00060602
51  14  0.00011134
52  14  0.00022373
53  14  0.00008390
54  14  0.00032475
55  14  0.00025101
56  14  0.00017310
57  14  0.00034306
58  14  0.00017465
59  14  0.00016393
60  14  0.00015537
61  14  0.00023024
62  14  0.00049842
63  14  0.00032618
0  15  0.00033419
1  15  0.00050760
2  15  0.00035675
3  15  0.00064612
4  15  0.00031336
5  15  0.00012139
6  15  0.00025531
7  15  0.00018752
8  15  0.00017519
9  15  0.00011887
10  15  0.00017719
11  15  0.00016236
12  15  0.00016569
13  15  0.00018888
14  15  0.00016938
15  15  0.00009506
16  15  0.00019489
17  15  0.00013249
18  15  0.00015814
19  15  0.00022616
20  15  0.00026336
21  15  0.00020128
22  15  0.00032013
23  15  0.00026606
24  15  0.00027496
25  15  0.00007365
26  15  0.00027569
27  15  0.00025537
28  15  0.00019549
29  15  0.00031499
30  15  0.00029329
31  15  0.00032843
32  15  0.00013295
33  15  0.00023912
34  15  0.00017724
35  15  0.00008208
36  15  0.00017302
37  15  0.00013655
38  15  0.00028209
39  15  0.00017367
40  15  0.00037244
41  15  0.00023720
42  15  0.00014097
43  15  0.00029195
44  15  0.00045909
45  15  0.00011630
46  15  0.00006384
47  15  0.00016325
48  15  0.00027506
49  15  0.00014244
50  15  0.00016617
51  15  0.00008296
52  15  0.00011678
53  15  0.00022756
54  15  0.00010875
55  15  0.00021272
56  15  0.00003123
57  15  0.00016936
58  15  0.00025249
59  15  0.00014329
60  15  0.00044345
61  15  0.00013610
62  15  0.00043893
63  15  0.00012932
0  16  0.00027430
1  16  0.00048217
2  16  0.00020524
3  16  0.00017027
4  16  0.00031268
5  16  0.00022457
6  16  0.00012249
7  16  0.00002405
8  16  0.00009741
9  16  0.00029357
10  16  0.00034503
11  16  0.00022100
12  16  0.00013966
13  16  0.00016842
14  16  0.00024992
15  16  0.00009447
16  16  0.00010804
17  16  0.00026546
18  16  0.00007480
19  16  0.00011524
20  16  0.00011636
21  16  0.00011132
22  16  0.00025961
23  16  0.00017802
24  16  0.00009264
25  16  0.00028545
26  16  0.00032751
27  16  0.00036042
28  16  0.00042666
29  16  0.00036607
30  16  0.00022335
31  16  0.00057885
32  16  0.00036961
33  16  0.00018420
34  16  0.00013718
35  16  0.00051521
36  16  0.00013558
37  16  0.00012923
38  16  0.00021662
39  16  0.00041785
40  16  0.00014066
41  16  0.00013127
42  16  0.00062875
43  16  0.00020281
44  16  0.00012839
45  16  0.00028522
46  16  0.00002057
47  16  0.00057853
48  16  0.00021222
49  16  0.00008841
50  16  0.00012040
51  16  0.00015097
52  16  0.00032155
53  16  0.00034193
54  16  0.00040430
55  16  0.00035964
56  16  0.00063727
57  16  0.00027490
58  16  0.00016954
59  16  0.00030171
60  16  0.00031546
61  16  0.00019396
62  16  0.00010327
63  16  0.00016435
0  17  0.00008206
1  17  0.00030203
2  17  0.00018080
3  17  0.00015674
4  17  0.00037886
5  17  0.00031035
6  17  0.00029239
7  17  0.00042274
8  17  0.00007078
9  17  0.00012449
10  17  0.00031147
11  17  0.00025997
12  17  0.00041855
13  17  0.00030190
14  17  0.00041289
15  17  0.00017846
16  17  0.00020017
17  17  0.00014927
18  17  0.00011601
19  17  0.00010806
20  17  0.00022025
21  17  0.00022161
22  17  0.00040636
23  17  0.00027662
24  17  0.00017757
25  17  0.00026653
26  17  0.00045389
27  17  0.00023718
28  17  0.00010526
29  17  0.00023920
30  17  0.00027874
31  17  0.00012066
32  17  0.00028120
33  17  0.00037320
34  17  0.00041560
35  17  0.00010440
36  17  0.00029033
37  17  0.00033626
38  17  0.00026625
39  17  0.00010334
40  17  0.00008551
41  17  0.00004653
42  17  0.00004183
43  17  0.00028006
44  17  0.00012042
45  17  0.00019669
46  17  0.00025390
47  17  0.00013058
48  17  0.00039615
49  17  0.00019709
50  17  0.00011596
51  17  0.00016151
52  17  0.00012462
53  17  0.00051597
54  17  0.00016864
55  17  0.00009645
56  17  0.00017063
57  17  0.00052123
58  17  0.00025300
59  17  0.00037415
60  17  0.00013664
61  17  0.00023331
62  17  0.00005760
63  17  0.00030715
0  18  0.00021219
1  18  0.00022398
2  18  0.00047024
3  18  0.00018234
4  18  0.00018094
5  18  0.00035212
6  18  0.00041038
7  18  0.00029997
8  18  0.00014234
9  18  0.00024220
10  18  0.00036538
11  18  0.00036691
12  18  0.00020740
13  18  0.00021977
14  18  0.00031611
15  18  0.00088103
16  18  0.00035139
17  18  0.00035112
18  18  0.00019962
19  18  0.00028983
20  18  0.00022916
21  18  0.00018702
22  18  0.00031445
23  18  0.00010347
24  18  0.00017015
25  18  0.00027473
26  18  0.00045722
27  18  0.00019226
28  18  0.00018479
29  18  0.00032395
30  18  0.00058689
31  18  0.00027416
32  18  0.00016376
33  18  0.00007918
34  18  0.00008952
35  18  0.00024406
36  18  0.00014663
37  18  0.00040397
38  18  0.00033320
39  18  0.00018527
40  18  0.00017276
41  18  0.00010652
42  18  0.00024731
43  18  0.00048619
44  18  0.00012834
45  18  0.00018979
46  18  0.00018178
47  18  0.00010792
48  18  0.00018035
49  18  0.00025940
50  18  0.00020526
51  18  0.00040437
52  18  0.00028548
53  18  0.00021599
54  18  0.00046594
55  18  0.00031705
56  18  0.00037965
57  18  0.00030766
58  18  0.00032278
59  18  0.00048497
60  18  0.00042378
61  18  0.00044363
62  18  0.00012105
63  18  0.00033093
0  19  0.00063983
1  19  0.00014572
2  19  0.00018843
3  19  0.00033032
4  19  0.00036666
5  19  0.00017795
6  19  0.00022055
7  19  0.00022660
8  19  0.00014845
9  19  0.00007978
10  19  0.00011423
11  19  0.00016891
12  19  0.00021417
13  19  0.00021739
14  19  0.00014544
15  19  0.00033651
16  19  0.00015125
17  19  0.00019715
18  19  0.00009798
19  19  0.00020770
20  19  0.00020871
21  19  0.00021270
22  19  0.00019147
23  19  0.00056209
24  19  0.00024035
25  19  0.00015121
26  19  0.00028896
27  19  0.00035321
28  19  0.00028379
29  19  0.00014441
30  19  0.00044462
31  19  0.00027714
32  19  0.00025025
33  19  0.00017995
34  19  0.00009965
35  19  0.00044308
36  19  0.00017096
37  19  0.00006627
38  19  0.00014067
39  19  0.00076888
40  19  0.00031446
41  19  0.00007481
42  19  0.00039776
43  19  0.00016428
44  19  0.00029843
45  19  0.00019530
46  19  0.00021688
47  19  0.00024227
48  19  0.00040337
49  19  0.00049781
50  19  0.00019162
51  19  0.00013077
52  19  0.00028877
53  19  0.00020977
54  19  0.00031560
55  19  0.00017563
56  19  0.00020058
57  19  0.00018172
58  19  0.00008376
59  19  0.00031633
60  19  0.00010600
61  19  0.00040629
62  19  0.00019657
63  19  0.00038658
0  20  0.00020777
1  20  0.00021848
2  20  0.00014404
3  20  0.00008575
4  20  0.00034458
5  20  0.00015355
6  20  0.00033751
7  20  0.00042163
8  20  0.00011559
9  20  0.00009930
10  20  0.00029361
11  20  0.00028200
12  20  0.00053867
13  20  0.00030731
14  20  0.00017674
15  20  0.00037348
16  20  0.00027987
17  20  0.00005605
18  20  0.00016085
19  20  0.00028827
20  20  0.00021063
21  20  0.00028417
22  20  0.00023494
23  20  0.00018751
24  20  0.00046745
25  20  0.00013089
26  20  0.00024797
27  20  0.00022264
28  20  0.00021386
29  20  0.00015253
30  20  0.00015196
31  20  0.00008824
32  20  0.00024117
33  20  0.00015256
34  20  0.00043307
35  20  0.00032253
36  20  0.00027698
37  20  0.00025246
38  20  0.00015214
39  20  0.00017990
40  20  0.00021606
41  20  0.00017032
42  20  0.00013517
43  20  0.00027998
44  20  0.00013060
45  20  0.00024603
46  20  0.00020390
47  20  0.00026264
48  20  0.00009100
49  20  0.00022568
50  20  0.00019280
51  20  0.00019125
52  20  0.00018465
53  20  0.00021486
54  20  0.00021872
55  20  0.00026256
56  20  0.00022644
57  20  0.00026625
58  20  0.00044647
59  20  0.00038129
60  20  0.00004241
61  20  0.00018849
62  20  0.00016113
63  20  0.00019894
0  21  0.00005911
1  21  0.00014373
2  21  0.00024937
3  21  0.00019123
4  21  0.00026585
5  21  0.00033679
6  21  0.00023539
7  21  0.00051759
8  21  0.00014509
9  21  0.00046574
10  21  0.00029734
11  21  0.00017744
12  21  0.00011552
13  21  0.00011066
14  21  0.00038383
15  21  0.00037425
16  21  0.00009392
17  21  0.00027050
18  21  0.00029634
19  21  0.00035577
20  21  0.00031414
21  21  0.00029658
22  21  0.00015006
23  21  0.00038042
24  21  0.00022203
25  21  0.00034250
26  21  0.00069166
27  21  0.00021927
28  21  0.00023486
29  21  0.00015874
30  21  0.00042136
31  21  0.00029335
32  21  0.00015199
33  21  0.00040076
34  21  0.00036527
35  21  0.00026067
36  21  0.00013563
37  21  0.00025346
38  21  0.00047205
39  21  0.00060630
40  21  0.00033921
41  21  0.00022693
42  21  0.00018464
43  21  0.00054828
44  21  0.00041223
45  21  0.00014961
46  21  0.00008587
47  21  0.00047820
48  21  0.00009989
49  21  0.00041867
50  21  0.00057829
51  21  0.00044860
52  21  0.00027077
53  21  0.00014781
54  21  0.00023317
55  21  0.00021835
56  21  0.00014664
57  21  0.00036435
58  21  0.00021430
59  21  0.00045974
60  21  0.00033293
61  21  0.00023734
62  21  0.00026358
63  21  0.00020722
0  22  0.00015184
1  22  0.00032292
2  22  0.00010506
3  22  0.00020537
4  22  0.00024473
5  22  0.00051503
6  22  0.00030741
7  22  0.00026875
8  22  0.00019395
9  22  0.00040316
10  22  0.00024847
11  22  0.00023760
12  22  0.00013472
13  22  0.00017589
14  22  0.00012456
15  22  0.00023569
16  22  0.00012940
17  22  0.00031305
18  22  0.00016554
19  22  0.00023047
20  22  0.00018372
21  22  0.00018668
22  22  0.00012391
23  22  0.00025891
24  22  0.00042684
25  22  0.00033934
26  22  0.00011898
27  22  0.00020590
28  22  0.00026035
29  22  0.00016066
30  22  0.00019301
31  22  0.00006710
32  22  0.00017080
33  22  0.00015074
34  22  0.00005499
35  22  0.00012040
36  22  0.00024946
37  22  0.00015753
38  22  0.00036998
39  22  0.00046879
40  22  0.00069348
41  22  0.00008481
42  22  0.00026653
43  22  0.00034870
44  22  0.00013103
45  22  0.00022051
46  22  0.00029733
47  22  0.00024416
48  22  0.00026556
49  22  0.00028979
50  22  0.00033682
51  22  0.00027081
52  22  0.00029251
53  22  0.00022377
54  22  0.00023777
55  22  0.00016909
56  22  0.00017965
57  22  0.00020113
58  22  0.00033491
59  22  0.00030890
60  22  0.00011117
61  22  0.00017686
62  22  0.00011030
63  22  0.00022965
0  23  0.00025101
1  23  0.00012660
2  23  0.00024850
3  23  0.00024566
4  23  0.00015497
5  23  0.00034268
6  23  0.00014911
7  23  0.00027588
8  23  0.00018945
9  23  0.00031324
10  23  0.00022093
11  23  0.00009950
12  23  0.00020565
13  23  0.00021802
14  23  0.00013931
15  23  0.00034720
16  23  0.00030594
17  23  0.00035365
18  23  0.00006852
19  23  0.00037379
20  23  0.00033176
21  23  0.00030465
22  23  0.00016623
23  23  0.00018100
24  23  0.00021301
25  23  0.00020298
26  23  0.00046384
27  23  0.00009167
28  23  0.00010063
29  23  0.00014388
30  23  0.00011363
31  23  0.00018095
32  23  0.00041500
33  23  0.00032849
34  23  0.00018700
35  23  0.00032056
36  23  0.00042422
37  23  0.00024797
38  23  0.00018333
39  23  0.00054038
40  23  0.00018321
41  23  0.00046223
42  23  0.00034633
43  23  0.00032320
44  23  0.00009992
45  23  0.00026652
46  23  0.00055246
47  23  0.00033746
48  23  0.00010129
49  23  0.00010931
50  23  0.00044997
51  23  0.00042016
52  23  0.00026035
53  23  0.00017579
54  23  0.00023171
55  23  0.00014719
56  23  0.00063895
57  23  0.00018395
58  23  0.00015827
59  23  0.00047235
60  23  0.00029302
61  23  0.00018686
62  23  0.00008346
63  23  0.00011326
0  24  0.00035238
1  24  0.00023233
2  24  0.00016473
3  24  0.00024773
4  24  0.00012569
5  24  0.00011094
6  24  0.00008382
7  24  0.00014023
8  24  0.00043186
9  24  0.00024055
10  24  0.00033428
11  24  0.00026718
12  24  0.00019842
13  24  0.00026625
14  24  0.00016479
15  24  0.00022019
16  24  0.00022634
17  24  0.00010713
18  24  0.00024051
19  24  0.00022162
20  24  0.00039278
21  24  0.00023468
22  24  0.00020983
23  24  0.00021056
24  24  0.00018815
25  24  0.00006259
26  24  0.00025674
27  24  0.00014482
28  24  0.00012938
29  24  0.00021187
30  24  0.00021353
31  24  0.00018559
32  24  0.00013243
33  24  0.00018803
34  24  0.00011555
35  24  0.00016793
36  24  0.00019660
37  24  0.00008880
38  24  0.00008574
39  24  0.00019961
40  24  0.00015736
41  24  0.00041144
42  24  0.00017495
43  24  0.00027830
44  24  0.00018369
45  24  0.00012835
46  24  0.00015453
47  24  0.00031566
48  24  0.00012312
49  24  0.00024755
50  24  0.00021414
51  24  0.00025791
52  24  0.00022193
53  24  0.00021516
54  24  0.00010173
55  24  0.00024181
56  24  0.00007173
57  24  0.00016821
58  24  0.00041682
59  24  0.00042479
60  24  0.00010172
61  24  0.00015600
62  24  0.00021407
63  24  0.00051448
0  25  0.00033665
1  25  0.00020641
2  25  0.00024560
3  25  0.00014657
4  25  0.00021979
5  25  0.00013716
6  25  0.00033697
7  25  0.00060657
8  25  0.00015634
9  25  0.00017886
10  25  0.00025413
11  25  0.00004580
12  25  0.00036500
13  25  0.00007358
14  25  0.00032808
15  25  0.00026509
16  25  0.00009135
17  25  0.00040100
18  25  0.00011750
19  25  0.00037678
20  25  0.00022797
21  25  0.00037311
22  25  0.00023060
23  25  0.00023886
24  25  0.00018835
25  25  0.00025558
26  25  0.00009152
27  25  0.00015739
28  25  0.00027948
29  25  0.00033506
30  25  0.00016466
31  25  0.00016830
32  25  0.00014486
33  25  0.00017013
34  25  0.00020418
35  25  0.00018579
36  25  0.00053696
37  25  0.00013028
38  25  0.00027346
39  25  0.00022559
40  25  0.00042540
41  25  0.00027869
42  25  0.00028271
43  25  0.00017507
44  25  0.00028501
45  25  0.00029234
46  25  0.00021114
47  25  0.00009182
48  25  0.00018035
49  25  0.00009238
50  25  0.00010920
51  25  0.00018140
52  25  0.00016995
53  25  0.00016941
54  25  0.00038456
55  25  0.00029479
56  25  0.00040578
57  25  0.00028644
58  25  0.00015325
59  25  0.00013758
60  25  0.00031329
61  25  0.00016370
62  25  0.00069130
63  25  0.00049760
0  26  0.00032650
1  26  0.00022955
2  26  0.00012561
3  26  0.00033828
4  26  0.00053917
5  26  0.00007216
6  26  0.00016808
7  26  0.00024841
8  26  0.00005175
9  26  0.00023944
10  26  0.00030558
11  26  0.00016416
12  26  0.00027735
13  26  0.00031389
14  26  0.00010573
15  26  0.00046218
16  26  0.00011719
17  26  0.00027396
18  26  0.00010535
19  26  0.00011265
20  26  0.00020111
21  26  0.00047892
22  26  0.00020476
23  26  0.00018921
24  26  0.00012386
25  26  0.00015714
26  26  0.00014157
27  26  0.00027868
28  26  0.00028084
29  26  0.00014685
30  26  0.00019578
31  26  0.00029819
32  26  0.00044059
33  26  0.00025236
34  26  0.00022758
35  26  0.00027375
36  26  0.00023723
37  26  0.00024050
38  26  0.00006445
39  26  0.00022057
40  26  0.00034813
41  26  0.00019013
42  26  0.00018200
43  26  0.00020860
44  26  0.00022562
45  26  0.00015373
46  26  0.00006190
47  26  0.00029569
48  26  0.00019804
49  26  0.00029568
50  26  0.00036457
51  26  0.00024291
52  26  0.00070313
53  26  0.00022385
54  26  0.00010517
55  26  0.00028752
56  26  0.00030820
57  26  0.00022167
58  26  0.00029797
59  26  0.00008306
60  26  0.00014906
61  26  0.00036906
62  26  0.00015671
63  26  0.00026081
0  27  0.00020607
1  27  0.00007548
2  27  0.00030772
3  27  0.00037976
4  27  0.00021253
5  27  0.00028469
6  27  0.00014596
7  27  0.00027021
8  27  0.00062207
9  27  0.00051002
10  27  0.00012411
11  27  0.00026922
12  27  0.00029753
13  27  0.00014217
14  27  0.00024989
15  27  0.00025804
16  27  0.00028303
17  27  0.00015547
18  27  0.00019603
19  27  0.00018252
20  27  0.00040883
21  27  0.00013332
22  27  0.00022104
23  27  0.00013383
24  27  0.00022437
25  27  0.00040222
26  27  0.00036272
27  27  0.00021205
28  27  0.00059163
29  27  0.00017174
30  27  0.00017885
31  27  0.00016978
32  27  0.00014225
33  27  0.00024100
34  27  0.00038774
35  27  0.00020261
36  27  0.00060814
37  27  0.00012315
38  27  0.00037816
39  27  0.00025814
40  27  0.00023654
41  27  0.00013841
42  27  0.00022941
43  27  0.00026508
44  27  0.00015219
45  27  0.00010063
46  27  0.00026666
47  27  0.00041323
48  27  0.00015902
49  27  0.00029841
50  27  0.00024734
51  27  0.00034316
52  27  0.00033796
53  27  0.00014112
54  27  0.00021289
55  27  0.00026409
56  27  0.00042528
57  27  0.00051702
58  27  0.00022791
59  27  0.00027298
60  27  0.00010884
61  27  0.00011788
62  27  0.00023688
63  27  0.00030849
0  28  0.00022309
1  28  0.00029925
2  28  0.00020689
3  28  0.00026568
4  28  0.00046831
5  28  0.00009256
6  28  0.00035998
7  28  0.00035898
8  28  0.00016380
9  28  0.00033556
10  28  0.00025914
11  28  0.00025577
12  28  0.00025544
13  28  0.00017670
14  28  0.00030720
15  28  0.00030252
16  28  0.00024421
17  28  0.00030261
18  28  0.00029251
19  28  0.00012102
20  28  0.00024072
21  28  0.00040407
22  28  0.00016822
23  28  0.00022255
24  28  0.00019131
25  28  0.00020520
26  28  0.00015815
27  28  0.00014242
28  28  0.00010467
29  28  0.00035091
30  28  0.00017877
31  28  0.00019609
32  28  0.00020114
33  28  0.00015566
34  28  0.00033517
35  28  0.00011005
36  28  0.00025299
37  28  0.00022535
38  28  0.00023246
39  28  0.00013851
40  28  0.00017705
41  28  0.00012223
42  28  0.00034191
43  28  0.00022985
44  28  0.00048730
45  28  0.00006851
46  28  0.00023590
47  28  0.00029760
48  28  0.00022180
49  28  0.00017470
50  28  0.00015401
51  28  0.00030122
52  28  0.00018404
53  28  0.00024448
54  28  0.00021599
55  28  0.00014544
56  28  0.00057170
57  28  0.00011857
58  28  0.00028472
59  28  0.00023308
60  28  0.00020417
61  28  0.00033526
62  28  0.00019790
63  28  0.00016756
0  29  0.00018440
1  29  0.00008616
2  29  0.00031417
3  29  0.00040966
4  29  0.00047977
5  29  0.00016479
6  29  0.00007787
7  29  0.00014325
8  29  0.00016618
9  29  0.00013145
10  29  0.00005944
11  29  0.00019300
12  29  0.00039748
13  29  0.00033472
14  29  0.00024370
15  29  0.00025545
16  29  0.00020109
17  29  0.00034955
18  29  0.00025684
19  29  0.00022054
20  29  0.00031091
21  29  0.00023851
22  29  0.00027966
23  29  0.00016315
24  29  0.00018651
25  29  0.00092833
26  29  0.00015417
27  29  0.00013868
28  29  0.00030347
29  29  0.00014386
30  29  0.00012162
31  29  0.00037753
32  29  0.00024955
33  29  0.00040725
34  29  0.00023715
35  29  0.00013147
36  29  0.00031592
37  29  0.00035655
38  29  0.00020388
39  29  0.00037184
40  29  0.00032820
41  29  0.00006350
42  29  0.00017822
43  29  0.00033981
44  29  0.00012835
45  29  0.00032953
46  29  0.00033845
47  29  0.00037812
48  29  0.00052591
49  29  0.00028432
50  29  0.00014243
51  29  0.00042864
52  29  0.00034622
53  29  0.00026997
54  29  0.00026763
55  29  0.00032115
56  29  0.00036394
57  29  0.00022346
58  29  0.00016878
59  29  0.00019939
60  29  0.00014223
61  29  0.00021403
62  29  0.00021812
63  29  0.00020457
0  30  0.00029505
1  30  0.00022920
2  30  0.00031655
3  30  0.00041118
4  30  0.00067771
5  30  0.00035825
6  30  0.00029158
7  30  0.00011812
8  30  0.00010323
9  30  0.00034005
10  30  0.00017581
11  30  0.00016450
12  30  0.00026756
13  30  0.00026181
14  30  0.00049075
15  30  0.00036103
16  30  0.00034825
17  30  0.00010228
18  30  0.00019296
19  30  0.00013404
20  30  0.00014567
21  30  0.00019737
22  30  0.00019586
23  30  0.00040481
24  30  0.00011248
25  30  0.00022651
26  30  0.00021670
27  30  0.00029348
28  30  0.00011704
29  30  0.00068016
30  30  0.00023184
31  30  0.00053319
32  30  0.00026413
33  30  0.00030929
34  30  0.00044275
35  30  0.00014411
36  30  0.00024237
37  30  0.00020558
38  30  0.00017697
39  30  0.00008558
40  30  0.00018839
41  30  0.00023922
42  30  0.00011581
43  30  0.00022471
44  30  0.00013949
45  30  0.00017060
46  30  0.00016407
47  30  0.00042473
48  30  0.00030050
49  30  0.00013434
50  30  0.00050303
51  30  0.00010515
52  30  0.00017342
53  30  0.00014822
54  30  0.00014788
55  30  0.00018879
56  30  0.00016754
57  30  0.00028543
58  30  0.00028078
59  30  0.00022519
60  30  0.00018226
61  30  0.00021078
62  30  0.00033068
63  30  0.00021949
0  31  0.00028735
1  31  0.00036022
2  31  0.00009124
3  31  0.00028028
4  31  0.00023621
5  31  0.00030634
6  31  0.00018964
7  31  0.00005630
8  31  0.00032568
9  31  0.00008034
10  31  0.00031258
11  31  0.00015638
12  31  0.00031886
13  31  0.00023740
14  31  0.00026642
15  31  0.00030409
16  31  0.00018195
17  31  0.00023531
18  31  0.00010972
19  31  0.00024697
20  31  0.00022219
21  31  0.00016652
22  31  0.00025542
23  31  0.00009504
24  31  0.00025444
25  31  0.00020788
26  31  0.00017534
27  31  0.00018850
28  31  0.00011357
29  31  0.00014074
30  31  0.00040852
31  31  0.00008856
32  31  0.00022141
33  31  0.00041925
34  31  0.00018922
35  31  0.00007170
36  31  0.00013440
37  31  0.00032063
38  31  0.00028099
39  31  0.00043995
40  31  0.00035609
41  31  0.00046872
42  31  0.00011938
43  31  0.00017754
44  31  0.00041379
45  31  0.00025925
46  31  0.00053259
47  31  0.00009666
48  31  0.00015300
49  31  0.00026434
50  31  0.00053853
51  31  0.00029747
52  31  0.00022384
53  31  0.00020863
54  31  0.00028686
55  31  0.00046385
56  31  0.00022617
57  31  0.00034513
58  31  0.00036927
59  31  0.00026680
60  31  0.00006229
61  31  0.00050641
62  31  0.00021115
63  31  0.00016836
0  32  0.00025759
1  32  0.00019712
2  32  0.00049449
3  32  0.00019855
4  32  0.00018770
5  32  0.00016805
6  32  0.00023266
7  32  0.00020529
8  32  0.00011640
9  32  0.00034691
10  32  0.00031819
11  32  0.00022855
12  32  0.00044586
13  32  0.00038477
14  32  0.00011242
15  32  0.00009680
16  32  0.00025543
17  32  0.00033612
18  32  0.00021714
19  32  0.00025339
20  32  0.00015716
21  32  0.00023113
22  32  0.00027389
23  32  0.00037561
24  32  0.00034577
25  32  0.00017711
26  32  0.00030519
27  32  0.00019052
28  32  0.00032116
29  32  0.00014256
30  32  0.00033748
31  32  0.00027923
32  32  0.00016632
33  32  0.00029829
34  32  0.00016025
35  32  0.00013955
36  32  0.00012675
37  32  0.00009851
38  32  0.00006639
39  32  0.00028032
40  32  0.00038546
41  32  0.00005103
42  32  0.00028793
43  32  0.00012384
44  32  0.00019813
45  32  0.00023394
46  32  0.00028112
47  32  0.00015894
48  32  0.00018071
49  32  0.00014911
50  32  0.00019818
51  32  0.00023832
52  32  0.00010102
53  32  0.00028146
54  32  0.00040428
55  32  0.00023235
56  32  0.00008875
57  32  0.00034515
58  32  0.00012147
59  32  0.00026086
60  32  0.00021235
61  32  0.00018494
62  32  0.00061158
63  32  0.00020454
0  33  0.00005566
1  33  0.00035683
2  33  0.00021529
3  33  0.00013770
4  33  0.00034805
5  33  0.00025003
6  33  0.00034498
7  33  0.00023256
8  33  0.00019248
9  33  0.00022842
10  33  0.00011324
11  33  0.00030168
12  33  0.00029829
13  33  0.00009776
14  33  0.00026445
15  33  0.00017094
16  33  0.00025095
17  33  0.00009870
18  33  0.00020580
19  33  0.00020202
20  33  0.00020113
21  33  0.00025222
22  33  0.00024860
23  33  0.00011849
24  33  0.00011418
25  33  0.00013736
26  33  0.00042143
27  33  0.00024140
28  33  0.00024160
29  33  0.00037439
30  33  0.00058124
31  33  0.00012982
32  33  0.00007727
33  33  0.00013161
34  33  0.00019003
35  33  0.00035389
36  33  0.00028042
37  33  0.00028922
38  33  0.00022807
39  33  0.00039080
40  33  0.00017696
41  33  0.00030112
42  33  0.00011471
43  33  0.00015538
44  33  0.00012461
45  33  0.00016361
46  33  0.00035823
47  33  0.00023730
48  33  0.00013639
49  33  0.00016054
50  33  0.00019660
51  33  0.00034423
52  33  0.00013268
53  33  0.00008820
54  33  0.00018722
55  33  0.00015716
56  33  0.00015220
57  33  0.00020195
58  33  0.00019143
59  33  0.00019780
60  33  0.00012097
61  33  0.00007213
62  33  0.00046265
63  33  0.00037931
0  34  0.00030692
1  34  0.00021464
2  34  0.00015642
3  34  0.00012152
4  34  0.00014416
5  34  0.00053123
6  34  0.00025270
7  34  0.00011899
8  34  0.00017247
9  34  0.00001785
10  34  0.00013947
11  34  0.00023927
12  34  0.00022457
13  34  0.00014866
14  34  0.00025808
15  34  0.00019817
16  34  0.00009660
17  34  0.00026523
18  34  0.00003495
19  34  0.00022278
20  34  0.00015722
21  34  0.00026011
22  34  0.00007356
23  34  0.00036484
24  34  0.00012552
25  34  0.00020221
26  34  0.00051198
27  34  0.00042926
28  34  0.00011108
29  34  0.00033086
30  34  0.00037493
31  34  0.00012142
32  34  0.00020693
33  34  0.00017493
34  34  0.00010686
35  34  0.00028491
36  34  0.00027985
37  34  0.00007810
38  34  0.00011208
39  34  0.00025053
40  34  0.00011005
41  34  0.00018919
42  34  0.00025877
43  34  0.00020549
44  34  0.00022203
45  34  0.00041093
46  34  0.00037936
47  34  0.00023987
48  34  0.00022552
49  34  0.00047463
50  34  0.00047765
51  34  0.00006461
52  34  0.00023892
53  34  0.00014093
54  34  0.00031049
55  34  0.00030008
56  34  0.00009546
57  34  0.00019449
58  34  0.00037654
59  34  0.00019008
60  34  0.00013390
61  34  0.00020973
62  34  0.00032298
63  34  0.00027719
0  35  0.00018146
1  35  0.00021628
2  35  0.00057855
3  35  0.00022178
4  35  0.00022417
5  35  0.00010731
6  35  0.00010927
7  35  0.00009220
8  35  0.00017653
9  35  0.00023855
10  35  0.00012555
11  35  0.00007648
12  35  0.00011259
13  35  0.00028993
14  35  0.00028108
15  35  0.00032559
16  35  0.00031210
17  35  0.00015044
18  35  0.00015770
19  35  0.00021607
20  35  0.00035911
21  35  0.00025117
22  35  0.00007895
23  35  0.00049316
24  35  0.00030514
25  35  0.00013488
26  35  0.00017792
27  35  0.00018940
28  35  0.00017057
29  35  0.00023954
30  35  0.00022768
31  35  0.00018017
32  35  0.00021946
33  35  0.00005761
34  35  0.00013299
35  35  0.00030124
36  35  0.00013259
37  35  0.00021289
38  35  0.00022231
39  35  0.00038576
40  35  0.00030273
41  35  0.00026879
42  35  0.00013031
43  35  0.00031555
44  35  0.00042501
45  35  0.00024263
46  35  0.00017710
47  35  0.00028372
48  35  0.00019078
49  35  0.00001941
50  35  0.00031647
51  35  0.00020444
52  35  0.00047526
53  35  0.00035287
54  35  0.00013869
55  35  0.00029578
56  35  0.00057477
57  35  0.00013939
58  35  0.00010969
59  35  0.00031653
60  35  0.00023329
61  35  0.00017140
62  35  0.00019968
63  35  0.00030892
0  36  0.00017919
1  36  0.00024609
2  36  0.00016514
3  36  0.00031354
4  36  0.00028883
5  36  0.00022570
6  36  0.00006956
7  36  0.00017067
8  36  0.00029270
9  36  0.00026642
10  36  0.00038454
11  36  0.00021307
12  36  0.00015894
13  36  0.00017620
14  36  0.00017651
15  36  0.00034793
16  36  0.00016792
17  36  0.00021564
18  36  0.00008679
19  36  0.00004537
20  36  0.00044710
21  36  0.00016430
22  36  0.00009036
23  36  0.00026909
24  36  0.00024953
25  36  0.00043252
26  36  0.00033452
27  36  0.00057353
28  36  0.00020332
29  36  0.00030065
30  36  0.00038313
31  36  0.00024436
32  36  0.00016152
33  36  0.00020654
34  36  0.00008914
35  36  0.00016306
36  36  0.00029285
37  36  0.00036728
38  36  0.00024009
39  36  0.00030531
40  36  0.00021803
41  36  0.00037006
42  36  0.00035933
43  36  0.00018120
44  36  0.00034193
45  36  0.00011837
46  36  0.00041836
47  36  0.00039817
48  36  0.00019163
49  36  0.00047567
50  36  0.00013557
51  36  0.00016277
52  36  0.00024927
53  36  0.00007924
54  36  0.00024403
55  36  0.00030368
56  36  0.00037708
57  36  0.00028592
58  36  0.00015195
59  36  0.00018669
60  36  0.00025062
61  36  0.00042599
62  36  0.00044978
63  36  0.00037090
0  37  0.00015416
1  37  0.00016670
2  37  0.00034802
3  37  0.00020938
4  37  0.00037339
5  37  0.00010181
6  37  0.00040628
7  37  0.00017733
8  37  0.00014990
9  37  0.00012428
10  37  0.00047899
11  37  0.00045576
12  37  0.00033597
13  37  0.00018844
14  37  0.00011579
15  37  0.00010936
16  37  0.00036902
17  37  0.00019968
18  37  0.00008896
19  37  0.00012919
20  37  0.00067084
21  37  0.00015336
22  37  0.00015048
23  37  0.00016106
24  37  0.00020005
25  37  0.00031862
26  37  0.00029343
27  37  0.00015067
28  37  0.00002659
29  37  0.00031661
30  37  0.00012417
31  37  0.00024834
32  37  0.00019567
33  37  0.00017335
34  37  0.00011134
35  37  0.00026593
36  37  0.00004166
37  37  0.00032375
38  37  0.00025074
39  37  0.00018322
40  37  0.00021585
41  37  0.00013300
42  37  0.00011944
43  37  0.00025333
44  37  0.00013997
45  37  0.00037886
46  37  0.00041537
47  37  0.00051290
48  37  0.00014334
49  37  0.00050402
50  37  0.00013248
51  37  0.00017519
52  37  0.00040306
53  37  0.00008164
54  37  0.00011469
55  37  0.00011413
56  37  0.00033031
57  37  0.00021164
58  37  0.00029274
59  37  0.00016174
60  37  0.00037184
61  37  0.00037869
62  37  0.00026388
63  37  0.00008581
0  38  0.00042924
1  38  0.00042032
2  38  0.00018571
3  38  0.00012372
4  38  0.00015287
5  38  0.00025691
6  38  0.00014981
7  38  0.00010291
8  38  0.00032707
9  38  0.00020297
10  38  0.00027287
11  38  0.00027841
12  38  0.00015584
13  38  0.00008616
14  38  0.00033938
15  38  0.00056390
16  38  0.00016260
17  38  0.00008341
18  38  0.00017288
19  38  0.00016113
20  38  0.00052260
21  38  0.00040828
22  38  0.00017898
23  38  0.00015925
24  38  0.00021438
25  38  0.00011483
26  38  0.00028488
27  38  0.00024279
28  38  0.00025475
29  38  0.00023316
30  38  0.00007669
31  38  0.00044179
32  38  0.00025856
33  38  0.00023942
34  38  0.00009843
35  38  0.00016188
36  38  0.00026907
37  38  0.00018452
38  38  0.00016549
39  38  0.00014470
40  38  0.00008966
41  38  0.00048136
42  38  0.00020006
43  38  0.00031543
44  38  0.00040937
45  38  0.00060943
46  38  0.00039454
47  38  0.00034692
48  38  0.00015879
49  38  0.00016361
50  38  0.00032487
51  38  0.00026029
52  38  0.00042831
53  38  0.00027767
54  38  0.00047214
55  38  0.00018878
56  38  0.00044864
57  38  0.00031532
58  38  0.00032327
59  38  0.00020866
60  38  0.00014908
61  38  0.00009307
62  38  0.00032625
63  38  0.00028695
0  39  0.00027600
1  39  0.00032297
2  39  0.00029397
3  39  0.00014844
4  39  0.00017630
5  39  0.00009417
6  39  0.00020095
7  39  0.00059573
8  39  0.00022635
9  39  0.00010080
10  39  0.00030872
11  39  0.00015574
12  39  0.00033835
13  39  0.00015639
14  39  0.00008122
15  39  0.00068214
16  39  0.00035626
17  39  0.00035206
18  39  0.00006828
19  39  0.00013071
20  39  0.00010826
21  39  0.00023723
22  39  0.00025328
23  39  0.00030451
24  39  0.00044221
25  39  0.00046419
26  39  0.00026227
27  39  0.00012730
28  39  0.00014816
29  39  0.00011098
30  39  0.00019367
31  39  0.00019354
32  39  0.00030193
33  39  0.00013781
34  39  0.00072550
35  39  0.00030265
36  39  0.00028191
37  39  0.00015735
38  39  0.00014193
39  39  0.00016583
40  39  0.00043618
41  39  0.00018234
42  39  0.00037553
43  39  0.00027724
44  39  0.00021658
45  39  0.00024735
46  39  0.00043066
47  39  0.00016795
48  39  0.00008257
49  39  0.00018288
50  39  0.00022996
51  39  0.00024530
52  39  0.00016286
53  39  0.00021501
54  39  0.00039771
55  39  0.00015225
56  39  0.00022770
57  39  0.00026920
58  39  0.00016296
59  39  0.00030747
60  39  0.00012909
61  39  0.00019220
62  39  0.00031776
63  39  0.00014420
0  40  0.00014753
1  40  0.00021646
2  40  0.00012514
3  40  0.00034312
4  40  0.00013861
5  40  0.00038273
6  40  0.00018436
7  40  0.00021504
8  40  0.00022112
9  40  0.00017106
10  40  0.00031688
11  40  0.00049469
12  40  0.00013193
13  40  0.00027133
14  40  0.00011308
15  40  0.00019895
16  40  0.00010669
17  40  0.00036336
18  40  0.00024965
19  40  0.00021529
20  40  0.00022960
21  40  0.00036722
22  40  0.00053750
23  40  0.00017392
24  40  0.00036598
25  40  0.00045255
26  40  0.00024044
27  40  0.00022176
28  40  0.00035874
29  40  0.00023695
30  40  0.00016209
31  40  0.00014684
32  40  0.00015669
33  40  0.00017932
34  40  0.00019668
35  40  0.00010838
36  40  0.00046477
37  40  0.00024634
38  40  0.00028621
39  40  0.00015733
40  40  0.00023431
41  40  0.00004919
42  40  0.00051671
43  40  0.00007573
44  40  0.00029579
45  40  0.00031356
46  40  0.00040520
47  40  0.00019439
48  40  0.00025305
49  40  0.00041365
50  40  0.00047487
51  40  0.00040672
52  40  0.00030020
53  40  0.00014622
54  40  0.00018535
55  40  0.00023069
56  40  0.00037145
57  40  0.00032520
58  40  0.00028804
59  40  0.00024012
60  40  0.00050026
61  40  0.00003350
62  40  0.00048260
63  40  0.00022515
0  41  0.00037546
1  41  0.00014105
2  41  0.00014834
3  41  0.00021988
4  41  0.00033771
5  41  0.00025774
6  41  0.00014332
7  41  0.00033969
8  41  0.00038176
9  41  0.00020571
10  41  0.00023835
11  41  0.00014938
12  41  0.00019459
13  41  0.00032574
14  41  0.00054295
15  41  0.00020684
16  41  0.00016358
17  41  0.00020718
18  41  0.00024075
19  41  0.00004351
20  41  0.00006432
21  41  0.00010425
22  41  0.00040764
23  41  0.00053723
24  41  0.00024038
25  41  0.00011996
26  41  0.00012387
27  41  0.00013916
28  41  0.00017588
29  41  0.00006373
30  41  0.00027269
31  41  0.00025012
32  41  0.00016734
33  41  0.00040388
34  41  0.00017955
35  41  0.00023389
36  41  0.00012505
37  41  0.00015724
38  41  0.00040215
39  41  0.00022690
40  41  0.00016196
41  41  0.00052204
42  41  0.00016668
43  41  0.00024556
44  41  0.00030827
45  41  0.00020910
46  41  0.00026274
47  41  0.00028541
48  41  0.00024545
49  41  0.00012289
50  41  0.00024741
51  41  0.00013316
52  41  0.00027497
53  41  0.00009880
54  41  0.00028774
55  41  0.00031115
56  41  0.00009914
57  41  0.00018083
58  41  0.00034120
59  41  0.00012542
60  41  0.00042787
61  41  0.00013245
62  41  0.00029786
63  41  0.00012816
0  42  0.00018557
1  42  0.00031093
2  42  0.00043200
3  42  0.00038432
4  42  0.00016610
5  42  0.00028057
6  42  0.00023124
7  42  0.00024270
8  42  0.00015232
9  42  0.00019725
10  42  0.00027993
11  42  0.00036884
12  42  0.00008273
13  42  0.00021680
14  42  0.00015514
15  42  0.00011576
16  42  0.00026174
17  42  0.00040212
18  42  0.00032581
19  42  0.00026549
20  42  0.00019546
21  42  0.00008984
22  42  0.00017900
23  42  0.00018881
24  42  0.00036184
25  42  0.00042410
26  42  0.00034198
27  42  0.00047581
28  42  0.00031296
29  42  0.00035299
30  42  0.00024365
31  42  0.00011379
32  42  0.00033431
33  42  0.00016350
34  42  0.00013129
35  42  0.00027020
36  42  0.00050960
37  42  0.00050473
38  42  0.00023848
39  42  0.00013265
40  42  0.00030697
41  42  0.00022590
42  42  0.00024636
43  42  0.00054872
44  42  0.00023724
45  42  0.00017653
46  42  0.00007660
47  42  0.00057558
48  42  0.00010433
49  42  0.00045816
50  42  0.00006696
51  42  0.00016984
52  42  0.00011737
53  42  0.00028428
54  42  0.00008638
55  42  0.00013988
56  42  0.00019117
57  42  0.00044864
58  42  0.00007253
59  42  0.00013246
60  42  0.00038529
61  42  0.00010648
62  42  0.00013970
63  42  0.00032759
0  43  0.00014422
1  43  0.00032740
2  43  0.00033687
3  43  0.00021325
4  43  0.00037938
5  43  0.00023245
6  43  0.00019353
7  43  0.00010915
8  43  0.00011416
9  43  0.00035271
10  43  0.00050278
11  43  0.00017761
12  43  0.00018163
13  43  0.00022253
14  43  0.00042786
15  43  0.00024321
16  43  0.00020054
17  43  0.00040171
18  43  0.00023812
19  43  0.00012715
20  43  0.00024126
21  43  0.00007180
22  43  0.00025616
23  43  0.00019928
24  43  0.00012658
25  43  0.00014679
26  43  0.00026414
27  43  0.00013155
28  43  0.00034060
29  43  0.00028342
30  43  0.00023487
31  43  0.00027388
32  43  0.00018676
33  43  0.00030012
34  43  0.00021772
35  43  0.00039877
36  43  0.00013055
37  43  0.00021217
38  43  0.00011468
39  43  0.00019371
40  43  0.00012169
41  43  0.00018948
42  43  0.00028370
43  43  0.00017947
44  43  0.00008726
45  43  0.00027850
46  43  0.00039560
47  43  0.00009285
48  43  0.00026882
49  43  0.00026774
50  43  0.00019568
51  43  0.00026276
52  43  0.00014440
53  43  0.00009047
54  43  0.00026648
55  43  0.00015987
56  43  0.00016640
57  43  0.00055444
58  43  0.00013538
59  43  0.00047384
60  43  0.00011531
61  43  0.00013704
62  43  0.00027586
63  43  0.00016122
0  44  0.00023123
1  44  0.00020150
2  44  0.00036341
3  44  0.00017114
4  44  0.00026632
5  44  0.00018557
6  44  0.00032234
7  44  0.00020071
8  44  0.00021615
9  44  0.00010574
10  44  0.00016926
11  44  0.00024084
12  44  0.00011518
13  44  0.00016700
14  44  0.00018193
15  44  0.00018583
16  44  0.00041339
17  44  0.00029244
18  44  0.00046798
19  44  0.00016875
20  44  0.00019843
21  44  0.00020425
22  44  0.00015408
23  44  0.00039458
24  44  0.00017286
25  44  0.00033551
26  44  0.00029238
27  44  0.00032304
28  44  0.00017890
29  44  0.00025226
30  44  0.00011704
31  44  0.00028344
32  44  0.00010673
33  44  0.00011527
34  44  0.00021233
35  44  0.00023495
36  44  0.00029593
37  44  0.00006605
38  44  0.00018290
39  44  0.00009252
40  44  0.00026608
41  44  0.00044534
42  44  0.00015512
43  44  0.00046075
44  44  0.00025008
45  44  0.00010838
46  44  0.00018547
47  44  0.00011238
48  44  0.00016624
49  44  0.00032654
50  44  0.00018879
51  44  0.00036398
52  44  0.00027497
53  44  0.00010100
54  44  0.00044528
55  44  0.00053653
56  44  0.00025171
57  44  0.00011359
58  44  0.00026626
59  44  0.00028744
60  44  0.00030376
61  44  0.00018543
62  44  0.00021282
63  44  0.00040839
0  45  0.00013774
1  45  0.00033100
2  45  0.00051792
3  45  0.00037788
4  45  0.00015368
5  45  0.00013309
6  45  0.00046047
7  45  0.00029670
8  45  0.00046883
9  45  0.00023733
10  45  0.00016299
11  45  0.00022482
12  45  0.00052287
13  45  0.00003575
14  45  0.00016352
15  45  0.00025592
16  45  0.00021125
17  45  0.00051581
18  45  0.00032758
19  45  0.00027677
20  45  0.00021555
21  45  0.00038727
22  45  0.00019905
23  45  0.00009546
24  45  0.00012834
25  45  0.00025156
26  45  0.00035244
27  45  0.00015198
28  45  0.00014310
29  45  0.00031816
30  45  0.00033056
31  45  0.00016835
32  45  0.00010588
33  45  0.00013665
34  45  0.00026579
35  45  0.00019726
36  45  0.00045776
37  45  0.00024546
38  45  0.00005095
39  45  0.00039737
40  45  0.00021451
41  45  0.00029962
42  45  0.00025715
43  45  0.00021198
44  45  0.00040980
45  45  0.00016826
46  45  0.00008045
47  45  0.00040967
48  45  0.00058651
49  45  0.00013729
50  45  0.00014378
51  45  0.00027256
52  45  0.00049829
53  45  0.00015306
54  45  0.00011142
55  45  0.00020526
56  45  0.00009888
57  45  0.00023998
58  45  0.00035183
59  45  0.00043957
60  45  0.00059767
61  45  0.00025493
62  45  0.00022145
63  45  0.00026218
0  46  0.00013374
1  46  0.00018018
2  46  0.00017935
3  46  0.00024206
4  46  0.00053464
5  46  0.00031720
6  46  0.00023940
7  46  0.00025838
8  46  0.00016923
9  46  0.00039901
10  46  0.00019863
11  46  0.00021095
12  46  0.00045157
13  46  0.00029825
14  46  0.00018302
15  46  0.00010633
16  46  0.00006263
17  46  0.00027747
18  46  0.00035519
19  46  0.00019077
20  46  0.00005361
21  46  0.00064566
22  46  0.00010599
23  46  0.00008934
24  46  0.00007233
25  46  0.00020578
26  46  0.00035494
27  46  0.00046512
28  46  0.00011210
29  46  0.00021690
30  46  0.00031093
31  46  0.00016275
32  46  0.00023897
33  46  0.00010599
34  46  0.00029455
35  46  0.00029341
36  46  0.00048517
37  46  0.00029127
38  46  0.00023766
39  46  0.00023470
40  46  0.00018879
41  46  0.00045038
42  46  0.00025308
43  46  0.00036173
44  46  0.00033477
45  46  0.00022347
46  46  0.00032349
47  46  0.00018095
48  46  0.00012554
49  46  0.00022089
50  46  0.00019164
51  46  0.00031661
52  46  0.00014536
53  46  0.00055723
54  46  0.00014778
55  46  0.00014088
56  46  0.00021781
57  46  0.00023381
58  46  0.00012159
59  46  0.00021106
60  46  0.00018440
61  46  0.00011397
62  46  0.00029743
63  46  0.00026948
0  47  0.00020957
1  47  0.00016430
2  47  0.00004947
3  47  0.00021613
4  47  0.00020341
5  47  0.00029964
6  47  0.00012009
7  47  0.00029696
8  47  0.00013182
9  47  0.00019584
10  47  0.00028537
11  47  0.00025742
12  47  0.00007255
13  47  0.00030657
14  47  0.00022029
15  47  0.00021042
16  47  0.00020802
17  47  0.00031586
18  47  0.00013417
19  47  0.00028503
20  47  0.00008704
21  47  0.00017887
22  47  0.00030001
23  47  0.00029405
24  47  0.00024766
25  47  0.00018076
26  47  0.00037606
27  47  0.00019713
28  47  0.00028100
29  47  0.00047367
30  47  0.00021190
31  47  0.00038725
32  47  0.00026633
33  47  0.00038880
34  47  0.00037273
35  47  0.00054904
36  47  0.00025983
37  47  0.00012213
38  47  0.00031563
39  47  0.00045123
40  47  0.00023715
41  47  0.00043421
42  47  0.00024879
43  47  0.00011793
44  47  0.00020896
45  47  0.00031207
46  47  0.00040037
47  47  0.00022406
48  47  0.00030256
49  47  0.00038761
50  47  0.00033565
51  47  0.00044638
52  47  0.00033658
53  47  0.00028059
54  47  0.00025315
55  47  0.00035370
56  47  0.00024818
57  47  0.00024161
58  47  0.00030650
59  47  0.00039972
60  47  0.00037126
61  47  0.00041358
62  47  0.00021607
63  47  0.00015687
0  48  0.00005653
1  48  0.00040198
2  48  0.00052077
3  48  0.00041714
4  48  0.00015136
5  48  0.00022144
6  48  0.00033511
7  48  0.00014499
8  48  0.00015463
9  48  0.00011721
10  48  0.00015390
11  48  0.00012064
12  48  0.00013039
13  48  0.00003224
14  48  0.00020014
15  48  0.00025240
16  48  0.00022129
17  48  0.00025287
18  48  0.00036437
19  48  0.00024707
20  48  0.00017647
21  48  0.00021309
22  48  0.00025571
23  48  0.00016301
24  48  0.00023916
25  48  0.00020503
26  48  0.00031177
27  48  0.00028131
28  48  0.00019630
29  48  0.00019821
30  48  0.00020693
31  48  0.00013280
32  48  0.00043792
33  48  0.00031018
34  48  0.00026601
35  48  0.00032848
36  48  0.00048078
37  48  0.00030909
38  48  0.00053655
39  48  0.00018807
40  48  0.00023310
41  48  0.00006820
42  48  0.00003486
43  48  0.00018116
44  48  0.00008741
45  48  0.00052626
46  48  0.00023295
47  48  0.00015961
48  48  0.00031222
49  48  0.00027357
50  48  0.00022881
51  48  0.00018019
52  48  0.00009542
53  48  0.00038361
54  48  0.00030492
55  48  0.00030714
56  48  0.00031170
57  48  0.00011499
58  48  0.00023300
59  48  0.00031151
60  48  0.00017853
61  48  0.00022934
62  48  0.00025523
63  48  0.00047369
0  49  0.00015790
1  49  0.00013735
2  49  0.00035323
3  49  0.00046548
4  49  0.00022644
5  49  0.00044491
6  49  0.00014532
7  49  0.00011427
8  49  0.00012945
9  49  0.00021853
10  49  0.00012564
11  49  0.00047641
12  49  0.00028040
13  49  0.00016615
14  49  0.00020140
15  49  0.00046271
16  49  0.00022387
17  49  0.00017413
18  49  0.00010946
19  49  0.00009916
20  49  0.00028410
21  49  0.00032498
22  49  0.00031615
23  49  0.00013531
24  49  0.00008071
25  49  0.00037515
26  49  0.00031654
27  49  0.00050228
28  49  0.00013004
29  49  0.00023693
30  49  0.00025393
31  49  0.00030622
32  49  0.00030612
33  49  0.00037604
34  49  0.00031232
35  49  0.00040718
36  49  0.00024697
37  49  0.00014752
38  49  0.00024582
39  49  0.00015179
40  49  0.00032510
41  49  0.00019372
42  49  0.00028729
43  49  0.00029657
44  49  0.00029024
45  49  0.00018496
46  49  0.00046921
47  49  0.00044585
48  49  0.00025141
49  49  0.00009617
50  49  0.00018379
51  49  0.00023321
52  49  0.00018720
53  49  0.00008371
54  49  0.00025721
55  49  0.00017338
56  49  0.00031806
57  49  0.00033353
58  49  0.00019596
59  49  0.00034211
60  49  0.00028470
61  49  0.00006599
62  49  0.00025979
63  49  0.00022104
0  50  0.00042176
1  50  0.00041099
2  50  0.00043593
3  50  0.00021170
4  50  0.00038987
5  50  0.00032898
6  50  0.00019419
7  50  0.00031182
8  50  0.00041587
9  50  0.00044101
10  50  0.00041140
11  50  0.00043226
12  50  0.00013125
13  50  0.00029872
14  50  0.00021270
15  50  0.00048647
16  50  0.00041191
17  50  0.00024489
18  50  0.00031492
19  50  0.00023806
20  50  0.00008926
21  50  0.00029017
22  50  0.00021052
23  50  0.00045503
24  50  0.00040593
25  50  0.00021158
26  50  0.00026471
27  50  0.00037625
28  50  0.00021835
29  50  0.00018397
30  50  0.00024144
31  50  0.00022236
32  50  0.00036305
33  50  0.00033483
34  50  0.00015597
35  50  0.00014458
36  50  0.00011533
37  50  0.00024032
38  50  0.00023897
39  50  0.00020979
40  50  0.00033940
41  50  0.00012926
42  50  0.00024629
43  50  0.00033203
44  50  0.00028508
45  50  0.00042013
46  50  0.00020199
47  50  0.00034521
48  50  0.00017438
49  50  0.00016659
50  50  0.00035280
51  50  0.00042464
52  50  0.00014624
53  50  0.00020850
54  50  0.00020436
55  50  0.00017615
56  50  0.00017889
57  50  0.00016914
58  50  0.00034890
59  50  0.00025902
60  50  0.00026698
61  50  0.00020304
62  50  0.00034267
63  50  0.00015251
0  51  0.00021785
1  51  0.00013699
2  51  0.00012767
3  51  0.00021454
4  51  0.00049481
5  51  0.00018744
6  51  0.00013101
7  51  0.00018535
8  51  0.00016322
9  51  0.00027946
10  51  0.00007523
11  51  0.00041188
12  51  0.00016147
13  51  0.00032647
14  51  0.00037776
15  51  0.00038953
16  51  0.00048998
17  51  0.00030685
18  51  0.00019577
19  51  0.00014749
20  51  0.00018594
21  51  0.00025268
22  51  0.00019532
23  51  0.00011709
24  51  0.00021169
25  51  0.00011671
26  51  0.00024892
27  51  0.00017915
28  51  0.00011939
29  51  0.00035010
30  51  0.00016593
31  51  0.00027094
32  51  0.00040709
33  51  0.00037521
34  51  0.00017593
35  51  0.00026153
36  51  0.00010973
37  51  0.00023512
38  51  0.00020393
39  51  0.00038651
40  51  0.00031164
41  51  0.00012998
42  51  0.00008834
43  51  0.00024736
44  51  0.00023523
45  51  0.00017444
46  51  0.00016377
47  51  0.00047944
48  51  0.00042249
49  51  0.00039326
50  51  0.00025410
51  51  0.00060952
52  51  0.00021281
53  51  0.00058199
54  51  0.00013624
55  51  0.00016550
56  51  0.00037117
57  51  0.00019322
58  51  0.00044895
59  51  0.00017434
60  51  0.00017206
61  51  0.00009086
62  51  0.00009604
63  51  0.00022127
0  52  0.00023080
1  52  0.00001662
2  52  0.00016069
3  52  0.00018426
4  52  0.00038848
5  52  0.00018717
6  52  0.00008980
7  52  0.00014305
8  52  0.00030553
9  52  0.00019424
10  52  0.00045236
11  52  0.00009047
12  52  0.00027905
13  52  0.00012087
14  52  0.00018135
15  52  0.00019305
16  52  0.00011557
17  52  0.00014538
18  52  0.00008422
19  52  0.00042430
20  52  0.00028002
21  52  0.00040620
22  52  0.00010913
23  52  0.00026323
24  52  0.00026637
25  52  0.00012052
26  52  0.00049458
27  52  0.00039041
28  52  0.00010375
29  52  0.00015929
30  52  0.00019173
31  52  0.00013577
32  52  0.00036497
33  52  0.00016252
34  52  0.00031762
35  52  0.00013076
36  52  0.00041130
37  52  0.00018434
38  52  0.00019646
39  52  0.00017754
40  52  0.00032729
41  52  0.00004563
42  52  0.00021415
43  52  0.00040073
44  52  0.00027489
45  52  0.00024120
46  52  0.00027423
47  52  0.00011696
48  52  0.00022738
49  52  0.00022583
50  52  0.00011147
51  52  0.00009423
52  52  0.00011220
53  52  0.00036184
54  52  0.00015047
55  52  0.00022643
56  52  0.00011659
57  52  0.00011156
58  52  0.00043582
59  52  0.00030814
60  52  0.00035014
61  52  0.00065692
62  52  0.00016886
63  52  0.00024893
0  53  0.00023255
1  53  0.00011966
2  53  0.00014217
3  53  0.00026674
4  53  0.00019563
5  53  0.00011300
6  53  0.00027337
7  53  0.00030630
8  53  0.00002390
9  53  0.00014066
10  53  0.00018670
11  53  0.00025247
12  53  0.00030663
13  53  0.00020960
14  53  0.00022727
15  53  0.00033325
16  53  0.00021201
17  53  0.00019067
18  53  0.00011940
19  53  0.00019356
20  53  0.00012745
21  53  0.00023813
22  53  0.00025222
23  53  0.00043630
24  53  0.00027787
25  53  0.00019135
26  53  0.00038786
27  53  0.00035797
28  53  0.00013707
29  53  0.00010214
30  53  0.00008719
31  53  0.00069591
32  53  0.00029804
33  53  0.00018083
34  53  0.00009974
35  53  0.00028500
36  53  0.00052227
37  53  0.00014128
38  53  0.00029090
39  53  0.00037327
40  53  0.00025537
41  53  0.00026431
42  53  0.00012194
43  53  0.00012775
44  53  0.00019730
45  53  0.00033756
46  53  0.00061778
47  53  0.00012737
48  53  0.00027964
49  53  0.00011285
50  53  0.00004132
51  53  0.00015276
52  53  0.00014728
53  53  0.00036489
54  53  0.00005642
55  53  0.00016718
56  53  0.00023564
57  53  0.00021479
58  53  0.00007421
59  53  0.00044579
60  53  0.00032215
61  53  0.00035384
62  53  0.00025077
63  53  0.00015392
0  54  0.00017300
1  54  0.00029864
2  54  0.00025079
3  54  0.00025423
4  54  0.00021877
5  54  0.00012981
6  54  0.00028000
7  54  0.00021798
8  54  0.00008137
9  54  0.00028019
10  54  0.00023211
11  54  0.00023647
12  54  0.00023928
13  54  0.00010526
14  54  0.00017715
15  54  0.00020873
16  54  0.00039228
17  54  0.00029088
18  54  0.00027894
19  54  0.00021856
20  54  0.00017414
21  54  0.00022309
22  54  0.00060604
23  54  0.00031200
24  54  0.00012962
25  54  0.00032103
26  54  0.00027066
27  54  0.00013329
28  54  0.00010436
29  54  0.00031792
30  54  0.00019081
31  54  0.00015067
32  54  0.00022571
33  54  0.00037285
34  54  0.00035256
35  54  0.00039226
36  54  0.00020818
37  54  0.00017607
38  54  0.00023375
39  54  0.00046061
40  54  0.00049412
41  54  0.00023293
42  54  0.00010193
43  54  0.00005473
44  54  0.00030774
45  54  0.00028782
46  54  0.00038830
47  54  0.00012291
48  54  0.00016887
49  54  0.00019806
50  54  0.00012826
51  54  0.00025788
52  54  0.00025828
53  54  0.00010611
54  54  0.00006874
55  54  0.00021168
56  54  0.00044527
57  54  0.00041152
58  54  0.00030001
59  54  0.00025439
60  54  0.00021548
61  54  0.00040684
62  54  0.00020243
63  54  0.00026041
0  55  0.00024984
1  55  0.00013302
2  55  0.00019862
3  55  0.00021521
4  55  0.00040860
5  55  0.00029172
6  55  0.00028092
7  55  0.00043953
8  55  0.00031051
9  55  0.00023365
10  55  0.00028039
11  55  0.00026636
12  55  0.00036384
13  55  0.00049093
14  55  0.00022002
15  55  0.00053436
16  55  0.00008795
17  55  0.00025956
18  55  0.00024340
19  55  0.00017031
20  55  0.00014982
21  55  0.00043014
22  55  0.00006918
23  55  0.00046146
24  55  0.00011843
25  55  0.00027454
26  55  0.00023647
27  55  0.00038079
28  55  0.00030839
29  55  0.00039361
30  55  0.00020239
31  55  0.00010999
32  55  0.00036811
33  55  0.00036065
34  55  0.00023040
35  55  0.00031985
36  55  0.00018433
37  55  0.00007672
38  55  0.00014449
39  55  0.00015271
40  55  0.00012571
41  55  0.00025159
42  55  0.00026336
43  55  0.00022307
44  55  0.00039577
45  55  0.00027181
46  55  0.00030135
47  55  0.00022763
48  55  0.00020590
49  55  0.00027413
50  55  0.00029426
51  55  0.00055494
52  55  0.00051240
53  55  0.00016608
54  55  0.00036894
55  55  0.00016676
56  55  0.00006714
57  55  0.00011131
58  55  0.00022762
59  55  0.00011205
60  55  0.00027677
61  55  0.00055027
62  55  0.00038535
63  55  0.00017006
0  56  0.00015454
1  56  0.00022197
2  56  0.00017779
3  56  0.00028785
4  56  0.00032642
5  56  0.00025700
6  56  0.00026231
7  56  0.00010829
8  56  0.00041804
9  56  0.00015502
10  56  0.00031311
11  56  0.00031744
12  56  0.00039942
13  56  0.00021200
14  56  0.00036068
15  56  0.00011335
16  56  0.00009384
17  56  0.00020144
18  56  0.00018888
19  56  0.00052667
20  56  0.00031886
21  56  0.00039630
22  56  0.00026655
23  56  0.00049302
24  56  0.00017660
25  56  0.00002520
26  56  0.00011074
27  56  0.00051561
28  56  0.00017824
29  56  0.00006544
30  56  0.00013521
31  56  0.00030846
32  56  0.00016832
33  56  0.00038169
34  56  0.00017448
35  56  0.00011908
36  56  0.00006024
37  56  0.00019788
38  56  0.00032281
39  56  0.00024062
40  56  0.00012534
41  56  0.00033546
42  56  0.00017473
43  56  0.00030769
44  56  0.00027555
45  56  0.00023324
46  56  0.00012751
47  56  0.00028019
48  56  0.00021176
49  56  0.00027634
50  56  0.00013531
51  56  0.00013389
52  56  0.00034203
53  56  0.00024845
54  56  0.00012881
55  56  0.00019637
56  56  0.00053563
57  56  0.00018636
58  56  0.00031608
59  56  0.00034374
60  56  0.00034012
61  56  0.00014841
62  56  0.00017610
63  56  0.00015343
0  57  0.00044903
1  57  0.00010300
2  57  0.00014059
3  57  0.00012628
4  57  0.00015075
5  57  0.00018941
6  57  0.00012653
7  57  0.00012842
8  57  0.00007408
9  57  0.00023823
10  57  0.00045882
11  57  0.00049980
12  57  0.00035389
13  57  0.00013984
14  57  0.00020080
15  57  0.00019839
16  57  0.00019833
17  57  0.00011498
18  57  0.00011172
19  57  0.00018348
20  57  0.00049459
21  57  0.00040503
22  57  0.00024669
23  57  0.00013224
24  57  0.00051930
25  57  0.00031659
26  57  0.00020987
27  57  0.00009675
28  57  0.00028785
29  57  0.00043015
30  57  0.00033919
31  57  0.00013413
32  57  0.00011863
33  57  0.00013839
34  57  0.00039209
35  57  0.00042198
36  57  0.00043441
37  57  0.00024873
38  57  0.00025848
39  57  0.00017786
40  57  0.00024294
41  57  0.00053865
42  57  0.00024689
43  57  0.00031889
44  57  0.00022717
45  57  0.00043338
46  57  0.00008428
47  57  0.00016352
48  57  0.00014318
49  57  0.00014214
50  57  0.00028668
51  57  0.00020118
52  57  0.00050976
53  57  0.00034638
54  57  0.00027120
55  57  0.00029276
56  57  0.00049430
57  57  0.00005081
58  57  0.00003752
59  57  0.00023171
60  57  0.00017967
61  57  0.00045709
62  57  0.00028438
63  57  0.00025959
0  58  0.00025318
1  58  0.00051160
2  58  0.00010970
3  58  0.00021757
4  58  0.00028017
5  58  0.00037061
6  58  0.00025825
7  58  0.00011821
8  58  0.00008671
9  58  0.00021749
10  58  0.00032179
11  58  0.00022030
12  58  0.00011675
13  58  0.00028389
14  58  0.00006184
15  58  0.00029354
16  58  0.00015298
17  58  0.00010949
18  58  0.00033434
19  58  0.00025772
20  58  0.00018630
21  58  0.00015201
22  58  0.00019041
23  58  0.00023560
24  58  0.00067093
25  58  0.00010545
26  58  0.00015211
27  58  0.00023113
28  58  0.00035150
29  58  0.00029291
30  58  0.00019269
31  58  0.00011585
32  58  0.00017525
33  58  0.00057186
34  58  0.00011578
35  58  0.00007427
36  58  0.00023980
37  58  0.00021140
38  58  0.00006583
39  58  0.00047621
40  58  0.00025654
41  58  0.00017013
42  58  0.00018965
43  58  0.00017988
44  58  0.00011833
45  58  0.00014213
46  58  0.00040499
47  58  0.00020100
48  58  0.00010979
49  58  0.00060151
50  58  0.00028289
51  58  0.00023967
52  58  0.00009615
53  58  0.00017808
54  58  0.00011284
55  58  0.00026952
56  58  0.00031944
57  58  0.00013944
58  58  0.00027169
59  58  0.00016514
60  58  0.00027005
61  58  0.00007238
62  58  0.00005481
63  58  0.00036907
0  59  0.00026591
1  59  0.00021829
2  59  0.00058333
3  59  0.00033133
4  59  0.00007763
5  59  0.00014117
6  59  0.00028138
7  59  0.00011943
8  59  0.00022319
9  59  0.00025782
10  59  0.00036658
11  59  0.00045534
12  59  0.00028625
13  59  0.00009422
14  59  0.00015786
15  59  0.00024051
16  59  0.00028594
17  59  0.00027692
18  59  0.00027401
19  59  0.00016773
20  59  0.00029828
21  59  0.00009813
22  59  0.00022442
23  59  0.00029058
24  59  0.00043494
25  59  0.00035648
26  59  0.00026465
27  59  0.00004317
28  59  0.00013037
29  59  0.00014088
30  59  0.00008900
31  59  0.00015632
32  59  0.00025298
33  59  0.00018351
34  59  0.00040203
35  59  0.00034579
36  59  0.00015496
37  59  0.00028495
38  59  0.00017651
39  59  0.00032902
40  59  0.00024896
41  59  0.00019461
42  59  0.00013831
43  59  0.00014682
44  59  0.00017665
45  59  0.00052907
46  59  0.00043167
47  59  0.00014018
48  59  0.00018933
49  59  0.00011602
50  59  0.00025201
51  59  0.00030003
52  59  0.00035856
53  59  0.00019378
54  59  0.00028483
55  59  0.00008321
56  59  0.00017666
57  59  0.00029324
58  59  0.00022343
59  59  0.00048929
60  59  0.00028668
61  59  0.00043017
62  59  0.00009979
63  59  0.00029160
0  60  0.00008065
1  60  0.00033427
2  60  0.00013751
3  60  0.00033957
4  60  0.00025270
5  60  0.00022077
6  60  0.00004281
7  60  0.00015874
8  60  0.00036713
9  60  0.00016248
10  60  0.00023198
11  60  0.00011529
12  60  0.00033702
13  60  0.00016463
14  60  0.00007630
15  60  0.00006750
16  60  0.00061799
17  60  0.00022593
18  60  0.00016882
19  60  0.00033979
20  60  0.00056870
21  60  0.00018854
22  60  0.00018027
23  60  0.00034615
24  60  0.00005766
25  60  0.00014226
26  60  0.00023277
27  60  0.00054768
28  60  0.00013723
29  60  0.00014438
30  60  0.00018082
31  60  0.00039750
32  60  0.00012566
33  60  0.00024675
34  60  0.00023170
35  60  0.00016725
36  60  0.00037230
37  60  0.00011388
38  60  0.00027669
39  60  0.00028307
40  60  0.00024272
41  60  0.00033619
42  60  0.00015702
43  60  0.00035744
44  60  0.00024041
45  60  0.00006156
46  60  0.00014260
47  60  0.00008290
48  60  0.00041316
49  60  0.00021432
50  60  0.00016024
51  60  0.00026484
52  60  0.00045977
53  60  0.00010153
54  60  0.00012427
55  60  0.00037907
56  60  0.00003083
57  60  0.00020152
58  60  0.00028206
59  60  0.00026169
60  60  0.00010982
61  60  0.00049086
62  60  0.00024432
63  60  0.00021283
0  61  0.00019414
1  61  0.00018614
2  61  0.00024708
3  61  0.00017089
4  61  0.00021400
5  61  0.00028344
6  61  0.00031316
7  61  0.00021801
8  61  0.00023837
9  61  0.00018389
10  61  0.00038622
11  61  0.00021250
12  61  0.00022086
13  61  0.00025347
14  61  0.00032028
15  61  0.00039488
16  61  0.00022801
17  61  0.00024140
18  61  0.00013832
19  61  0.00030046
20  61  0.00018732
21  61  0.00025259
22  61  0.00009329
23  61  0.00036573
24  61  0.00017054
25  61  0.00014851
26  61  0.00020523
27  61  0.00025337
28  61  0.00028104
29  61  0.00029077
30  61  0.00033608
31  61  0.00037697
32  61  0.00049571
33  61  0.00025054
34  61  0.00015613
35  61  0.00024462
36  61  0.00036074
37  61  0.00011033
38  61  0.00030702
39  61  0.00027023
40  61  0.00035100
41  61  0.00023467
42  61  0.00031154
43  61  0.00017092
44  61  0.00025060
45  61  0.00023344
46  61  0.00009845
47  61  0.00011415
48  61  0.00013126
49  61  0.00023517
50  61  0.00029812
51  61  0.00028871
52  61  0.00037021
53  61  0.00046287
54  61  0.00012871
55  61  0.00010670
56  61  0.00003229
57  61  0.00050159
58  61  0.00009163
59  61  0.00053883
60  61  0.00015571
61  61  0.00009804
62  61  0.00010984
63  61  0.00026077
0  62  0.00013892
1  62  0.00032341
2  62  0.00020431
3  62  0.00013290
4  62  0.00012578
5  62  0.00029877
6  62  0.00024805
7  62  0.00006407
8  62  0.00006503
9  62  0.00023012
10  62  0.00034812
11  62  0.00029904
12  62  0.00009781
13  62  0.00012600
14  62  0.00010480
15  62  0.00038451
16  62  0.00026810
17  62  0.00020177
18  62  0.00024198
19  62  0.00009110
20  62  0.00013834
21  62  0.00029000
22  62  0.00020680
23  62  0.00025480
24  62  0.00022314
25  62  0.00018028
26  62  0.00052150
27  62  0.00030622
28  62  0.00031663
29  62  0.00019134
30  62  0.00021642
31  62  0.00037783
32  62  0.00036300
33  62  0.00024472
34  62  0.00018737
35  62  0.00039656
36  62  0.00012311
37  62  0.00033717
38  62  0.00011030
39  62  0.00029132
40  62  0.00057459
41  62  0.00020434
42  62  0.00020526
43  62  0.00045386
44  62  0.00014851
45  62  0.00035323
46  62  0.00012644
47  62  0.00020889
48  62  0.00051694
49  62  0.00036228
50  62  0.00020840
51  62  0.00011380
52  62  0.00025313
53  62  0.00008221
54  62  0.00018097
55  62  0.00022894
56  62  0.00025862
57  62  0.00026577
58  62  0.00018453
59  62  0.00009385
60  62  0.00017211
61  62  0.00020945
62  62  0.00018255
63  62  0.00051132
0  63  0.00028856
1  63  0.00047809
2  63  0.00029001
3  63  0.00010853
4  63  0.00052116
5  63  0.00006165
6  63  0.00010103
7  63  0.00020386
8  63  0.00005933
9  63  0.00029851
10  63  0.00018117
11  63  0.00023676
12  63  0.00022522
13  63  0.00025642
14  63  0.00039241
15  63  0.00042072
16  63  0.00036799
17  63  0.00053516
18  63  0.00024258
19  63  0.00011749
20  63  0.00018453
21  63  0.00017340
22  63  0.00015134
23  63  0.00009960
24  63  0.00020009
25  63  0.00036140
26  63  0.00037596
27  63  0.00046275
28  63  0.00015576
29  63  0.00028573
30  63  0.00015659
31  63  0.00020361
32  63  0.00010017
33  63  0.00036384
34  63  0.00030266
35  63  0.00012417
36  63  0.00011857
37  63  0.00042020
38  63  0.00029430
39  63  0.00033571
40  63  0.00024414
41  63  0.00049395
42  63  0.00025402
43  63  0.00011281
44  63  0.00013139
45  63  0.00012732
46  63  0.00013868
47  63  0.00005464
48  63  0.00012977
49  63  0.00011446
50  63  0.00005702
51  63  0.00014210
52  63  0.00016703
53  63  0.00019856
54  63  0.00012808
55  63  0.00020541
56  63  0.00009397
57  63  0.00014340
58  63  0.00013170
59  63  0.00041009
60  63  0.00021786
61  63  0.00023334
62  63  0.00016636
63  63  0.00014849
