# Mass field m(x,y) = Delta * R(x,y) at t = 80 seconds
# Grid: 64 x 64
# Columns: x  y  mass
0  0  2.498182
1  0  2.498692
2  0  2.499008
3  0  2.498941
4  0  2.499308
5  0  2.498906
6  0  2.498711
7  0  2.497931
8  0  2.498689
9  0  2.497222
10  0  2.498270
11  0  2.497825
12  0  2.498948
13  0  2.499068
14  0  2.498553
15  0  2.498535
16  0  2.497411
17  0  2.498194
18  0  2.496666
19  0  2.497952
20  0  2.499030
21  0  2.499365
22  0  2.498940
23  0  2.499418
24  0  2.498712
25  0  2.499061
26  0  2.498019
27  0  2.499178
28  0  2.498480
29  0  2.498343
30  0  2.498190
31  0  2.499075
32  0  2.498777
33  0  2.499063
34  0  2.498984
35  0  2.499636
36  0  2.499109
37  0  2.498929
38  0  2.498593
39  0  2.498971
40  0  2.499294
41  0  2.498956
42  0  2.498316
43  0  2.498124
44  0  2.498500
45  0  2.498477
46  0  2.497978
47  0  2.498437
48  0  2.498284
49  0  2.499395
50  0  2.499520
51  0  2.499270
52  0  2.499186
53  0  2.499145
54  0  2.498956
55  0  2.498209
56  0  2.498338
57  0  2.498545
58  0  2.499337
59  0  2.499018
60  0  2.498850
61  0  2.498828
62  0  2.498452
63  0  2.498296
0  1  2.498110
1  1  2.499021
2  1  2.499242
3  1  2.499115
4  1  2.499196
5  1  2.499265
6  1  2.499267
7  1  2.498477
8  1  2.498642
9  1  2.496905
10  1  2.497553
11  1  2.497257
12  1  2.498403
13  1  2.498932
14  1  2.499084
15  1  2.498881
16  1  2.497926
17  1  2.497906
18  1  2.497232
19  1  2.498577
20  1  2.498842
21  1  2.499493
22  1  2.499482
23  1  2.499716
24  1  2.499443
25  1  2.499276
26  1  2.498482
27  1  2.499064
28  1  2.498760
29  1  2.498069
30  1  2.497861
31  1  2.499169
32  1  2.498669
33  1  2.499066
34  1  2.498253
35  1  2.499112
36  1  2.499062
37  1  2.499218
38  1  2.498759
39  1  2.499293
40  1  2.499416
41  1  2.498813
42  1  2.498701
43  1  2.499212
44  1  2.499355
45  1  2.499007
46  1  2.498234
47  1  2.498704
48  1  2.498411
49  1  2.499376
50  1  2.499305
51  1  2.499126
52  1  2.499077
53  1  2.499377
54  1  2.499645
55  1  2.498770
56  1  2.498750
57  1  2.498346
58  1  2.498920
59  1  2.498826
60  1  2.498842
61  1  2.498827
62  1  2.498273
63  1  2.498159
0  2  2.498323
1  2  2.499308
2  2  2.499459
3  2  2.499551
4  2  2.499367
5  2  2.498998
6  2  2.498679
7  2  2.497980
8  2  2.499142
9  2  2.499502
10  2  2.499335
11  2  2.499070
12  2  2.498056
13  2  2.497855
14  2  2.498305
15  2  2.498739
16  2  2.498630
17  2  2.498253
18  2  2.499060
19  2  2.499124
20  2  2.498439
21  2  2.498259
22  2  2.497762
23  2  2.498546
24  2  2.498022
25  2  2.499149
26  2  2.498414
27  2  2.498727
28  2  2.498771
29  2  2.497952
30  2  2.497895
31  2  2.499207
32  2  2.499197
33  2  2.499396
34  2  2.498443
35  2  2.498856
36  2  2.499336
37  2  2.499373
38  2  2.498004
39  2  2.498270
40  2  2.498317
41  2  2.498446
42  2  2.498802
43  2  2.499835
44  2  2.499432
45  2  2.499164
46  2  2.498858
47  2  2.499007
48  2  2.499301
49  2  2.499707
50  2  2.499321
51  2  2.499148
52  2  2.499066
53  2  2.499461
54  2  2.499607
55  2  2.499720
56  2  2.499653
57  2  2.499634
58  2  2.499479
59  2  2.499175
60  2  2.498760
61  2  2.498826
62  2  2.498740
63  2  2.498240
0  3  2.499538
1  3  2.499337
2  3  2.499175
3  3  2.499199
4  3  2.499629
5  3  2.498896
6  3  2.498744
7  3  2.497284
8  3  2.498622
9  3  2.498990
10  3  2.498986
11  3  2.498909
12  3  2.497916
13  3  2.496763
14  3  2.496727
15  3  2.498911
16  3  2.498655
17  3  2.498337
18  3  2.498974
19  3  2.498883
20  3  2.498271
21  3  2.498044
22  3  2.497513
23  3  2.497928
24  3  2.497560
25  3  2.498453
26  3  2.498535
27  3  2.498604
28  3  2.498499
29  3  2.497530
30  3  2.498039
31  3  2.499430
32  3  2.498709
33  3  2.498780
34  3  2.498265
35  3  2.498657
36  3  2.499049
37  3  2.498919
38  3  2.498223
39  3  2.498358
40  3  2.498017
41  3  2.498121
42  3  2.498818
43  3  2.499396
44  3  2.499390
45  3  2.499235
46  3  2.499322
47  3  2.499488
48  3  2.499442
49  3  2.499490
50  3  2.498892
51  3  2.498597
52  3  2.498560
53  3  2.499081
54  3  2.499598
55  3  2.499822
56  3  2.499160
57  3  2.498974
58  3  2.498761
59  3  2.499662
60  3  2.499681
61  3  2.499135
62  3  2.499282
63  3  2.499474
0  4  2.499269
1  4  2.498943
2  4  2.498849
3  4  2.498868
4  4  2.499288
5  4  2.498813
6  4  2.498969
7  4  2.498170
8  4  2.499200
9  4  2.499245
10  4  2.499472
11  4  2.498746
12  4  2.498853
13  4  2.496953
14  4  2.494817
15  4  2.498858
16  4  2.498438
17  4  2.498399
18  4  2.498642
19  4  2.498790
20  4  2.498941
21  4  2.498770
22  4  2.499185
23  4  2.498764
24  4  2.498822
25  4  2.498345
26  4  2.498466
27  4  2.498396
28  4  2.498569
29  4  2.497975
30  4  2.498238
31  4  2.498576
32  4  2.498037
33  4  2.498319
34  4  2.498234
35  4  2.498634
36  4  2.499204
37  4  2.498915
38  4  2.498480
39  4  2.498191
40  4  2.497681
41  4  2.498189
42  4  2.497957
43  4  2.498876
44  4  2.499033
45  4  2.499513
46  4  2.499604
47  4  2.499700
48  4  2.499543
49  4  2.499428
50  4  2.498674
51  4  2.497819
52  4  2.496920
53  4  2.497144
54  4  2.497912
55  4  2.498907
56  4  2.498448
57  4  2.498353
58  4  2.498685
59  4  2.499407
60  4  2.499532
61  4  2.499163
62  4  2.499173
63  4  2.499558
0  5  2.498862
1  5  2.498828
2  5  2.499111
3  5  2.499272
4  5  2.497902
5  5  2.498152
6  5  2.498875
7  5  2.498978
8  5  2.499456
9  5  2.499388
10  5  2.499323
11  5  2.499043
12  5  2.499151
13  5  2.496993
14  5  2.495288
15  5  2.498252
16  5  2.497867
17  5  2.498908
18  5  2.498882
19  5  2.499180
20  5  2.498992
21  5  2.498845
22  5  2.498955
23  5  2.498973
24  5  2.497561
25  5  2.496355
26  5  2.497500
27  5  2.497946
28  5  2.498768
29  5  2.498763
30  5  2.498906
31  5  2.498886
32  5  2.498545
33  5  2.498789
34  5  2.498554
35  5  2.499094
36  5  2.499299
37  5  2.499254
38  5  2.499196
39  5  2.498973
40  5  2.498903
41  5  2.499041
42  5  2.498743
43  5  2.498875
44  5  2.498934
45  5  2.499602
46  5  2.499793
47  5  2.499900
48  5  2.499392
49  5  2.499170
50  5  2.498846
51  5  2.498747
52  5  2.499045
53  5  2.498549
54  5  2.498785
55  5  2.499047
56  5  2.498156
57  5  2.497868
58  5  2.497768
59  5  2.498838
60  5  2.499231
61  5  2.499130
62  5  2.498680
63  5  2.498739
0  6  2.498647
1  6  2.499023
2  6  2.499266
3  6  2.499081
4  6  2.497535
5  6  2.498506
6  6  2.499284
7  6  2.499444
8  6  2.499198
9  6  2.499395
10  6  2.499152
11  6  2.499154
12  6  2.499115
13  6  2.498165
14  6  2.496478
15  6  2.498198
16  6  2.498160
17  6  2.498438
18  6  2.498411
19  6  2.498536
20  6  2.499029
21  6  2.498933
22  6  2.498914
23  6  2.498869
24  6  2.497622
25  6  2.496417
26  6  2.497733
27  6  2.497663
28  6  2.498135
29  6  2.498605
30  6  2.498988
31  6  2.498676
32  6  2.498879
33  6  2.498304
34  6  2.499048
35  6  2.499023
36  6  2.499311
37  6  2.499060
38  6  2.498995
39  6  2.498573
40  6  2.498854
41  6  2.498820
42  6  2.498682
43  6  2.498858
44  6  2.498883
45  6  2.498974
46  6  2.499247
47  6  2.499027
48  6  2.499316
49  6  2.499321
50  6  2.498712
51  6  2.498270
52  6  2.498493
53  6  2.498716
54  6  2.499109
55  6  2.499254
56  6  2.498943
57  6  2.498382
58  6  2.498500
59  6  2.499205
60  6  2.499301
61  6  2.499200
62  6  2.498633
63  6  2.498757
0  7  2.498819
1  7  2.499345
2  7  2.498343
3  7  2.498132
4  7  2.497249
5  7  2.498571
6  7  2.498975
7  7  2.499515
8  7  2.498579
9  7  2.498835
10  7  2.498719
11  7  2.499261
12  7  2.498780
13  7  2.498401
14  7  2.498075
15  7  2.498755
16  7  2.498361
17  7  2.498049
18  7  2.498067
19  7  2.498524
20  7  2.499144
21  7  2.499131
22  7  2.498729
23  7  2.497955
24  7  2.497604
25  7  2.497334
26  7  2.498577
27  7  2.498315
28  7  2.497701
29  7  2.498227
30  7  2.498716
31  7  2.499048
32  7  2.499161
33  7  2.498830
34  7  2.499181
35  7  2.498842
36  7  2.499299
37  7  2.499223
38  7  2.499194
39  7  2.498660
40  7  2.498913
41  7  2.499124
42  7  2.499546
43  7  2.499305
44  7  2.499283
45  7  2.498541
46  7  2.498236
47  7  2.498225
48  7  2.499104
49  7  2.499212
50  7  2.498995
51  7  2.498740
52  7  2.499695
53  7  2.499708
54  7  2.499342
55  7  2.499370
56  7  2.498514
57  7  2.498525
58  7  2.498405
59  7  2.499256
60  7  2.499122
61  7  2.499231
62  7  2.498396
63  7  2.498638
0  8  2.498126
1  8  2.498590
2  8  2.498348
3  8  2.499316
4  8  2.498942
5  8  2.498521
6  8  2.498232
7  8  2.499483
8  8  2.498768
9  8  2.498897
10  8  2.498731
11  8  2.499235
12  8  2.498492
13  8  2.498467
14  8  2.497906
15  8  2.497688
16  8  2.497691
17  8  2.497681
18  8  2.498148
19  8  2.498082
20  8  2.498927
21  8  2.498574
22  8  2.498405
23  8  2.496651
24  8  2.497501
25  8  2.498005
26  8  2.497299
27  8  2.496776
28  8  2.498114
29  8  2.498370
30  8  2.498538
31  8  2.498063
32  8  2.498027
33  8  2.497877
34  8  2.498417
35  8  2.497666
36  8  2.498678
37  8  2.498853
38  8  2.499208
39  8  2.498708
40  8  2.498837
41  8  2.498203
42  8  2.498724
43  8  2.498315
44  8  2.499160
45  8  2.497959
46  8  2.497598
47  8  2.497643
48  8  2.499106
49  8  2.499206
50  8  2.498693
51  8  2.497963
52  8  2.497015
53  8  2.498239
54  8  2.499316
55  8  2.498938
56  8  2.498230
57  8  2.498204
58  8  2.499029
59  8  2.499115
60  8  2.498985
61  8  2.499074
62  8  2.498744
63  8  2.498960
0  9  2.498498
1  9  2.498632
2  9  2.497844
3  9  2.498334
4  9  2.498415
5  9  2.497710
6  9  2.498114
7  9  2.499052
8  9  2.498987
9  9  2.499160
10  9  2.499146
11  9  2.498994
12  9  2.498717
13  9  2.499246
14  9  2.498796
15  9  2.498139
16  9  2.498317
17  9  2.499202
18  9  2.499361
19  9  2.499669
20  9  2.499522
21  9  2.499280
22  9  2.499053
23  9  2.497113
24  9  2.496635
25  9  2.497859
26  9  2.496948
27  9  2.496247
28  9  2.496912
29  9  2.498247
30  9  2.498588
31  9  2.498362
32  9  2.498569
33  9  2.498828
34  9  2.498838
35  9  2.498727
36  9  2.499529
37  9  2.498637
38  9  2.497735
39  9  2.498601
40  9  2.498064
41  9  2.498325
42  9  2.498574
43  9  2.498296
44  9  2.497594
45  9  2.497150
46  9  2.496018
47  9  2.498117
48  9  2.498614
49  9  2.498220
50  9  2.497274
51  9  2.497624
52  9  2.497120
53  9  2.497910
54  9  2.498931
55  9  2.498856
56  9  2.498455
57  9  2.498678
58  9  2.498991
59  9  2.499266
60  9  2.498701
61  9  2.498829
62  9  2.498568
63  9  2.499093
0  10  2.498169
1  10  2.497917
2  10  2.498279
3  10  2.498718
4  10  2.498181
5  10  2.496869
6  10  2.498033
7  10  2.498966
8  10  2.499545
9  10  2.499634
10  10  2.499236
11  10  2.498588
12  10  2.498299
13  10  2.498479
14  10  2.498004
15  10  2.498580
16  10  2.498657
17  10  2.498860
18  10  2.499208
19  10  2.499135
20  10  2.499298
21  10  2.499090
22  10  2.498718
23  10  2.497684
24  10  2.497147
25  10  2.498931
26  10  2.497524
27  10  2.496937
28  10  2.498108
29  10  2.498739
30  10  2.498701
31  10  2.497795
32  10  2.498429
33  10  2.498399
34  10  2.497564
35  10  2.496603
36  10  2.497223
37  10  2.498536
38  10  2.497348
39  10  2.498289
40  10  2.497787
41  10  2.497550
42  10  2.497778
43  10  2.498217
44  10  2.498024
45  10  2.498487
46  10  2.497673
47  10  2.498803
48  10  2.499331
49  10  2.498400
50  10  2.496356
51  10  2.494186
52  10  2.494548
53  10  2.496275
54  10  2.498708
55  10  2.499061
56  10  2.499194
57  10  2.499452
58  10  2.499674
59  10  2.499468
60  10  2.498974
61  10  2.498827
62  10  2.499138
63  10  2.498269
0  11  2.497450
1  11  2.497264
2  11  2.497808
3  11  2.497010
4  11  2.497207
5  11  2.497756
6  11  2.499031
7  11  2.499637
8  11  2.499869
9  11  2.499897
10  11  2.499815
11  11  2.499413
12  11  2.499435
13  11  2.498713
14  11  2.498311
15  11  2.498463
16  11  2.498996
17  11  2.498891
18  11  2.499050
19  11  2.498215
20  11  2.498163
21  11  2.497888
22  11  2.498449
23  11  2.498741
24  11  2.497437
25  11  2.497680
26  11  2.498622
27  11  2.498374
28  11  2.497235
29  11  2.498702
30  11  2.498477
31  11  2.498529
32  11  2.499097
33  11  2.498983
34  11  2.498343
35  11  2.497889
36  11  2.497719
37  11  2.498946
38  11  2.496819
39  11  2.497024
40  11  2.496783
41  11  2.498513
42  11  2.498044
43  11  2.498487
44  11  2.497550
45  11  2.498964
46  11  2.497629
47  11  2.498178
48  11  2.498258
49  11  2.497923
50  11  2.498758
51  11  2.497705
52  11  2.497230
53  11  2.497373
54  11  2.498093
55  11  2.499080
56  11  2.499465
57  11  2.499898
58  11  2.499651
59  11  2.499599
60  11  2.499155
61  11  2.499048
62  11  2.498400
63  11  2.497542
0  12  2.498141
1  12  2.497782
2  12  2.498779
3  12  2.497852
4  12  2.497627
5  12  2.497529
6  12  2.498576
7  12  2.499162
8  12  2.499805
9  12  2.499654
10  12  2.499547
11  12  2.498801
12  12  2.498636
13  12  2.498184
14  12  2.498353
15  12  2.498896
16  12  2.499400
17  12  2.498876
18  12  2.499235
19  12  2.497298
20  12  2.497110
21  12  2.496577
22  12  2.498549
23  12  2.498842
24  12  2.498250
25  12  2.497894
26  12  2.498595
27  12  2.498822
28  12  2.498334
29  12  2.498909
30  12  2.499035
31  12  2.498292
32  12  2.498484
33  12  2.498413
34  12  2.498448
35  12  2.498238
36  12  2.497321
37  12  2.498861
38  12  2.498518
39  12  2.498451
40  12  2.497509
41  12  2.497975
42  12  2.497510
43  12  2.498215
44  12  2.497059
45  12  2.498657
46  12  2.498693
47  12  2.498268
48  12  2.498303
49  12  2.497519
50  12  2.498585
51  12  2.497765
52  12  2.498480
53  12  2.498497
54  12  2.499101
55  12  2.499192
56  12  2.499564
57  12  2.499812
58  12  2.499668
59  12  2.499541
60  12  2.499314
61  12  2.499057
62  12  2.498614
63  12  2.498032
0  13  2.498927
1  13  2.498450
2  13  2.498480
3  13  2.498733
4  13  2.498564
5  13  2.498361
6  13  2.499363
7  13  2.499254
8  13  2.499476
9  13  2.499536
10  13  2.499449
11  13  2.498900
12  13  2.498826
13  13  2.498640
14  13  2.498638
15  13  2.498162
16  13  2.498573
17  13  2.498908
18  13  2.499586
19  13  2.497930
20  13  2.497353
21  13  2.496978
22  13  2.499322
23  13  2.498738
24  13  2.498412
25  13  2.498375
26  13  2.498597
27  13  2.499540
28  13  2.498168
29  13  2.498597
30  13  2.498878
31  13  2.499316
32  13  2.499225
33  13  2.499014
34  13  2.498788
35  13  2.498513
36  13  2.498300
37  13  2.498894
38  13  2.498568
39  13  2.497403
40  13  2.497166
41  13  2.497729
42  13  2.498337
43  13  2.498243
44  13  2.497769
45  13  2.498458
46  13  2.498631
47  13  2.498630
48  13  2.498378
49  13  2.498807
50  13  2.499453
51  13  2.499184
52  13  2.498941
53  13  2.498519
54  13  2.498959
55  13  2.499216
56  13  2.499677
57  13  2.499761
58  13  2.499696
59  13  2.499637
60  13  2.498730
61  13  2.498386
62  13  2.498112
63  13  2.498848
0  14  2.499619
1  14  2.499503
2  14  2.498979
3  14  2.498839
4  14  2.498267
5  14  2.498146
6  14  2.498765
7  14  2.498524
8  14  2.498930
9  14  2.499181
10  14  2.499055
11  14  2.498421
12  14  2.498455
13  14  2.499295
14  14  2.499222
15  14  2.498040
16  14  2.498390
17  14  2.498638
18  14  2.499006
19  14  2.498088
20  14  2.497563
21  14  2.497151
22  14  2.499298
23  14  2.499287
24  14  2.499228
25  14  2.499215
26  14  2.499199
27  14  2.499690
28  14  2.499193
29  14  2.498122
30  14  2.497931
31  14  2.498195
32  14  2.499166
33  14  2.499093
34  14  2.499264
35  14  2.498591
36  14  2.497898
37  14  2.498496
38  14  2.499183
39  14  2.496701
40  14  2.496572
41  14  2.497232
42  14  2.498589
43  14  2.498025
44  14  2.499053
45  14  2.498905
46  14  2.498736
47  14  2.498811
48  14  2.499279
49  14  2.499670
50  14  2.499673
51  14  2.499088
52  14  2.499113
53  14  2.499306
54  14  2.499274
55  14  2.499200
56  14  2.499304
57  14  2.499236
58  14  2.499272
59  14  2.498778
60  14  2.498387
61  14  2.497755
62  14  2.498630
63  14  2.498919
0  15  2.499509
1  15  2.499438
2  15  2.499792
3  15  2.499486
4  15  2.499176
5  15  2.498389
6  15  2.498023
7  15  2.496300
8  15  2.497644
9  15  2.497891
10  15  2.499071
11  15  2.498691
12  15  2.499094
13  15  2.499516
14  15  2.499153
15  15  2.497413
16  15  2.497576
17  15  2.498188
18  15  2.498673
19  15  2.498847
20  15  2.498755
21  15  2.498776
22  15  2.499352
23  15  2.498856
24  15  2.498941
25  15  2.498872
26  15  2.499149
27  15  2.499719
28  15  2.499811
29  15  2.499342
30  15  2.498202
31  15  2.497956
32  15  2.497185
33  15  2.498091
34  15  2.498796
35  15  2.499521
36  15  2.499380
37  15  2.499300
38  15  2.499746
39  15  2.497707
40  15  2.497863
41  15  2.498194
42  15  2.498458
43  15  2.498146
44  15  2.498609
45  15  2.498305
46  15  2.498493
47  15  2.498874
48  15  2.499485
49  15  2.499781
50  15  2.498786
51  15  2.498021
52  15  2.498213
53  15  2.499089
54  15  2.499336
55  15  2.499375
56  15  2.498942
57  15  2.497808
58  15  2.497841
59  15  2.498302
60  15  2.498016
61  15  2.497507
62  15  2.498338
63  15  2.498908
0  16  2.499127
1  16  2.498935
2  16  2.498999
3  16  2.499483
4  16  2.498812
5  16  2.498001
6  16  2.497451
7  16  2.496598
8  16  2.498574
9  16  2.497489
10  16  2.499011
11  16  2.498724
12  16  2.499213
13  16  2.498868
14  16  2.498574
15  16  2.498298
16  16  2.498719
17  16  2.499099
18  16  2.498895
19  16  2.498852
20  16  2.498818
21  16  2.499213
22  16  2.499550
23  16  2.498712
24  16  2.498173
25  16  2.498356
26  16  2.498829
27  16  2.499410
28  16  2.499511
29  16  2.499496
30  16  2.498613
31  16  2.498693
32  16  2.498215
33  16  2.499058
34  16  2.499221
35  16  2.499514
36  16  2.499216
37  16  2.499024
38  16  2.498920
39  16  2.498633
40  16  2.498373
41  16  2.498599
42  16  2.498898
43  16  2.498700
44  16  2.497996
45  16  2.497825
46  16  2.498733
47  16  2.498939
48  16  2.499031
49  16  2.499027
50  16  2.497895
51  16  2.497873
52  16  2.497601
53  16  2.498533
54  16  2.499059
55  16  2.499404
56  16  2.498814
57  16  2.497899
58  16  2.497966
59  16  2.497979
60  16  2.498247
61  16  2.498072
62  16  2.499215
63  16  2.499131
0  17  2.498710
1  17  2.498594
2  17  2.498328
3  17  2.498567
4  17  2.499128
5  17  2.499179
6  17  2.498607
7  17  2.497488
8  17  2.497836
9  17  2.497627
10  17  2.498777
11  17  2.498481
12  17  2.498013
13  17  2.498667
14  17  2.498105
15  17  2.497798
16  17  2.496878
17  17  2.497528
18  17  2.498003
19  17  2.498741
20  17  2.498810
21  17  2.499015
22  17  2.499153
23  17  2.498484
24  17  2.498066
25  17  2.498739
26  17  2.497313
27  17  2.497095
28  17  2.496129
29  17  2.498425
30  17  2.499231
31  17  2.499227
32  17  2.498280
33  17  2.498600
34  17  2.499163
35  17  2.499427
36  17  2.498813
37  17  2.498777
38  17  2.497923
39  17  2.499377
40  17  2.498955
41  17  2.498441
42  17  2.498295
43  17  2.498595
44  17  2.498382
45  17  2.498734
46  17  2.499446
47  17  2.499559
48  17  2.499511
49  17  2.499279
50  17  2.497974
51  17  2.497934
52  17  2.497518
53  17  2.498317
54  17  2.499177
55  17  2.499467
56  17  2.499163
57  17  2.498430
58  17  2.497247
59  17  2.498061
60  17  2.497973
61  17  2.499191
62  17  2.499365
63  17  2.499516
0  18  2.498588
1  18  2.498561
2  18  2.497689
3  18  2.497653
4  18  2.498675
5  18  2.498900
6  18  2.498341
7  18  2.498397
8  18  2.498331
9  18  2.499102
10  18  2.499220
11  18  2.499206
12  18  2.498429
13  18  2.498855
14  18  2.498858
15  18  2.498943
16  18  2.498499
17  18  2.498680
18  18  2.498737
19  18  2.499151
20  18  2.499019
21  18  2.498873
22  18  2.498890
23  18  2.497896
24  18  2.497831
25  18  2.498165
26  18  2.497011
27  18  2.496789
28  18  2.494607
29  18  2.497123
30  18  2.499091
31  18  2.499073
32  18  2.498358
33  18  2.498833
34  18  2.499340
35  18  2.499202
36  18  2.498550
37  18  2.498341
38  18  2.497669
39  18  2.499359
40  18  2.499251
41  18  2.499045
42  18  2.499097
43  18  2.498792
44  18  2.498863
45  18  2.498801
46  18  2.499130
47  18  2.498276
48  18  2.497854
49  18  2.498256
50  18  2.498607
51  18  2.499052
52  18  2.498670
53  18  2.498846
54  18  2.498983
55  18  2.499363
56  18  2.499623
57  18  2.499486
58  18  2.498060
59  18  2.498035
60  18  2.497850
61  18  2.499008
62  18  2.499408
63  18  2.499280
0  19  2.498833
1  19  2.498330
2  19  2.497717
3  19  2.497552
4  19  2.499043
5  19  2.499034
6  19  2.498318
7  19  2.498614
8  19  2.498629
9  19  2.499694
10  19  2.498890
11  19  2.499472
12  19  2.499114
13  19  2.498587
14  19  2.498455
15  19  2.498524
16  19  2.498879
17  19  2.499228
18  19  2.499205
19  19  2.499647
20  19  2.499553
21  19  2.499108
22  19  2.498951
23  19  2.498473
24  19  2.498795
25  19  2.498282
26  19  2.497172
27  19  2.498871
28  19  2.497786
29  19  2.497878
30  19  2.498382
31  19  2.497391
32  19  2.497179
33  19  2.498312
34  19  2.498783
35  19  2.498538
36  19  2.497932
37  19  2.498707
38  19  2.498588
39  19  2.498901
40  19  2.498327
41  19  2.498191
42  19  2.498667
43  19  2.498985
44  19  2.499184
45  19  2.498842
46  19  2.499046
47  19  2.498495
48  19  2.498601
49  19  2.498846
50  19  2.499332
51  19  2.498945
52  19  2.498422
53  19  2.497123
54  19  2.497373
55  19  2.498193
56  19  2.498573
57  19  2.498377
58  19  2.496899
59  19  2.497248
60  19  2.497567
61  19  2.498953
62  19  2.499315
63  19  2.499083
0  20  2.498176
1  20  2.498602
2  20  2.498904
3  20  2.498939
4  20  2.498786
5  20  2.498156
6  20  2.499056
7  20  2.499135
8  20  2.499004
9  20  2.499490
10  20  2.499242
11  20  2.499594
12  20  2.498970
13  20  2.498691
14  20  2.498726
15  20  2.498123
16  20  2.498154
17  20  2.498872
18  20  2.499492
19  20  2.499571
20  20  2.499082
21  20  2.498890
22  20  2.497861
23  20  2.498156
24  20  2.498444
25  20  2.498607
26  20  2.497743
27  20  2.498551
28  20  2.498338
29  20  2.498860
30  20  2.498461
31  20  2.497070
32  20  2.497307
33  20  2.499094
34  20  2.498330
35  20  2.498184
36  20  2.498449
37  20  2.499618
38  20  2.499084
39  20  2.498204
40  20  2.497702
41  20  2.498166
42  20  2.498869
43  20  2.499050
44  20  2.498874
45  20  2.498618
46  20  2.498910
47  20  2.497669
48  20  2.497990
49  20  2.498287
50  20  2.499120
51  20  2.498470
52  20  2.497462
53  20  2.496258
54  20  2.496885
55  20  2.498533
56  20  2.498615
57  20  2.498188
58  20  2.497447
59  20  2.497588
60  20  2.497824
61  20  2.499047
62  20  2.499276
63  20  2.498745
0  21  2.498621
1  21  2.498820
2  21  2.498609
3  21  2.498428
4  21  2.498636
5  21  2.498524
6  21  2.498558
7  21  2.498352
8  21  2.498497
9  21  2.499070
10  21  2.497544
11  21  2.497024
12  21  2.496159
13  21  2.496649
14  21  2.496542
15  21  2.496127
16  21  2.497068
17  21  2.498690
18  21  2.499402
19  21  2.498194
20  21  2.497804
21  21  2.497767
22  21  2.498022
23  21  2.498857
24  21  2.498932
25  21  2.499547
26  21  2.498627
27  21  2.498528
28  21  2.497801
29  21  2.498287
30  21  2.498320
31  21  2.497421
32  21  2.497937
33  21  2.498946
34  21  2.499114
35  21  2.498965
36  21  2.499063
37  21  2.499021
38  21  2.498637
39  21  2.497752
40  21  2.497163
41  21  2.497689
42  21  2.498629
43  21  2.499177
44  21  2.499013
45  21  2.498873
46  21  2.499173
47  21  2.498921
48  21  2.498775
49  21  2.499003
50  21  2.499630
51  21  2.499011
52  21  2.497372
53  21  2.496342
54  21  2.496910
55  21  2.498399
56  21  2.498717
57  21  2.498426
58  21  2.498504
59  21  2.497862
60  21  2.497579
61  21  2.497743
62  21  2.499301
63  21  2.499269
0  22  2.498386
1  22  2.498669
2  22  2.498639
3  22  2.498239
4  22  2.498613
5  22  2.498312
6  22  2.498896
7  22  2.498537
8  22  2.498091
9  22  2.498854
10  22  2.497934
11  22  2.497799
12  22  2.497515
13  22  2.498402
14  22  2.497635
15  22  2.497808
16  22  2.497688
17  22  2.499319
18  22  2.499444
19  22  2.499050
20  22  2.498529
21  22  2.498470
22  22  2.498020
23  22  2.498488
24  22  2.497890
25  22  2.499113
26  22  2.499048
27  22  2.499102
28  22  2.498656
29  22  2.498201
30  22  2.498532
31  22  2.497495
32  22  2.498424
33  22  2.498821
34  22  2.499163
35  22  2.499091
36  22  2.499165
37  22  2.499034
38  22  2.498982
39  22  2.498167
40  22  2.498212
41  22  2.498282
42  22  2.498567
43  22  2.498601
44  22  2.498684
45  22  2.499039
46  22  2.499065
47  22  2.498034
48  22  2.497987
49  22  2.498745
50  22  2.499318
51  22  2.499266
52  22  2.499252
53  22  2.498346
54  22  2.498743
55  22  2.498813
56  22  2.499223
57  22  2.499372
58  22  2.498905
59  22  2.496778
60  22  2.496245
61  22  2.496456
62  22  2.497149
63  22  2.498821
0  23  2.498381
1  23  2.498883
2  23  2.499082
3  23  2.498782
4  23  2.499319
5  23  2.498564
6  23  2.498951
7  23  2.499016
8  23  2.498345
9  23  2.498042
10  23  2.497386
11  23  2.496172
12  23  2.497264
13  23  2.497974
14  23  2.499046
15  23  2.499361
16  23  2.499098
17  23  2.499348
18  23  2.499168
19  23  2.499001
20  23  2.498638
21  23  2.498833
22  23  2.497722
23  23  2.498569
24  23  2.498602
25  23  2.498931
26  23  2.499087
27  23  2.499454
28  23  2.499379
29  23  2.499037
30  23  2.499357
31  23  2.498955
32  23  2.498985
33  23  2.498907
34  23  2.498826
35  23  2.499259
36  23  2.499455
37  23  2.498856
38  23  2.499196
39  23  2.499199
40  23  2.499203
41  23  2.498896
42  23  2.498678
43  23  2.499072
44  23  2.499080
45  23  2.499311
46  23  2.499052
47  23  2.498804
48  23  2.498265
49  23  2.498510
50  23  2.498179
51  23  2.498638
52  23  2.498803
53  23  2.497965
54  23  2.499203
55  23  2.499377
56  23  2.499284
57  23  2.499271
58  23  2.498139
59  23  2.497711
60  23  2.497576
61  23  2.496632
62  23  2.496753
63  23  2.498398
0  24  2.498389
1  24  2.498856
2  24  2.498617
3  24  2.498487
4  24  2.498493
5  24  2.498510
6  24  2.498331
7  24  2.498873
8  24  2.497904
9  24  2.497343
10  24  2.497173
11  24  2.497842
12  24  2.498791
13  24  2.498601
14  24  2.499092
15  24  2.498775
16  24  2.498419
17  24  2.498979
18  24  2.499041
19  24  2.499064
20  24  2.498460
21  24  2.498594
22  24  2.498370
23  24  2.498996
24  24  2.499615
25  24  2.499307
26  24  2.499160
27  24  2.498783
28  24  2.498015
29  24  2.497485
30  24  2.497677
31  24  2.498737
32  24  2.498799
33  24  2.498656
34  24  2.498538
35  24  2.498795
36  24  2.498798
37  24  2.498752
38  24  2.498704
39  24  2.499150
40  24  2.499261
41  24  2.499111
42  24  2.498670
43  24  2.498927
44  24  2.498555
45  24  2.499423
46  24  2.499198
47  24  2.499497
48  24  2.498487
49  24  2.498817
50  24  2.498056
51  24  2.498496
52  24  2.497357
53  24  2.497186
54  24  2.499441
55  24  2.499541
56  24  2.499699
57  24  2.498848
58  24  2.497115
59  24  2.496297
60  24  2.496730
61  24  2.497063
62  24  2.497161
63  24  2.498413
0  25  2.498745
1  25  2.498851
2  25  2.498528
3  25  2.497965
4  25  2.497600
5  25  2.497568
6  25  2.497203
7  25  2.498722
8  25  2.498595
9  25  2.498980
10  25  2.498532
11  25  2.498824
12  25  2.499244
13  25  2.498781
14  25  2.499006
15  25  2.498878
16  25  2.498770
17  25  2.498783
18  25  2.498508
19  25  2.498940
20  25  2.498116
21  25  2.497417
22  25  2.498315
23  25  2.499104
24  25  2.499581
25  25  2.499477
26  25  2.498889
27  25  2.498915
28  25  2.498878
29  25  2.498843
30  25  2.497257
31  25  2.497548
32  25  2.497490
33  25  2.497735
34  25  2.497888
35  25  2.497778
36  25  2.498233
37  25  2.496436
38  25  2.496198
39  25  2.495842
40  25  2.498496
41  25  2.499134
42  25  2.498946
43  25  2.498865
44  25  2.498840
45  25  2.499396
46  25  2.499189
47  25  2.498806
48  25  2.498574
49  25  2.498707
50  25  2.497777
51  25  2.497874
52  25  2.497131
53  25  2.497472
54  25  2.499138
55  25  2.497976
56  25  2.498116
57  25  2.497031
58  25  2.496571
59  25  2.496235
60  25  2.497792
61  25  2.499375
62  25  2.498910
63  25  2.498820
0  26  2.499382
1  26  2.498213
2  26  2.497762
3  26  2.497828
4  26  2.497607
5  26  2.497763
6  26  2.497105
7  26  2.498594
8  26  2.497773
9  26  2.498569
10  26  2.498733
11  26  2.498734
12  26  2.498083
13  26  2.498346
14  26  2.498370
15  26  2.499151
16  26  2.499270
17  26  2.499100
18  26  2.499237
19  26  2.498882
20  26  2.497815
21  26  2.497135
22  26  2.499421
23  26  2.499490
24  26  2.499446
25  26  2.498940
26  26  2.498110
27  26  2.498316
28  26  2.498475
29  26  2.498856
30  26  2.497816
31  26  2.497857
32  26  2.497595
33  26  2.498261
34  26  2.498241
35  26  2.498631
36  26  2.499265
37  26  2.497470
38  26  2.496250
39  26  2.495401
40  26  2.498414
41  26  2.498810
42  26  2.498781
43  26  2.498415
44  26  2.497119
45  26  2.498643
46  26  2.498788
47  26  2.498913
48  26  2.498167
49  26  2.498382
50  26  2.497938
51  26  2.498900
52  26  2.498096
53  26  2.498034
54  26  2.498169
55  26  2.497467
56  26  2.497347
57  26  2.497201
58  26  2.498113
59  26  2.498451
60  26  2.498778
61  26  2.499306
62  26  2.499658
63  26  2.499634
0  27  2.499488
1  27  2.498604
2  27  2.498665
3  27  2.498912
4  27  2.498319
5  27  2.498133
6  27  2.497499
7  27  2.498388
8  27  2.497662
9  27  2.498024
10  27  2.497810
11  27  2.498350
12  27  2.497967
13  27  2.498107
14  27  2.497121
15  27  2.498816
16  27  2.499312
17  27  2.499623
18  27  2.499495
19  27  2.499202
20  27  2.498005
21  27  2.497501
22  27  2.499032
23  27  2.499273
24  27  2.499450
25  27  2.498407
26  27  2.494985
27  27  2.496526
28  27  2.496740
29  27  2.498940
30  27  2.499197
31  27  2.499080
32  27  2.498119
33  27  2.497987
34  27  2.498183
35  27  2.499144
36  27  2.499336
37  27  2.497659
38  27  2.497759
39  27  2.496098
40  27  2.497828
41  27  2.498093
42  27  2.499225
43  27  2.499232
44  27  2.498065
45  27  2.498489
46  27  2.498544
47  27  2.498586
48  27  2.498406
49  27  2.498862
50  27  2.498168
51  27  2.499030
52  27  2.498631
53  27  2.498440
54  27  2.497972
55  27  2.497257
56  27  2.496964
57  27  2.497398
58  27  2.498355
59  27  2.499323
60  27  2.499017
61  27  2.498763
62  27  2.499463
63  27  2.499535
0  28  2.499324
1  28  2.498173
2  28  2.498214
3  28  2.497884
4  28  2.498750
5  28  2.498448
6  28  2.497906
7  28  2.498354
8  28  2.497995
9  28  2.498503
10  28  2.497992
11  28  2.496646
12  28  2.497022
13  28  2.498732
14  28  2.496547
15  28  2.498540
16  28  2.498743
17  28  2.498651
18  28  2.498213
19  28  2.498433
20  28  2.496702
21  28  2.498136
22  28  2.498499
23  28  2.498882
24  28  2.499338
25  28  2.498219
26  28  2.494631
27  28  2.496999
28  28  2.496887
29  28  2.498352
30  28  2.498489
31  28  2.499082
32  28  2.499054
33  28  2.498576
34  28  2.497535
35  28  2.497913
36  28  2.498412
37  28  2.497708
38  28  2.497844
39  28  2.497339
40  28  2.497816
41  28  2.497761
42  28  2.497718
43  28  2.499165
44  28  2.497751
45  28  2.498265
46  28  2.498321
47  28  2.499096
48  28  2.498751
49  28  2.497874
50  28  2.497719
51  28  2.499337
52  28  2.498656
53  28  2.498150
54  28  2.496255
55  28  2.496517
56  28  2.497490
57  28  2.499100
58  28  2.498596
59  28  2.498971
60  28  2.498847
61  28  2.498327
62  28  2.498785
63  28  2.499394
0  29  2.499503
1  29  2.498982
2  29  2.499005
3  29  2.498372
4  29  2.499098
5  29  2.498874
6  29  2.497904
7  29  2.498311
8  29  2.498669
9  29  2.498877
10  29  2.498580
11  29  2.496447
12  29  2.496909
13  29  2.498751
14  29  2.497352
15  29  2.498701
16  29  2.498741
17  29  2.498447
18  29  2.498614
19  29  2.498122
20  29  2.497366
21  29  2.498929
22  29  2.498282
23  29  2.497910
24  29  2.498509
25  29  2.498778
26  29  2.495011
27  29  2.497214
28  29  2.497793
29  29  2.498853
30  29  2.498484
31  29  2.498980
32  29  2.499529
33  29  2.498994
34  29  2.497605
35  29  2.497325
36  29  2.496340
37  29  2.496453
38  29  2.496719
39  29  2.496828
40  29  2.498035
41  29  2.497510
42  29  2.497395
43  29  2.498971
44  29  2.499025
45  29  2.499225
46  29  2.498496
47  29  2.498374
48  29  2.498525
49  29  2.498600
50  29  2.498747
51  29  2.499174
52  29  2.498904
53  29  2.497828
54  29  2.496878
55  29  2.497509
56  29  2.497900
57  29  2.498443
58  29  2.498758
59  29  2.497918
60  29  2.497944
61  29  2.498012
62  29  2.498360
63  29  2.498972
0  30  2.499518
1  30  2.499140
2  30  2.498790
3  30  2.497904
4  30  2.497890
5  30  2.498093
6  30  2.497711
7  30  2.497885
8  30  2.499333
9  30  2.499228
10  30  2.499473
11  30  2.496468
12  30  2.496663
13  30  2.498824
14  30  2.498789
15  30  2.498881
16  30  2.498790
17  30  2.498505
18  30  2.497867
19  30  2.497223
20  30  2.496075
21  30  2.498406
22  30  2.498149
23  30  2.497591
24  30  2.498246
25  30  2.498724
26  30  2.498024
27  30  2.498902
28  30  2.498944
29  30  2.498337
30  30  2.498088
31  30  2.499640
32  30  2.499138
33  30  2.498974
34  30  2.497051
35  30  2.496908
36  30  2.495170
37  30  2.495424
38  30  2.495821
39  30  2.496896
40  30  2.498067
41  30  2.497415
42  30  2.497370
43  30  2.498374
44  30  2.499046
45  30  2.499387
46  30  2.498561
47  30  2.499065
48  30  2.499141
49  30  2.499209
50  30  2.498863
51  30  2.498683
52  30  2.499224
53  30  2.497291
54  30  2.497511
55  30  2.498548
56  30  2.498167
57  30  2.498556
58  30  2.499180
59  30  2.497927
60  30  2.497237
61  30  2.497991
62  30  2.499095
63  30  2.499302
0  31  2.499005
1  31  2.499472
2  31  2.498791
3  31  2.498659
4  31  2.498324
5  31  2.498336
6  31  2.498045
7  31  2.498302
8  31  2.499398
9  31  2.499106
10  31  2.499519
11  31  2.498130
12  31  2.498494
13  31  2.498511
14  31  2.498751
15  31  2.498739
16  31  2.499490
17  31  2.499662
18  31  2.498836
19  31  2.498176
20  31  2.497744
21  31  2.498752
22  31  2.498162
23  31  2.497893
24  31  2.498487
25  31  2.499350
26  31  2.499380
27  31  2.499351
28  31  2.499240
29  31  2.499047
30  31  2.498586
31  31  2.499537
32  31  2.499052
33  31  2.498693
34  31  2.498901
35  31  2.499194
36  31  2.498037
37  31  2.496240
38  31  2.496112
39  31  2.498206
40  31  2.499629
41  31  2.499086
42  31  2.498591
43  31  2.498365
44  31  2.499034
45  31  2.499185
46  31  2.498338
47  31  2.498855
48  31  2.498387
49  31  2.499280
50  31  2.499368
51  31  2.499332
52  31  2.498221
53  31  2.496213
54  31  2.495470
55  31  2.497297
56  31  2.498265
57  31  2.498564
58  31  2.499094
59  31  2.499189
60  31  2.498632
61  31  2.497419
62  31  2.497120
63  31  2.497824
0  32  2.498812
1  32  2.499075
2  32  2.498472
3  32  2.498722
4  32  2.498325
5  32  2.499063
6  32  2.498152
7  32  2.498489
8  32  2.498504
9  32  2.499069
10  32  2.499525
11  32  2.498602
12  32  2.497678
13  32  2.498373
14  32  2.497892
15  32  2.498864
16  32  2.498989
17  32  2.499514
18  32  2.498460
19  32  2.498388
20  32  2.497714
21  32  2.498234
22  32  2.498016
23  32  2.498901
24  32  2.499386
25  32  2.499069
26  32  2.499582
27  32  2.499716
28  32  2.498905
29  32  2.498251
30  32  2.498182
31  32  2.498973
32  32  2.498076
33  32  2.497350
34  32  2.498088
35  32  2.498866
36  32  2.498464
37  32  2.497600
38  32  2.498199
39  32  2.499434
40  32  2.499794
41  32  2.499256
42  32  2.498803
43  32  2.498672
44  32  2.499227
45  32  2.499116
46  32  2.497995
47  32  2.497868
48  32  2.497843
49  32  2.498955
50  32  2.498169
51  32  2.497563
52  32  2.496751
53  32  2.495377
54  32  2.494362
55  32  2.497640
56  32  2.497872
57  32  2.498426
58  32  2.497953
59  32  2.498789
60  32  2.499728
61  32  2.499066
62  32  2.498538
63  32  2.498419
0  33  2.498019
1  33  2.497905
2  33  2.498272
3  33  2.498500
4  33  2.498703
5  33  2.499302
6  33  2.498614
7  33  2.498544
8  33  2.498791
9  33  2.499317
10  33  2.499400
11  33  2.498789
12  33  2.498149
13  33  2.498453
14  33  2.498250
15  33  2.499211
16  33  2.499233
17  33  2.499373
18  33  2.499222
19  33  2.499319
20  33  2.499284
21  33  2.499444
22  33  2.499218
23  33  2.499086
24  33  2.499098
25  33  2.499158
26  33  2.499642
27  33  2.499570
28  33  2.499097
29  33  2.498558
30  33  2.499030
31  33  2.498834
32  33  2.498840
33  33  2.497952
34  33  2.498636
35  33  2.498430
36  33  2.498587
37  33  2.498475
38  33  2.498985
39  33  2.498684
40  33  2.498895
41  33  2.498480
42  33  2.498734
43  33  2.499243
44  33  2.499380
45  33  2.498424
46  33  2.497940
47  33  2.497996
48  33  2.498760
49  33  2.499056
50  33  2.497350
51  33  2.496517
52  33  2.495503
53  33  2.498402
54  33  2.497945
55  33  2.499676
56  33  2.498599
57  33  2.498662
58  33  2.498250
59  33  2.499099
60  33  2.499523
61  33  2.498748
62  33  2.498850
63  33  2.498246
0  34  2.498173
1  34  2.498115
2  34  2.498759
3  34  2.499102
4  34  2.499151
5  34  2.499405
6  34  2.499307
7  34  2.498774
8  34  2.499072
9  34  2.499420
10  34  2.499277
11  34  2.498813
12  34  2.498437
13  34  2.498966
14  34  2.498199
15  34  2.498878
16  34  2.498907
17  34  2.498708
18  34  2.498861
19  34  2.499089
20  34  2.498881
21  34  2.499097
22  34  2.498524
23  34  2.498463
24  34  2.498510
25  34  2.499085
26  34  2.499494
27  34  2.499061
28  34  2.499081
29  34  2.498966
30  34  2.499598
31  34  2.499058
32  34  2.499011
33  34  2.498321
34  34  2.498514
35  34  2.498403
36  34  2.498337
37  34  2.498081
38  34  2.498356
39  34  2.498452
40  34  2.498787
41  34  2.498758
42  34  2.498931
43  34  2.499180
44  34  2.498940
45  34  2.497420
46  34  2.497501
47  34  2.497787
48  34  2.498265
49  34  2.498969
50  34  2.497034
51  34  2.497087
52  34  2.496333
53  34  2.498832
54  34  2.498678
55  34  2.499673
56  34  2.499288
57  34  2.499294
58  34  2.499263
59  34  2.498628
60  34  2.499084
61  34  2.498979
62  34  2.499609
63  34  2.498625
0  35  2.497540
1  35  2.496348
2  35  2.497309
3  35  2.498302
4  35  2.499570
5  35  2.499492
6  35  2.498796
7  35  2.498703
8  35  2.499542
9  35  2.499324
10  35  2.499724
11  35  2.499594
12  35  2.499743
13  35  2.499652
14  35  2.499482
15  35  2.499260
16  35  2.499337
17  35  2.498978
18  35  2.499172
19  35  2.499143
20  35  2.499406
21  35  2.499439
22  35  2.499151
23  35  2.499302
24  35  2.499203
25  35  2.499453
26  35  2.499700
27  35  2.499185
28  35  2.499134
29  35  2.498966
30  35  2.499310
31  35  2.499256
32  35  2.499323
33  35  2.498510
34  35  2.498071
35  35  2.497220
36  35  2.497574
37  35  2.497382
38  35  2.498371
39  35  2.497182
40  35  2.497516
41  35  2.497684
42  35  2.499108
43  35  2.499326
44  35  2.498807
45  35  2.498158
46  35  2.498460
47  35  2.498841
48  35  2.497509
49  35  2.498198
50  35  2.498587
51  35  2.498734
52  35  2.498134
53  35  2.499269
54  35  2.498746
55  35  2.499169
56  35  2.499103
57  35  2.499250
58  35  2.499565
59  35  2.498261
60  35  2.498400
61  35  2.498639
62  35  2.499568
63  35  2.498512
0  36  2.498948
1  36  2.498140
2  36  2.497270
3  36  2.497848
4  36  2.498782
5  36  2.498959
6  36  2.498526
7  36  2.498499
8  36  2.499087
9  36  2.499402
10  36  2.499614
11  36  2.499589
12  36  2.499593
13  36  2.498237
14  36  2.497442
15  36  2.497408
16  36  2.497840
17  36  2.499054
18  36  2.499551
19  36  2.499899
20  36  2.499888
21  36  2.498558
22  36  2.498401
23  36  2.499001
24  36  2.498565
25  36  2.498786
26  36  2.498635
27  36  2.499470
28  36  2.499175
29  36  2.499018
30  36  2.499068
31  36  2.499332
32  36  2.499677
33  36  2.499695
34  36  2.499051
35  36  2.497664
36  36  2.498312
37  36  2.497763
38  36  2.497973
39  36  2.497015
40  36  2.498452
41  36  2.498537
42  36  2.499515
43  36  2.499734
44  36  2.499139
45  36  2.497896
46  36  2.498091
47  36  2.498235
48  36  2.497137
49  36  2.498214
50  36  2.498639
51  36  2.499100
52  36  2.499186
53  36  2.499439
54  36  2.498980
55  36  2.499148
56  36  2.499116
57  36  2.499144
58  36  2.499268
59  36  2.498497
60  36  2.498878
61  36  2.498729
62  36  2.498902
63  36  2.499265
0  37  2.498809
1  37  2.498521
2  37  2.498138
3  37  2.497993
4  37  2.498312
5  37  2.499267
6  37  2.498877
7  37  2.498561
8  37  2.498729
9  37  2.499204
10  37  2.499544
11  37  2.499519
12  37  2.499569
13  37  2.498410
14  37  2.498207
15  37  2.498233
16  37  2.497956
17  37  2.498464
18  37  2.499274
19  37  2.499569
20  37  2.499207
21  37  2.498511
22  37  2.498712
23  37  2.498847
24  37  2.498913
25  37  2.499022
26  37  2.498717
27  37  2.498978
28  37  2.499020
29  37  2.498620
30  37  2.498766
31  37  2.499048
32  37  2.499346
33  37  2.499252
34  37  2.499025
35  37  2.498166
36  37  2.499020
37  37  2.498527
38  37  2.498814
39  37  2.497577
40  37  2.498180
41  37  2.498313
42  37  2.499316
43  37  2.499593
44  37  2.499602
45  37  2.499592
46  37  2.498784
47  37  2.499007
48  37  2.498128
49  37  2.498379
50  37  2.498995
51  37  2.499088
52  37  2.499113
53  37  2.499226
54  37  2.498761
55  37  2.498879
56  37  2.497619
57  37  2.498402
58  37  2.498194
59  37  2.499166
60  37  2.499213
61  37  2.498779
62  37  2.497881
63  37  2.498228
0  38  2.498241
1  38  2.499109
2  38  2.498839
3  38  2.499087
4  38  2.498472
5  38  2.498940
6  38  2.499337
7  38  2.498994
8  38  2.499430
9  38  2.499432
10  38  2.499487
11  38  2.499408
12  38  2.499377
13  38  2.498543
14  38  2.497969
15  38  2.497884
16  38  2.497732
17  38  2.498305
18  38  2.498923
19  38  2.498386
20  38  2.498392
21  38  2.498369
22  38  2.498363
23  38  2.498529
24  38  2.499068
25  38  2.499153
26  38  2.498833
27  38  2.499311
28  38  2.499470
29  38  2.499715
30  38  2.499119
31  38  2.498708
32  38  2.498763
33  38  2.499600
34  38  2.499410
35  38  2.499422
36  38  2.499536
37  38  2.499246
38  38  2.499010
39  38  2.497927
40  38  2.497752
41  38  2.496683
42  38  2.497210
43  38  2.497686
44  38  2.498590
45  38  2.499379
46  38  2.498991
47  38  2.498803
48  38  2.497598
49  38  2.497753
50  38  2.498670
51  38  2.498965
52  38  2.498815
53  38  2.499290
54  38  2.499112
55  38  2.499406
56  38  2.497567
57  38  2.498011
58  38  2.497900
59  38  2.499223
60  38  2.499714
61  38  2.499059
62  38  2.497878
63  38  2.497916
0  39  2.498455
1  39  2.499449
2  39  2.498812
3  39  2.498778
4  39  2.498281
5  39  2.499048
6  39  2.499440
7  39  2.499499
8  39  2.499712
9  39  2.499540
10  39  2.499642
11  39  2.499640
12  39  2.498060
13  39  2.498290
14  39  2.498414
15  39  2.499079
16  39  2.498649
17  39  2.498390
18  39  2.498893
19  39  2.498357
20  39  2.498222
21  39  2.498318
22  39  2.497278
23  39  2.497602
24  39  2.499738
25  39  2.499453
26  39  2.499313
27  39  2.499070
28  39  2.499005
29  39  2.498908
30  39  2.498755
31  39  2.498830
32  39  2.498527
33  39  2.498492
34  39  2.498719
35  39  2.498714
36  39  2.499469
37  39  2.499703
38  39  2.499712
39  39  2.498994
40  39  2.497665
41  39  2.496689
42  39  2.498508
43  39  2.498446
44  39  2.498658
45  39  2.499060
46  39  2.498966
47  39  2.498709
48  39  2.497382
49  39  2.497124
50  39  2.498362
51  39  2.499345
52  39  2.499130
53  39  2.498701
54  39  2.497669
55  39  2.497862
56  39  2.497037
57  39  2.497504
58  39  2.498390
59  39  2.499043
60  39  2.499382
61  39  2.498507
62  39  2.497366
63  39  2.497735
0  40  2.499318
1  40  2.499794
2  40  2.499685
3  40  2.499711
4  40  2.499345
5  40  2.498950
6  40  2.499176
7  40  2.499569
8  40  2.499378
9  40  2.499105
10  40  2.499394
11  40  2.499406
12  40  2.497877
13  40  2.497900
14  40  2.498285
15  40  2.498658
16  40  2.498672
17  40  2.499010
18  40  2.499111
19  40  2.498940
20  40  2.499100
21  40  2.498498
22  40  2.497620
23  40  2.497265
24  40  2.498678
25  40  2.498677
26  40  2.498819
27  40  2.499444
28  40  2.498646
29  40  2.498462
30  40  2.498392
31  40  2.498592
32  40  2.498060
33  40  2.498202
34  40  2.497736
35  40  2.497277
36  40  2.498858
37  40  2.499136
38  40  2.499189
39  40  2.498683
40  40  2.496486
41  40  2.496431
42  40  2.498701
43  40  2.498734
44  40  2.498552
45  40  2.498506
46  40  2.498054
47  40  2.498622
48  40  2.497248
49  40  2.496526
50  40  2.498262
51  40  2.499115
52  40  2.499000
53  40  2.498581
54  40  2.498533
55  40  2.497830
56  40  2.497359
57  40  2.497362
58  40  2.498580
59  40  2.498442
60  40  2.498949
61  40  2.498512
62  40  2.498687
63  40  2.499126
0  41  2.498852
1  41  2.498080
2  41  2.498083
3  41  2.498217
4  41  2.499008
5  41  2.498624
6  41  2.498250
7  41  2.498628
8  41  2.498991
9  41  2.499167
10  41  2.499348
11  41  2.499412
12  41  2.497622
13  41  2.497087
14  41  2.497669
15  41  2.498461
16  41  2.498492
17  41  2.499342
18  41  2.499108
19  41  2.499266
20  41  2.499151
21  41  2.498944
22  41  2.498817
23  41  2.498014
24  41  2.497925
25  41  2.498440
26  41  2.498856
27  41  2.499549
28  41  2.498831
29  41  2.498726
30  41  2.498912
31  41  2.499236
32  41  2.498960
33  41  2.495802
34  41  2.495262
35  41  2.495640
36  41  2.499015
37  41  2.498769
38  41  2.498582
39  41  2.498433
40  41  2.497466
41  41  2.498490
42  41  2.498450
43  41  2.498397
44  41  2.497707
45  41  2.498502
46  41  2.497887
47  41  2.496763
48  41  2.496427
49  41  2.496098
50  41  2.497967
51  41  2.498728
52  41  2.498575
53  41  2.497425
54  41  2.497313
55  41  2.497207
56  41  2.497245
57  41  2.497468
58  41  2.497889
59  41  2.498156
60  41  2.497842
61  41  2.497110
62  41  2.497620
63  41  2.498170
0  42  2.499164
1  42  2.498194
2  42  2.498150
3  42  2.497919
4  42  2.499115
5  42  2.499059
6  42  2.498218
7  42  2.498511
8  42  2.497983
9  42  2.498861
10  42  2.498166
11  42  2.498615
12  42  2.498715
13  42  2.498417
14  42  2.498861
15  42  2.498636
16  42  2.499082
17  42  2.498965
18  42  2.498538
19  42  2.499153
20  42  2.499241
21  42  2.499761
22  42  2.499632
23  42  2.498922
24  42  2.497719
25  42  2.498228
26  42  2.498193
27  42  2.499176
28  42  2.498408
29  42  2.498453
30  42  2.498766
31  42  2.498460
32  42  2.498539
33  42  2.497293
34  42  2.497377
35  42  2.498458
36  42  2.499289
37  42  2.498695
38  42  2.498473
39  42  2.498566
40  42  2.498163
41  42  2.499079
42  42  2.498510
43  42  2.498008
44  42  2.497449
45  42  2.498431
46  42  2.498024
47  42  2.496327
48  42  2.496656
49  42  2.497530
50  42  2.498960
51  42  2.499423
52  42  2.499087
53  42  2.497793
54  42  2.497816
55  42  2.498932
56  42  2.497918
57  42  2.497782
58  42  2.496465
59  42  2.496585
60  42  2.496965
61  42  2.497103
62  42  2.498343
63  42  2.498691
0  43  2.499609
1  43  2.498325
2  43  2.498895
3  43  2.497075
4  43  2.498343
5  43  2.498731
6  43  2.498196
7  43  2.498127
8  43  2.498261
9  43  2.499375
10  43  2.498854
11  43  2.498879
12  43  2.498791
13  43  2.499065
14  43  2.499064
15  43  2.499130
16  43  2.499289
17  43  2.499120
18  43  2.498404
19  43  2.498810
20  43  2.498808
21  43  2.499476
22  43  2.499425
23  43  2.499414
24  43  2.499112
25  43  2.499351
26  43  2.498867
27  43  2.498168
28  43  2.498245
29  43  2.498157
30  43  2.498785
31  43  2.498463
32  43  2.499037
33  43  2.497613
34  43  2.498134
35  43  2.498441
36  43  2.498639
37  43  2.498486
38  43  2.497581
39  43  2.496814
40  43  2.498596
41  43  2.498387
42  43  2.497853
43  43  2.497609
44  43  2.497861
45  43  2.499275
46  43  2.499316
47  43  2.498572
48  43  2.499384
49  43  2.499179
50  43  2.499323
51  43  2.499400
52  43  2.499096
53  43  2.497439
54  43  2.496516
55  43  2.498108
56  43  2.498585
57  43  2.499165
58  43  2.496935
59  43  2.496808
60  43  2.496951
61  43  2.496832
62  43  2.497942
63  43  2.498676
0  44  2.499576
1  44  2.498489
2  44  2.498866
3  44  2.496846
4  44  2.497841
5  44  2.498202
6  44  2.498916
7  44  2.498641
8  44  2.497417
9  44  2.498803
10  44  2.498106
11  44  2.498898
12  44  2.498879
13  44  2.498452
14  44  2.498288
15  44  2.498741
16  44  2.498918
17  44  2.498943
18  44  2.498934
19  44  2.499203
20  44  2.498930
21  44  2.499025
22  44  2.499538
23  44  2.499237
24  44  2.499377
25  44  2.498979
26  44  2.498642
27  44  2.498051
28  44  2.498181
29  44  2.498457
30  44  2.498852
31  44  2.498966
32  44  2.499379
33  44  2.499215
34  44  2.499377
35  44  2.499015
36  44  2.498324
37  44  2.498574
38  44  2.497287
39  44  2.497340
40  44  2.499017
41  44  2.498320
42  44  2.499327
43  44  2.498999
44  44  2.499109
45  44  2.499372
46  44  2.499651
47  44  2.499171
48  44  2.499049
49  44  2.499054
50  44  2.499524
51  44  2.499738
52  44  2.499571
53  44  2.499346
54  44  2.498146
55  44  2.498659
56  44  2.498767
57  44  2.499162
58  44  2.497885
59  44  2.497818
60  44  2.497383
61  44  2.497298
62  44  2.497603
63  44  2.498879
0  45  2.499199
1  45  2.497933
2  45  2.498048
3  45  2.496587
4  45  2.496420
5  45  2.495837
6  45  2.498022
7  45  2.497803
8  45  2.495811
9  45  2.497248
10  45  2.498794
11  45  2.498493
12  45  2.498636
13  45  2.497919
14  45  2.498573
15  45  2.499057
16  45  2.498995
17  45  2.499069
18  45  2.498216
19  45  2.498032
20  45  2.498023
21  45  2.498688
22  45  2.499272
23  45  2.499140
24  45  2.499480
25  45  2.499012
26  45  2.499005
27  45  2.498682
28  45  2.497726
29  45  2.497621
30  45  2.498855
31  45  2.499243
32  45  2.499475
33  45  2.499122
34  45  2.498901
35  45  2.498905
36  45  2.498535
37  45  2.498650
38  45  2.497789
39  45  2.497511
40  45  2.498605
41  45  2.497904
42  45  2.498806
43  45  2.499038
44  45  2.499200
45  45  2.499202
46  45  2.499385
47  45  2.499299
48  45  2.499525
49  45  2.499124
50  45  2.499184
51  45  2.499152
52  45  2.498630
53  45  2.498429
54  45  2.498273
55  45  2.498803
56  45  2.498671
57  45  2.499058
58  45  2.498552
59  45  2.498967
60  45  2.498517
61  45  2.498486
62  45  2.498322
63  45  2.498736
0  46  2.498846
1  46  2.497480
2  46  2.497207
3  46  2.498412
4  46  2.498127
5  46  2.497528
6  46  2.497896
7  46  2.497625
8  46  2.495795
9  46  2.497074
10  46  2.498390
11  46  2.499048
12  46  2.499040
13  46  2.497951
14  46  2.498331
15  46  2.498855
16  46  2.498369
17  46  2.498496
18  46  2.498437
19  46  2.497724
20  46  2.497422
21  46  2.497779
22  46  2.498062
23  46  2.499124
24  46  2.498954
25  46  2.497973
26  46  2.498483
27  46  2.498369
28  46  2.498027
29  46  2.498146
30  46  2.498686
31  46  2.499074
32  46  2.498519
33  46  2.498044
34  46  2.497736
35  46  2.497257
36  46  2.498337
37  46  2.498688
38  46  2.498605
39  46  2.497805
40  46  2.498973
41  46  2.498990
42  46  2.499391
43  46  2.498889
44  46  2.499134
45  46  2.499588
46  46  2.499428
47  46  2.499434
48  46  2.499818
49  46  2.499503
50  46  2.498975
51  46  2.498208
52  46  2.497628
53  46  2.497845
54  46  2.498575
55  46  2.498973
56  46  2.499132
57  46  2.498882
58  46  2.498783
59  46  2.498523
60  46  2.498199
61  46  2.498243
62  46  2.498622
63  46  2.498814
0  47  2.497723
1  47  2.497351
2  47  2.498018
3  47  2.497856
4  47  2.498444
5  47  2.497525
6  47  2.497927
7  47  2.498298
8  47  2.498138
9  47  2.498384
10  47  2.498579
11  47  2.498645
12  47  2.498821
13  47  2.497971
14  47  2.498162
15  47  2.499031
16  47  2.498706
17  47  2.498709
18  47  2.498986
19  47  2.498658
20  47  2.498598
21  47  2.498163
22  47  2.497249
23  47  2.498393
24  47  2.498618
25  47  2.498786
26  47  2.499015
27  47  2.499087
28  47  2.498067
29  47  2.498211
30  47  2.497916
31  47  2.498690
32  47  2.497927
33  47  2.498101
34  47  2.497417
35  47  2.496772
36  47  2.497605
37  47  2.498575
38  47  2.498943
39  47  2.497959
40  47  2.498132
41  47  2.497972
42  47  2.498894
43  47  2.499055
44  47  2.498828
45  47  2.497634
46  47  2.497740
47  47  2.498325
48  47  2.499596
49  47  2.499250
50  47  2.498703
51  47  2.497956
52  47  2.497412
53  47  2.498436
54  47  2.499097
55  47  2.499128
56  47  2.498671
57  47  2.498736
58  47  2.498938
59  47  2.498654
60  47  2.498750
61  47  2.498535
62  47  2.498948
63  47  2.497066
0  48  2.497899
1  48  2.497594
2  48  2.498369
3  48  2.498835
4  48  2.498996
5  48  2.498857
6  48  2.499072
7  48  2.499163
8  48  2.499218
9  48  2.499059
10  48  2.499159
11  48  2.498880
12  48  2.498352
13  48  2.498079
14  48  2.498406
15  48  2.499160
16  48  2.498552
17  48  2.498658
18  48  2.499104
19  48  2.498418
20  48  2.497710
21  48  2.498235
22  48  2.497283
23  48  2.498306
24  48  2.498743
25  48  2.498644
26  48  2.498647
27  48  2.498423
28  48  2.498840
29  48  2.499060
30  48  2.498363
31  48  2.498641
32  48  2.498049
33  48  2.498074
34  48  2.498710
35  48  2.496399
36  48  2.497148
37  48  2.497866
38  48  2.498723
39  48  2.497606
40  48  2.498433
41  48  2.498245
42  48  2.498880
43  48  2.499000
44  48  2.498961
45  48  2.497468
46  48  2.497748
47  48  2.498262
48  48  2.499047
49  48  2.498780
50  48  2.498621
51  48  2.497887
52  48  2.497244
53  48  2.498177
54  48  2.499263
55  48  2.499351
56  48  2.499148
57  48  2.499156
58  48  2.498092
59  48  2.497382
60  48  2.498362
61  48  2.498943
62  48  2.499201
63  48  2.497208
0  49  2.496418
1  49  2.497447
2  49  2.498853
3  49  2.498950
4  49  2.498771
5  49  2.498591
6  49  2.498958
7  49  2.499247
8  49  2.499231
9  49  2.498842
10  49  2.499026
11  49  2.499051
12  49  2.498496
13  49  2.497634
14  49  2.498393
15  49  2.499364
16  49  2.498969
17  49  2.499009
18  49  2.498700
19  49  2.498820
20  49  2.498088
21  49  2.498968
22  49  2.498373
23  49  2.498829
24  49  2.499551
25  49  2.499770
26  49  2.499475
27  49  2.498496
28  49  2.498300
29  49  2.498636
30  49  2.498620
31  49  2.498957
32  49  2.498906
33  49  2.499768
34  49  2.499100
35  49  2.497572
36  49  2.497519
37  49  2.498690
38  49  2.499435
39  49  2.499259
40  49  2.499307
41  49  2.499190
42  49  2.499079
43  49  2.499117
44  49  2.499497
45  49  2.498547
46  49  2.498577
47  49  2.498542
48  49  2.499040
49  49  2.498191
50  49  2.498345
51  49  2.499064
52  49  2.498461
53  49  2.498458
54  49  2.498878
55  49  2.499450
56  49  2.498744
57  49  2.498305
58  49  2.496869
59  49  2.497614
60  49  2.498531
61  49  2.498983
62  49  2.498428
63  49  2.496197
0  50  2.497571
1  50  2.498865
2  50  2.499222
3  50  2.499008
4  50  2.498774
5  50  2.497933
6  50  2.499164
7  50  2.498913
8  50  2.499169
9  50  2.498284
10  50  2.497720
11  50  2.497690
12  50  2.497958
13  50  2.498598
14  50  2.499302
15  50  2.499347
16  50  2.499141
17  50  2.498868
18  50  2.498451
19  50  2.498187
20  50  2.498531
21  50  2.498809
22  50  2.497499
23  50  2.497419
24  50  2.499575
25  50  2.499428
26  50  2.499240
27  50  2.496829
28  50  2.496584
29  50  2.497191
30  50  2.498868
31  50  2.499221
32  50  2.499280
33  50  2.499635
34  50  2.499113
35  50  2.498073
36  50  2.498089
37  50  2.498691
38  50  2.499625
39  50  2.499631
40  50  2.499681
41  50  2.499325
42  50  2.499146
43  50  2.499334
44  50  2.499354
45  50  2.498621
46  50  2.498616
47  50  2.498347
48  50  2.499200
49  50  2.497635
50  50  2.497901
51  50  2.498712
52  50  2.499156
53  50  2.498793
54  50  2.499127
55  50  2.498871
56  50  2.498484
57  50  2.498448
58  50  2.497111
59  50  2.497243
60  50  2.498446
61  50  2.498842
62  50  2.498292
63  50  2.497805
0  51  2.497100
1  51  2.498220
2  51  2.499282
3  51  2.498989
4  51  2.498610
5  51  2.497849
6  51  2.498729
7  51  2.498920
8  51  2.499316
9  51  2.498230
10  51  2.497382
11  51  2.497139
12  51  2.497888
13  51  2.498822
14  51  2.499394
15  51  2.499559
16  51  2.499282
17  51  2.498771
18  51  2.498526
19  51  2.498040
20  51  2.499240
21  51  2.499355
22  51  2.497310
23  51  2.496795
24  51  2.499218
25  51  2.499337
26  51  2.499388
27  51  2.496990
28  51  2.496479
29  51  2.496668
30  51  2.498687
31  51  2.499535
32  51  2.499423
33  51  2.499506
34  51  2.499310
35  51  2.499045
36  51  2.499154
37  51  2.499368
38  51  2.499615
39  51  2.499666
40  51  2.499721
41  51  2.498993
42  51  2.499229
43  51  2.499349
44  51  2.499451
45  51  2.499462
46  51  2.499227
47  51  2.499145
48  51  2.499160
49  51  2.498089
50  51  2.498323
51  51  2.499099
52  51  2.499416
53  51  2.499018
54  51  2.499106
55  51  2.498866
56  51  2.498227
57  51  2.498141
58  51  2.498601
59  51  2.497914
60  51  2.497876
61  51  2.497727
62  51  2.497706
63  51  2.497004
0  52  2.497981
1  52  2.498136
2  52  2.499034
3  52  2.499022
4  52  2.499050
5  52  2.498139
6  52  2.498259
7  52  2.498600
8  52  2.499153
9  52  2.498758
10  52  2.497239
11  52  2.497357
12  52  2.497612
13  52  2.499028
14  52  2.498990
15  52  2.498929
16  52  2.499147
17  52  2.499350
18  52  2.498969
19  52  2.498057
20  52  2.499141
21  52  2.499297
22  52  2.497029
23  52  2.496041
24  52  2.498236
25  52  2.499040
26  52  2.498844
27  52  2.495199
28  52  2.495142
29  52  2.494880
30  52  2.497034
31  52  2.499235
32  52  2.499207
33  52  2.499581
34  52  2.499177
35  52  2.499052
36  52  2.499273
37  52  2.499601
38  52  2.499733
39  52  2.499679
40  52  2.499759
41  52  2.498782
42  52  2.498453
43  52  2.498426
44  52  2.498440
45  52  2.498779
46  52  2.498971
47  52  2.499120
48  52  2.498587
49  52  2.498570
50  52  2.498480
51  52  2.498674
52  52  2.499396
53  52  2.499253
54  52  2.499377
55  52  2.498679
56  52  2.498859
57  52  2.498866
58  52  2.499445
59  52  2.498113
60  52  2.497905
61  52  2.497220
62  52  2.498302
63  52  2.498516
0  53  2.497214
1  53  2.498346
2  53  2.499260
3  53  2.499364
4  53  2.499190
5  53  2.499038
6  53  2.498854
7  53  2.498777
8  53  2.499114
9  53  2.499342
10  53  2.499022
11  53  2.499579
12  53  2.499380
13  53  2.498800
14  53  2.498590
15  53  2.498492
16  53  2.498730
17  53  2.498735
18  53  2.499007
19  53  2.499090
20  53  2.498990
21  53  2.498936
22  53  2.498562
23  53  2.498040
24  53  2.499103
25  53  2.499722
26  53  2.499035
27  53  2.495626
28  53  2.496055
29  53  2.496285
30  53  2.497686
31  53  2.499103
32  53  2.499234
33  53  2.499228
34  53  2.498995
35  53  2.498891
36  53  2.498612
37  53  2.498772
38  53  2.499009
39  53  2.499797
40  53  2.499173
41  53  2.498916
42  53  2.498512
43  53  2.498157
44  53  2.497771
45  53  2.497790
46  53  2.498120
47  53  2.499290
48  53  2.498728
49  53  2.499166
50  53  2.499137
51  53  2.499444
52  53  2.499474
53  53  2.499033
54  53  2.498806
55  53  2.498470
56  53  2.498635
57  53  2.499167
58  53  2.499067
59  53  2.498490
60  53  2.499162
61  53  2.498625
62  53  2.497735
63  53  2.496824
0  54  2.497606
1  54  2.499306
2  54  2.499341
3  54  2.499368
4  54  2.499049
5  54  2.498601
6  54  2.498960
7  54  2.498605
8  54  2.499144
9  54  2.499631
10  54  2.499391
11  54  2.499316
12  54  2.499187
13  54  2.498789
14  54  2.498924
15  54  2.498598
16  54  2.498621
17  54  2.498711
18  54  2.498844
19  54  2.499531
20  54  2.498712
21  54  2.498952
22  54  2.499407
23  54  2.498668
24  54  2.499141
25  54  2.499670
26  54  2.498839
27  54  2.495369
28  54  2.494658
29  54  2.496027
30  54  2.497563
31  54  2.498453
32  54  2.498942
33  54  2.499144
34  54  2.499335
35  54  2.499368
36  54  2.498538
37  54  2.498573
38  54  2.498646
39  54  2.499474
40  54  2.498375
41  54  2.498535
42  54  2.498720
43  54  2.498266
44  54  2.498464
45  54  2.496584
46  54  2.497133
47  54  2.499231
48  54  2.498574
49  54  2.498396
50  54  2.498629
51  54  2.499515
52  54  2.499339
53  54  2.497702
54  54  2.497918
55  54  2.496594
56  54  2.497673
57  54  2.498987
58  54  2.498704
59  54  2.498313
60  54  2.498166
61  54  2.497057
62  54  2.496276
63  54  2.496271
0  55  2.499425
1  55  2.499461
2  55  2.499369
3  55  2.499633
4  55  2.499385
5  55  2.498759
6  55  2.499172
7  55  2.498322
8  55  2.499265
9  55  2.499519
10  55  2.499458
11  55  2.499373
12  55  2.499171
13  55  2.499128
14  55  2.499029
15  55  2.499104
16  55  2.498783
17  55  2.498571
18  55  2.498544
19  55  2.499219
20  55  2.498418
21  55  2.499069
22  55  2.499316
23  55  2.499038
24  55  2.498171
25  55  2.499227
26  55  2.498974
27  55  2.499659
28  55  2.499237
29  55  2.498796
30  55  2.498645
31  55  2.498067
32  55  2.498348
33  55  2.498784
34  55  2.499527
35  55  2.499646
36  55  2.498736
37  55  2.498507
38  55  2.498664
39  55  2.499265
40  55  2.498750
41  55  2.497933
42  55  2.497841
43  55  2.498337
44  55  2.498077
45  55  2.497372
46  55  2.497466
47  55  2.498707
48  55  2.498985
49  55  2.498619
50  55  2.498894
51  55  2.499133
52  55  2.499601
53  55  2.498079
54  55  2.497887
55  55  2.496902
56  55  2.497527
57  55  2.498533
58  55  2.498365
59  55  2.498367
60  55  2.497967
61  55  2.498633
62  55  2.498863
63  55  2.499478
0  56  2.499380
1  56  2.499252
2  56  2.499036
3  56  2.499066
4  56  2.498998
5  56  2.498575
6  56  2.498966
7  56  2.498269
8  56  2.499278
9  56  2.498895
10  56  2.499044
11  56  2.499233
12  56  2.499147
13  56  2.498999
14  56  2.499342
15  56  2.499441
16  56  2.498574
17  56  2.498227
18  56  2.498539
19  56  2.498271
20  56  2.498232
21  56  2.498996
22  56  2.499115
23  56  2.499200
24  56  2.497033
25  56  2.498276
26  56  2.497525
27  56  2.499622
28  56  2.499460
29  56  2.498958
30  56  2.498813
31  56  2.497698
32  56  2.497828
33  56  2.498695
34  56  2.499370
35  56  2.499505
36  56  2.499615
37  56  2.499337
38  56  2.499127
39  56  2.498928
40  56  2.498391
41  56  2.498033
42  56  2.497662
43  56  2.497426
44  56  2.498801
45  56  2.498081
46  56  2.498463
47  56  2.498739
48  56  2.498654
49  56  2.498323
50  56  2.498232
51  56  2.497945
52  56  2.499587
53  56  2.497880
54  56  2.496875
55  56  2.495961
56  56  2.497321
57  56  2.498380
58  56  2.499293
59  56  2.498358
60  56  2.498086
61  56  2.499058
62  56  2.499316
63  56  2.499582
0  57  2.499357
1  57  2.499398
2  57  2.499570
3  57  2.499406
4  57  2.499031
5  57  2.498838
6  57  2.498121
7  57  2.497775
8  57  2.498174
9  57  2.498519
10  57  2.498658
11  57  2.499089
12  57  2.499183
13  57  2.498887
14  57  2.499206
15  57  2.499542
16  57  2.498766
17  57  2.498503
18  57  2.498798
19  57  2.498662
20  57  2.498700
21  57  2.498880
22  57  2.498620
23  57  2.499020
24  57  2.496408
25  57  2.497650
26  57  2.496863
27  57  2.499022
28  57  2.499156
29  57  2.499420
30  57  2.499753
31  57  2.498132
32  57  2.497282
33  57  2.497495
34  57  2.498114
35  57  2.498913
36  57  2.499356
37  57  2.499245
38  57  2.498764
39  57  2.498589
40  57  2.498699
41  57  2.498597
42  57  2.497210
43  57  2.496813
44  57  2.498257
45  57  2.499070
46  57  2.499334
47  57  2.499473
48  57  2.499486
49  57  2.499246
50  57  2.498451
51  57  2.497379
52  57  2.498426
53  57  2.498644
54  57  2.499040
55  57  2.497823
56  57  2.497287
57  57  2.497390
58  57  2.498454
59  57  2.497994
60  57  2.497881
61  57  2.498813
62  57  2.499441
63  57  2.499412
0  58  2.499221
1  58  2.498611
2  58  2.499101
3  58  2.499237
4  58  2.498751
5  58  2.498355
6  58  2.497665
7  58  2.498265
8  58  2.497751
9  58  2.498250
10  58  2.498202
11  58  2.499159
12  58  2.499177
13  58  2.498805
14  58  2.499090
15  58  2.498812
16  58  2.498163
17  58  2.498086
18  58  2.498647
19  58  2.498737
20  58  2.498129
21  58  2.497985
22  58  2.498069
23  58  2.498825
24  58  2.497555
25  58  2.497606
26  58  2.497025
27  58  2.499231
28  58  2.499368
29  58  2.499268
30  58  2.499556
31  58  2.499139
32  58  2.498556
33  58  2.498119
34  58  2.498320
35  58  2.498888
36  58  2.499559
37  58  2.499132
38  58  2.498816
39  58  2.499141
40  58  2.499039
41  58  2.498799
42  58  2.497484
43  58  2.498753
44  58  2.498582
45  58  2.498850
46  58  2.499534
47  58  2.499500
48  58  2.499328
49  58  2.498141
50  58  2.497243
51  58  2.496885
52  58  2.498316
53  58  2.498618
54  58  2.498894
55  58  2.497999
56  58  2.497293
57  58  2.497514
58  58  2.498694
59  58  2.498794
60  58  2.498544
61  58  2.498838
62  58  2.499219
63  58  2.499405
0  59  2.499217
1  59  2.498348
2  59  2.499022
3  59  2.499225
4  59  2.499103
5  59  2.498846
6  59  2.498178
7  59  2.498754
8  59  2.497803
9  59  2.498339
10  59  2.498464
11  59  2.499373
12  59  2.499284
13  59  2.498703
14  59  2.498493
15  59  2.498359
16  59  2.498696
17  59  2.498093
18  59  2.498288
19  59  2.497897
20  59  2.498837
21  59  2.498719
22  59  2.498477
23  59  2.498522
24  59  2.497617
25  59  2.497687
26  59  2.498091
27  59  2.498919
28  59  2.498728
29  59  2.498498
30  59  2.499234
31  59  2.499287
32  59  2.498795
33  59  2.498307
34  59  2.498367
35  59  2.498922
36  59  2.499274
37  59  2.499153
38  59  2.498989
39  59  2.498428
40  59  2.497774
41  59  2.497752
42  59  2.497861
43  59  2.499092
44  59  2.497925
45  59  2.497420
46  59  2.497832
47  59  2.499372
48  59  2.498610
49  59  2.496715
50  59  2.497267
51  59  2.497364
52  59  2.498381
53  59  2.498685
54  59  2.498534
55  59  2.498855
56  59  2.498848
57  59  2.498946
58  59  2.499167
59  59  2.499233
60  59  2.499423
61  59  2.499442
62  59  2.499476
63  59  2.499326
0  60  2.499429
1  60  2.497711
2  60  2.497787
3  60  2.496497
4  60  2.497030
5  60  2.497215
6  60  2.498523
7  60  2.499377
8  60  2.498281
9  60  2.498438
10  60  2.498240
11  60  2.499325
12  60  2.498468
13  60  2.498122
14  60  2.498199
15  60  2.498425
16  60  2.498026
17  60  2.497197
18  60  2.497647
19  60  2.498226
20  60  2.498843
21  60  2.498866
22  60  2.498648
23  60  2.498623
24  60  2.497308
25  60  2.497549
26  60  2.497403
27  60  2.498860
28  60  2.498979
29  60  2.498969
30  60  2.499168
31  60  2.499238
32  60  2.499202
33  60  2.498880
34  60  2.498281
35  60  2.498282
36  60  2.498507
37  60  2.498961
38  60  2.499171
39  60  2.498936
40  60  2.497488
41  60  2.497575
42  60  2.498073
43  60  2.498501
44  60  2.498022
45  60  2.494966
46  60  2.495203
47  60  2.496064
48  60  2.498075
49  60  2.496845
50  60  2.497311
51  60  2.496271
52  60  2.498715
53  60  2.498803
54  60  2.498702
55  60  2.498280
56  60  2.498324
57  60  2.499394
58  60  2.499338
59  60  2.499180
60  60  2.499034
61  60  2.498901
62  60  2.499135
63  60  2.499570
0  61  2.499380
1  61  2.498278
2  61  2.498004
3  61  2.496405
4  61  2.497865
5  61  2.497964
6  61  2.499290
7  61  2.499752
8  61  2.498831
9  61  2.498712
10  61  2.498932
11  61  2.499613
12  61  2.498228
13  61  2.498301
14  61  2.498355
15  61  2.499297
16  61  2.499085
17  61  2.495406
18  61  2.495237
19  61  2.495907
20  61  2.499132
21  61  2.498340
22  61  2.497995
23  61  2.498012
24  61  2.497356
25  61  2.497277
26  61  2.497216
27  61  2.498515
28  61  2.498832
29  61  2.499071
30  61  2.499259
31  61  2.499115
32  61  2.499154
33  61  2.498882
34  61  2.498817
35  61  2.498789
36  61  2.498491
37  61  2.498015
38  61  2.497082
39  61  2.499014
40  61  2.498780
41  61  2.498975
42  61  2.498657
43  61  2.497960
44  61  2.499181
45  61  2.495492
46  61  2.495347
47  61  2.495792
48  61  2.498392
49  61  2.497708
50  61  2.498387
51  61  2.496383
52  61  2.498873
53  61  2.498772
54  61  2.498952
55  61  2.498507
56  61  2.498391
57  61  2.499071
58  61  2.499118
59  61  2.499052
60  61  2.498832
61  61  2.498253
62  61  2.498491
63  61  2.499047
0  62  2.498978
1  62  2.498140
2  62  2.498096
3  62  2.496952
4  62  2.499040
5  62  2.497716
6  62  2.498811
7  62  2.498605
8  62  2.498221
9  62  2.498114
10  62  2.499035
11  62  2.499171
12  62  2.498419
13  62  2.498622
14  62  2.497596
15  62  2.497820
16  62  2.497967
17  62  2.496837
18  62  2.496336
19  62  2.496885
20  62  2.499303
21  62  2.498688
22  62  2.498340
23  62  2.498926
24  62  2.497837
25  62  2.498041
26  62  2.496834
27  62  2.497940
28  62  2.497970
29  62  2.499295
30  62  2.499274
31  62  2.499627
32  62  2.499282
33  62  2.498722
34  62  2.498963
35  62  2.498894
36  62  2.498442
37  62  2.497456
38  62  2.496773
39  62  2.498654
40  62  2.498463
41  62  2.499063
42  62  2.498350
43  62  2.498357
44  62  2.499355
45  62  2.495307
46  62  2.495752
47  62  2.496134
48  62  2.499449
49  62  2.499046
50  62  2.498774
51  62  2.497476
52  62  2.499026
53  62  2.498586
54  62  2.498940
55  62  2.498638
56  62  2.498773
57  62  2.499470
58  62  2.499587
59  62  2.499078
60  62  2.498659
61  62  2.498006
62  62  2.498278
63  62  2.498916
0  63  2.499073
1  63  2.499077
2  63  2.498856
3  63  2.498739
4  63  2.499812
5  63  2.498554
6  63  2.498611
7  63  2.498265
8  63  2.498533
9  63  2.497767
10  63  2.498532
11  63  2.498402
12  63  2.498924
13  63  2.498939
14  63  2.498159
15  63  2.498300
16  63  2.498090
17  63  2.498065
18  63  2.496540
19  63  2.496769
20  63  2.498853
21  63  2.498313
22  63  2.497748
23  63  2.498535
24  63  2.498435
25  63  2.498730
26  63  2.498311
27  63  2.498883
28  63  2.498470
29  63  2.499185
30  63  2.499100
31  63  2.499316
32  63  2.498957
33  63  2.498917
34  63  2.499064
35  63  2.499543
36  63  2.497974
37  63  2.497228
38  63  2.496934
39  63  2.498982
40  63  2.498919
41  63  2.499173
42  63  2.498528
43  63  2.498459
44  63  2.498398
45  63  2.497192
46  63  2.497149
47  63  2.498003
48  63  2.498188
49  63  2.498402
50  63  2.498493
51  63  2.498192
52  63  2.499618
53  63  2.499450
54  63  2.498720
55  63  2.498284
56  63  2.498672
57  63  2.499125
58  63  2.499376
59  63  2.499044
60  63  2.499250
61  63  2.498862
62  63  2.498485
63  63  2.499137
