# Mass field m(x,y) = Delta * R(x,y) at t = 70 seconds
# Grid: 64 x 64
# Columns: x  y  mass
0  0  2.498645
1  0  2.499298
2  0  2.499406
3  0  2.499141
4  0  2.498578
5  0  2.498506
6  0  2.498904
7  0  2.498208
8  0  2.497264
9  0  2.496968
10  0  2.498546
11  0  2.498286
12  0  2.497921
13  0  2.497589
14  0  2.498392
15  0  2.498768
16  0  2.498752
17  0  2.497633
18  0  2.497757
19  0  2.497845
20  0  2.498223
21  0  2.496802
22  0  2.498377
23  0  2.498795
24  0  2.498912
25  0  2.498820
26  0  2.498344
27  0  2.498159
28  0  2.498381
29  0  2.498395
30  0  2.496109
31  0  2.497251
32  0  2.497447
33  0  2.498819
34  0  2.499450
35  0  2.498587
36  0  2.496852
37  0  2.496193
38  0  2.497911
39  0  2.498238
40  0  2.498380
41  0  2.498595
42  0  2.499255
43  0  2.499030
44  0  2.498078
45  0  2.497271
46  0  2.499018
47  0  2.499432
48  0  2.498549
49  0  2.499170
50  0  2.498392
51  0  2.497787
52  0  2.497473
53  0  2.498451
54  0  2.498434
55  0  2.497835
56  0  2.498256
57  0  2.498636
58  0  2.499211
59  0  2.498637
60  0  2.498627
61  0  2.498538
62  0  2.499123
63  0  2.498178
0  1  2.498887
1  1  2.499356
2  1  2.499689
3  1  2.498901
4  1  2.497909
5  1  2.498268
6  1  2.498652
7  1  2.498189
8  1  2.497518
9  1  2.497449
10  1  2.498172
11  1  2.498107
12  1  2.498316
13  1  2.498267
14  1  2.499205
15  1  2.498869
16  1  2.497651
17  1  2.496660
18  1  2.497550
19  1  2.498695
20  1  2.498549
21  1  2.497077
22  1  2.498395
23  1  2.498835
24  1  2.498950
25  1  2.498632
26  1  2.499068
27  1  2.499079
28  1  2.498774
29  1  2.498962
30  1  2.496466
31  1  2.497376
32  1  2.497220
33  1  2.499355
34  1  2.499516
35  1  2.498195
36  1  2.496585
37  1  2.496142
38  1  2.497129
39  1  2.498195
40  1  2.498654
41  1  2.499269
42  1  2.499502
43  1  2.499571
44  1  2.498722
45  1  2.498774
46  1  2.499297
47  1  2.499323
48  1  2.498823
49  1  2.499089
50  1  2.498820
51  1  2.497979
52  1  2.497041
53  1  2.497783
54  1  2.497931
55  1  2.498832
56  1  2.498450
57  1  2.498944
58  1  2.499091
59  1  2.499100
60  1  2.499177
61  1  2.498576
62  1  2.498602
63  1  2.498459
0  2  2.498801
1  2  2.498796
2  2  2.499153
3  2  2.498579
4  2  2.498040
5  2  2.498049
6  2  2.498149
7  2  2.496965
8  2  2.496254
9  2  2.495788
10  2  2.496906
11  2  2.498076
12  2  2.499373
13  2  2.498866
14  2  2.498837
15  2  2.498118
16  2  2.497093
17  2  2.496583
18  2  2.497602
19  2  2.498873
20  2  2.499224
21  2  2.498664
22  2  2.498858
23  2  2.498960
24  2  2.499213
25  2  2.499370
26  2  2.498748
27  2  2.498720
28  2  2.498307
29  2  2.499166
30  2  2.497105
31  2  2.496719
32  2  2.496074
33  2  2.498090
34  2  2.498639
35  2  2.499275
36  2  2.497973
37  2  2.497464
38  2  2.498045
39  2  2.498691
40  2  2.499033
41  2  2.499182
42  2  2.499412
43  2  2.499668
44  2  2.498245
45  2  2.498383
46  2  2.498934
47  2  2.499081
48  2  2.498781
49  2  2.498929
50  2  2.498633
51  2  2.497851
52  2  2.497491
53  2  2.498114
54  2  2.498254
55  2  2.499020
56  2  2.498651
57  2  2.498824
58  2  2.497876
59  2  2.497701
60  2  2.498321
61  2  2.498515
62  2  2.498824
63  2  2.498576
0  3  2.499212
1  3  2.498694
2  3  2.498697
3  3  2.498443
4  3  2.498282
5  3  2.497886
6  3  2.498162
7  3  2.498239
8  3  2.496983
9  3  2.494865
10  3  2.498687
11  3  2.498427
12  3  2.498585
13  3  2.498413
14  3  2.498540
15  3  2.498449
16  3  2.498197
17  3  2.498445
18  3  2.497978
19  3  2.498096
20  3  2.499366
21  3  2.499801
22  3  2.499393
23  3  2.498287
24  3  2.498106
25  3  2.497207
26  3  2.497884
27  3  2.498069
28  3  2.498483
29  3  2.497910
30  3  2.497640
31  3  2.496776
32  3  2.496969
33  3  2.498412
34  3  2.498985
35  3  2.499544
36  3  2.497740
37  3  2.497372
38  3  2.497425
39  3  2.498211
40  3  2.498485
41  3  2.497850
42  3  2.497598
43  3  2.497790
44  3  2.497748
45  3  2.498108
46  3  2.498602
47  3  2.498561
48  3  2.498130
49  3  2.498121
50  3  2.498868
51  3  2.499449
52  3  2.499236
53  3  2.498663
54  3  2.498419
55  3  2.498682
56  3  2.498740
57  3  2.498955
58  3  2.498627
59  3  2.497337
60  3  2.498062
61  3  2.497797
62  3  2.499082
63  3  2.499093
0  4  2.498888
1  4  2.496803
2  4  2.497661
3  4  2.497767
4  4  2.498675
5  4  2.498373
6  4  2.497537
7  4  2.496621
8  4  2.496518
9  4  2.494200
10  4  2.498744
11  4  2.498227
12  4  2.498052
13  4  2.499147
14  4  2.499244
15  4  2.499335
16  4  2.498987
17  4  2.498279
18  4  2.497821
19  4  2.497905
20  4  2.499418
21  4  2.499771
22  4  2.499305
23  4  2.498787
24  4  2.498707
25  4  2.498260
26  4  2.498315
27  4  2.497830
28  4  2.497874
29  4  2.497353
30  4  2.496292
31  4  2.496028
32  4  2.496531
33  4  2.498291
34  4  2.498856
35  4  2.499205
36  4  2.498800
37  4  2.498511
38  4  2.498579
39  4  2.498613
40  4  2.498751
41  4  2.497954
42  4  2.497655
43  4  2.498192
44  4  2.497803
45  4  2.497727
46  4  2.498365
47  4  2.498518
48  4  2.498398
49  4  2.498618
50  4  2.499047
51  4  2.499136
52  4  2.499388
53  4  2.498890
54  4  2.498736
55  4  2.498732
56  4  2.499032
57  4  2.499094
58  4  2.498870
59  4  2.497547
60  4  2.498584
61  4  2.498729
62  4  2.499225
63  4  2.499279
0  5  2.497335
1  5  2.496223
2  5  2.496808
3  5  2.497274
4  5  2.498152
5  5  2.498351
6  5  2.498415
7  5  2.496585
8  5  2.495790
9  5  2.494468
10  5  2.499132
11  5  2.498534
12  5  2.498622
13  5  2.499096
14  5  2.499005
15  5  2.499385
16  5  2.499506
17  5  2.498361
18  5  2.497715
19  5  2.497836
20  5  2.499257
21  5  2.499363
22  5  2.498716
23  5  2.497895
24  5  2.497239
25  5  2.496501
26  5  2.497390
27  5  2.497844
28  5  2.497780
29  5  2.496466
30  5  2.496016
31  5  2.497108
32  5  2.499061
33  5  2.499689
34  5  2.499524
35  5  2.498466
36  5  2.498224
37  5  2.497370
38  5  2.498436
39  5  2.499467
40  5  2.499272
41  5  2.498023
42  5  2.497573
43  5  2.497885
44  5  2.497817
45  5  2.497778
46  5  2.499370
47  5  2.498933
48  5  2.498471
49  5  2.498101
50  5  2.498392
51  5  2.499292
52  5  2.499385
53  5  2.499456
54  5  2.498368
55  5  2.496700
56  5  2.497102
57  5  2.498294
58  5  2.499662
59  5  2.498712
60  5  2.498454
61  5  2.497708
62  5  2.497775
63  5  2.497043
0  6  2.497731
1  6  2.496512
2  6  2.496758
3  6  2.497089
4  6  2.498419
5  6  2.498597
6  6  2.498107
7  6  2.497566
8  6  2.497006
9  6  2.497303
10  6  2.499302
11  6  2.499196
12  6  2.497982
13  6  2.496800
14  6  2.497173
15  6  2.498961
16  6  2.499391
17  6  2.498683
18  6  2.498530
19  6  2.498842
20  6  2.499410
21  6  2.499595
22  6  2.499494
23  6  2.499506
24  6  2.498977
25  6  2.498569
26  6  2.498154
27  6  2.498435
28  6  2.498300
29  6  2.499696
30  6  2.499591
31  6  2.499553
32  6  2.499544
33  6  2.499798
34  6  2.499342
35  6  2.498956
36  6  2.498721
37  6  2.498310
38  6  2.498553
39  6  2.498923
40  6  2.499363
41  6  2.499687
42  6  2.499415
43  6  2.498612
44  6  2.498288
45  6  2.498279
46  6  2.499063
47  6  2.498258
48  6  2.498109
49  6  2.497675
50  6  2.498460
51  6  2.499592
52  6  2.499346
53  6  2.498687
54  6  2.497678
55  6  2.495702
56  6  2.497473
57  6  2.498358
58  6  2.499087
59  6  2.499237
60  6  2.499199
61  6  2.497403
62  6  2.497399
63  6  2.495682
0  7  2.498727
1  7  2.497380
2  7  2.497237
3  7  2.497568
4  7  2.498573
5  7  2.499166
6  7  2.499298
7  7  2.498785
8  7  2.498111
9  7  2.498034
10  7  2.498920
11  7  2.498985
12  7  2.498424
13  7  2.497232
14  7  2.497766
15  7  2.499005
16  7  2.499813
17  7  2.498520
18  7  2.497965
19  7  2.498230
20  7  2.498691
21  7  2.499032
22  7  2.498999
23  7  2.499242
24  7  2.498607
25  7  2.498868
26  7  2.498634
27  7  2.498900
28  7  2.498517
29  7  2.499324
30  7  2.499323
31  7  2.499732
32  7  2.499199
33  7  2.498741
34  7  2.498822
35  7  2.498727
36  7  2.499057
37  7  2.498949
38  7  2.499343
39  7  2.499023
40  7  2.499654
41  7  2.499735
42  7  2.499673
43  7  2.499048
44  7  2.498771
45  7  2.498653
46  7  2.499040
47  7  2.498640
48  7  2.497603
49  7  2.497471
50  7  2.498070
51  7  2.499753
52  7  2.499036
53  7  2.498428
54  7  2.497099
55  7  2.495043
56  7  2.496878
57  7  2.497265
58  7  2.498227
59  7  2.499038
60  7  2.499141
61  7  2.497971
62  7  2.497916
63  7  2.497128
0  8  2.498622
1  8  2.498031
2  8  2.498636
3  8  2.497619
4  8  2.498328
5  8  2.498289
6  8  2.498801
7  8  2.499001
8  8  2.499555
9  8  2.499338
10  8  2.499332
11  8  2.499157
12  8  2.498179
13  8  2.498172
14  8  2.498615
15  8  2.499678
16  8  2.499862
17  8  2.498723
18  8  2.498238
19  8  2.498311
20  8  2.498253
21  8  2.498698
22  8  2.498595
23  8  2.499101
24  8  2.498974
25  8  2.499599
26  8  2.499323
27  8  2.498672
28  8  2.498421
29  8  2.498811
30  8  2.499121
31  8  2.499527
32  8  2.499098
33  8  2.498656
34  8  2.499017
35  8  2.498695
36  8  2.498956
37  8  2.499275
38  8  2.499314
39  8  2.499209
40  8  2.499308
41  8  2.499523
42  8  2.499207
43  8  2.499268
44  8  2.499096
45  8  2.498791
46  8  2.499163
47  8  2.499249
48  8  2.498589
49  8  2.498632
50  8  2.498995
51  8  2.499914
52  8  2.499285
53  8  2.498269
54  8  2.498215
55  8  2.497227
56  8  2.498048
57  8  2.498044
58  8  2.498181
59  8  2.499196
60  8  2.498705
61  8  2.498883
62  8  2.498402
63  8  2.498622
0  9  2.498881
1  9  2.499190
2  9  2.498285
3  9  2.497154
4  9  2.497328
5  9  2.498152
6  9  2.498793
7  9  2.499367
8  9  2.499722
9  9  2.499391
10  9  2.499161
11  9  2.498729
12  9  2.498568
13  9  2.498205
14  9  2.498797
15  9  2.499429
16  9  2.499740
17  9  2.499525
18  9  2.499302
19  9  2.498885
20  9  2.498494
21  9  2.498751
22  9  2.498384
23  9  2.499004
24  9  2.498401
25  9  2.498790
26  9  2.499063
27  9  2.498294
28  9  2.498805
29  9  2.498640
30  9  2.499426
31  9  2.499566
32  9  2.498925
33  9  2.498712
34  9  2.499221
35  9  2.498998
36  9  2.499047
37  9  2.499284
38  9  2.499332
39  9  2.499426
40  9  2.499337
41  9  2.499471
42  9  2.499280
43  9  2.499528
44  9  2.499405
45  9  2.499065
46  9  2.499249
47  9  2.498775
48  9  2.498325
49  9  2.498505
50  9  2.499043
51  9  2.499782
52  9  2.498347
53  9  2.497890
54  9  2.496894
55  9  2.497981
56  9  2.498633
57  9  2.498474
58  9  2.498629
59  9  2.499260
60  9  2.498983
61  9  2.499212
62  9  2.498582
63  9  2.498888
0  10  2.498603
1  10  2.498929
2  10  2.498547
3  10  2.497365
4  10  2.497493
5  10  2.498256
6  10  2.498942
7  10  2.499423
8  10  2.499585
9  10  2.499186
10  10  2.498746
11  10  2.498231
12  10  2.497738
13  10  2.498390
14  10  2.498555
15  10  2.499183
16  10  2.499531
17  10  2.499340
18  10  2.499319
19  10  2.499244
20  10  2.499415
21  10  2.499393
22  10  2.499442
23  10  2.499645
24  10  2.499204
25  10  2.498877
26  10  2.499095
27  10  2.498648
28  10  2.499067
29  10  2.498796
30  10  2.499386
31  10  2.499307
32  10  2.499440
33  10  2.499311
34  10  2.499051
35  10  2.499105
36  10  2.499026
37  10  2.499671
38  10  2.499047
39  10  2.499139
40  10  2.498771
41  10  2.499156
42  10  2.498697
43  10  2.498607
44  10  2.499228
45  10  2.498838
46  10  2.498650
47  10  2.498454
48  10  2.499124
49  10  2.499249
50  10  2.499485
51  10  2.499178
52  10  2.497089
53  10  2.497415
54  10  2.497264
55  10  2.497472
56  10  2.498275
57  10  2.498381
58  10  2.499235
59  10  2.499439
60  10  2.499138
61  10  2.498914
62  10  2.498347
63  10  2.498857
0  11  2.499248
1  11  2.499019
2  11  2.498557
3  11  2.498092
4  11  2.497288
5  11  2.498293
6  11  2.498107
7  11  2.498606
8  11  2.499002
9  11  2.498260
10  11  2.498350
11  11  2.497359
12  11  2.497180
13  11  2.498541
14  11  2.498970
15  11  2.498882
16  11  2.497607
17  11  2.497222
18  11  2.498587
19  11  2.498996
20  11  2.498779
21  11  2.498782
22  11  2.498570
23  11  2.499076
24  11  2.498918
25  11  2.498986
26  11  2.498942
27  11  2.498973
28  11  2.498813
29  11  2.498810
30  11  2.499233
31  11  2.499516
32  11  2.499638
33  11  2.499480
34  11  2.498767
35  11  2.499238
36  11  2.498691
37  11  2.499173
38  11  2.498758
39  11  2.498953
40  11  2.499161
41  11  2.499122
42  11  2.498604
43  11  2.498237
44  11  2.498643
45  11  2.498913
46  11  2.498722
47  11  2.498343
48  11  2.498441
49  11  2.499103
50  11  2.499418
51  11  2.499070
52  11  2.496475
53  11  2.496185
54  11  2.496383
55  11  2.496801
56  11  2.498234
57  11  2.498002
58  11  2.498771
59  11  2.497993
60  11  2.498601
61  11  2.498528
62  11  2.499174
63  11  2.499208
0  12  2.498816
1  12  2.498569
2  12  2.498736
3  12  2.498636
4  12  2.497622
5  12  2.497620
6  12  2.497828
7  12  2.498987
8  12  2.499068
9  12  2.498440
10  12  2.498196
11  12  2.498560
12  12  2.498365
13  12  2.498168
14  12  2.498940
15  12  2.498879
16  12  2.497354
17  12  2.497142
18  12  2.498603
19  12  2.498927
20  12  2.498268
21  12  2.498396
22  12  2.498349
23  12  2.496875
24  12  2.496685
25  12  2.497583
26  12  2.498672
27  12  2.499406
28  12  2.498959
29  12  2.499174
30  12  2.499343
31  12  2.499621
32  12  2.499615
33  12  2.499592
34  12  2.498962
35  12  2.498660
36  12  2.498092
37  12  2.499343
38  12  2.498401
39  12  2.498141
40  12  2.498855
41  12  2.498955
42  12  2.498781
43  12  2.499015
44  12  2.499235
45  12  2.499221
46  12  2.498672
47  12  2.498228
48  12  2.497733
49  12  2.497852
50  12  2.498307
51  12  2.499143
52  12  2.498670
53  12  2.498369
54  12  2.498076
55  12  2.497427
56  12  2.497534
57  12  2.497667
58  12  2.498532
59  12  2.498037
60  12  2.498951
61  12  2.498553
62  12  2.498397
63  12  2.498265
0  13  2.499074
1  13  2.498463
2  13  2.498928
3  13  2.498281
4  13  2.497447
5  13  2.497765
6  13  2.497712
7  13  2.498459
8  13  2.498449
9  13  2.497276
10  13  2.497928
11  13  2.498493
12  13  2.499087
13  13  2.497670
14  13  2.497732
15  13  2.496559
16  13  2.496620
17  13  2.496567
18  13  2.497397
19  13  2.498544
20  13  2.498463
21  13  2.498997
22  13  2.499147
23  13  2.497758
24  13  2.497252
25  13  2.497844
26  13  2.498221
27  13  2.499166
28  13  2.498904
29  13  2.498415
30  13  2.498856
31  13  2.499096
32  13  2.499459
33  13  2.499443
34  13  2.498892
35  13  2.498560
36  13  2.498457
37  13  2.499392
38  13  2.498631
39  13  2.497755
40  13  2.498268
41  13  2.497732
42  13  2.498511
43  13  2.498702
44  13  2.498855
45  13  2.499377
46  13  2.498954
47  13  2.498541
48  13  2.497811
49  13  2.497812
50  13  2.498378
51  13  2.499424
52  13  2.499432
53  13  2.499569
54  13  2.499089
55  13  2.498734
56  13  2.498771
57  13  2.498651
58  13  2.498669
59  13  2.497162
60  13  2.498670
61  13  2.498568
62  13  2.498295
63  13  2.498507
0  14  2.498415
1  14  2.498204
2  14  2.499041
3  14  2.498174
4  14  2.498129
5  14  2.498676
6  14  2.498920
7  14  2.499340
8  14  2.499033
9  14  2.498121
10  14  2.498107
11  14  2.497451
12  14  2.497607
13  14  2.496369
14  14  2.496687
15  14  2.498051
16  14  2.496961
17  14  2.498008
18  14  2.497697
19  14  2.499043
20  14  2.498988
21  14  2.499347
22  14  2.499802
23  14  2.496747
24  14  2.496077
25  14  2.496075
26  14  2.498052
27  14  2.498489
28  14  2.497880
29  14  2.498263
30  14  2.498134
31  14  2.498845
32  14  2.499326
33  14  2.499257
34  14  2.499052
35  14  2.498765
36  14  2.498956
37  14  2.499271
38  14  2.498970
39  14  2.498066
40  14  2.498088
41  14  2.497400
42  14  2.498369
43  14  2.498241
44  14  2.498935
45  14  2.498752
46  14  2.498414
47  14  2.498272
48  14  2.498395
49  14  2.499075
50  14  2.499106
51  14  2.498132
52  14  2.497982
53  14  2.498214
54  14  2.498244
55  14  2.498966
56  14  2.499454
57  14  2.499563
58  14  2.499497
59  14  2.498577
60  14  2.498834
61  14  2.498703
62  14  2.497915
63  14  2.497947
0  15  2.499179
1  15  2.498168
2  15  2.497824
3  15  2.497352
4  15  2.498672
5  15  2.499403
6  15  2.499540
7  15  2.499407
8  15  2.499111
9  15  2.498262
10  15  2.498140
11  15  2.497609
12  15  2.498386
13  15  2.496037
14  15  2.495091
15  15  2.497261
16  15  2.496473
17  15  2.497929
18  15  2.498980
19  15  2.499345
20  15  2.499372
21  15  2.499637
22  15  2.499677
23  15  2.498888
24  15  2.498571
25  15  2.497936
26  15  2.499065
27  15  2.499103
28  15  2.498591
29  15  2.498908
30  15  2.497765
31  15  2.498776
32  15  2.499112
33  15  2.499092
34  15  2.498892
35  15  2.499401
36  15  2.499736
37  15  2.498543
38  15  2.498506
39  15  2.498426
40  15  2.499000
41  15  2.497709
42  15  2.497481
43  15  2.496972
44  15  2.498775
45  15  2.498920
46  15  2.498471
47  15  2.498377
48  15  2.496514
49  15  2.497194
50  15  2.497792
51  15  2.497890
52  15  2.498439
53  15  2.498241
54  15  2.498028
55  15  2.498973
56  15  2.498920
57  15  2.499164
58  15  2.499175
59  15  2.498430
60  15  2.498573
61  15  2.498464
62  15  2.498774
63  15  2.498942
0  16  2.498576
1  16  2.498744
2  16  2.498789
3  16  2.498424
4  16  2.498998
5  16  2.499385
6  16  2.499554
7  16  2.499647
8  16  2.499449
9  16  2.499344
10  16  2.498807
11  16  2.498663
12  16  2.498814
13  16  2.497813
14  16  2.496991
15  16  2.497468
16  16  2.496420
17  16  2.497817
18  16  2.498586
19  16  2.499429
20  16  2.499279
21  16  2.499408
22  16  2.499430
23  16  2.498861
24  16  2.498932
25  16  2.497929
26  16  2.499180
27  16  2.498659
28  16  2.498491
29  16  2.498729
30  16  2.498541
31  16  2.499403
32  16  2.499592
33  16  2.499249
34  16  2.499141
35  16  2.499607
36  16  2.499838
37  16  2.498317
38  16  2.498344
39  16  2.499018
40  16  2.499289
41  16  2.498419
42  16  2.497688
43  16  2.496965
44  16  2.497970
45  16  2.497967
46  16  2.499147
47  16  2.499358
48  16  2.496155
49  16  2.496829
50  16  2.497813
51  16  2.497935
52  16  2.499365
53  16  2.498376
54  16  2.498063
55  16  2.499063
56  16  2.498898
57  16  2.499085
58  16  2.498618
59  16  2.498679
60  16  2.499140
61  16  2.499031
62  16  2.498254
63  16  2.497943
0  17  2.499023
1  17  2.499103
2  17  2.497581
3  17  2.497218
4  17  2.497363
5  17  2.499172
6  17  2.499258
7  17  2.499227
8  17  2.499435
9  17  2.499339
10  17  2.499520
11  17  2.499439
12  17  2.499155
13  17  2.498456
14  17  2.498362
15  17  2.497879
16  17  2.497304
17  17  2.497883
18  17  2.498288
19  17  2.498858
20  17  2.498688
21  17  2.498179
22  17  2.498617
23  17  2.499123
24  17  2.499050
25  17  2.499178
26  17  2.499342
27  17  2.499143
28  17  2.499007
29  17  2.498860
30  17  2.497915
31  17  2.498899
32  17  2.499193
33  17  2.499444
34  17  2.499367
35  17  2.499420
36  17  2.499701
37  17  2.498086
38  17  2.498386
39  17  2.499197
40  17  2.499203
41  17  2.498817
42  17  2.498345
43  17  2.497698
44  17  2.497541
45  17  2.497669
46  17  2.499307
47  17  2.499306
48  17  2.496344
49  17  2.496835
50  17  2.497739
51  17  2.498562
52  17  2.499164
53  17  2.498931
54  17  2.499237
55  17  2.499712
56  17  2.499679
57  17  2.499096
58  17  2.498652
59  17  2.498413
60  17  2.498690
61  17  2.498081
62  17  2.497950
63  17  2.498421
0  18  2.498818
1  18  2.499321
2  18  2.497971
3  18  2.497836
4  18  2.498052
5  18  2.499020
6  18  2.499043
7  18  2.498961
8  18  2.498894
9  18  2.498872
10  18  2.499197
11  18  2.499348
12  18  2.499527
13  18  2.499379
14  18  2.499418
15  18  2.498922
16  18  2.498190
17  18  2.498256
18  18  2.497680
19  18  2.498527
20  18  2.498600
21  18  2.497795
22  18  2.498060
23  18  2.498659
24  18  2.499154
25  18  2.498868
26  18  2.498476
27  18  2.498525
28  18  2.499197
29  18  2.499506
30  18  2.498982
31  18  2.499087
32  18  2.499354
33  18  2.499746
34  18  2.499739
35  18  2.499550
36  18  2.499376
37  18  2.498314
38  18  2.498668
39  18  2.499064
40  18  2.499141
41  18  2.498851
42  18  2.498986
43  18  2.496756
44  18  2.496622
45  18  2.497148
46  18  2.499447
47  18  2.498785
48  18  2.498524
49  18  2.499195
50  18  2.498713
51  18  2.498717
52  18  2.499184
53  18  2.499336
54  18  2.498995
55  18  2.498670
56  18  2.498946
57  18  2.497752
58  18  2.499002
59  18  2.498917
60  18  2.499352
61  18  2.498276
62  18  2.497695
63  18  2.498106
0  19  2.498691
1  19  2.499264
2  19  2.497979
3  19  2.497833
4  19  2.498177
5  19  2.498694
6  19  2.498605
7  19  2.498811
8  19  2.498882
9  19  2.498878
10  19  2.499177
11  19  2.499473
12  19  2.499648
13  19  2.499349
14  19  2.499382
15  19  2.499415
16  19  2.498490
17  19  2.497940
18  19  2.496770
19  19  2.497388
20  19  2.497336
21  19  2.497679
22  19  2.497602
23  19  2.498027
24  19  2.498361
25  19  2.498514
26  19  2.497966
27  19  2.498491
28  19  2.498851
29  19  2.499655
30  19  2.498667
31  19  2.498782
32  19  2.499190
33  19  2.499764
34  19  2.499803
35  19  2.499605
36  19  2.499488
37  19  2.497874
38  19  2.498522
39  19  2.498680
40  19  2.499646
41  19  2.499547
42  19  2.499517
43  19  2.498370
44  19  2.497998
45  19  2.497754
46  19  2.497185
47  19  2.497384
48  19  2.498340
49  19  2.499627
50  19  2.498711
51  19  2.498675
52  19  2.498637
53  19  2.498973
54  19  2.498521
55  19  2.498209
56  19  2.497456
57  19  2.496541
58  19  2.497404
59  19  2.498148
60  19  2.498857
61  19  2.498623
62  19  2.497658
63  19  2.498011
0  20  2.497611
1  20  2.498865
2  20  2.499088
3  20  2.499397
4  20  2.498737
5  20  2.498363
6  20  2.498407
7  20  2.498703
8  20  2.498631
9  20  2.498524
10  20  2.498988
11  20  2.499339
12  20  2.499618
13  20  2.499576
14  20  2.499241
15  20  2.498977
16  20  2.498679
17  20  2.498667
18  20  2.498983
19  20  2.499128
20  20  2.498426
21  20  2.498039
22  20  2.498193
23  20  2.499265
24  20  2.498530
25  20  2.498056
26  20  2.497568
27  20  2.498113
28  20  2.498628
29  20  2.499177
30  20  2.499277
31  20  2.499318
32  20  2.499554
33  20  2.499824
34  20  2.499568
35  20  2.499587
36  20  2.499267
37  20  2.498426
38  20  2.498076
39  20  2.497906
40  20  2.499293
41  20  2.499667
42  20  2.499716
43  20  2.497918
44  20  2.497652
45  20  2.495895
46  20  2.496498
47  20  2.496181
48  20  2.497867
49  20  2.499158
50  20  2.498849
51  20  2.498514
52  20  2.498174
53  20  2.498146
54  20  2.497613
55  20  2.497694
56  20  2.496661
57  20  2.495438
58  20  2.495486
59  20  2.497345
60  20  2.499175
61  20  2.499405
62  20  2.498111
63  20  2.497543
0  21  2.497124
1  21  2.498043
2  21  2.498239
3  21  2.496773
4  21  2.494943
5  21  2.495180
6  21  2.497999
7  21  2.498864
8  21  2.499045
9  21  2.499077
10  21  2.498562
11  21  2.498376
12  21  2.499359
13  21  2.499687
14  21  2.499009
15  21  2.498808
16  21  2.498204
17  21  2.498771
18  21  2.498896
19  21  2.498474
20  21  2.498261
21  21  2.497769
22  21  2.497043
23  21  2.499063
24  21  2.497375
25  21  2.497418
26  21  2.497256
27  21  2.498191
28  21  2.498545
29  21  2.498604
30  21  2.498919
31  21  2.499125
32  21  2.499591
33  21  2.499603
34  21  2.499311
35  21  2.499212
36  21  2.499215
37  21  2.497220
38  21  2.496825
39  21  2.496189
40  21  2.497935
41  21  2.498197
42  21  2.498901
43  21  2.499081
44  21  2.499201
45  21  2.497761
46  21  2.498365
47  21  2.496653
48  21  2.497571
49  21  2.498746
50  21  2.498934
51  21  2.499343
52  21  2.499344
53  21  2.499007
54  21  2.498771
55  21  2.498795
56  21  2.496998
57  21  2.497400
58  21  2.496670
59  21  2.498652
60  21  2.498723
61  21  2.498488
62  21  2.497653
63  21  2.497422
0  22  2.497721
1  22  2.497759
2  22  2.498116
3  22  2.497136
4  22  2.495409
5  22  2.495046
6  22  2.497755
7  22  2.499037
8  22  2.499386
9  22  2.499273
10  22  2.498166
11  22  2.497908
12  22  2.498329
13  22  2.499336
14  22  2.498489
15  22  2.498078
16  22  2.498047
17  22  2.498698
18  22  2.499273
19  22  2.498981
20  22  2.498375
21  22  2.498008
22  22  2.497344
23  22  2.498786
24  22  2.498950
25  22  2.499161
26  22  2.499187
27  22  2.498319
28  22  2.498878
29  22  2.498677
30  22  2.499072
31  22  2.499351
32  22  2.499268
33  22  2.499242
34  22  2.498912
35  22  2.498958
36  22  2.498641
37  22  2.497326
38  22  2.497546
39  22  2.496884
40  22  2.497260
41  22  2.497656
42  22  2.498484
43  22  2.499220
44  22  2.499303
45  22  2.497988
46  22  2.497911
47  22  2.496604
48  22  2.498984
49  22  2.499304
50  22  2.499159
51  22  2.499110
52  22  2.499249
53  22  2.499428
54  22  2.498728
55  22  2.498716
56  22  2.498277
57  22  2.499208
58  22  2.498069
59  22  2.498526
60  22  2.498669
61  22  2.498969
62  22  2.498870
63  22  2.498524
0  23  2.498544
1  23  2.497698
2  23  2.498276
3  23  2.496314
4  23  2.495341
5  23  2.495023
6  23  2.497686
7  23  2.499167
8  23  2.499079
9  23  2.498939
10  23  2.498743
11  23  2.499050
12  23  2.498946
13  23  2.498934
14  23  2.498438
15  23  2.497880
16  23  2.497489
17  23  2.498137
18  23  2.498728
19  23  2.498854
20  23  2.498322
21  23  2.498410
22  23  2.498188
23  23  2.498702
24  23  2.498721
25  23  2.499013
26  23  2.499156
27  23  2.498753
28  23  2.499070
29  23  2.498171
30  23  2.498439
31  23  2.498662
32  23  2.499020
33  23  2.499023
34  23  2.499311
35  23  2.499024
36  23  2.498898
37  23  2.496674
38  23  2.496927
39  23  2.496856
40  23  2.497105
41  23  2.497381
42  23  2.498088
43  23  2.498561
44  23  2.498910
45  23  2.498569
46  23  2.498520
47  23  2.498052
48  23  2.499382
49  23  2.498636
50  23  2.498768
51  23  2.499187
52  23  2.499524
53  23  2.499600
54  23  2.499373
55  23  2.498657
56  23  2.498260
57  23  2.498869
58  23  2.498693
59  23  2.499749
60  23  2.499348
61  23  2.498652
62  23  2.498476
63  23  2.498961
0  24  2.498801
1  24  2.499001
2  24  2.498816
3  24  2.498094
4  24  2.497362
5  24  2.498339
6  24  2.499000
7  24  2.498440
8  24  2.498027
9  24  2.498080
10  24  2.498743
11  24  2.499229
12  24  2.498715
13  24  2.498848
14  24  2.499317
15  24  2.499359
16  24  2.498870
17  24  2.498495
18  24  2.498494
19  24  2.498248
20  24  2.498712
21  24  2.499002
22  24  2.499575
23  24  2.499730
24  24  2.499424
25  24  2.499367
26  24  2.499473
27  24  2.499532
28  24  2.499767
29  24  2.499129
30  24  2.498981
31  24  2.498857
32  24  2.499210
33  24  2.498585
34  24  2.498587
35  24  2.498760
36  24  2.498645
37  24  2.498737
38  24  2.498588
39  24  2.499093
40  24  2.498613
41  24  2.498654
42  24  2.498397
43  24  2.499160
44  24  2.499048
45  24  2.498987
46  24  2.498544
47  24  2.498752
48  24  2.499100
49  24  2.498574
50  24  2.498778
51  24  2.499461
52  24  2.499253
53  24  2.499544
54  24  2.499445
55  24  2.498321
56  24  2.498006
57  24  2.498361
58  24  2.499310
59  24  2.499496
60  24  2.499092
61  24  2.497857
62  24  2.498041
63  24  2.497730
0  25  2.499040
1  25  2.497646
2  25  2.497893
3  25  2.498668
4  25  2.499621
5  25  2.498932
6  25  2.498777
7  25  2.498148
8  25  2.498244
9  25  2.498770
10  25  2.499155
11  25  2.499400
12  25  2.499008
13  25  2.498631
14  25  2.499273
15  25  2.499499
16  25  2.498226
17  25  2.498259
18  25  2.498176
19  25  2.498551
20  25  2.499039
21  25  2.499361
22  25  2.499581
23  25  2.499628
24  25  2.499585
25  25  2.499458
26  25  2.499323
27  25  2.499405
28  25  2.499099
29  25  2.498710
30  25  2.498401
31  25  2.498873
32  25  2.499413
33  25  2.498877
34  25  2.498829
35  25  2.498885
36  25  2.499162
37  25  2.499327
38  25  2.499231
39  25  2.499155
40  25  2.498926
41  25  2.499183
42  25  2.499132
43  25  2.499683
44  25  2.499760
45  25  2.499470
46  25  2.497792
47  25  2.497848
48  25  2.498056
49  25  2.498055
50  25  2.498082
51  25  2.498944
52  25  2.498770
53  25  2.499081
54  25  2.499709
55  25  2.497912
56  25  2.497478
57  25  2.497599
58  25  2.498964
59  25  2.499381
60  25  2.498893
61  25  2.497631
62  25  2.498709
63  25  2.498151
0  26  2.499104
1  26  2.497643
2  26  2.497962
3  26  2.498729
4  26  2.499683
5  26  2.498533
6  26  2.498403
7  26  2.498311
8  26  2.498893
9  26  2.499364
10  26  2.498039
11  26  2.498253
12  26  2.496752
13  26  2.498245
14  26  2.499619
15  26  2.499552
16  26  2.498708
17  26  2.498289
18  26  2.498397
19  26  2.499010
20  26  2.499352
21  26  2.499207
22  26  2.499218
23  26  2.499237
24  26  2.498681
25  26  2.497346
26  26  2.497345
27  26  2.497926
28  26  2.498718
29  26  2.499010
30  26  2.499485
31  26  2.499549
32  26  2.499493
33  26  2.498747
34  26  2.498363
35  26  2.497442
36  26  2.497528
37  26  2.497869
38  26  2.499100
39  26  2.499427
40  26  2.499397
41  26  2.499317
42  26  2.499233
43  26  2.498675
44  26  2.499029
45  26  2.499005
46  26  2.498012
47  26  2.498057
48  26  2.497683
49  26  2.498390
50  26  2.497141
51  26  2.498940
52  26  2.498865
53  26  2.497473
54  26  2.497871
55  26  2.496771
56  26  2.497198
57  26  2.497429
58  26  2.498472
59  26  2.498805
60  26  2.498980
61  26  2.497533
62  26  2.498657
63  26  2.498348
0  27  2.498935
1  27  2.497682
2  27  2.498112
3  27  2.498826
4  27  2.499401
5  27  2.498819
6  27  2.498603
7  27  2.499015
8  27  2.499376
9  27  2.499435
10  27  2.497865
11  27  2.497811
12  27  2.496840
13  27  2.498411
14  27  2.499483
15  27  2.499397
16  27  2.499078
17  27  2.498897
18  27  2.498917
19  27  2.499328
20  27  2.499531
21  27  2.498988
22  27  2.498990
23  27  2.498744
24  27  2.498718
25  27  2.497873
26  27  2.497967
27  27  2.496971
28  27  2.497475
29  27  2.498216
30  27  2.499639
31  27  2.499635
32  27  2.499522
33  27  2.499108
34  27  2.497049
35  27  2.496432
36  27  2.496395
37  27  2.497657
38  27  2.498753
39  27  2.498654
40  27  2.498416
41  27  2.499372
42  27  2.499354
43  27  2.498180
44  27  2.498435
45  27  2.498474
46  27  2.498481
47  27  2.498375
48  27  2.497776
49  27  2.498660
50  27  2.496692
51  27  2.497601
52  27  2.498211
53  27  2.496781
54  27  2.496970
55  27  2.497379
56  27  2.498079
57  27  2.497975
58  27  2.498390
59  27  2.498636
60  27  2.499004
61  27  2.498266
62  27  2.498815
63  27  2.498880
0  28  2.499320
1  28  2.499398
2  28  2.499365
3  28  2.499763
4  28  2.499363
5  28  2.498981
6  28  2.498955
7  28  2.498853
8  28  2.499175
9  28  2.499197
10  28  2.497889
11  28  2.497725
12  28  2.497210
13  28  2.499063
14  28  2.499576
15  28  2.499577
16  28  2.499222
17  28  2.499088
18  28  2.498993
19  28  2.499543
20  28  2.499492
21  28  2.498672
22  28  2.498696
23  28  2.498410
24  28  2.498897
25  28  2.498131
26  28  2.498899
27  28  2.497695
28  28  2.497940
29  28  2.498109
30  28  2.499455
31  28  2.499666
32  28  2.499133
33  28  2.498714
34  28  2.498274
35  28  2.498556
36  28  2.498500
37  28  2.498831
38  28  2.499351
39  28  2.498820
40  28  2.498549
41  28  2.499342
42  28  2.499290
43  28  2.499215
44  28  2.499296
45  28  2.499409
46  28  2.499604
47  28  2.499446
48  28  2.499147
49  28  2.499081
50  28  2.497380
51  28  2.497167
52  28  2.497304
53  28  2.497562
54  28  2.497046
55  28  2.497365
56  28  2.497575
57  28  2.498589
58  28  2.499271
59  28  2.498524
60  28  2.498963
61  28  2.498848
62  28  2.499048
63  28  2.499004
0  29  2.498538
1  29  2.499259
2  29  2.499373
3  29  2.499614
4  29  2.499352
5  29  2.499102
6  29  2.499235
7  29  2.499071
8  29  2.499535
9  29  2.499549
10  29  2.499256
11  29  2.499485
12  29  2.499514
13  29  2.499728
14  29  2.499622
15  29  2.499604
16  29  2.498833
17  29  2.498843
18  29  2.498818
19  29  2.499414
20  29  2.499508
21  29  2.499154
22  29  2.499171
23  29  2.498426
24  29  2.498020
25  29  2.498040
26  29  2.499238
27  29  2.499027
28  29  2.499000
29  29  2.498837
30  29  2.498965
31  29  2.498976
32  29  2.499132
33  29  2.498802
34  29  2.498208
35  29  2.498082
36  29  2.498426
37  29  2.498754
38  29  2.498849
39  29  2.498675
40  29  2.499035
41  29  2.499534
42  29  2.499309
43  29  2.499101
44  29  2.499226
45  29  2.499323
46  29  2.499597
47  29  2.499250
48  29  2.499137
49  29  2.499043
50  29  2.498420
51  29  2.497609
52  29  2.497074
53  29  2.498371
54  29  2.496754
55  29  2.495607
56  29  2.495687
57  29  2.497724
58  29  2.499292
59  29  2.498587
60  29  2.498808
61  29  2.498728
62  29  2.498592
63  29  2.498446
0  30  2.498533
1  30  2.499133
2  30  2.499297
3  30  2.499479
4  30  2.499536
5  30  2.498413
6  30  2.498097
7  30  2.497497
8  30  2.497840
9  30  2.498523
10  30  2.498507
11  30  2.499073
12  30  2.499269
13  30  2.499874
14  30  2.499377
15  30  2.499418
16  30  2.498237
17  30  2.497782
18  30  2.497560
19  30  2.499015
20  30  2.499121
21  30  2.499077
22  30  2.498888
23  30  2.498183
24  30  2.497143
25  30  2.497169
26  30  2.498102
27  30  2.498044
28  30  2.498652
29  30  2.497989
30  30  2.498312
31  30  2.498604
32  30  2.499178
33  30  2.498940
34  30  2.498829
35  30  2.498799
36  30  2.499103
37  30  2.498709
38  30  2.498024
39  30  2.498386
40  30  2.498768
41  30  2.499400
42  30  2.499038
43  30  2.498896
44  30  2.499011
45  30  2.499268
46  30  2.499242
47  30  2.499241
48  30  2.498865
49  30  2.498633
50  30  2.498650
51  30  2.498652
52  30  2.499107
53  30  2.499042
54  30  2.497544
55  30  2.497487
56  30  2.496717
57  30  2.497516
58  30  2.498165
59  30  2.497919
60  30  2.498658
61  30  2.498608
62  30  2.499321
63  30  2.498662
0  31  2.498594
1  31  2.498956
2  31  2.499222
3  31  2.499410
4  31  2.499139
5  31  2.498079
6  31  2.497926
7  31  2.498032
8  31  2.497784
9  31  2.498168
10  31  2.498312
11  31  2.498824
12  31  2.499054
13  31  2.499106
14  31  2.499092
15  31  2.499301
16  31  2.498682
17  31  2.497860
18  31  2.497531
19  31  2.498094
20  31  2.498619
21  31  2.498806
22  31  2.499172
23  31  2.498420
24  31  2.497171
25  31  2.497149
26  31  2.498172
27  31  2.498746
28  31  2.498908
29  31  2.498221
30  31  2.498427
31  31  2.498560
32  31  2.499503
33  31  2.499577
34  31  2.499337
35  31  2.498759
36  31  2.498765
37  31  2.498124
38  31  2.498393
39  31  2.498849
40  31  2.499083
41  31  2.499787
42  31  2.499391
43  31  2.499073
44  31  2.499102
45  31  2.499295
46  31  2.499310
47  31  2.498933
48  31  2.498808
49  31  2.498492
50  31  2.498677
51  31  2.498602
52  31  2.499484
53  31  2.499423
54  31  2.497958
55  31  2.497355
56  31  2.496969
57  31  2.497713
58  31  2.498214
59  31  2.498960
60  31  2.498946
61  31  2.498767
62  31  2.498927
63  31  2.498595
0  32  2.498236
1  32  2.497881
2  32  2.498706
3  32  2.498982
4  32  2.498638
5  32  2.498230
6  32  2.498112
7  32  2.498299
8  32  2.497292
9  32  2.497757
10  32  2.498173
11  32  2.498460
12  32  2.499059
13  32  2.499199
14  32  2.499371
15  32  2.499377
16  32  2.499235
17  32  2.498300
18  32  2.497867
19  32  2.498499
20  32  2.498852
21  32  2.499192
22  32  2.499326
23  32  2.499190
24  32  2.499080
25  32  2.498517
26  32  2.498290
27  32  2.498361
28  32  2.498536
29  32  2.498305
30  32  2.498596
31  32  2.498787
32  32  2.498985
33  32  2.499267
34  32  2.499099
35  32  2.498641
36  32  2.498567
37  32  2.497664
38  32  2.498771
39  32  2.498900
40  32  2.498946
41  32  2.498702
42  32  2.498621
43  32  2.498469
44  32  2.498984
45  32  2.499107
46  32  2.499061
47  32  2.498905
48  32  2.498965
49  32  2.498701
50  32  2.498915
51  32  2.499096
52  32  2.499588
53  32  2.499670
54  32  2.498890
55  32  2.498736
56  32  2.498303
57  32  2.498270
58  32  2.498347
59  32  2.499355
60  32  2.499217
61  32  2.498847
62  32  2.498920
63  32  2.498098
0  33  2.497190
1  33  2.496973
2  33  2.498798
3  33  2.498864
4  33  2.498436
5  33  2.498538
6  33  2.497568
7  33  2.498611
8  33  2.498752
9  33  2.498850
10  33  2.498983
11  33  2.498740
12  33  2.498966
13  33  2.498763
14  33  2.499385
15  33  2.499350
16  33  2.498786
17  33  2.498522
18  33  2.498658
19  33  2.498469
20  33  2.498543
21  33  2.498054
22  33  2.498377
23  33  2.498803
24  33  2.499540
25  33  2.499678
26  33  2.499454
27  33  2.499461
28  33  2.498801
29  33  2.498961
30  33  2.499344
31  33  2.499321
32  33  2.499047
33  33  2.499111
34  33  2.499082
35  33  2.499465
36  33  2.499395
37  33  2.498350
38  33  2.498980
39  33  2.499219
40  33  2.499376
41  33  2.498420
42  33  2.498602
43  33  2.499052
44  33  2.499466
45  33  2.499442
46  33  2.499482
47  33  2.499492
48  33  2.499433
49  33  2.498942
50  33  2.499394
51  33  2.499328
52  33  2.499592
53  33  2.499673
54  33  2.498312
55  33  2.497936
56  33  2.498595
57  33  2.499167
58  33  2.499356
59  33  2.496713
60  33  2.496214
61  33  2.496819
62  33  2.496724
63  33  2.495907
0  34  2.495463
1  34  2.496852
2  34  2.498554
3  34  2.498420
4  34  2.498887
5  34  2.499313
6  34  2.497728
7  34  2.498630
8  34  2.498929
9  34  2.498353
10  34  2.498332
11  34  2.498161
12  34  2.499345
13  34  2.498281
14  34  2.498404
15  34  2.498231
16  34  2.498439
17  34  2.498441
18  34  2.498097
19  34  2.499161
20  34  2.498410
21  34  2.498024
22  34  2.497876
23  34  2.498775
24  34  2.498929
25  34  2.498994
26  34  2.499018
27  34  2.499603
28  34  2.499186
29  34  2.499101
30  34  2.499017
31  34  2.498619
32  34  2.498757
33  34  2.498816
34  34  2.499429
35  34  2.499332
36  34  2.498755
37  34  2.497870
38  34  2.498343
39  34  2.498563
40  34  2.498716
41  34  2.498356
42  34  2.498460
43  34  2.498525
44  34  2.499402
45  34  2.499352
46  34  2.498812
47  34  2.498773
48  34  2.498904
49  34  2.498888
50  34  2.499278
51  34  2.498436
52  34  2.498328
53  34  2.498600
54  34  2.497881
55  34  2.498009
56  34  2.498214
57  34  2.498519
58  34  2.498494
59  34  2.497346
60  34  2.497499
61  34  2.497747
62  34  2.496222
63  34  2.494411
0  35  2.493872
1  35  2.495409
2  35  2.498909
3  35  2.499011
4  35  2.499080
5  35  2.499027
6  35  2.497663
7  35  2.499180
8  35  2.499634
9  35  2.498804
10  35  2.498543
11  35  2.498220
12  35  2.499109
13  35  2.498343
14  35  2.498521
15  35  2.497855
16  35  2.497988
17  35  2.497987
18  35  2.498448
19  35  2.499124
20  35  2.497711
21  35  2.498639
22  35  2.498613
23  35  2.498723
24  35  2.499064
25  35  2.498843
26  35  2.498917
27  35  2.499305
28  35  2.499712
29  35  2.499385
30  35  2.499099
31  35  2.498254
32  35  2.498653
33  35  2.498885
34  35  2.499405
35  35  2.499213
36  35  2.498823
37  35  2.498579
38  35  2.498127
39  35  2.498466
40  35  2.498660
41  35  2.499482
42  35  2.499528
43  35  2.499465
44  35  2.499552
45  35  2.499421
46  35  2.498804
47  35  2.498757
48  35  2.498975
49  35  2.498395
50  35  2.497640
51  35  2.497826
52  35  2.498366
53  35  2.497739
54  35  2.498282
55  35  2.498190
56  35  2.498281
57  35  2.498436
58  35  2.498003
59  35  2.496526
60  35  2.496501
61  35  2.498054
62  35  2.496506
63  35  2.493922
0  36  2.499358
1  36  2.497876
2  36  2.498829
3  36  2.499058
4  36  2.499482
5  36  2.499534
6  36  2.499203
7  36  2.499720
8  36  2.499487
9  36  2.498859
10  36  2.498731
11  36  2.498531
12  36  2.499162
13  36  2.497873
14  36  2.498366
15  36  2.497468
16  36  2.498361
17  36  2.498402
18  36  2.498935
19  36  2.498870
20  36  2.497526
21  36  2.498575
22  36  2.498245
23  36  2.498599
24  36  2.499136
25  36  2.499045
26  36  2.499153
27  36  2.499085
28  36  2.498639
29  36  2.498890
30  36  2.498299
31  36  2.497978
32  36  2.498247
33  36  2.498713
34  36  2.499402
35  36  2.498999
36  36  2.498593
37  36  2.498382
38  36  2.497885
39  36  2.498005
40  36  2.497930
41  36  2.499032
42  36  2.499050
43  36  2.498924
44  36  2.498558
45  36  2.498899
46  36  2.498388
47  36  2.498568
48  36  2.498372
49  36  2.498890
50  36  2.497667
51  36  2.496962
52  36  2.496840
53  36  2.496650
54  36  2.498289
55  36  2.498778
56  36  2.498469
57  36  2.498566
58  36  2.498035
59  36  2.498199
60  36  2.497731
61  36  2.498714
62  36  2.499328
63  36  2.499253
0  37  2.497967
1  37  2.497761
2  37  2.498225
3  37  2.499159
4  37  2.499430
5  37  2.499094
6  37  2.498799
7  37  2.498800
8  37  2.499483
9  37  2.499529
10  37  2.499079
11  37  2.498347
12  37  2.498715
13  37  2.499099
14  37  2.499666
15  37  2.499083
16  37  2.498988
17  37  2.499119
18  37  2.499637
19  37  2.498961
20  37  2.497866
21  37  2.497528
22  37  2.497387
23  37  2.498331
24  37  2.499306
25  37  2.499032
26  37  2.499323
27  37  2.498802
28  37  2.497741
29  37  2.498543
30  37  2.498828
31  37  2.498304
32  37  2.498218
33  37  2.498562
34  37  2.498981
35  37  2.499000
36  37  2.498070
37  37  2.498423
38  37  2.498587
39  37  2.498987
40  37  2.498744
41  37  2.499139
42  37  2.499055
43  37  2.498917
44  37  2.498507
45  37  2.499009
46  37  2.499477
47  37  2.499306
48  37  2.498607
49  37  2.498572
50  37  2.498288
51  37  2.497887
52  37  2.497932
53  37  2.498462
54  37  2.498957
55  37  2.499198
56  37  2.499172
57  37  2.498802
58  37  2.498642
59  37  2.498519
60  37  2.498787
61  37  2.499201
62  37  2.499039
63  37  2.498169
0  38  2.497176
1  38  2.498125
2  38  2.497760
3  38  2.498805
4  38  2.498967
5  38  2.498685
6  38  2.498991
7  38  2.498775
8  38  2.499414
9  38  2.499425
10  38  2.499142
11  38  2.499196
12  38  2.498871
13  38  2.498915
14  38  2.499481
15  38  2.499291
16  38  2.499277
17  38  2.498886
18  38  2.499317
19  38  2.498059
20  38  2.498201
21  38  2.497708
22  38  2.498669
23  38  2.499006
24  38  2.499116
25  38  2.499273
26  38  2.499476
27  38  2.499191
28  38  2.496956
29  38  2.497738
30  38  2.499035
31  38  2.498616
32  38  2.498295
33  38  2.499345
34  38  2.498728
35  38  2.498613
36  38  2.498393
37  38  2.498592
38  38  2.498697
39  38  2.498872
40  38  2.498409
41  38  2.499082
42  38  2.498546
43  38  2.498823
44  38  2.498001
45  38  2.498681
46  38  2.499392
47  38  2.498783
48  38  2.498728
49  38  2.498775
50  38  2.499345
51  38  2.498081
52  38  2.497935
53  38  2.498336
54  38  2.498936
55  38  2.499526
56  38  2.499556
57  38  2.499177
58  38  2.498789
59  38  2.498744
60  38  2.498521
61  38  2.498853
62  38  2.498008
63  38  2.497941
0  39  2.497112
1  39  2.498023
2  39  2.497796
3  39  2.498787
4  39  2.498977
5  39  2.498738
6  39  2.499256
7  39  2.498525
8  39  2.499030
9  39  2.498595
10  39  2.497398
11  39  2.496386
12  39  2.496867
13  39  2.498150
14  39  2.499125
15  39  2.498988
16  39  2.499048
17  39  2.498477
18  39  2.498712
19  39  2.498157
20  39  2.498998
21  39  2.498873
22  39  2.499284
23  39  2.498892
24  39  2.498703
25  39  2.498989
26  39  2.499449
27  39  2.499475
28  39  2.497645
29  39  2.497646
30  39  2.499014
31  39  2.497710
32  39  2.498304
33  39  2.499058
34  39  2.498708
35  39  2.498830
36  39  2.498122
37  39  2.498282
38  39  2.498369
39  39  2.499711
40  39  2.498695
41  39  2.499129
42  39  2.499062
43  39  2.497934
44  39  2.497163
45  39  2.497768
46  39  2.499300
47  39  2.498723
48  39  2.498420
49  39  2.498299
50  39  2.498633
51  39  2.498566
52  39  2.499258
53  39  2.499703
54  39  2.499748
55  39  2.499557
56  39  2.499562
57  39  2.499377
58  39  2.498744
59  39  2.498872
60  39  2.498133
61  39  2.498326
62  39  2.498466
63  39  2.498501
0  40  2.498355
1  40  2.498742
2  40  2.498605
3  40  2.498891
4  40  2.498808
5  40  2.498779
6  40  2.499302
7  40  2.499121
8  40  2.499177
9  40  2.498767
10  40  2.497832
11  40  2.497263
12  40  2.497761
13  40  2.498832
14  40  2.499318
15  40  2.498803
16  40  2.498674
17  40  2.496626
18  40  2.496972
19  40  2.496613
20  40  2.498937
21  40  2.498855
22  40  2.499068
23  40  2.499207
24  40  2.498971
25  40  2.498913
26  40  2.499103
27  40  2.499065
28  40  2.498074
29  40  2.497772
30  40  2.498784
31  40  2.497788
32  40  2.497787
33  40  2.498292
34  40  2.499594
35  40  2.499004
36  40  2.497834
37  40  2.497764
38  40  2.497320
39  40  2.499013
40  40  2.497759
41  40  2.498476
42  40  2.498566
43  40  2.497313
44  40  2.497107
45  40  2.497959
46  40  2.499435
47  40  2.498554
48  40  2.498302
49  40  2.498696
50  40  2.499292
51  40  2.499275
52  40  2.499831
53  40  2.499213
54  40  2.498977
55  40  2.498605
56  40  2.499298
57  40  2.499180
58  40  2.498996
59  40  2.499163
60  40  2.498022
61  40  2.498239
62  40  2.499240
63  40  2.499098
0  41  2.499358
1  41  2.499396
2  41  2.499339
3  41  2.499099
4  41  2.498635
5  41  2.498556
6  41  2.498949
7  41  2.499258
8  41  2.499294
9  41  2.499497
10  41  2.499236
11  41  2.498788
12  41  2.498583
13  41  2.499040
14  41  2.499325
15  41  2.498569
16  41  2.498408
17  41  2.497886
18  41  2.498311
19  41  2.498351
20  41  2.499434
21  41  2.499201
22  41  2.499445
23  41  2.499383
24  41  2.499203
25  41  2.498821
26  41  2.499228
27  41  2.498268
28  41  2.498158
29  41  2.498345
30  41  2.499024
31  41  2.498002
32  41  2.498032
33  41  2.497483
34  41  2.499288
35  41  2.498716
36  41  2.497778
37  41  2.497683
38  41  2.497025
39  41  2.498947
40  41  2.497633
41  41  2.498386
42  41  2.498352
43  41  2.497592
44  41  2.498150
45  41  2.498902
46  41  2.499341
47  41  2.498978
48  41  2.497380
49  41  2.497341
50  41  2.497819
51  41  2.498466
52  41  2.499282
53  41  2.499133
54  41  2.498679
55  41  2.497711
56  41  2.498117
57  41  2.497891
58  41  2.498000
59  41  2.498405
60  41  2.498703
61  41  2.498024
62  41  2.498534
63  41  2.498511
0  42  2.499232
1  42  2.499540
2  42  2.499315
3  42  2.498919
4  42  2.498413
5  42  2.498298
6  42  2.498836
7  42  2.498996
8  42  2.497503
9  42  2.497698
10  42  2.496555
11  42  2.498341
12  42  2.498228
13  42  2.499389
14  42  2.499441
15  42  2.498955
16  42  2.499175
17  42  2.497768
18  42  2.498148
19  42  2.498294
20  42  2.499755
21  42  2.499254
22  42  2.498956
23  42  2.498833
24  42  2.499187
25  42  2.498519
26  42  2.498678
27  42  2.498467
28  42  2.499164
29  42  2.499129
30  42  2.498995
31  42  2.499091
32  42  2.498665
33  42  2.497661
34  42  2.499280
35  42  2.499361
36  42  2.498049
37  42  2.497693
38  42  2.496129
39  42  2.497562
40  42  2.496870
41  42  2.498523
42  42  2.498395
43  42  2.498748
44  42  2.499318
45  42  2.499485
46  42  2.499267
47  42  2.499319
48  42  2.497619
49  42  2.497681
50  42  2.498761
51  42  2.498003
52  42  2.499175
53  42  2.499442
54  42  2.498443
55  42  2.497556
56  42  2.498325
57  42  2.497089
58  42  2.497453
59  42  2.497701
60  42  2.499337
61  42  2.498475
62  42  2.498024
63  42  2.498176
0  43  2.499053
1  43  2.499310
2  43  2.499545
3  43  2.499663
4  43  2.498950
5  43  2.497298
6  43  2.496942
7  43  2.497006
8  43  2.497092
9  43  2.497518
10  43  2.495646
11  43  2.498298
12  43  2.498114
13  43  2.499326
14  43  2.499124
15  43  2.498517
16  43  2.498962
17  43  2.497638
18  43  2.497707
19  43  2.497925
20  43  2.499357
21  43  2.499338
22  43  2.498395
23  43  2.497852
24  43  2.499056
25  43  2.498653
26  43  2.498796
27  43  2.498884
28  43  2.498188
29  43  2.498162
30  43  2.498192
31  43  2.499296
32  43  2.498812
33  43  2.497756
34  43  2.498015
35  43  2.498601
36  43  2.498664
37  43  2.498845
38  43  2.498930
39  43  2.498376
40  43  2.498330
41  43  2.498981
42  43  2.498958
43  43  2.499140
44  43  2.499094
45  43  2.498444
46  43  2.498747
47  43  2.498614
48  43  2.497563
49  43  2.497799
50  43  2.499159
51  43  2.497920
52  43  2.498441
53  43  2.499275
54  43  2.498167
55  43  2.497843
56  43  2.498899
57  43  2.498687
58  43  2.499137
59  43  2.499335
60  43  2.499301
61  43  2.498274
62  43  2.498294
63  43  2.497821
0  44  2.498120
1  44  2.499160
2  44  2.499188
3  44  2.499480
4  44  2.499731
5  44  2.498586
6  44  2.498410
7  44  2.498423
8  44  2.498006
9  44  2.497278
10  44  2.495356
11  44  2.498914
12  44  2.498753
13  44  2.499072
14  44  2.498934
15  44  2.498334
16  44  2.498689
17  44  2.497177
18  44  2.497601
19  44  2.498118
20  44  2.498450
21  44  2.497798
22  44  2.497360
23  44  2.497003
24  44  2.499011
25  44  2.498328
26  44  2.499150
27  44  2.498996
28  44  2.498961
29  44  2.498262
30  44  2.498567
31  44  2.499613
32  44  2.499001
33  44  2.498737
34  44  2.498383
35  44  2.499170
36  44  2.498675
37  44  2.498806
38  44  2.499385
39  44  2.498106
40  44  2.498644
41  44  2.499171
42  44  2.499393
43  44  2.499038
44  44  2.499094
45  44  2.498977
46  44  2.499318
47  44  2.499595
48  44  2.499091
49  44  2.499292
50  44  2.499327
51  44  2.498565
52  44  2.497892
53  44  2.498944
54  44  2.498808
55  44  2.498857
56  44  2.499225
57  44  2.498168
58  44  2.498671
59  44  2.499204
60  44  2.498495
61  44  2.498622
62  44  2.498519
63  44  2.498426
0  45  2.497695
1  45  2.498777
2  45  2.499048
3  45  2.499438
4  45  2.499557
5  45  2.498222
6  45  2.498044
7  45  2.497928
8  45  2.498075
9  45  2.497592
10  45  2.497348
11  45  2.499611
12  45  2.499640
13  45  2.499060
14  45  2.498950
15  45  2.498941
16  45  2.499192
17  45  2.497469
18  45  2.497734
19  45  2.498282
20  45  2.498526
21  45  2.498939
22  45  2.498616
23  45  2.498002
24  45  2.498107
25  45  2.498136
26  45  2.499149
27  45  2.498794
28  45  2.498819
29  45  2.498312
30  45  2.498740
31  45  2.499334
32  45  2.499495
33  45  2.499717
34  45  2.499776
35  45  2.499423
36  45  2.499044
37  45  2.498794
38  45  2.498111
39  45  2.497219
40  45  2.498257
41  45  2.498303
42  45  2.498720
43  45  2.497956
44  45  2.497913
45  45  2.498166
46  45  2.498782
47  45  2.499683
48  45  2.499131
49  45  2.499476
50  45  2.499530
51  45  2.498350
52  45  2.497544
53  45  2.498580
54  45  2.498747
55  45  2.498867
56  45  2.499250
57  45  2.498501
58  45  2.498333
59  45  2.498432
60  45  2.497916
61  45  2.497488
62  45  2.497865
63  45  2.497908
0  46  2.497252
1  46  2.498187
2  46  2.498281
3  46  2.499504
4  46  2.499585
5  46  2.499219
6  46  2.499160
7  46  2.498971
8  46  2.498390
9  46  2.497947
10  46  2.497504
11  46  2.499510
12  46  2.499517
13  46  2.499229
14  46  2.498857
15  46  2.498739
16  46  2.498551
17  46  2.498560
18  46  2.498419
19  46  2.498802
20  46  2.497933
21  46  2.498579
22  46  2.498351
23  46  2.497611
24  46  2.497327
25  46  2.498007
26  46  2.498980
27  46  2.498490
28  46  2.499172
29  46  2.498803
30  46  2.499284
31  46  2.499299
32  46  2.499505
33  46  2.499669
34  46  2.499796
35  46  2.499356
36  46  2.499134
37  46  2.499362
38  46  2.498833
39  46  2.498775
40  46  2.498857
41  46  2.498255
42  46  2.498632
43  46  2.497929
44  46  2.498136
45  46  2.498689
46  46  2.498978
47  46  2.499694
48  46  2.498931
49  46  2.498989
50  46  2.499116
51  46  2.498666
52  46  2.498153
53  46  2.498738
54  46  2.499451
55  46  2.498786
56  46  2.499358
57  46  2.498669
58  46  2.497947
59  46  2.498007
60  46  2.497612
61  46  2.497757
62  46  2.498152
63  46  2.498127
0  47  2.498137
1  47  2.498632
2  47  2.498937
3  47  2.499333
4  47  2.499449
5  47  2.497010
6  47  2.496981
7  47  2.496517
8  47  2.498946
9  47  2.499046
10  47  2.498899
11  47  2.499487
12  47  2.499372
13  47  2.499428
14  47  2.499304
15  47  2.499155
16  47  2.498591
17  47  2.498614
18  47  2.499045
19  47  2.499326
20  47  2.498974
21  47  2.499356
22  47  2.499057
23  47  2.498912
24  47  2.498592
25  47  2.498423
26  47  2.497952
27  47  2.498405
28  47  2.499308
29  47  2.498372
30  47  2.498966
31  47  2.498724
32  47  2.499393
33  47  2.499692
34  47  2.499633
35  47  2.498706
36  47  2.498956
37  47  2.498746
38  47  2.498468
39  47  2.497255
40  47  2.498085
41  47  2.497895
42  47  2.498896
43  47  2.497734
44  47  2.497546
45  47  2.497715
46  47  2.498610
47  47  2.498395
48  47  2.498060
49  47  2.498124
50  47  2.499028
51  47  2.498622
52  47  2.498515
53  47  2.498272
54  47  2.498952
55  47  2.498099
56  47  2.498454
57  47  2.498285
58  47  2.498804
59  47  2.498581
60  47  2.498816
61  47  2.498340
62  47  2.498799
63  47  2.498677
0  48  2.498458
1  48  2.498464
2  48  2.499025
3  48  2.499497
4  48  2.499282
5  48  2.497030
6  48  2.497333
7  48  2.496377
8  48  2.498306
9  48  2.498681
10  48  2.498834
11  48  2.498389
12  48  2.499008
13  48  2.499332
14  48  2.498268
15  48  2.497887
16  48  2.496950
17  48  2.497395
18  48  2.498987
19  48  2.499159
20  48  2.498047
21  48  2.499108
22  48  2.499142
23  48  2.499040
24  48  2.497731
25  48  2.497736
26  48  2.496895
27  48  2.497796
28  48  2.498149
29  48  2.497900
30  48  2.497570
31  48  2.496770
32  48  2.498436
33  48  2.498973
34  48  2.498669
35  48  2.498522
36  48  2.498945
37  48  2.498740
38  48  2.498636
39  48  2.497733
40  48  2.497792
41  48  2.498487
42  48  2.499452
43  48  2.498690
44  48  2.498376
45  48  2.498641
46  48  2.499223
47  48  2.498540
48  48  2.497881
49  48  2.497773
50  48  2.498088
51  48  2.499034
52  48  2.499395
53  48  2.499212
54  48  2.498958
55  48  2.497937
56  48  2.498218
57  48  2.497966
58  48  2.498848
59  48  2.498305
60  48  2.499099
61  48  2.498929
62  48  2.499786
63  48  2.499769
0  49  2.498742
1  49  2.498897
2  49  2.499347
3  49  2.499479
4  49  2.499037
5  49  2.496402
6  49  2.496857
7  49  2.496206
8  49  2.497772
9  49  2.498581
10  49  2.498847
11  49  2.497818
12  49  2.498959
13  49  2.498832
14  49  2.497823
15  49  2.497897
16  49  2.497029
17  49  2.497496
18  49  2.499094
19  49  2.499378
20  49  2.498724
21  49  2.498870
22  49  2.499059
23  49  2.499096
24  49  2.498834
25  49  2.498738
26  49  2.498219
27  49  2.498600
28  49  2.498356
29  49  2.497822
30  49  2.497793
31  49  2.496671
32  49  2.498461
33  49  2.498425
34  49  2.497967
35  49  2.498983
36  49  2.499338
37  49  2.498229
38  49  2.498100
39  49  2.497458
40  49  2.497791
41  49  2.498603
42  49  2.499027
43  49  2.498836
44  49  2.498763
45  49  2.499290
46  49  2.499432
47  49  2.499030
48  49  2.498790
49  49  2.498429
50  49  2.498068
51  49  2.499094
52  49  2.499520
53  49  2.499590
54  49  2.499117
55  49  2.498181
56  49  2.498247
57  49  2.498274
58  49  2.498882
59  49  2.497905
60  49  2.499014
61  49  2.499335
62  49  2.499693
63  49  2.499600
0  50  2.498432
1  50  2.498339
2  50  2.498407
3  50  2.499323
4  50  2.499092
5  50  2.498419
6  50  2.498257
7  50  2.497736
8  50  2.497607
9  50  2.498188
10  50  2.498657
11  50  2.498008
12  50  2.498721
13  50  2.498307
14  50  2.497200
15  50  2.496777
16  50  2.495635
17  50  2.496739
18  50  2.498540
19  50  2.499089
20  50  2.498802
21  50  2.498938
22  50  2.499079
23  50  2.499491
24  50  2.498595
25  50  2.497904
26  50  2.496990
27  50  2.497211
28  50  2.497630
29  50  2.498573
30  50  2.498234
31  50  2.497776
32  50  2.498429
33  50  2.497987
34  50  2.498042
35  50  2.498984
36  50  2.497984
37  50  2.497646
38  50  2.497708
39  50  2.498313
40  50  2.498629
41  50  2.498978
42  50  2.498935
43  50  2.499310
44  50  2.499250
45  50  2.499565
46  50  2.499420
47  50  2.499430
48  50  2.498270
49  50  2.498769
50  50  2.498015
51  50  2.498635
52  50  2.499471
53  50  2.499113
54  50  2.499033
55  50  2.497960
56  50  2.497063
57  50  2.498741
58  50  2.499674
59  50  2.498575
60  50  2.498896
61  50  2.499048
62  50  2.499621
63  50  2.499611
0  51  2.499501
1  51  2.498421
2  51  2.498506
3  51  2.498737
4  51  2.499184
5  51  2.498824
6  51  2.498562
7  51  2.497670
8  51  2.497987
9  51  2.498716
10  51  2.498958
11  51  2.498997
12  51  2.499294
13  51  2.499328
14  51  2.498901
15  51  2.499105
16  51  2.498445
17  51  2.498782
18  51  2.498821
19  51  2.499481
20  51  2.499448
21  51  2.498415
22  51  2.498104
23  51  2.498123
24  51  2.498787
25  51  2.497848
26  51  2.499021
27  51  2.498408
28  51  2.498796
29  51  2.499005
30  51  2.499453
31  51  2.499431
32  51  2.499123
33  51  2.498942
34  51  2.498503
35  51  2.498317
36  51  2.497523
37  51  2.497780
38  51  2.497945
39  51  2.498592
40  51  2.499488
41  51  2.499549
42  51  2.498768
43  51  2.499247
44  51  2.499040
45  51  2.499336
46  51  2.498901
47  51  2.498937
48  51  2.498321
49  51  2.498792
50  51  2.498690
51  51  2.498693
52  51  2.499103
53  51  2.498150
54  51  2.498002
55  51  2.497909
56  51  2.495984
57  51  2.498717
58  51  2.499486
59  51  2.499278
60  51  2.499075
61  51  2.498517
62  51  2.499684
63  51  2.499808
0  52  2.499218
1  52  2.498351
2  52  2.498457
3  52  2.498305
4  52  2.499215
5  52  2.498870
6  52  2.499267
7  52  2.498370
8  52  2.498078
9  52  2.498158
10  52  2.498721
11  52  2.499025
12  52  2.497898
13  52  2.497553
14  52  2.497993
15  52  2.498696
16  52  2.498333
17  52  2.498367
18  52  2.498348
19  52  2.499386
20  52  2.499360
21  52  2.499157
22  52  2.499017
23  52  2.498201
24  52  2.498778
25  52  2.497851
26  52  2.499129
27  52  2.499045
28  52  2.499338
29  52  2.499324
30  52  2.498991
31  52  2.499058
32  52  2.498621
33  52  2.498393
34  52  2.498569
35  52  2.498498
36  52  2.498277
37  52  2.498378
38  52  2.498529
39  52  2.498965
40  52  2.499068
41  52  2.498924
42  52  2.498011
43  52  2.499217
44  52  2.498927
45  52  2.499013
46  52  2.498410
47  52  2.499014
48  52  2.498680
49  52  2.498513
50  52  2.498245
51  52  2.498034
52  52  2.498972
53  52  2.497978
54  52  2.497907
55  52  2.498398
56  52  2.495995
57  52  2.497325
58  52  2.498665
59  52  2.499198
60  52  2.499204
61  52  2.498520
62  52  2.498840
63  52  2.499353
0  53  2.499225
1  53  2.498159
2  53  2.498777
3  53  2.498586
4  53  2.499408
5  53  2.499146
6  53  2.499375
7  53  2.498749
8  53  2.498232
9  53  2.498507
10  53  2.499016
11  53  2.498073
12  53  2.496697
13  53  2.497079
14  53  2.496997
15  53  2.498634
16  53  2.499097
17  53  2.498316
18  53  2.498457
19  53  2.497245
20  53  2.498388
21  53  2.499213
22  53  2.499545
23  53  2.498631
24  53  2.499003
25  53  2.498287
26  53  2.499216
27  53  2.499230
28  53  2.499245
29  53  2.498783
30  53  2.497955
31  53  2.497851
32  53  2.498562
33  53  2.498414
34  53  2.498696
35  53  2.499125
36  53  2.498738
37  53  2.498842
38  53  2.499134
39  53  2.498979
40  53  2.498634
41  53  2.498575
42  53  2.498074
43  53  2.499736
44  53  2.498058
45  53  2.497801
46  53  2.496107
47  53  2.497334
48  53  2.498030
49  53  2.498027
50  53  2.498200
51  53  2.497687
52  53  2.498688
53  53  2.497284
54  53  2.497908
55  53  2.499399
56  53  2.497452
57  53  2.497133
58  53  2.498191
59  53  2.498419
60  53  2.497832
61  53  2.497658
62  53  2.498301
63  53  2.499142
0  54  2.499211
1  54  2.498775
2  54  2.498967
3  54  2.498861
4  54  2.499487
5  54  2.499611
6  54  2.499416
7  54  2.498726
8  54  2.497355
9  54  2.498203
10  54  2.498749
11  54  2.498475
12  54  2.498314
13  54  2.498243
14  54  2.495771
15  54  2.497489
16  54  2.498523
17  54  2.498101
18  54  2.498511
19  54  2.497644
20  54  2.498460
21  54  2.499573
22  54  2.499290
23  54  2.498749
24  54  2.498557
25  54  2.499021
26  54  2.499460
27  54  2.499207
28  54  2.498970
29  54  2.498441
30  54  2.498098
31  54  2.497694
32  54  2.498942
33  54  2.498073
34  54  2.498642
35  54  2.497898
36  54  2.497458
37  54  2.497785
38  54  2.498614
39  54  2.498837
40  54  2.498208
41  54  2.498094
42  54  2.497452
43  54  2.496902
44  54  2.494679
45  54  2.495857
46  54  2.495880
47  54  2.498022
48  54  2.497986
49  54  2.498253
50  54  2.498693
51  54  2.498426
52  54  2.498633
53  54  2.497673
54  54  2.498227
55  54  2.498299
56  54  2.498172
57  54  2.498358
58  54  2.498359
59  54  2.499098
60  54  2.498445
61  54  2.498633
62  54  2.498379
63  54  2.499196
0  55  2.499332
1  55  2.498650
2  55  2.498551
3  55  2.498479
4  55  2.498855
5  55  2.499292
6  55  2.499236
7  55  2.498434
8  55  2.497754
9  55  2.498375
10  55  2.499260
11  55  2.498761
12  55  2.498213
13  55  2.495917
14  55  2.494876
15  55  2.498052
16  55  2.498919
17  55  2.498767
18  55  2.498758
19  55  2.497546
20  55  2.497898
21  55  2.498725
22  55  2.499073
23  55  2.499393
24  55  2.499267
25  55  2.499624
26  55  2.499662
27  55  2.499356
28  55  2.499165
29  55  2.498891
30  55  2.498685
31  55  2.498038
32  55  2.498643
33  55  2.498247
34  55  2.498703
35  55  2.497471
36  55  2.497455
37  55  2.497200
38  55  2.498571
39  55  2.499176
40  55  2.499083
41  55  2.498617
42  55  2.498266
43  55  2.497511
44  55  2.497129
45  55  2.497557
46  55  2.497989
47  55  2.498519
48  55  2.498402
49  55  2.498302
50  55  2.497622
51  55  2.497116
52  55  2.497864
53  55  2.498275
54  55  2.497888
55  55  2.498189
56  55  2.499033
57  55  2.498963
58  55  2.498687
59  55  2.499516
60  55  2.498692
61  55  2.498874
62  55  2.499020
63  55  2.499619
0  56  2.499581
1  56  2.499186
2  56  2.499065
3  56  2.499190
4  56  2.499118
5  56  2.499174
6  56  2.498025
7  56  2.498633
8  56  2.498161
9  56  2.498482
10  56  2.499458
11  56  2.499274
12  56  2.499349
13  56  2.497243
14  56  2.497820
15  56  2.499312
16  56  2.498848
17  56  2.498936
18  56  2.499042
19  56  2.498848
20  56  2.498780
21  56  2.499007
22  56  2.499022
23  56  2.499506
24  56  2.499255
25  56  2.499547
26  56  2.498620
27  56  2.497932
28  56  2.498002
29  56  2.498805
30  56  2.498058
31  56  2.497371
32  56  2.497815
33  56  2.497980
34  56  2.498890
35  56  2.498641
36  56  2.498596
37  56  2.498464
38  56  2.498737
39  56  2.498522
40  56  2.498165
41  56  2.498212
42  56  2.499084
43  56  2.499476
44  56  2.499160
45  56  2.498797
46  56  2.498652
47  56  2.499263
48  56  2.499140
49  56  2.498848
50  56  2.498289
51  56  2.497557
52  56  2.497767
53  56  2.498549
54  56  2.498272
55  56  2.499114
56  56  2.499320
57  56  2.499045
58  56  2.497358
59  56  2.496854
60  56  2.497152
61  56  2.498453
62  56  2.499239
63  56  2.499417
0  57  2.499547
1  57  2.499317
2  57  2.499132
3  57  2.499208
4  57  2.499040
5  57  2.497806
6  57  2.498043
7  57  2.498511
8  57  2.498296
9  57  2.498157
10  57  2.499561
11  57  2.499442
12  57  2.499001
13  57  2.496856
14  57  2.498475
15  57  2.499386
16  57  2.498793
17  57  2.498458
18  57  2.498233
19  57  2.498108
20  57  2.498553
21  57  2.498819
22  57  2.499078
23  57  2.498893
24  57  2.498838
25  57  2.498574
26  57  2.497922
27  57  2.497998
28  57  2.498684
29  57  2.498974
30  57  2.497971
31  57  2.497603
32  57  2.498074
33  57  2.498622
34  57  2.499223
35  57  2.498814
36  57  2.499170
37  57  2.498170
38  57  2.497912
39  57  2.497483
40  57  2.498418
41  57  2.498950
42  57  2.499180
43  57  2.498940
44  57  2.498318
45  57  2.498983
46  57  2.498955
47  57  2.499018
48  57  2.498978
49  57  2.498735
50  57  2.498187
51  57  2.498663
52  57  2.498240
53  57  2.498242
54  57  2.497084
55  57  2.497698
56  57  2.498098
57  57  2.498931
58  57  2.498377
59  57  2.498147
60  57  2.498410
61  57  2.498993
62  57  2.499344
63  57  2.499473
0  58  2.497957
1  58  2.497968
2  58  2.497992
3  58  2.498166
4  58  2.497886
5  58  2.497990
6  58  2.498097
7  58  2.498180
8  58  2.498722
9  58  2.498554
10  58  2.499449
11  58  2.499527
12  58  2.499138
13  58  2.498504
14  58  2.499070
15  58  2.498999
16  58  2.498672
17  58  2.498269
18  58  2.499443
19  58  2.499444
20  58  2.499500
21  58  2.499123
22  58  2.499018
23  58  2.497607
24  58  2.497768
25  58  2.497458
26  58  2.497699
27  58  2.497782
28  58  2.498823
29  58  2.499158
30  58  2.498538
31  58  2.497927
32  58  2.498364
33  58  2.498487
34  58  2.499262
35  58  2.499380
36  58  2.499346
37  58  2.498212
38  58  2.498249
39  58  2.497617
40  58  2.498597
41  58  2.498352
42  58  2.498861
43  58  2.498820
44  58  2.498950
45  58  2.499271
46  58  2.498839
47  58  2.498648
48  58  2.498686
49  58  2.498249
50  58  2.497939
51  58  2.498759
52  58  2.498841
53  58  2.497907
54  58  2.496684
55  58  2.497468
56  58  2.497409
57  58  2.499037
58  58  2.498912
59  58  2.498511
60  58  2.498067
61  58  2.498230
62  58  2.499039
63  58  2.499153
0  59  2.497675
1  59  2.497897
2  59  2.497789
3  59  2.498100
4  59  2.497847
5  59  2.497880
6  59  2.497969
7  59  2.496837
8  59  2.497573
9  59  2.496444
10  59  2.498633
11  59  2.499154
12  59  2.498992
13  59  2.498970
14  59  2.499576
15  59  2.499115
16  59  2.498773
17  59  2.498165
18  59  2.498696
19  59  2.499230
20  59  2.499724
21  59  2.498986
22  59  2.498451
23  59  2.497273
24  59  2.497749
25  59  2.496653
26  59  2.498263
27  59  2.498807
28  59  2.499424
29  59  2.499444
30  59  2.499640
31  59  2.498940
32  59  2.498051
33  59  2.498032
34  59  2.498918
35  59  2.499250
36  59  2.499425
37  59  2.498563
38  59  2.498650
39  59  2.497510
40  59  2.498575
41  59  2.498209
42  59  2.498917
43  59  2.499049
44  59  2.499174
45  59  2.499110
46  59  2.498712
47  59  2.498661
48  59  2.498700
49  59  2.498406
50  59  2.498401
51  59  2.498830
52  59  2.499419
53  59  2.497824
54  59  2.497086
55  59  2.497062
56  59  2.497648
57  59  2.499244
58  59  2.499716
59  59  2.499675
60  59  2.499121
61  59  2.498963
62  59  2.499239
63  59  2.498935
0  60  2.497090
1  60  2.496223
2  60  2.496412
3  60  2.498363
4  60  2.498988
5  60  2.499532
6  60  2.497832
7  60  2.496748
8  60  2.498000
9  60  2.497262
10  60  2.498833
11  60  2.499277
12  60  2.498338
13  60  2.498198
14  60  2.499272
15  60  2.498702
16  60  2.498947
17  60  2.497820
18  60  2.497383
19  60  2.498195
20  60  2.498917
21  60  2.499234
22  60  2.498995
23  60  2.498230
24  60  2.498347
25  60  2.497712
26  60  2.498870
27  60  2.499256
28  60  2.499274
29  60  2.499206
30  60  2.499510
31  60  2.498594
32  60  2.498322
33  60  2.498840
34  60  2.498715
35  60  2.498866
36  60  2.499011
37  60  2.498708
38  60  2.498613
39  60  2.498065
40  60  2.498407
41  60  2.498037
42  60  2.499331
43  60  2.498470
44  60  2.498807
45  60  2.498734
46  60  2.499084
47  60  2.498535
48  60  2.498400
49  60  2.498078
50  60  2.498617
51  60  2.498818
52  60  2.499564
53  60  2.498396
54  60  2.497875
55  60  2.497941
56  60  2.498625
57  60  2.499406
58  60  2.499640
59  60  2.499340
60  60  2.499217
61  60  2.498922
62  60  2.499025
63  60  2.498241
0  61  2.498714
1  61  2.498266
2  61  2.498382
3  61  2.498728
4  61  2.499054
5  61  2.498654
6  61  2.497643
7  61  2.497112
8  61  2.497523
9  61  2.497105
10  61  2.498767
11  61  2.499026
12  61  2.498110
13  61  2.498348
14  61  2.499606
15  61  2.499157
16  61  2.499215
17  61  2.498721
18  61  2.497466
19  61  2.497908
20  61  2.498543
21  61  2.499263
22  61  2.499815
23  61  2.499806
24  61  2.499618
25  61  2.498469
26  61  2.498730
27  61  2.499499
28  61  2.498666
29  61  2.498873
30  61  2.499640
31  61  2.497656
32  61  2.498184
33  61  2.498399
34  61  2.498274
35  61  2.498442
36  61  2.497682
37  61  2.498142
38  61  2.498877
39  61  2.498486
40  61  2.498130
41  61  2.497984
42  61  2.498971
43  61  2.498336
44  61  2.498880
45  61  2.498833
46  61  2.499455
47  61  2.498967
48  61  2.498817
49  61  2.497822
50  61  2.498137
51  61  2.497676
52  61  2.498319
53  61  2.498232
54  61  2.498370
55  61  2.498563
56  61  2.498726
57  61  2.498972
58  61  2.498237
59  61  2.498577
60  61  2.498832
61  61  2.498719
62  61  2.498749
63  61  2.498037
0  62  2.498445
1  62  2.497970
2  62  2.497889
3  62  2.498419
4  62  2.499018
5  62  2.498917
6  62  2.498812
7  62  2.498764
8  62  2.498948
9  62  2.499029
10  62  2.499093
11  62  2.498827
12  62  2.497439
13  62  2.496870
14  62  2.497196
15  62  2.498766
16  62  2.499318
17  62  2.499179
18  62  2.498099
19  62  2.498215
20  62  2.498545
21  62  2.499427
22  62  2.499832
23  62  2.499394
24  62  2.499069
25  62  2.498105
26  62  2.498876
27  62  2.498699
28  62  2.498111
29  62  2.498823
30  62  2.499063
31  62  2.497532
32  62  2.498390
33  62  2.497717
34  62  2.498820
35  62  2.498481
36  62  2.496633
37  62  2.497072
38  62  2.498804
39  62  2.497815
40  62  2.497172
41  62  2.497174
42  62  2.498723
43  62  2.497208
44  62  2.497276
45  62  2.497226
46  62  2.499127
47  62  2.498776
48  62  2.499235
49  62  2.498320
50  62  2.498460
51  62  2.498132
52  62  2.498069
53  62  2.496881
54  62  2.497100
55  62  2.498298
56  62  2.498909
57  62  2.498885
58  62  2.497258
59  62  2.498432
60  62  2.498494
61  62  2.499228
62  62  2.499216
63  62  2.497766
0  63  2.498388
1  63  2.499055
2  63  2.499220
3  63  2.499021
4  63  2.498869
5  63  2.499021
6  63  2.498900
7  63  2.498963
8  63  2.498542
9  63  2.498677
10  63  2.498660
11  63  2.498033
12  63  2.497727
13  63  2.496901
14  63  2.496426
15  63  2.497491
16  63  2.498531
17  63  2.499491
18  63  2.499128
19  63  2.497931
20  63  2.497685
21  63  2.497738
22  63  2.499266
23  63  2.499183
24  63  2.499025
25  63  2.498317
26  63  2.498591
27  63  2.498263
28  63  2.498361
29  63  2.499165
30  63  2.499166
31  63  2.498112
32  63  2.498626
33  63  2.498257
34  63  2.499173
35  63  2.498784
36  63  2.495409
37  63  2.495206
38  63  2.498691
39  63  2.496771
40  63  2.496419
41  63  2.497237
42  63  2.498801
43  63  2.498648
44  63  2.498237
45  63  2.497906
46  63  2.498874
47  63  2.499098
48  63  2.499180
49  63  2.498780
50  63  2.498655
51  63  2.498447
52  63  2.498204
53  63  2.497261
54  63  2.497272
55  63  2.498092
56  63  2.498482
57  63  2.498493
58  63  2.498002
59  63  2.498774
60  63  2.498867
61  63  2.498859
62  63  2.499136
63  63  2.497399
