# Mass field m(x,y) = Delta * R(x,y) at t = 3
# Grid: 64 x 64
# Columns: x  y  mass
0  0  2.498843
1  0  2.498864
2  0  2.498698
3  0  2.498949
4  0  2.498835
5  0  2.498372
6  0  2.498867
7  0  2.498464
8  0  2.499221
9  0  2.499756
10  0  2.499344
11  0  2.499412
12  0  2.498942
13  0  2.498577
14  0  2.498075
15  0  2.497211
16  0  2.497212
17  0  2.497870
18  0  2.498723
19  0  2.498844
20  0  2.498554
21  0  2.498567
22  0  2.498841
23  0  2.498342
24  0  2.497754
25  0  2.498029
26  0  2.498355
27  0  2.498219
28  0  2.498583
29  0  2.498818
30  0  2.499457
31  0  2.498822
32  0  2.498950
33  0  2.498192
34  0  2.498369
35  0  2.498338
36  0  2.499159
37  0  2.498621
38  0  2.498656
39  0  2.498283
40  0  2.498904
41  0  2.498860
42  0  2.499547
43  0  2.499728
44  0  2.499199
45  0  2.497947
46  0  2.497533
47  0  2.498056
48  0  2.499062
49  0  2.499587
50  0  2.499833
51  0  2.499531
52  0  2.499554
53  0  2.498848
54  0  2.498715
55  0  2.499124
56  0  2.498219
57  0  2.498187
58  0  2.498425
59  0  2.498739
60  0  2.498230
61  0  2.499510
62  0  2.499349
63  0  2.499146
0  1  2.498838
1  1  2.498874
2  1  2.498750
3  1  2.499058
4  1  2.498444
5  1  2.497773
6  1  2.498488
7  1  2.498390
8  1  2.499553
9  1  2.499717
10  1  2.499591
11  1  2.499485
12  1  2.498902
13  1  2.497940
14  1  2.496826
15  1  2.496558
16  1  2.497024
17  1  2.499125
18  1  2.499202
19  1  2.499375
20  1  2.498848
21  1  2.498858
22  1  2.499432
23  1  2.498233
24  1  2.497738
25  1  2.498314
26  1  2.498581
27  1  2.497790
28  1  2.498337
29  1  2.498616
30  1  2.498822
31  1  2.498644
32  1  2.499128
33  1  2.498404
34  1  2.498434
35  1  2.498434
36  1  2.499110
37  1  2.498905
38  1  2.498944
39  1  2.498188
40  1  2.498195
41  1  2.498159
42  1  2.498987
43  1  2.499351
44  1  2.498374
45  1  2.498937
46  1  2.498518
47  1  2.499146
48  1  2.498962
49  1  2.499495
50  1  2.499444
51  1  2.499284
52  1  2.498991
53  1  2.498554
54  1  2.498184
55  1  2.498477
56  1  2.498194
57  1  2.498675
58  1  2.499219
59  1  2.499299
60  1  2.498734
61  1  2.498030
62  1  2.498035
63  1  2.498670
0  2  2.497901
1  2  2.498373
2  2  2.498737
3  2  2.499428
4  2  2.498564
5  2  2.497621
6  2  2.499019
7  2  2.498890
8  2  2.499313
9  2  2.499341
10  2  2.499154
11  2  2.499223
12  2  2.499021
13  2  2.498996
14  2  2.498937
15  2  2.499096
16  2  2.498909
17  2  2.498855
18  2  2.499040
19  2  2.499197
20  2  2.498826
21  2  2.499171
22  2  2.499468
23  2  2.499601
24  2  2.499394
25  2  2.499332
26  2  2.499230
27  2  2.498527
28  2  2.498394
29  2  2.498219
30  2  2.498951
31  2  2.498841
32  2  2.499226
33  2  2.498713
34  2  2.499124
35  2  2.499111
36  2  2.499251
37  2  2.499435
38  2  2.499208
39  2  2.498737
40  2  2.498138
41  2  2.498579
42  2  2.499340
43  2  2.499378
44  2  2.498463
45  2  2.498363
46  2  2.498201
47  2  2.498594
48  2  2.498915
49  2  2.499276
50  2  2.498955
51  2  2.498635
52  2  2.497984
53  2  2.498329
54  2  2.498438
55  2  2.498878
56  2  2.498765
57  2  2.498806
58  2  2.498959
59  2  2.499480
60  2  2.499103
61  2  2.497277
62  2  2.496843
63  2  2.496395
0  3  2.498663
1  3  2.498998
2  3  2.497425
3  3  2.498555
4  3  2.498243
5  3  2.497172
6  3  2.496826
7  3  2.497344
8  3  2.499170
9  3  2.499447
10  3  2.499010
11  3  2.498773
12  3  2.498713
13  3  2.498838
14  3  2.498511
15  3  2.499054
16  3  2.498797
17  3  2.498586
18  3  2.498638
19  3  2.498828
20  3  2.498856
21  3  2.499416
22  3  2.498822
23  3  2.498933
24  3  2.498145
25  3  2.499157
26  3  2.499402
27  3  2.498673
28  3  2.498033
29  3  2.497571
30  3  2.498329
31  3  2.499340
32  3  2.499765
33  3  2.499162
34  3  2.499041
35  3  2.499230
36  3  2.499518
37  3  2.499517
38  3  2.499505
39  3  2.499399
40  3  2.498684
41  3  2.498737
42  3  2.499283
43  3  2.499658
44  3  2.499709
45  3  2.499471
46  3  2.499381
47  3  2.498311
48  3  2.498733
49  3  2.499370
50  3  2.498838
51  3  2.498968
52  3  2.499037
53  3  2.498609
54  3  2.498600
55  3  2.499140
56  3  2.499230
57  3  2.499264
58  3  2.499043
59  3  2.499246
60  3  2.499102
61  3  2.498178
62  3  2.497935
63  3  2.496919
0  4  2.498224
1  4  2.499007
2  4  2.497476
3  4  2.498498
4  4  2.498465
5  4  2.497772
6  4  2.497199
7  4  2.497356
8  4  2.498778
9  4  2.499297
10  4  2.498642
11  4  2.498569
12  4  2.498578
13  4  2.498996
14  4  2.498613
15  4  2.498966
16  4  2.498933
17  4  2.498902
18  4  2.498795
19  4  2.498720
20  4  2.499027
21  4  2.499232
22  4  2.497324
23  4  2.498269
24  4  2.497766
25  4  2.499077
26  4  2.498600
27  4  2.499135
28  4  2.498687
29  4  2.498292
30  4  2.498400
31  4  2.499027
32  4  2.498307
33  4  2.497412
34  4  2.497361
35  4  2.498720
36  4  2.499228
37  4  2.498229
38  4  2.496665
39  4  2.496740
40  4  2.496989
41  4  2.497932
42  4  2.499156
43  4  2.499750
44  4  2.499892
45  4  2.499680
46  4  2.499346
47  4  2.497916
48  4  2.498808
49  4  2.499714
50  4  2.498836
51  4  2.498598
52  4  2.498427
53  4  2.497939
54  4  2.497925
55  4  2.498904
56  4  2.499270
57  4  2.499397
58  4  2.498878
59  4  2.498480
60  4  2.498958
61  4  2.498134
62  4  2.498217
63  4  2.496815
0  5  2.499283
1  5  2.499329
2  5  2.497799
3  5  2.498449
4  5  2.498805
5  5  2.498400
6  5  2.498312
7  5  2.498499
8  5  2.499090
9  5  2.497243
10  5  2.496763
11  5  2.496605
12  5  2.498914
13  5  2.497867
14  5  2.496420
15  5  2.496533
16  5  2.497837
17  5  2.499110
18  5  2.499235
19  5  2.499183
20  5  2.498974
21  5  2.498842
22  5  2.496382
23  5  2.498082
24  5  2.498065
25  5  2.499046
26  5  2.498329
27  5  2.499502
28  5  2.498907
29  5  2.498614
30  5  2.498175
31  5  2.498804
32  5  2.498605
33  5  2.498332
34  5  2.498321
35  5  2.499107
36  5  2.499162
37  5  2.497942
38  5  2.496232
39  5  2.496803
40  5  2.497459
41  5  2.497587
42  5  2.498581
43  5  2.499425
44  5  2.499320
45  5  2.499111
46  5  2.499303
47  5  2.498720
48  5  2.498923
49  5  2.499022
50  5  2.498661
51  5  2.499009
52  5  2.498763
53  5  2.498195
54  5  2.498251
55  5  2.498706
56  5  2.499188
57  5  2.499071
58  5  2.498913
59  5  2.497676
60  5  2.498305
61  5  2.499236
62  5  2.499435
63  5  2.499015
0  6  2.498471
1  6  2.499040
2  6  2.498514
3  6  2.498892
4  6  2.498751
5  6  2.498299
6  6  2.497429
7  6  2.498038
8  6  2.498586
9  6  2.496479
10  6  2.496666
11  6  2.496841
12  6  2.499176
13  6  2.497668
14  6  2.497148
15  6  2.497546
16  6  2.498363
17  6  2.499068
18  6  2.499274
19  6  2.499564
20  6  2.499308
21  6  2.499239
22  6  2.497829
23  6  2.498342
24  6  2.498280
25  6  2.498741
26  6  2.498306
27  6  2.499590
28  6  2.499192
29  6  2.499111
30  6  2.498758
31  6  2.498736
32  6  2.498797
33  6  2.498771
34  6  2.498991
35  6  2.499437
36  6  2.498840
37  6  2.497837
38  6  2.496702
39  6  2.499554
40  6  2.497840
41  6  2.497629
42  6  2.498682
43  6  2.499154
44  6  2.498909
45  6  2.498690
46  6  2.498201
47  6  2.498576
48  6  2.498657
49  6  2.498328
50  6  2.498313
51  6  2.499017
52  6  2.498232
53  6  2.497495
54  6  2.497324
55  6  2.498243
56  6  2.499118
57  6  2.499004
58  6  2.499103
59  6  2.498427
60  6  2.498666
61  6  2.498507
62  6  2.498786
63  6  2.497976
0  7  2.498971
1  7  2.498879
2  7  2.498468
3  7  2.498812
4  7  2.498647
5  7  2.498706
6  7  2.498345
7  7  2.498348
8  7  2.498605
9  7  2.496841
10  7  2.497211
11  7  2.496923
12  7  2.498515
13  7  2.498218
14  7  2.497220
15  7  2.497318
16  7  2.497977
17  7  2.499163
18  7  2.499296
19  7  2.499466
20  7  2.499380
21  7  2.499178
22  7  2.498698
23  7  2.499035
24  7  2.498765
25  7  2.498813
26  7  2.498984
27  7  2.499763
28  7  2.499837
29  7  2.499807
30  7  2.499455
31  7  2.499458
32  7  2.499381
33  7  2.499277
34  7  2.498813
35  7  2.498943
36  7  2.498966
37  7  2.498581
38  7  2.497621
39  7  2.497166
40  7  2.496289
41  7  2.496991
42  7  2.498525
43  7  2.498839
44  7  2.498787
45  7  2.498631
46  7  2.498106
47  7  2.499046
48  7  2.498707
49  7  2.498707
50  7  2.499051
51  7  2.499589
52  7  2.499222
53  7  2.498635
54  7  2.498195
55  7  2.498860
56  7  2.499599
57  7  2.499430
58  7  2.499126
59  7  2.498747
60  7  2.498790
61  7  2.498062
62  7  2.498230
63  7  2.497818
0  8  2.498662
1  8  2.498826
2  8  2.498595
3  8  2.498801
4  8  2.498561
5  8  2.498564
6  8  2.497799
7  8  2.498654
8  8  2.498235
9  8  2.497920
10  8  2.497747
11  8  2.498845
12  8  2.498352
13  8  2.498013
14  8  2.497044
15  8  2.497233
16  8  2.498425
17  8  2.499128
18  8  2.499110
19  8  2.499306
20  8  2.499645
21  8  2.499371
22  8  2.498940
23  8  2.498842
24  8  2.499066
25  8  2.499529
26  8  2.499544
27  8  2.499658
28  8  2.499470
29  8  2.499512
30  8  2.499447
31  8  2.499746
32  8  2.499595
33  8  2.499541
34  8  2.498563
35  8  2.498457
36  8  2.498399
37  8  2.498154
38  8  2.497688
39  8  2.497008
40  8  2.497782
41  8  2.498589
42  8  2.499275
43  8  2.499073
44  8  2.499066
45  8  2.498129
46  8  2.497803
47  8  2.499444
48  8  2.498754
49  8  2.499101
50  8  2.499434
51  8  2.499435
52  8  2.498635
53  8  2.497696
54  8  2.496875
55  8  2.497606
56  8  2.498991
57  8  2.499343
58  8  2.499251
59  8  2.499375
60  8  2.499224
61  8  2.498033
62  8  2.497906
63  8  2.497656
0  9  2.498065
1  9  2.499267
2  9  2.498758
3  9  2.499114
4  9  2.499224
5  9  2.499230
6  9  2.499177
7  9  2.499358
8  9  2.498876
9  9  2.498377
10  9  2.497944
11  9  2.499348
12  9  2.498907
13  9  2.498657
14  9  2.498471
15  9  2.498726
16  9  2.499310
17  9  2.499468
18  9  2.499517
19  9  2.499445
20  9  2.499343
21  9  2.499358
22  9  2.498879
23  9  2.499127
24  9  2.499076
25  9  2.499716
26  9  2.499571
27  9  2.499540
28  9  2.499497
29  9  2.499585
30  9  2.499593
31  9  2.499886
32  9  2.499589
33  9  2.499330
34  9  2.499073
35  9  2.499664
36  9  2.499412
37  9  2.498796
38  9  2.499016
39  9  2.498924
40  9  2.499594
41  9  2.499515
42  9  2.499279
43  9  2.499206
44  9  2.499363
45  9  2.498701
46  9  2.498418
47  9  2.498812
48  9  2.498553
49  9  2.499393
50  9  2.499207
51  9  2.499457
52  9  2.498456
53  9  2.498129
54  9  2.498001
55  9  2.498098
56  9  2.498895
57  9  2.498852
58  9  2.498292
59  9  2.498716
60  9  2.499187
61  9  2.498698
62  9  2.498463
63  9  2.498362
0  10  2.496682
1  10  2.497778
2  10  2.498632
3  10  2.498697
4  10  2.499636
5  10  2.499550
6  10  2.499240
7  10  2.499377
8  10  2.498900
9  10  2.498584
10  10  2.498199
11  10  2.499530
12  10  2.499016
13  10  2.498891
14  10  2.498799
15  10  2.498196
16  10  2.498753
17  10  2.498960
18  10  2.499597
19  10  2.499316
20  10  2.499325
21  10  2.498795
22  10  2.499139
23  10  2.498846
24  10  2.499330
25  10  2.499052
26  10  2.499175
27  10  2.499206
28  10  2.499132
29  10  2.499478
30  10  2.499564
31  10  2.499814
32  10  2.499711
33  10  2.499343
34  10  2.499002
35  10  2.499475
36  10  2.499230
37  10  2.499494
38  10  2.499406
39  10  2.499599
40  10  2.499742
41  10  2.499472
42  10  2.499295
43  10  2.499355
44  10  2.499663
45  10  2.499328
46  10  2.499263
47  10  2.499184
48  10  2.499153
49  10  2.499330
50  10  2.499168
51  10  2.499614
52  10  2.498126
53  10  2.498058
54  10  2.498772
55  10  2.498703
56  10  2.498896
57  10  2.499316
58  10  2.498674
59  10  2.499106
60  10  2.499240
61  10  2.498967
62  10  2.498704
63  10  2.498343
0  11  2.495801
1  11  2.497766
2  11  2.498951
3  11  2.498883
4  11  2.499443
5  11  2.499335
6  11  2.499259
7  11  2.499596
8  11  2.499114
9  11  2.498673
10  11  2.497869
11  11  2.499158
12  11  2.499454
13  11  2.499045
14  11  2.499535
15  11  2.499135
16  11  2.499336
17  11  2.498698
18  11  2.499726
19  11  2.499076
20  11  2.499268
21  11  2.498730
22  11  2.498312
23  11  2.498265
24  11  2.498567
25  11  2.499046
26  11  2.499296
27  11  2.499304
28  11  2.499192
29  11  2.499489
30  11  2.499594
31  11  2.499794
32  11  2.499463
33  11  2.499290
34  11  2.499344
35  11  2.499447
36  11  2.499111
37  11  2.498310
38  11  2.498682
39  11  2.498821
40  11  2.499408
41  11  2.499475
42  11  2.499191
43  11  2.499268
44  11  2.499097
45  11  2.499264
46  11  2.499243
47  11  2.498947
48  11  2.497550
49  11  2.497404
50  11  2.498091
51  11  2.499424
52  11  2.498863
53  11  2.498904
54  11  2.498439
55  11  2.498595
56  11  2.498701
57  11  2.499231
58  11  2.498232
59  11  2.498525
60  11  2.499326
61  11  2.499124
62  11  2.498278
63  11  2.498446
0  12  2.496303
1  12  2.497250
2  12  2.498919
3  12  2.498474
4  12  2.498938
5  12  2.499229
6  12  2.498664
7  12  2.499251
8  12  2.498987
9  12  2.498935
10  12  2.498120
11  12  2.498757
12  12  2.498466
13  12  2.498551
14  12  2.499267
15  12  2.499028
16  12  2.499408
17  12  2.498654
18  12  2.499497
19  12  2.498927
20  12  2.499159
21  12  2.498456
22  12  2.497483
23  12  2.497777
24  12  2.497376
25  12  2.496538
26  12  2.498002
27  12  2.498156
28  12  2.498964
29  12  2.498833
30  12  2.499156
31  12  2.499085
32  12  2.499532
33  12  2.499545
34  12  2.499506
35  12  2.498224
36  12  2.497365
37  12  2.496736
38  12  2.497780
39  12  2.498685
40  12  2.499071
41  12  2.499517
42  12  2.498720
43  12  2.498836
44  12  2.498852
45  12  2.499060
46  12  2.498487
47  12  2.498364
48  12  2.497529
49  12  2.497312
50  12  2.497904
51  12  2.499283
52  12  2.499180
53  12  2.499371
54  12  2.498803
55  12  2.499015
56  12  2.498638
57  12  2.499261
58  12  2.498686
59  12  2.498946
60  12  2.499265
61  12  2.499496
62  12  2.498439
63  12  2.498298
0  13  2.497238
1  13  2.498296
2  13  2.498996
3  13  2.498783
4  13  2.498925
5  13  2.499316
6  13  2.498238
7  13  2.498983
8  13  2.499300
9  13  2.499336
10  13  2.498650
11  13  2.498144
12  13  2.498003
13  13  2.498285
14  13  2.498618
15  13  2.498930
16  13  2.499300
17  13  2.499194
18  13  2.499399
19  13  2.498675
20  13  2.498790
21  13  2.497388
22  13  2.497847
23  13  2.499040
24  13  2.496429
25  13  2.495727
26  13  2.495814
27  13  2.496340
28  13  2.498224
29  13  2.498670
30  13  2.498796
31  13  2.499053
32  13  2.499333
33  13  2.499457
34  13  2.499549
35  13  2.497668
36  13  2.497531
37  13  2.497664
38  13  2.497715
39  13  2.498387
40  13  2.498350
41  13  2.499286
42  13  2.498598
43  13  2.499146
44  13  2.498758
45  13  2.499336
46  13  2.497822
47  13  2.497637
48  13  2.496497
49  13  2.497066
50  13  2.497689
51  13  2.498703
52  13  2.499295
53  13  2.499137
54  13  2.499266
55  13  2.499392
56  13  2.499149
57  13  2.499332
58  13  2.498867
59  13  2.498786
60  13  2.498973
61  13  2.499283
62  13  2.498870
63  13  2.498834
0  14  2.498241
1  14  2.497943
2  14  2.498500
3  14  2.498500
4  14  2.498569
5  14  2.498967
6  14  2.498718
7  14  2.498903
8  14  2.499024
9  14  2.498499
10  14  2.498820
11  14  2.498465
12  14  2.498907
13  14  2.498995
14  14  2.498505
15  14  2.498896
16  14  2.499186
17  14  2.499605
18  14  2.499678
19  14  2.498926
20  14  2.498022
21  14  2.497370
22  14  2.498052
23  14  2.498704
24  14  2.496702
25  14  2.495390
26  14  2.495282
27  14  2.496271
28  14  2.498463
29  14  2.498372
30  14  2.498162
31  14  2.498631
32  14  2.499252
33  14  2.499296
34  14  2.499282
35  14  2.498321
36  14  2.498821
37  14  2.498620
38  14  2.498149
39  14  2.499506
40  14  2.499116
41  14  2.498994
42  14  2.497427
43  14  2.497705
44  14  2.497316
45  14  2.498775
46  14  2.498071
47  14  2.497958
48  14  2.497780
49  14  2.497652
50  14  2.498400
51  14  2.498976
52  14  2.498799
53  14  2.498632
54  14  2.499334
55  14  2.499457
56  14  2.499315
57  14  2.499382
58  14  2.499152
59  14  2.498904
60  14  2.498743
61  14  2.499080
62  14  2.499307
63  14  2.499387
0  15  2.498548
1  15  2.498829
2  15  2.499507
3  15  2.498713
4  15  2.498624
5  15  2.498788
6  15  2.498930
7  15  2.498658
8  15  2.498274
9  15  2.498096
10  15  2.497874
11  15  2.498077
12  15  2.498895
13  15  2.498665
14  15  2.498167
15  15  2.498613
16  15  2.498946
17  15  2.499671
18  15  2.499216
19  15  2.497618
20  15  2.497334
21  15  2.498501
22  15  2.499090
23  15  2.498944
24  15  2.498251
25  15  2.498174
26  15  2.497861
27  15  2.499197
28  15  2.497517
29  15  2.497021
30  15  2.497127
31  15  2.498315
32  15  2.498362
33  15  2.499342
34  15  2.499194
35  15  2.498713
36  15  2.499124
37  15  2.498923
38  15  2.498718
39  15  2.499421
40  15  2.497790
41  15  2.497371
42  15  2.496078
43  15  2.497486
44  15  2.498406
45  15  2.498449
46  15  2.498182
47  15  2.497927
48  15  2.498956
49  15  2.496927
50  15  2.496368
51  15  2.497499
52  15  2.498294
53  15  2.498391
54  15  2.499109
55  15  2.498994
56  15  2.499139
57  15  2.499387
58  15  2.499492
59  15  2.498912
60  15  2.498816
61  15  2.499308
62  15  2.498982
63  15  2.498558
0  16  2.498542
1  16  2.499032
2  16  2.499386
3  16  2.498729
4  16  2.498754
5  16  2.499168
6  16  2.499247
7  16  2.499222
8  16  2.499107
9  16  2.498410
10  16  2.495892
11  16  2.495945
12  16  2.497292
13  16  2.497693
14  16  2.498832
15  16  2.498770
16  16  2.499066
17  16  2.499088
18  16  2.499018
19  16  2.497231
20  16  2.496946
21  16  2.497663
22  16  2.498360
23  16  2.498371
24  16  2.498980
25  16  2.498831
26  16  2.499067
27  16  2.498223
28  16  2.497406
29  16  2.497626
30  16  2.497878
31  16  2.497810
32  16  2.498367
33  16  2.499694
34  16  2.499589
35  16  2.499439
36  16  2.499420
37  16  2.499163
38  16  2.498687
39  16  2.498740
40  16  2.498440
41  16  2.498190
42  16  2.496064
43  16  2.496971
44  16  2.498191
45  16  2.498297
46  16  2.498768
47  16  2.497584
48  16  2.498211
49  16  2.496829
50  16  2.495631
51  16  2.495163
52  16  2.497572
53  16  2.498030
54  16  2.499063
55  16  2.499234
56  16  2.498949
57  16  2.499016
58  16  2.499000
59  16  2.498730
60  16  2.499122
61  16  2.499506
62  16  2.498825
63  16  2.498478
0  17  2.497952
1  17  2.499165
2  17  2.499208
3  17  2.499156
4  17  2.498763
5  17  2.498208
6  17  2.497059
7  17  2.497992
8  17  2.499297
9  17  2.498709
10  17  2.496284
11  17  2.498430
12  17  2.498625
13  17  2.497567
14  17  2.498711
15  17  2.498855
16  17  2.498960
17  17  2.499050
18  17  2.498858
19  17  2.496771
20  17  2.496665
21  17  2.497993
22  17  2.498575
23  17  2.498044
24  17  2.497847
25  17  2.498181
26  17  2.498764
27  17  2.498697
28  17  2.498162
29  17  2.497623
30  17  2.496773
31  17  2.497254
32  17  2.498471
33  17  2.499705
34  17  2.499631
35  17  2.499298
36  17  2.498716
37  17  2.498693
38  17  2.498438
39  17  2.498693
40  17  2.497386
41  17  2.497242
42  17  2.495914
43  17  2.497954
44  17  2.498784
45  17  2.498218
46  17  2.498678
47  17  2.497601
48  17  2.498055
49  17  2.499019
50  17  2.497849
51  17  2.497272
52  17  2.498694
53  17  2.498833
54  17  2.497838
55  17  2.498573
56  17  2.498823
57  17  2.498578
58  17  2.497938
59  17  2.497653
60  17  2.499101
61  17  2.499499
62  17  2.498388
63  17  2.497913
0  18  2.498305
1  18  2.499295
2  18  2.498231
3  18  2.499145
4  18  2.498930
5  18  2.498343
6  18  2.497489
7  18  2.498202
8  18  2.497010
9  18  2.497385
10  18  2.495634
11  18  2.498052
12  18  2.497797
13  18  2.497756
14  18  2.499384
15  18  2.499456
16  18  2.499298
17  18  2.498979
18  18  2.498495
19  18  2.497979
20  18  2.498074
21  18  2.498841
22  18  2.498973
23  18  2.498447
24  18  2.497896
25  18  2.498085
26  18  2.498854
27  18  2.498745
28  18  2.498320
29  18  2.497831
30  18  2.497832
31  18  2.498482
32  18  2.499440
33  18  2.499587
34  18  2.499573
35  18  2.499033
36  18  2.498266
37  18  2.497968
38  18  2.498246
39  18  2.499022
40  18  2.498095
41  18  2.497716
42  18  2.496473
43  18  2.498963
44  18  2.498825
45  18  2.498977
46  18  2.499029
47  18  2.498232
48  18  2.498551
49  18  2.498904
50  18  2.498079
51  18  2.497790
52  18  2.498882
53  18  2.499082
54  18  2.497304
55  18  2.497921
56  18  2.497666
57  18  2.497930
58  18  2.496999
59  18  2.496944
60  18  2.497725
61  18  2.498414
62  18  2.498077
63  18  2.498551
0  19  2.497737
1  19  2.498753
2  19  2.498117
3  19  2.499287
4  19  2.497509
5  19  2.496950
6  19  2.496428
7  19  2.498541
8  19  2.497531
9  19  2.497979
10  19  2.496710
11  19  2.498054
12  19  2.498560
13  19  2.498581
14  19  2.498844
15  19  2.498928
16  19  2.498524
17  19  2.498113
18  19  2.497587
19  19  2.497287
20  19  2.497931
21  19  2.499015
22  19  2.499164
23  19  2.498892
24  19  2.498875
25  19  2.499476
26  19  2.499163
27  19  2.498723
28  19  2.499075
29  19  2.499506
30  19  2.499506
31  19  2.499276
32  19  2.499313
33  19  2.499178
34  19  2.499237
35  19  2.498512
36  19  2.498099
37  19  2.497961
38  19  2.498195
39  19  2.498898
40  19  2.498156
41  19  2.498265
42  19  2.497655
43  19  2.498532
44  19  2.498020
45  19  2.498647
46  19  2.499023
47  19  2.498728
48  19  2.498698
49  19  2.498510
50  19  2.498954
51  19  2.499491
52  19  2.498337
53  19  2.498023
54  19  2.494811
55  19  2.496306
56  19  2.497109
57  19  2.497653
58  19  2.497243
59  19  2.497089
60  19  2.497480
61  19  2.498406
62  19  2.497535
63  19  2.498071
0  20  2.497833
1  20  2.497962
2  20  2.497893
3  20  2.499341
4  20  2.497958
5  20  2.498026
6  20  2.497599
7  20  2.499133
8  20  2.497729
9  20  2.496346
10  20  2.494919
11  20  2.496402
12  20  2.497684
13  20  2.498744
14  20  2.499029
15  20  2.498917
16  20  2.498461
17  20  2.498048
18  20  2.498796
19  20  2.498544
20  20  2.499179
21  20  2.498985
22  20  2.499511
23  20  2.499144
24  20  2.498869
25  20  2.499152
26  20  2.498749
27  20  2.498594
28  20  2.498831
29  20  2.499576
30  20  2.499295
31  20  2.499155
32  20  2.499197
33  20  2.498444
34  20  2.498489
35  20  2.498585
36  20  2.497691
37  20  2.497766
38  20  2.497711
39  20  2.498302
40  20  2.498230
41  20  2.499084
42  20  2.499390
43  20  2.499357
44  20  2.498652
45  20  2.498354
46  20  2.498758
47  20  2.498652
48  20  2.498944
49  20  2.498665
50  20  2.499043
51  20  2.499444
52  20  2.498724
53  20  2.498598
54  20  2.496572
55  20  2.497487
56  20  2.498266
57  20  2.499336
58  20  2.498990
59  20  2.498952
60  20  2.497691
61  20  2.498421
62  20  2.497673
63  20  2.498434
0  21  2.498651
1  21  2.499090
2  21  2.499447
3  21  2.499280
4  21  2.496978
5  21  2.496737
6  21  2.496626
7  21  2.499088
8  21  2.497591
9  21  2.497203
10  21  2.497668
11  21  2.498539
12  21  2.499075
13  21  2.498647
14  21  2.498678
15  21  2.498624
16  21  2.498263
17  21  2.497238
18  21  2.498337
19  21  2.498216
20  21  2.498149
21  21  2.496289
22  21  2.497473
23  21  2.497301
24  21  2.498800
25  21  2.498529
26  21  2.499145
27  21  2.499273
28  21  2.498831
29  21  2.498664
30  21  2.498376
31  21  2.498751
32  21  2.498768
33  21  2.498088
34  21  2.498247
35  21  2.498442
36  21  2.498214
37  21  2.498599
38  21  2.498526
39  21  2.498062
40  21  2.498425
41  21  2.499154
42  21  2.499581
43  21  2.499374
44  21  2.498868
45  21  2.498683
46  21  2.498885
47  21  2.498821
48  21  2.499008
49  21  2.498748
50  21  2.498918
51  21  2.499497
52  21  2.498949
53  21  2.498495
54  21  2.498403
55  21  2.498994
56  21  2.499265
57  21  2.499359
58  21  2.499491
59  21  2.499461
60  21  2.498673
61  21  2.498711
62  21  2.497898
63  21  2.498475
0  22  2.498742
1  22  2.499186
2  22  2.499400
3  22  2.498906
4  22  2.499070
5  22  2.499038
6  22  2.499502
7  22  2.499694
8  22  2.497180
9  22  2.496896
10  22  2.498181
11  22  2.498394
12  22  2.499402
13  22  2.499445
14  22  2.499273
15  22  2.499060
16  22  2.498779
17  22  2.498730
18  22  2.499144
19  22  2.498824
20  22  2.498494
21  22  2.497778
22  22  2.498412
23  22  2.498014
24  22  2.498976
25  22  2.498226
26  22  2.498996
27  22  2.499341
28  22  2.498776
29  22  2.498935
30  22  2.499362
31  22  2.499178
32  22  2.498723
33  22  2.498443
34  22  2.498482
35  22  2.499110
36  22  2.498145
37  22  2.497704
38  22  2.497602
39  22  2.496770
40  22  2.498280
41  22  2.499070
42  22  2.499399
43  22  2.498582
44  22  2.497744
45  22  2.497015
46  22  2.497526
47  22  2.498217
48  22  2.498351
49  22  2.498167
50  22  2.498520
51  22  2.499352
52  22  2.499648
53  22  2.499116
54  22  2.499395
55  22  2.499252
56  22  2.499227
57  22  2.499620
58  22  2.499602
59  22  2.499334
60  22  2.498371
61  22  2.498941
62  22  2.498824
63  22  2.498798
0  23  2.497636
1  23  2.498208
2  23  2.498749
3  23  2.499121
4  23  2.499394
5  23  2.499537
6  23  2.499681
7  23  2.499425
8  23  2.497719
9  23  2.497837
10  23  2.498600
11  23  2.499055
12  23  2.499271
13  23  2.498711
14  23  2.498680
15  23  2.498723
16  23  2.498648
17  23  2.498922
18  23  2.498867
19  23  2.498814
20  23  2.498194
21  23  2.497477
22  23  2.498329
23  23  2.498028
24  23  2.499126
25  23  2.498441
26  23  2.499006
27  23  2.499002
28  23  2.498371
29  23  2.498333
30  23  2.498517
31  23  2.499224
32  23  2.498888
33  23  2.498820
34  23  2.498737
35  23  2.498898
36  23  2.498982
37  23  2.498044
38  23  2.498145
39  23  2.497463
40  23  2.498657
41  23  2.498877
42  23  2.498851
43  23  2.497903
44  23  2.497129
45  23  2.497782
46  23  2.498167
47  23  2.497984
48  23  2.497516
49  23  2.497531
50  23  2.498636
51  23  2.498510
52  23  2.498537
53  23  2.498256
54  23  2.499099
55  23  2.499164
56  23  2.498994
57  23  2.499295
58  23  2.499283
59  23  2.499002
60  23  2.498389
61  23  2.499533
62  23  2.498508
63  23  2.498294
0  24  2.497978
1  24  2.497848
2  24  2.498274
3  24  2.499008
4  24  2.499695
5  24  2.499787
6  24  2.499544
7  24  2.499143
8  24  2.498639
9  24  2.498406
10  24  2.499105
11  24  2.498805
12  24  2.498992
13  24  2.498700
14  24  2.498987
15  24  2.499327
16  24  2.499213
17  24  2.499393
18  24  2.498628
19  24  2.497515
20  24  2.496902
21  24  2.497535
22  24  2.498820
23  24  2.499609
24  24  2.499766
25  24  2.499255
26  24  2.499145
27  24  2.498723
28  24  2.498867
29  24  2.498922
30  24  2.498695
31  24  2.499176
32  24  2.498479
33  24  2.498833
34  24  2.498869
35  24  2.499070
36  24  2.498907
37  24  2.497874
38  24  2.497888
39  24  2.497943
40  24  2.498791
41  24  2.499269
42  24  2.499183
43  24  2.498231
44  24  2.497426
45  24  2.498111
46  24  2.499028
47  24  2.499065
48  24  2.498895
49  24  2.498829
50  24  2.499112
51  24  2.498838
52  24  2.498484
53  24  2.498660
54  24  2.498821
55  24  2.499154
56  24  2.498928
57  24  2.497987
58  24  2.496845
59  24  2.498105
60  24  2.498439
61  24  2.499482
62  24  2.498340
63  24  2.498303
0  25  2.499315
1  25  2.499524
2  25  2.499213
3  25  2.499097
4  25  2.499105
5  25  2.499040
6  25  2.498796
7  25  2.499163
8  25  2.498695
9  25  2.498010
10  25  2.498512
11  25  2.498995
12  25  2.499072
13  25  2.498728
14  25  2.499135
15  25  2.499672
16  25  2.499532
17  25  2.499336
18  25  2.498708
19  25  2.497761
20  25  2.497108
21  25  2.498161
22  25  2.498701
23  25  2.499427
24  25  2.499424
25  25  2.499175
26  25  2.499384
27  25  2.498842
28  25  2.498442
29  25  2.498152
30  25  2.498470
31  25  2.499125
32  25  2.498182
33  25  2.498585
34  25  2.499076
35  25  2.499350
36  25  2.499052
37  25  2.498284
38  25  2.498128
39  25  2.499197
40  25  2.499047
41  25  2.499416
42  25  2.499217
43  25  2.499263
44  25  2.498709
45  25  2.498964
46  25  2.499476
47  25  2.499171
48  25  2.499121
49  25  2.499101
50  25  2.499562
51  25  2.498717
52  25  2.498734
53  25  2.499553
54  25  2.499241
55  25  2.499369
56  25  2.499359
57  25  2.497533
58  25  2.496913
59  25  2.498565
60  25  2.498950
61  25  2.499302
62  25  2.498749
63  25  2.498896
0  26  2.499172
1  26  2.499228
2  26  2.498610
3  26  2.498831
4  26  2.498802
5  26  2.499112
6  26  2.498590
7  26  2.499089
8  26  2.498448
9  26  2.497898
10  26  2.497813
11  26  2.498675
12  26  2.497910
13  26  2.497774
14  26  2.497905
15  26  2.499122
16  26  2.499114
17  26  2.498727
18  26  2.498678
19  26  2.498091
20  26  2.497918
21  26  2.498630
22  26  2.498891
23  26  2.499495
24  26  2.499596
25  26  2.499262
26  26  2.499223
27  26  2.498625
28  26  2.498162
29  26  2.497842
30  26  2.498915
31  26  2.498267
32  26  2.497774
33  26  2.498919
34  26  2.499629
35  26  2.498888
36  26  2.498648
37  26  2.498576
38  26  2.498609
39  26  2.499532
40  26  2.499123
41  26  2.499617
42  26  2.499373
43  26  2.499347
44  26  2.498945
45  26  2.499100
46  26  2.499412
47  26  2.499582
48  26  2.499543
49  26  2.499577
50  26  2.499186
51  26  2.498958
52  26  2.498189
53  26  2.498638
54  26  2.498886
55  26  2.499540
56  26  2.499416
57  26  2.498007
58  26  2.497146
59  26  2.497248
60  26  2.498084
61  26  2.499514
62  26  2.499244
63  26  2.499420
0  27  2.498809
1  27  2.497172
2  27  2.497239
3  27  2.498535
4  27  2.498756
5  27  2.498401
6  27  2.498507
7  27  2.498890
8  27  2.497885
9  27  2.497690
10  27  2.497845
11  27  2.496765
12  27  2.495803
13  27  2.494954
14  27  2.497078
15  27  2.499104
16  27  2.498935
17  27  2.499222
18  27  2.498755
19  27  2.498593
20  27  2.497864
21  27  2.498804
22  27  2.498617
23  27  2.499505
24  27  2.499740
25  27  2.499207
26  27  2.498799
27  27  2.499393
28  27  2.498861
29  27  2.498216
30  27  2.499304
31  27  2.498798
32  27  2.498695
33  27  2.498605
34  27  2.499358
35  27  2.498428
36  27  2.498004
37  27  2.498270
38  27  2.498686
39  27  2.499496
40  27  2.499403
41  27  2.499695
42  27  2.499614
43  27  2.499319
44  27  2.499127
45  27  2.499260
46  27  2.499202
47  27  2.498930
48  27  2.498732
49  27  2.499085
50  27  2.499260
51  27  2.499532
52  27  2.498663
53  27  2.498352
54  27  2.498476
55  27  2.499464
56  27  2.499703
57  27  2.499362
58  27  2.499023
59  27  2.498650
60  27  2.499129
61  27  2.499310
62  27  2.499265
63  27  2.499237
0  28  2.498659
1  28  2.497004
2  28  2.497358
3  28  2.498541
4  28  2.497943
5  28  2.497183
6  28  2.497410
7  28  2.498399
8  28  2.498259
9  28  2.498209
10  28  2.498049
11  28  2.496166
12  28  2.496438
13  28  2.495111
14  28  2.497104
15  28  2.498824
16  28  2.499385
17  28  2.499380
18  28  2.499406
19  28  2.498793
20  28  2.497043
21  28  2.498299
22  28  2.498303
23  28  2.499127
24  28  2.499401
25  28  2.499317
26  28  2.499291
27  28  2.499488
28  28  2.499171
29  28  2.498082
30  28  2.498158
31  28  2.497715
32  28  2.498990
33  28  2.499006
34  28  2.499297
35  28  2.497231
36  28  2.497154
37  28  2.498230
38  28  2.499050
39  28  2.499345
40  28  2.499414
41  28  2.499356
42  28  2.499165
43  28  2.499389
44  28  2.499129
45  28  2.499393
46  28  2.499271
47  28  2.498882
48  28  2.497872
49  28  2.498255
50  28  2.498902
51  28  2.499900
52  28  2.499722
53  28  2.499380
54  28  2.499183
55  28  2.499520
56  28  2.499570
57  28  2.499623
58  28  2.499103
59  28  2.499277
60  28  2.498872
61  28  2.498776
62  28  2.498792
63  28  2.498968
0  29  2.498827
1  29  2.497827
2  29  2.498905
3  29  2.498986
4  29  2.498346
5  29  2.498274
6  29  2.498918
7  29  2.499299
8  29  2.498890
9  29  2.498774
10  29  2.498673
11  29  2.495508
12  29  2.496185
13  29  2.494578
14  29  2.497554
15  29  2.498775
16  29  2.499494
17  29  2.499336
18  29  2.499140
19  29  2.498340
20  29  2.496036
21  29  2.498599
22  29  2.498232
23  29  2.499031
24  29  2.499056
25  29  2.498514
26  29  2.498204
27  29  2.498712
28  29  2.499439
29  29  2.498834
30  29  2.497432
31  29  2.497321
32  29  2.498349
33  29  2.499030
34  29  2.499280
35  29  2.497340
36  29  2.497260
37  29  2.498102
38  29  2.499107
39  29  2.499405
40  29  2.499002
41  29  2.498350
42  29  2.498482
43  29  2.498574
44  29  2.498483
45  29  2.498208
46  29  2.499005
47  29  2.498463
48  29  2.498485
49  29  2.498605
50  29  2.499399
51  29  2.499732
52  29  2.499621
53  29  2.499537
54  29  2.499485
55  29  2.499410
56  29  2.499517
57  29  2.499544
58  29  2.499429
59  29  2.498672
60  29  2.498178
61  29  2.497405
62  29  2.497848
63  29  2.498245
0  30  2.498885
1  30  2.498733
2  30  2.498461
3  30  2.498893
4  30  2.498089
5  30  2.498188
6  30  2.498380
7  30  2.498215
8  30  2.498115
9  30  2.497563
10  30  2.499270
11  30  2.497677
12  30  2.496536
13  30  2.496475
14  30  2.497875
15  30  2.498777
16  30  2.499044
17  30  2.499178
18  30  2.499117
19  30  2.499094
20  30  2.497613
21  30  2.498777
22  30  2.498800
23  30  2.499199
24  30  2.499055
25  30  2.498412
26  30  2.498378
27  30  2.498742
28  30  2.499388
29  30  2.497248
30  30  2.496494
31  30  2.496432
32  30  2.498299
33  30  2.498989
34  30  2.499082
35  30  2.497783
36  30  2.497358
37  30  2.498148
38  30  2.498853
39  30  2.499324
40  30  2.498800
41  30  2.498705
42  30  2.498525
43  30  2.498636
44  30  2.497905
45  30  2.497833
46  30  2.498194
47  30  2.498673
48  30  2.498707
49  30  2.498953
50  30  2.499093
51  30  2.499372
52  30  2.499143
53  30  2.499424
54  30  2.499233
55  30  2.499199
56  30  2.499191
57  30  2.499474
58  30  2.499364
59  30  2.498826
60  30  2.498149
61  30  2.497537
62  30  2.497835
63  30  2.498446
0  31  2.498077
1  31  2.498806
2  31  2.498689
3  31  2.498326
4  31  2.498091
5  31  2.498761
6  31  2.499056
7  31  2.497867
8  31  2.498559
9  31  2.498559
10  31  2.498768
11  31  2.498574
12  31  2.497972
13  31  2.498460
14  31  2.498113
15  31  2.499201
16  31  2.499141
17  31  2.499410
18  31  2.498704
19  31  2.499134
20  31  2.498821
21  31  2.499232
22  31  2.499151
23  31  2.499275
24  31  2.498892
25  31  2.498660
26  31  2.498174
27  31  2.498186
28  31  2.498926
29  31  2.498551
30  31  2.498667
31  31  2.498910
32  31  2.498261
33  31  2.498841
34  31  2.498779
35  31  2.498556
36  31  2.498588
37  31  2.499190
38  31  2.499161
39  31  2.499070
40  31  2.498724
41  31  2.498894
42  31  2.498479
43  31  2.497791
44  31  2.498083
45  31  2.498720
46  31  2.498700
47  31  2.499223
48  31  2.499307
49  31  2.499291
50  31  2.498903
51  31  2.499000
52  31  2.498038
53  31  2.498373
54  31  2.498151
55  31  2.498085
56  31  2.498115
57  31  2.498479
58  31  2.498482
59  31  2.497704
60  31  2.497825
61  31  2.497279
62  31  2.497382
63  31  2.497598
0  32  2.498255
1  32  2.498808
2  32  2.499179
3  32  2.498709
4  32  2.497684
5  32  2.497254
6  32  2.498133
7  32  2.496879
8  32  2.497790
9  32  2.498225
10  32  2.498484
11  32  2.498025
12  32  2.497984
13  32  2.498022
14  32  2.498066
15  32  2.499391
16  32  2.498887
17  32  2.499313
18  32  2.499033
19  32  2.499558
20  32  2.499501
21  32  2.498334
22  32  2.498588
23  32  2.498805
24  32  2.498650
25  32  2.499071
26  32  2.498673
27  32  2.498799
28  32  2.499082
29  32  2.498323
30  32  2.498580
31  32  2.499549
32  32  2.498998
33  32  2.499008
34  32  2.499149
35  32  2.499347
36  32  2.499597
37  32  2.499299
38  32  2.499396
39  32  2.498964
40  32  2.498832
41  32  2.497204
42  32  2.497452
43  32  2.496531
44  32  2.498283
45  32  2.498687
46  32  2.498265
47  32  2.498741
48  32  2.499473
49  32  2.498878
50  32  2.498227
51  32  2.498295
52  32  2.498101
53  32  2.498717
54  32  2.498332
55  32  2.498011
56  32  2.497632
57  32  2.498216
58  32  2.498196
59  32  2.498153
60  32  2.499188
61  32  2.499115
62  32  2.498351
63  32  2.498045
0  33  2.498417
1  33  2.499002
2  33  2.499087
3  33  2.499192
4  33  2.499146
5  33  2.498499
6  33  2.498465
7  33  2.498265
8  33  2.498829
9  33  2.499274
10  33  2.498652
11  33  2.498381
12  33  2.497708
13  33  2.497934
14  33  2.498579
15  33  2.499452
16  33  2.498541
17  33  2.498157
18  33  2.497868
19  33  2.498294
20  33  2.498692
21  33  2.498370
22  33  2.498836
23  33  2.498943
24  33  2.497925
25  33  2.498521
26  33  2.498414
27  33  2.498622
28  33  2.498761
29  33  2.498790
30  33  2.498834
31  33  2.499291
32  33  2.498020
33  33  2.497472
34  33  2.497028
35  33  2.498595
36  33  2.499218
37  33  2.499153
38  33  2.498970
39  33  2.498249
40  33  2.498291
41  33  2.496933
42  33  2.497941
43  33  2.497621
44  33  2.499445
45  33  2.498762
46  33  2.498531
47  33  2.498650
48  33  2.498948
49  33  2.498716
50  33  2.498445
51  33  2.499288
52  33  2.499026
53  33  2.499156
54  33  2.498903
55  33  2.498801
56  33  2.498391
57  33  2.498120
58  33  2.498241
59  33  2.498117
60  33  2.499302
61  33  2.499651
62  33  2.498406
63  33  2.498526
0  34  2.498947
1  34  2.499038
2  34  2.497840
3  34  2.498272
4  34  2.498912
5  34  2.498874
6  34  2.498244
7  34  2.498168
8  34  2.498619
9  34  2.498766
10  34  2.498276
11  34  2.498893
12  34  2.498104
13  34  2.498236
14  34  2.499037
15  34  2.498430
16  34  2.497977
17  34  2.497022
18  34  2.496742
19  34  2.497212
20  34  2.498615
21  34  2.498074
22  34  2.497766
23  34  2.497046
24  34  2.497034
25  34  2.497713
26  34  2.498469
27  34  2.498446
28  34  2.498995
29  34  2.498900
30  34  2.498633
31  34  2.498520
32  34  2.497658
33  34  2.498444
34  34  2.497509
35  34  2.498543
36  34  2.498900
37  34  2.498685
38  34  2.498823
39  34  2.498142
40  34  2.498732
41  34  2.497248
42  34  2.498188
43  34  2.497860
44  34  2.499273
45  34  2.498110
46  34  2.498508
47  34  2.498219
48  34  2.499072
49  34  2.498956
50  34  2.499027
51  34  2.499074
52  34  2.497843
53  34  2.497404
54  34  2.497540
55  34  2.499321
56  34  2.499158
57  34  2.498538
58  34  2.498912
59  34  2.498829
60  34  2.499429
61  34  2.499732
62  34  2.499039
63  34  2.499237
0  35  2.499274
1  35  2.498990
2  35  2.497032
3  35  2.498345
4  35  2.498140
5  35  2.497669
6  35  2.497720
7  35  2.498685
8  35  2.498843
9  35  2.498878
10  35  2.498474
11  35  2.498983
12  35  2.498317
13  35  2.498719
14  35  2.498914
15  35  2.498667
16  35  2.498897
17  35  2.496969
18  35  2.497110
19  35  2.497471
20  35  2.498976
21  35  2.498792
22  35  2.499047
23  35  2.498225
24  35  2.497146
25  35  2.496632
26  35  2.497581
27  35  2.498203
28  35  2.499041
29  35  2.499081
30  35  2.499482
31  35  2.498433
32  35  2.497332
33  35  2.498714
34  35  2.497297
35  35  2.498432
36  35  2.499064
37  35  2.498537
38  35  2.498793
39  35  2.498945
40  35  2.499007
41  35  2.498939
42  35  2.499035
43  35  2.499246
44  35  2.499251
45  35  2.498792
46  35  2.499153
47  35  2.498891
48  35  2.499014
49  35  2.499074
50  35  2.498869
51  35  2.498890
52  35  2.498179
53  35  2.497157
54  35  2.496935
55  35  2.499655
56  35  2.499373
57  35  2.499006
58  35  2.498923
59  35  2.499051
60  35  2.499282
61  35  2.498949
62  35  2.498884
63  35  2.499253
0  36  2.498929
1  36  2.498347
2  36  2.497431
3  36  2.498473
4  36  2.496922
5  36  2.497495
6  36  2.497850
7  36  2.498905
8  36  2.499379
9  36  2.498817
10  36  2.498324
11  36  2.497907
12  36  2.497128
13  36  2.498652
14  36  2.498640
15  36  2.499316
16  36  2.499384
17  36  2.498368
18  36  2.498402
19  36  2.498408
20  36  2.498943
21  36  2.499189
22  36  2.499641
23  36  2.499062
24  36  2.497437
25  36  2.496966
26  36  2.497541
27  36  2.498648
28  36  2.499120
29  36  2.499069
30  36  2.499111
31  36  2.498284
32  36  2.498358
33  36  2.499309
34  36  2.499197
35  36  2.499408
36  36  2.499881
37  36  2.498925
38  36  2.498863
39  36  2.498629
40  36  2.498690
41  36  2.499000
42  36  2.499441
43  36  2.499562
44  36  2.499195
45  36  2.498577
46  36  2.498679
47  36  2.498617
48  36  2.499149
49  36  2.499322
50  36  2.499108
51  36  2.497297
52  36  2.495503
53  36  2.495566
54  36  2.496627
55  36  2.499154
56  36  2.498893
57  36  2.498968
58  36  2.498999
59  36  2.499105
60  36  2.499425
61  36  2.498773
62  36  2.498974
63  36  2.498599
0  37  2.499127
1  37  2.498333
2  37  2.498388
3  37  2.499215
4  37  2.498345
5  37  2.498548
6  37  2.498648
7  37  2.498934
8  37  2.499489
9  37  2.499179
10  37  2.498962
11  37  2.498392
12  37  2.497856
13  37  2.498364
14  37  2.498217
15  37  2.499328
16  37  2.499883
17  37  2.499440
18  37  2.499345
19  37  2.498936
20  37  2.499018
21  37  2.499375
22  37  2.499432
23  37  2.498881
24  37  2.498383
25  37  2.498178
26  37  2.497971
27  37  2.498528
28  37  2.499170
29  37  2.498833
30  37  2.498905
31  37  2.498448
32  37  2.498815
33  37  2.498904
34  37  2.498553
35  37  2.498683
36  37  2.498503
37  37  2.498694
38  37  2.498449
39  37  2.498677
40  37  2.498595
41  37  2.499512
42  37  2.499562
43  37  2.499453
44  37  2.499353
45  37  2.499389
46  37  2.499299
47  37  2.499476
48  37  2.498849
49  37  2.499069
50  37  2.498536
51  37  2.497592
52  37  2.496747
53  37  2.496979
54  37  2.498033
55  37  2.497938
56  37  2.498817
57  37  2.499188
58  37  2.499545
59  37  2.499456
60  37  2.499524
61  37  2.499181
62  37  2.499276
63  37  2.498757
0  38  2.498640
1  38  2.498401
2  38  2.499146
3  38  2.499617
4  38  2.499317
5  38  2.499320
6  38  2.498786
7  38  2.498968
8  38  2.499432
9  38  2.498643
10  38  2.498891
11  38  2.498331
12  38  2.497736
13  38  2.497765
14  38  2.498153
15  38  2.499492
16  38  2.499528
17  38  2.499487
18  38  2.499421
19  38  2.499352
20  38  2.499180
21  38  2.499142
22  38  2.499557
23  38  2.499298
24  38  2.499320
25  38  2.498768
26  38  2.498729
27  38  2.498688
28  38  2.498798
29  38  2.498353
30  38  2.498327
31  38  2.498733
32  38  2.499015
33  38  2.499329
34  38  2.498748
35  38  2.498893
36  38  2.498169
37  38  2.499040
38  38  2.498472
39  38  2.498454
40  38  2.498501
41  38  2.499103
42  38  2.499480
43  38  2.499493
44  38  2.499480
45  38  2.499037
46  38  2.499067
47  38  2.499086
48  38  2.499225
49  38  2.499356
50  38  2.498259
51  38  2.498011
52  38  2.497819
53  38  2.497642
54  38  2.498354
55  38  2.498444
56  38  2.499101
57  38  2.499445
58  38  2.499741
59  38  2.499438
60  38  2.499476
61  38  2.499327
62  38  2.499478
63  38  2.498899
0  39  2.499302
1  39  2.499266
2  39  2.498810
3  39  2.498661
4  39  2.498926
5  39  2.498400
6  39  2.498626
7  39  2.498997
8  39  2.499648
9  39  2.498432
10  39  2.498730
11  39  2.499296
12  39  2.499184
13  39  2.499323
14  39  2.499333
15  39  2.499672
16  39  2.499500
17  39  2.498846
18  39  2.498801
19  39  2.498380
20  39  2.498768
21  39  2.498899
22  39  2.499331
23  39  2.498823
24  39  2.498387
25  39  2.497952
26  39  2.498245
27  39  2.498854
28  39  2.499004
29  39  2.498583
30  39  2.498412
31  39  2.498518
32  39  2.498723
33  39  2.498845
34  39  2.498600
35  39  2.498639
36  39  2.498433
37  39  2.499509
38  39  2.499081
39  39  2.498863
40  39  2.498835
41  39  2.499067
42  39  2.499434
43  39  2.499022
44  39  2.497995
45  39  2.497537
46  39  2.497679
47  39  2.498872
48  39  2.498981
49  39  2.498937
50  39  2.498066
51  39  2.497814
52  39  2.498300
53  39  2.498155
54  39  2.498390
55  39  2.499001
56  39  2.499494
57  39  2.499196
58  39  2.499237
59  39  2.498772
60  39  2.499078
61  39  2.499092
62  39  2.499479
63  39  2.499592
0  40  2.499650
1  40  2.499660
2  40  2.499091
3  40  2.498335
4  40  2.498510
5  40  2.498453
6  40  2.498850
7  40  2.498914
8  40  2.499196
9  40  2.498181
10  40  2.497847
11  40  2.498590
12  40  2.499094
13  40  2.499089
14  40  2.498697
15  40  2.498398
16  40  2.498209
17  40  2.498562
18  40  2.498389
19  40  2.497921
20  40  2.498486
21  40  2.498396
22  40  2.498948
23  40  2.498798
24  40  2.498296
25  40  2.498272
26  40  2.498968
27  40  2.499096
28  40  2.498925
29  40  2.499151
30  40  2.499220
31  40  2.499465
32  40  2.498456
33  40  2.498127
34  40  2.498248
35  40  2.498363
36  40  2.497954
37  40  2.497868
38  40  2.497979
39  40  2.499092
40  40  2.499133
41  40  2.499547
42  40  2.499198
43  40  2.499183
44  40  2.497926
45  40  2.497689
46  40  2.497366
47  40  2.498007
48  40  2.497581
49  40  2.498822
50  40  2.499626
51  40  2.498551
52  40  2.497881
53  40  2.498098
54  40  2.498362
55  40  2.499271
56  40  2.499387
57  40  2.499342
58  40  2.499299
59  40  2.498724
60  40  2.498887
61  40  2.498748
62  40  2.498979
63  40  2.499519
0  41  2.498464
1  41  2.499693
2  41  2.499031
3  41  2.498219
4  41  2.498348
5  41  2.498185
6  41  2.497906
7  41  2.498185
8  41  2.497949
9  41  2.497797
10  41  2.497684
11  41  2.498359
12  41  2.499092
13  41  2.499080
14  41  2.499053
15  41  2.498445
16  41  2.498415
17  41  2.498699
18  41  2.498699
19  41  2.498450
20  41  2.498141
21  41  2.498171
22  41  2.498694
23  41  2.498191
24  41  2.497604
25  41  2.497890
26  41  2.499130
27  41  2.498585
28  41  2.498967
29  41  2.498933
30  41  2.499275
31  41  2.499159
32  41  2.497557
33  41  2.497324
34  41  2.497685
35  41  2.498532
36  41  2.498202
37  41  2.497566
38  41  2.497242
39  41  2.499268
40  41  2.499406
41  41  2.499511
42  41  2.499141
43  41  2.499485
44  41  2.497890
45  41  2.498053
46  41  2.498598
47  41  2.499524
48  41  2.497651
49  41  2.498514
50  41  2.499328
51  41  2.498909
52  41  2.498520
53  41  2.498025
54  41  2.497779
55  41  2.498063
56  41  2.498638
57  41  2.498757
58  41  2.499385
59  41  2.498573
60  41  2.498574
61  41  2.497678
62  41  2.497385
63  41  2.497564
0  42  2.498305
1  42  2.499487
2  42  2.499326
3  42  2.499397
4  42  2.498812
5  42  2.498325
6  42  2.498669
7  42  2.498931
8  42  2.498243
9  42  2.498200
10  42  2.498134
11  42  2.498573
12  42  2.499330
13  42  2.499373
14  42  2.499334
15  42  2.498382
16  42  2.498402
17  42  2.499079
18  42  2.499187
19  42  2.498545
20  42  2.498537
21  42  2.498410
22  42  2.499120
23  42  2.498832
24  42  2.498865
25  42  2.499342
26  42  2.499614
27  42  2.499328
28  42  2.499104
29  42  2.499113
30  42  2.499025
31  42  2.498960
32  42  2.498292
33  42  2.498188
34  42  2.498404
35  42  2.498652
36  42  2.498307
37  42  2.497606
38  42  2.497272
39  42  2.499348
40  42  2.499460
41  42  2.499538
42  42  2.498691
43  42  2.498890
44  42  2.499106
45  42  2.499650
46  42  2.499072
47  42  2.499485
48  42  2.498256
49  42  2.498965
50  42  2.499255
51  42  2.499207
52  42  2.498650
53  42  2.497988
54  42  2.497500
55  42  2.497973
56  42  2.498272
57  42  2.498719
58  42  2.499407
59  42  2.499342
60  42  2.499102
61  42  2.498181
62  42  2.497344
63  42  2.497342
0  43  2.498354
1  43  2.499228
2  43  2.499283
3  43  2.499341
4  43  2.498966
5  43  2.498388
6  43  2.498520
7  43  2.498646
8  43  2.498843
9  43  2.498193
10  43  2.498470
11  43  2.497962
12  43  2.499421
13  43  2.499293
14  43  2.499566
15  43  2.499308
16  43  2.499461
17  43  2.499294
18  43  2.499648
19  43  2.496411
20  43  2.495826
21  43  2.496506
22  43  2.498461
23  43  2.499082
24  43  2.499102
25  43  2.498919
26  43  2.498788
27  43  2.498008
28  43  2.498594
29  43  2.498291
30  43  2.498234
31  43  2.498207
32  43  2.497930
33  43  2.498738
34  43  2.498868
35  43  2.498811
36  43  2.498484
37  43  2.498420
38  43  2.497890
39  43  2.498907
40  43  2.498965
41  43  2.499373
42  43  2.498910
43  43  2.498528
44  43  2.498986
45  43  2.499377
46  43  2.499279
47  43  2.499300
48  43  2.499251
49  43  2.499697
50  43  2.499736
51  43  2.499534
52  43  2.498271
53  43  2.497522
54  43  2.497106
55  43  2.497490
56  43  2.497852
57  43  2.498406
58  43  2.498829
59  43  2.499192
60  43  2.498926
61  43  2.498938
62  43  2.498389
63  43  2.497988
0  44  2.498012
1  44  2.498262
2  44  2.499005
3  44  2.499017
4  44  2.498580
5  44  2.498626
6  44  2.499103
7  44  2.499103
8  44  2.498596
9  44  2.498585
10  44  2.498634
11  44  2.497709
12  44  2.498626
13  44  2.498507
14  44  2.499416
15  44  2.499350
16  44  2.499549
17  44  2.498836
18  44  2.498576
19  44  2.496348
20  44  2.496425
21  44  2.496553
22  44  2.498620
23  44  2.498894
24  44  2.499059
25  44  2.498756
26  44  2.498935
27  44  2.498959
28  44  2.498845
29  44  2.498412
30  44  2.498125
31  44  2.498190
32  44  2.498017
33  44  2.497890
34  44  2.497410
35  44  2.498041
36  44  2.498741
37  44  2.499583
38  44  2.498935
39  44  2.498808
40  44  2.498838
41  44  2.499410
42  44  2.499484
43  44  2.499327
44  44  2.499309
45  44  2.499545
46  44  2.499428
47  44  2.499340
48  44  2.499579
49  44  2.499077
50  44  2.498977
51  44  2.498369
52  44  2.498045
53  44  2.497564
54  44  2.497872
55  44  2.498034
56  44  2.497440
57  44  2.497426
58  44  2.497594
59  44  2.499432
60  44  2.499115
61  44  2.499075
62  44  2.498584
63  44  2.498177
0  45  2.498354
1  45  2.498253
2  45  2.498882
3  45  2.499439
4  45  2.499456
5  45  2.499075
6  45  2.499256
7  45  2.498975
8  45  2.498364
9  45  2.498601
10  45  2.498238
11  45  2.497434
12  45  2.498051
13  45  2.497909
14  45  2.498519
15  45  2.498290
16  45  2.498199
17  45  2.498258
18  45  2.497557
19  45  2.496439
20  45  2.496948
21  45  2.496975
22  45  2.498405
23  45  2.498393
24  45  2.498648
25  45  2.498875
26  45  2.499285
27  45  2.499555
28  45  2.499221
29  45  2.499285
30  45  2.498685
31  45  2.499126
32  45  2.498148
33  45  2.497924
34  45  2.497368
35  45  2.497897
36  45  2.499309
37  45  2.499631
38  45  2.499319
39  45  2.499411
40  45  2.499342
41  45  2.499177
42  45  2.498930
43  45  2.497928
44  45  2.498408
45  45  2.498550
46  45  2.498889
47  45  2.499069
48  45  2.498934
49  45  2.498741
50  45  2.499017
51  45  2.498673
52  45  2.499061
53  45  2.498266
54  45  2.498969
55  45  2.497597
56  45  2.497299
57  45  2.496180
58  45  2.496828
59  45  2.499309
60  45  2.499043
61  45  2.498559
62  45  2.497822
63  45  2.498584
0  46  2.499541
1  46  2.498265
2  46  2.498706
3  46  2.499107
4  46  2.499190
5  46  2.498916
6  46  2.499261
7  46  2.498873
8  46  2.498722
9  46  2.498713
10  46  2.497556
11  46  2.497872
12  46  2.497616
13  46  2.497829
14  46  2.498400
15  46  2.498625
16  46  2.497861
17  46  2.498799
18  46  2.498886
19  46  2.499229
20  46  2.499286
21  46  2.498824
22  46  2.498566
23  46  2.498116
24  46  2.498587
25  46  2.498826
26  46  2.499457
27  46  2.499579
28  46  2.499046
29  46  2.499108
30  46  2.498605
31  46  2.498982
32  46  2.498692
33  46  2.498994
34  46  2.498805
35  46  2.499138
36  46  2.499641
37  46  2.499428
38  46  2.499427
39  46  2.499724
40  46  2.498844
41  46  2.498823
42  46  2.498933
43  46  2.497880
44  46  2.497511
45  46  2.497713
46  46  2.498054
47  46  2.499454
48  46  2.499159
49  46  2.498857
50  46  2.499177
51  46  2.498374
52  46  2.498610
53  46  2.498113
54  46  2.499092
55  46  2.497853
56  46  2.496997
57  46  2.496269
58  46  2.497542
59  46  2.499271
60  46  2.498588
61  46  2.497612
62  46  2.497412
63  46  2.499286
0  47  2.498991
1  47  2.498331
2  47  2.498633
3  47  2.499183
4  47  2.499379
5  47  2.499159
6  47  2.499698
7  47  2.499077
8  47  2.498451
9  47  2.497703
10  47  2.497917
11  47  2.498459
12  47  2.498390
13  47  2.498564
14  47  2.499068
15  47  2.499255
16  47  2.497793
17  47  2.498159
18  47  2.498254
19  47  2.498656
20  47  2.498890
21  47  2.498942
22  47  2.499394
23  47  2.499089
24  47  2.498935
25  47  2.498743
26  47  2.499101
27  47  2.499576
28  47  2.498603
29  47  2.498779
30  47  2.498811
31  47  2.498898
32  47  2.499318
33  47  2.498947
34  47  2.499348
35  47  2.499579
36  47  2.498130
37  47  2.497133
38  47  2.497097
39  47  2.498614
40  47  2.498470
41  47  2.498409
42  47  2.498098
43  47  2.496931
44  47  2.497560
45  47  2.497690
46  47  2.497501
47  47  2.499427
48  47  2.499223
49  47  2.498172
50  47  2.498497
51  47  2.498422
52  47  2.498368
53  47  2.497895
54  47  2.497777
55  47  2.498601
56  47  2.497980
57  47  2.497766
58  47  2.497984
59  47  2.497681
60  47  2.497434
61  47  2.497684
62  47  2.498428
63  47  2.499113
0  48  2.498688
1  48  2.498758
2  48  2.498806
3  48  2.498553
4  48  2.498828
5  48  2.498761
6  48  2.498985
7  48  2.498734
8  48  2.498226
9  48  2.498862
10  48  2.499272
11  48  2.498840
12  48  2.498374
13  48  2.498656
14  48  2.498897
15  48  2.499321
16  48  2.499172
17  48  2.499073
18  48  2.499110
19  48  2.498858
20  48  2.499102
21  48  2.498682
22  48  2.499285
23  48  2.498829
24  48  2.499179
25  48  2.498758
26  48  2.498499
27  48  2.499548
28  48  2.498403
29  48  2.498694
30  48  2.499313
31  48  2.499427
32  48  2.498994
33  48  2.498786
34  48  2.499505
35  48  2.499522
36  48  2.497736
37  48  2.497645
38  48  2.497673
39  48  2.498818
40  48  2.498575
41  48  2.498247
42  48  2.497969
43  48  2.496555
44  48  2.497247
45  48  2.497514
46  48  2.498058
47  48  2.499328
48  48  2.498866
49  48  2.497462
50  48  2.497499
51  48  2.497758
52  48  2.496250
53  48  2.497335
54  48  2.497272
55  48  2.499317
56  48  2.498954
57  48  2.498672
58  48  2.497568
59  48  2.496866
60  48  2.497855
61  48  2.499308
62  48  2.498970
63  48  2.498089
0  49  2.498109
1  49  2.497971
2  49  2.498367
3  49  2.498163
4  49  2.498368
5  49  2.498315
6  49  2.498534
7  49  2.499146
8  49  2.498513
9  49  2.499064
10  49  2.498922
11  49  2.499006
12  49  2.498362
13  49  2.497142
14  49  2.496897
15  49  2.497792
16  49  2.499258
17  49  2.498923
18  49  2.499055
19  49  2.498712
20  49  2.498921
21  49  2.498242
22  49  2.498815
23  49  2.498593
24  49  2.498264
25  49  2.497457
26  49  2.496655
27  49  2.498374
28  49  2.497753
29  49  2.498390
30  49  2.499253
31  49  2.499481
32  49  2.499003
33  49  2.498931
34  49  2.499544
35  49  2.499539
36  49  2.498287
37  49  2.498705
38  49  2.499156
39  49  2.498572
40  49  2.498311
41  49  2.498243
42  49  2.498369
43  49  2.497653
44  49  2.498469
45  49  2.498907
46  49  2.499014
47  49  2.498430
48  49  2.497597
49  49  2.495836
50  49  2.495527
51  49  2.496963
52  49  2.496999
53  49  2.498235
54  49  2.497177
55  49  2.499160
56  49  2.498961
57  49  2.498512
58  49  2.497438
59  49  2.496178
60  49  2.497495
61  49  2.499367
62  49  2.498718
63  49  2.497475
0  50  2.498895
1  50  2.498299
2  50  2.498421
3  50  2.497864
4  50  2.497891
5  50  2.498290
6  50  2.498508
7  50  2.498771
8  50  2.498693
9  50  2.498817
10  50  2.499101
11  50  2.498932
12  50  2.497630
13  50  2.496971
14  50  2.497727
15  50  2.497840
16  50  2.499342
17  50  2.498713
18  50  2.498871
19  50  2.499062
20  50  2.498779
21  50  2.498981
22  50  2.498814
23  50  2.497978
24  50  2.496279
25  50  2.495715
26  50  2.497273
27  50  2.497518
28  50  2.498098
29  50  2.498311
30  50  2.499096
31  50  2.499364
32  50  2.499086
33  50  2.499511
34  50  2.499097
35  50  2.499166
36  50  2.498626
37  50  2.498278
38  50  2.498433
39  50  2.498685
40  50  2.499130
41  50  2.499051
42  50  2.499160
43  50  2.498144
44  50  2.498317
45  50  2.498471
46  50  2.499155
47  50  2.498629
48  50  2.498774
49  50  2.498651
50  50  2.497183
51  50  2.498286
52  50  2.497459
53  50  2.498688
54  50  2.498433
55  50  2.499202
56  50  2.499542
57  50  2.498491
58  50  2.498063
59  50  2.496834
60  50  2.498003
61  50  2.498615
62  50  2.498513
63  50  2.498307
0  51  2.498374
1  51  2.499325
2  51  2.499476
3  51  2.498889
4  51  2.498423
5  51  2.498973
6  51  2.499058
7  51  2.499224
8  51  2.499272
9  51  2.497661
10  51  2.497407
11  51  2.497436
12  51  2.497720
13  51  2.497618
14  51  2.498612
15  51  2.497975
16  51  2.499559
17  51  2.499077
18  51  2.498869
19  51  2.499048
20  51  2.498763
21  51  2.499249
22  51  2.499240
23  51  2.497823
24  51  2.496136
25  51  2.495870
26  51  2.497912
27  51  2.498548
28  51  2.499162
29  51  2.498895
30  51  2.498829
31  51  2.499093
32  51  2.499326
33  51  2.499329
34  51  2.499115
35  51  2.499054
36  51  2.498537
37  51  2.498129
38  51  2.498282
39  51  2.498555
40  51  2.499320
41  51  2.499041
42  51  2.499355
43  51  2.497982
44  51  2.498150
45  51  2.498376
46  51  2.499025
47  51  2.498783
48  51  2.498911
49  51  2.498532
50  51  2.498503
51  51  2.499272
52  51  2.499389
53  51  2.499576
54  51  2.499052
55  51  2.499069
56  51  2.499236
57  51  2.498567
58  51  2.498761
59  51  2.496943
60  51  2.497885
61  51  2.498341
62  51  2.498635
63  51  2.497986
0  52  2.498334
1  52  2.499082
2  52  2.498788
3  52  2.498787
4  52  2.498992
5  52  2.499430
6  52  2.499398
7  52  2.499128
8  52  2.499250
9  52  2.497895
10  52  2.497848
11  52  2.497759
12  52  2.499150
13  52  2.498926
14  52  2.499471
15  52  2.498806
16  52  2.499573
17  52  2.499210
18  52  2.498784
19  52  2.499094
20  52  2.499077
21  52  2.499558
22  52  2.499270
23  52  2.498025
24  52  2.497951
25  52  2.496534
26  52  2.498422
27  52  2.498377
28  52  2.499310
29  52  2.498783
30  52  2.498687
31  52  2.498883
32  52  2.499086
33  52  2.499091
34  52  2.498708
35  52  2.498426
36  52  2.497850
37  52  2.497918
38  52  2.497927
39  52  2.498565
40  52  2.499373
41  52  2.499596
42  52  2.499276
43  52  2.498060
44  52  2.498131
45  52  2.498239
46  52  2.499104
47  52  2.499333
48  52  2.499394
49  52  2.499118
50  52  2.498987
51  52  2.499438
52  52  2.499044
53  52  2.498249
54  52  2.498473
55  52  2.498538
56  52  2.499171
57  52  2.498687
58  52  2.498494
59  52  2.497168
60  52  2.497677
61  52  2.497744
62  52  2.497867
63  52  2.497427
0  53  2.498711
1  53  2.498919
2  53  2.498891
3  53  2.498913
4  53  2.499396
5  53  2.499637
6  53  2.499434
7  53  2.498802
8  53  2.498682
9  53  2.497414
10  53  2.497841
11  53  2.498417
12  53  2.499320
13  53  2.499446
14  53  2.499382
15  53  2.499071
16  53  2.498294
17  53  2.498346
18  53  2.498415
19  53  2.499471
20  53  2.499305
21  53  2.498944
22  53  2.498996
23  53  2.498713
24  53  2.498432
25  53  2.498051
26  53  2.498506
27  53  2.498975
28  53  2.499309
29  53  2.498841
30  53  2.498738
31  53  2.499011
32  53  2.499295
33  53  2.498949
34  53  2.498870
35  53  2.498936
36  53  2.498154
37  53  2.497550
38  53  2.497390
39  53  2.498218
40  53  2.499252
41  53  2.499487
42  53  2.499146
43  53  2.498018
44  53  2.498146
45  53  2.498688
46  53  2.499584
47  53  2.499707
48  53  2.499524
49  53  2.499124
50  53  2.498975
51  53  2.499139
52  53  2.498089
53  53  2.497529
54  53  2.497658
55  53  2.498795
56  53  2.499391
57  53  2.498024
58  53  2.498118
59  53  2.497335
60  53  2.498593
61  53  2.498534
62  53  2.499118
63  53  2.498010
0  54  2.499416
1  54  2.498874
2  54  2.498850
3  54  2.498789
4  54  2.499427
5  54  2.499498
6  54  2.499336
7  54  2.498894
8  54  2.498824
9  54  2.498095
10  54  2.498202
11  54  2.499030
12  54  2.499049
13  54  2.499228
14  54  2.499436
15  54  2.499049
16  54  2.498254
17  54  2.497995
18  54  2.497906
19  54  2.498791
20  54  2.498922
21  54  2.498586
22  54  2.498748
23  54  2.498436
24  54  2.498780
25  54  2.498383
26  54  2.498686
27  54  2.499173
28  54  2.499177
29  54  2.499054
30  54  2.499223
31  54  2.499506
32  54  2.499507
33  54  2.499141
34  54  2.499258
35  54  2.499574
36  54  2.499513
37  54  2.499054
38  54  2.499202
39  54  2.498952
40  54  2.499277
41  54  2.499640
42  54  2.499247
43  54  2.499174
44  54  2.499105
45  54  2.498679
46  54  2.499299
47  54  2.499349
48  54  2.499352
49  54  2.499017
50  54  2.498956
51  54  2.498870
52  54  2.498182
53  54  2.497813
54  54  2.497840
55  54  2.499063
56  54  2.499368
57  54  2.499192
58  54  2.499612
59  54  2.499521
60  54  2.499609
61  54  2.499366
62  54  2.499158
63  54  2.498900
0  55  2.499624
1  55  2.498869
2  55  2.498685
3  55  2.498594
4  55  2.498497
5  55  2.498839
6  55  2.498823
7  55  2.499154
8  55  2.499039
9  55  2.498529
10  55  2.498513
11  55  2.498730
12  55  2.498835
13  55  2.499289
14  55  2.499673
15  55  2.499401
16  55  2.497757
17  55  2.497582
18  55  2.497787
19  55  2.499388
20  55  2.499167
21  55  2.498590
22  55  2.498630
23  55  2.498266
24  55  2.498318
25  55  2.498198
26  55  2.498637
27  55  2.499159
28  55  2.499280
29  55  2.499546
30  55  2.499538
31  55  2.499649
32  55  2.499590
33  55  2.499070
34  55  2.499097
35  55  2.499575
36  55  2.499623
37  55  2.498593
38  55  2.498362
39  55  2.498423
40  55  2.498182
41  55  2.498502
42  55  2.498091
43  55  2.499307
44  55  2.499277
45  55  2.498487
46  55  2.499290
47  55  2.499350
48  55  2.499583
49  55  2.499237
50  55  2.499136
51  55  2.498192
52  55  2.497964
53  55  2.497987
54  55  2.498116
55  55  2.499475
56  55  2.499665
57  55  2.499549
58  55  2.499588
59  55  2.499507
60  55  2.499431
61  55  2.499411
62  55  2.499691
63  55  2.499620
0  56  2.499582
1  56  2.499367
2  56  2.498934
3  56  2.499114
4  56  2.498332
5  56  2.498979
6  56  2.498461
7  56  2.497950
8  56  2.497949
9  56  2.497669
10  56  2.498283
11  56  2.497702
12  56  2.498197
13  56  2.498470
14  56  2.498870
15  56  2.498382
16  56  2.498096
17  56  2.497817
18  56  2.498252
19  56  2.498526
20  56  2.498363
21  56  2.498956
22  56  2.499135
23  56  2.499065
24  56  2.499114
25  56  2.498895
26  56  2.499008
27  56  2.499102
28  56  2.499487
29  56  2.499806
30  56  2.499651
31  56  2.498389
32  56  2.498729
33  56  2.497197
34  56  2.498478
35  56  2.499028
36  56  2.499587
37  56  2.499397
38  56  2.499227
39  56  2.499240
40  56  2.498528
41  56  2.498116
42  56  2.497741
43  56  2.498544
44  56  2.499126
45  56  2.498125
46  56  2.499034
47  56  2.499173
48  56  2.499462
49  56  2.499250
50  56  2.499237
51  56  2.498292
52  56  2.498603
53  56  2.498744
54  56  2.499308
55  56  2.499033
56  56  2.499209
57  56  2.499003
58  56  2.499488
59  56  2.499429
60  56  2.499504
61  56  2.499528
62  56  2.499421
63  56  2.499492
0  57  2.498967
1  57  2.498913
2  57  2.499163
3  57  2.499472
4  57  2.498913
5  57  2.498813
6  57  2.498967
7  57  2.498491
8  57  2.497529
9  57  2.497959
10  57  2.498988
11  57  2.498990
12  57  2.498768
13  57  2.498720
14  57  2.498701
15  57  2.498454
16  57  2.498379
17  57  2.498209
18  57  2.498425
19  57  2.498796
20  57  2.498743
21  57  2.499236
22  57  2.499531
23  57  2.499391
24  57  2.498961
25  57  2.498523
26  57  2.498999
27  57  2.498740
28  57  2.498400
29  57  2.499173
30  57  2.499077
31  57  2.498756
32  57  2.498275
33  57  2.497020
34  57  2.497938
35  57  2.498404
36  57  2.498863
37  57  2.499163
38  57  2.499592
39  57  2.499509
40  57  2.498742
41  57  2.498083
42  57  2.497725
43  57  2.498663
44  57  2.499175
45  57  2.498984
46  57  2.498796
47  57  2.498894
48  57  2.499012
49  57  2.499427
50  57  2.499409
51  57  2.498547
52  57  2.498006
53  57  2.498207
54  57  2.499067
55  57  2.498792
56  57  2.499173
57  57  2.498879
58  57  2.499088
59  57  2.499064
60  57  2.498810
61  57  2.499050
62  57  2.498937
63  57  2.499266
0  58  2.498875
1  58  2.498854
2  58  2.498652
3  58  2.499245
4  58  2.499038
5  58  2.498106
6  58  2.497614
7  58  2.496403
8  58  2.497034
9  58  2.497620
10  58  2.498413
11  58  2.498390
12  58  2.498413
13  58  2.498615
14  58  2.498891
15  58  2.498755
16  58  2.498517
17  58  2.498038
18  58  2.498075
19  58  2.498781
20  58  2.498907
21  58  2.498222
22  58  2.498067
23  58  2.497910
24  58  2.497576
25  58  2.498951
26  58  2.499147
27  58  2.498435
28  58  2.498561
29  58  2.499173
30  58  2.498975
31  58  2.498359
32  58  2.498037
33  58  2.497071
34  58  2.497833
35  58  2.498157
36  58  2.497502
37  58  2.497885
38  58  2.498437
39  58  2.499012
40  58  2.499350
41  58  2.498709
42  58  2.499035
43  58  2.498887
44  58  2.498846
45  58  2.498481
46  58  2.498105
47  58  2.498303
48  58  2.497912
49  58  2.498630
50  58  2.499209
51  58  2.499657
52  58  2.499341
53  58  2.498970
54  58  2.498979
55  58  2.498684
56  58  2.499304
57  58  2.499025
58  58  2.498704
59  58  2.498643
60  58  2.498777
61  58  2.499452
62  58  2.499111
63  58  2.499369
0  59  2.498948
1  59  2.498814
2  59  2.498751
3  59  2.499069
4  59  2.499254
5  59  2.498875
6  59  2.496549
7  59  2.495440
8  59  2.495895
9  59  2.498214
10  59  2.499066
11  59  2.498629
12  59  2.498892
13  59  2.499180
14  59  2.498475
15  59  2.498463
16  59  2.498605
17  59  2.498544
18  59  2.498228
19  59  2.498547
20  59  2.499777
21  59  2.498480
22  59  2.498121
23  59  2.498193
24  59  2.496946
25  59  2.498583
26  59  2.499190
27  59  2.498509
28  59  2.498095
29  59  2.498354
30  59  2.498920
31  59  2.499283
32  59  2.498427
33  59  2.498508
34  59  2.498021
35  59  2.498399
36  59  2.497265
37  59  2.497949
38  59  2.498224
39  59  2.498540
40  59  2.498462
41  59  2.498813
42  59  2.499307
43  59  2.499482
44  59  2.498907
45  59  2.498937
46  59  2.498754
47  59  2.498932
48  59  2.498783
49  59  2.498890
50  59  2.499160
51  59  2.499583
52  59  2.499311
53  59  2.499078
54  59  2.498831
55  59  2.498873
56  59  2.499373
57  59  2.499367
58  59  2.499110
59  59  2.499511
60  59  2.499626
61  59  2.499603
62  59  2.499353
63  59  2.499228
0  60  2.499522
1  60  2.498989
2  60  2.498607
3  60  2.498781
4  60  2.498460
5  60  2.498468
6  60  2.498025
7  60  2.498370
8  60  2.497480
9  60  2.498045
10  60  2.498974
11  60  2.498615
12  60  2.498562
13  60  2.498853
14  60  2.498749
15  60  2.498638
16  60  2.498056
17  60  2.497951
18  60  2.498043
19  60  2.498488
20  60  2.499617
21  60  2.498174
22  60  2.498285
23  60  2.497688
24  60  2.496977
25  60  2.498022
26  60  2.498028
27  60  2.497829
28  60  2.499026
29  60  2.498574
30  60  2.499244
31  60  2.498949
32  60  2.499386
33  60  2.499389
34  60  2.499679
35  60  2.499751
36  60  2.498413
37  60  2.497840
38  60  2.497456
39  60  2.497210
40  60  2.497880
41  60  2.498549
42  60  2.499177
43  60  2.499503
44  60  2.499018
45  60  2.499112
46  60  2.499009
47  60  2.499393
48  60  2.499425
49  60  2.499194
50  60  2.498305
51  60  2.498588
52  60  2.498071
53  60  2.498858
54  60  2.498775
55  60  2.498856
56  60  2.499084
57  60  2.499401
58  60  2.498146
59  60  2.497850
60  60  2.498174
61  60  2.498653
62  60  2.498756
63  60  2.499039
0  61  2.499385
1  61  2.498853
2  61  2.498632
3  61  2.498670
4  61  2.497380
5  61  2.498098
6  61  2.498199
7  61  2.498458
8  61  2.497809
9  61  2.498428
10  61  2.498889
11  61  2.499368
12  61  2.498390
13  61  2.498539
14  61  2.498830
15  61  2.498710
16  61  2.498208
17  61  2.497319
18  61  2.497555
19  61  2.497859
20  61  2.499116
21  61  2.498875
22  61  2.499405
23  61  2.499129
24  61  2.498403
25  61  2.497247
26  61  2.496284
27  61  2.496071
28  61  2.497764
29  61  2.499279
30  61  2.498929
31  61  2.498149
32  61  2.498124
33  61  2.498430
34  61  2.499295
35  61  2.499780
36  61  2.498820
37  61  2.498034
38  61  2.497688
39  61  2.497839
40  61  2.498765
41  61  2.499145
42  61  2.499297
43  61  2.499129
44  61  2.499485
45  61  2.499720
46  61  2.499874
47  61  2.498322
48  61  2.497807
49  61  2.498047
50  61  2.498461
51  61  2.499060
52  61  2.498476
53  61  2.498317
54  61  2.498662
55  61  2.498622
56  61  2.498984
57  61  2.499403
58  61  2.498148
59  61  2.497637
60  61  2.497806
61  61  2.498171
62  61  2.498772
63  61  2.498631
0  62  2.499339
1  62  2.498787
2  62  2.499099
3  62  2.499761
4  62  2.498818
5  62  2.498680
6  62  2.498788
7  62  2.498892
8  62  2.499016
9  62  2.499462
10  62  2.498816
11  62  2.498647
12  62  2.498372
13  62  2.498682
14  62  2.499467
15  62  2.498812
16  62  2.498644
17  62  2.496949
18  62  2.497710
19  62  2.498383
20  62  2.498333
21  62  2.498574
22  62  2.499144
23  62  2.499228
24  62  2.499383
25  62  2.498743
26  62  2.498503
27  62  2.497620
28  62  2.498080
29  62  2.498613
30  62  2.498419
31  62  2.498019
32  62  2.498547
33  62  2.498578
34  62  2.499223
35  62  2.499296
36  62  2.499323
37  62  2.499271
38  62  2.498684
39  62  2.497944
40  62  2.498818
41  62  2.499094
42  62  2.499230
43  62  2.499282
44  62  2.499617
45  62  2.499056
46  62  2.499158
47  62  2.497289
48  62  2.497633
49  62  2.497837
50  62  2.498605
51  62  2.498728
52  62  2.498059
53  62  2.498051
54  62  2.498715
55  62  2.498709
56  62  2.499421
57  62  2.499586
58  62  2.497927
59  62  2.498353
60  62  2.498095
61  62  2.499276
62  62  2.499286
63  62  2.499375
0  63  2.499257
1  63  2.498981
2  63  2.498860
3  63  2.499460
4  63  2.498406
5  63  2.498408
6  63  2.498184
7  63  2.499070
8  63  2.499098
9  63  2.499493
10  63  2.498493
11  63  2.497997
12  63  2.498156
13  63  2.498166
14  63  2.497584
15  63  2.497192
16  63  2.497275
17  63  2.497195
18  63  2.498037
19  63  2.498471
20  63  2.498525
21  63  2.498814
22  63  2.498739
23  63  2.498511
24  63  2.497747
25  63  2.498051
26  63  2.498430
27  63  2.496970
28  63  2.497433
29  63  2.498854
30  63  2.499397
31  63  2.499347
32  63  2.499305
33  63  2.498579
34  63  2.498228
35  63  2.498062
36  63  2.499327
37  63  2.499039
38  63  2.498698
39  63  2.498586
40  63  2.499078
41  63  2.499150
42  63  2.499229
43  63  2.499263
44  63  2.499221
45  63  2.498435
46  63  2.498059
47  63  2.496785
48  63  2.497504
49  63  2.497874
50  63  2.499231
51  63  2.499313
52  63  2.499318
53  63  2.498532
54  63  2.498917
55  63  2.498695
56  63  2.498257
57  63  2.498014
58  63  2.497607
59  63  2.498384
60  63  2.498355
61  63  2.499461
62  63  2.499369
63  63  2.499171
