# Timeseries for σ = 2
# step  R_global
0  0.979883
1  0.961443
2  0.942734
3  0.925244
4  0.908130
5  0.891014
6  0.876008
7  0.861216
8  0.845508
9  0.831064
10  0.815781
11  0.802429
12  0.788448
13  0.775483
14  0.762543
15  0.749406
16  0.738502
17  0.724770
18  0.712651
19  0.701118
20  0.691489
21  0.678431
22  0.666581
23  0.657420
24  0.646098
25  0.634724
26  0.624959
27  0.614158
28  0.605350
29  0.597913
30  0.587424
31  0.577505
32  0.568057
33  0.559312
34  0.549752
35  0.541150
36  0.532701
37  0.523989
38  0.515876
39  0.508858
40  0.499503
41  0.492446
42  0.485837
43  0.480656
44  0.472939
45  0.466177
46  0.460862
47  0.453473
48  0.447006
49  0.441222
50  0.434739
51  0.428504
52  0.422808
53  0.417659
54  0.412675
55  0.407489
56  0.400177
57  0.397223
58  0.391945
59  0.385079
60  0.379685
61  0.373771
62  0.368045
63  0.363175
64  0.358260
65  0.354051
66  0.348014
67  0.343888
68  0.338366
69  0.334870
70  0.329364
71  0.325037
72  0.322487
73  0.317172
74  0.311612
75  0.306621
76  0.302613
77  0.298653
78  0.292990
79  0.288005
80  0.283652
81  0.279293
82  0.273997
83  0.271027
84  0.266996
85  0.263498
86  0.258959
87  0.255930
88  0.251897
89  0.247630
90  0.244904
91  0.240907
92  0.237448
93  0.235538
94  0.231712
95  0.226672
96  0.224675
97  0.221969
98  0.218703
99  0.218005
100  0.212881
101  0.209540
102  0.207028
103  0.204930
104  0.203069
105  0.199965
106  0.198221
107  0.196749
108  0.193847
109  0.193366
110  0.191619
111  0.189291
112  0.186508
113  0.183351
114  0.182256
115  0.179948
116  0.177189
117  0.173830
118  0.170947
119  0.168930
120  0.166712
121  0.165263
122  0.162440
123  0.159017
124  0.157617
125  0.155834
126  0.155879
127  0.153689
128  0.152522
129  0.150094
130  0.148732
131  0.145781
132  0.144494
133  0.142998
134  0.140913
135  0.140150
136  0.139740
137  0.136641
138  0.136002
139  0.137410
140  0.136159
141  0.134967
142  0.135427
143  0.135223
144  0.133956
145  0.131376
146  0.129095
147  0.130821
148  0.130055
149  0.129464
150  0.126800
151  0.124503
152  0.124148
153  0.123447
154  0.122329
155  0.120587
156  0.119753
157  0.118720
158  0.117553
159  0.116424
160  0.115117
161  0.115453
162  0.114434
163  0.112280
164  0.111322
165  0.108467
166  0.107636
167  0.105177
168  0.104397
169  0.105617
170  0.104046
171  0.103692
172  0.101790
173  0.099191
174  0.099367
175  0.097116
176  0.096805
177  0.095528
178  0.093422
179  0.091139
180  0.090014
181  0.088152
182  0.087735
183  0.086570
184  0.085555
185  0.084042
186  0.082281
187  0.081226
188  0.079682
189  0.078290
190  0.077357
191  0.075447
192  0.074414
193  0.074583
194  0.071966
195  0.071622
196  0.073437
197  0.074296
198  0.072488
199  0.071799
200  0.071475
201  0.071454
202  0.071550
203  0.071805
204  0.072122
205  0.072075
206  0.072117
207  0.071449
208  0.071329
209  0.073087
210  0.072676
211  0.070909
212  0.069612
213  0.068720
214  0.068736
215  0.068545
216  0.067140
217  0.064475
218  0.062868
219  0.063169
220  0.064940
221  0.064656
222  0.063987
223  0.064636
224  0.063370
225  0.063457
226  0.062384
227  0.062072
228  0.061320
229  0.059961
230  0.060816
231  0.060929
232  0.060013
233  0.058355
234  0.057678
235  0.057118
236  0.056095
237  0.056430
238  0.055671
239  0.056735
240  0.055890
241  0.056349
242  0.056787
243  0.055275
244  0.054934
245  0.053947
246  0.052220
247  0.052435
248  0.051367
249  0.051450
250  0.051302
251  0.051589
252  0.051581
253  0.050186
254  0.051469
255  0.049943
256  0.049479
257  0.049890
258  0.050701
259  0.049821
260  0.049293
261  0.049599
262  0.048764
263  0.047765
264  0.049101
265  0.051588
266  0.047750
267  0.048071
268  0.046961
269  0.047647
270  0.047829
271  0.047458
272  0.048099
273  0.046625
274  0.046033
275  0.046648
276  0.045785
277  0.047331
278  0.048651
279  0.047755
280  0.048966
281  0.049042
282  0.049339
283  0.048681
284  0.047203
285  0.048598
286  0.046003
287  0.046222
288  0.045333
289  0.045955
290  0.045548
291  0.043552
292  0.043341
293  0.041503
294  0.041086
295  0.042999
296  0.041679
297  0.040984
298  0.039608
299  0.041094
300  0.041346
301  0.042132
302  0.042035
303  0.040647
304  0.040412
305  0.038649
306  0.037122
307  0.038892
308  0.039880
309  0.041741
310  0.040600
311  0.039822
312  0.038653
313  0.037137
314  0.037085
315  0.038013
316  0.038477
317  0.037896
318  0.037012
319  0.039358
320  0.038370
321  0.037940
322  0.038613
323  0.038025
324  0.036657
325  0.036214
326  0.037159
327  0.036579
328  0.037685
329  0.039440
330  0.039504
331  0.040219
332  0.040399
333  0.039746
334  0.038274
335  0.037494
336  0.037037
337  0.036006
338  0.036722
339  0.036419
340  0.035531
341  0.035172
342  0.034713
343  0.035377
344  0.034258
345  0.034910
346  0.035065
347  0.035313
348  0.034512
349  0.034120
350  0.033205
351  0.033472
352  0.034875
353  0.035345
354  0.034226
355  0.035778
356  0.035715
357  0.034570
358  0.035685
359  0.034483
360  0.034068
361  0.033951
362  0.033644
363  0.035876
364  0.037327
365  0.037027
366  0.035409
367  0.035970
368  0.036087
369  0.037569
370  0.038952
371  0.039944
372  0.039678
373  0.041005
374  0.040475
375  0.040120
376  0.041709
377  0.043631
378  0.043750
379  0.043307
380  0.042758
381  0.042279
382  0.043472
383  0.041762
384  0.040642
385  0.040862
386  0.040713
387  0.041088
388  0.040805
389  0.043632
390  0.042031
391  0.041624
392  0.043134
393  0.043812
394  0.043130
395  0.040637
396  0.040388
397  0.040511
398  0.039970
399  0.038887
400  0.038231
401  0.037601
402  0.039286
403  0.039642
404  0.041100
405  0.040332
406  0.042734
407  0.041060
408  0.039425
409  0.039462
410  0.037365
411  0.037982
412  0.037984
413  0.038922
414  0.039559
415  0.039827
416  0.040955
417  0.039607
418  0.037145
419  0.037313
420  0.036201
421  0.037085
422  0.036465
423  0.036224
424  0.035099
425  0.035192
426  0.036021
427  0.035385
428  0.037536
429  0.039479
430  0.039722
431  0.039201
432  0.039166
433  0.039659
434  0.037162
435  0.036403
436  0.037150
437  0.037772
438  0.038000
439  0.037855
440  0.037293
441  0.036751
442  0.036645
443  0.037281
444  0.035535
445  0.034700
446  0.034738
447  0.036120
448  0.035623
449  0.035495
450  0.033744
451  0.034270
452  0.033329
453  0.033755
454  0.034300
455  0.033357
456  0.033407
457  0.031831
458  0.033083
459  0.033644
460  0.035882
461  0.034545
462  0.034531
463  0.034700
464  0.032675
465  0.032901
466  0.033903
467  0.033558
468  0.032957
469  0.032959
470  0.033238
471  0.034153
472  0.033655
473  0.033683
474  0.034208
475  0.034251
476  0.035960
477  0.035400
478  0.035393
479  0.037016
480  0.037025
481  0.036084
482  0.037499
483  0.036675
484  0.036887
485  0.037132
486  0.035555
487  0.034493
488  0.033824
489  0.033124
490  0.032198
491  0.033576
492  0.032489
493  0.032736
494  0.033393
495  0.032930
496  0.033039
497  0.033521
498  0.032377
499  0.031767
500  0.030744
501  0.029865
502  0.031191
503  0.032458
504  0.032683
505  0.029493
506  0.031561
507  0.032269
508  0.033741
509  0.033885
510  0.034406
511  0.035570
512  0.035387
513  0.033832
514  0.034187
515  0.033956
516  0.031514
517  0.029872
518  0.029872
519  0.029509
520  0.029788
521  0.029577
522  0.029109
523  0.029525
524  0.030252
525  0.030735
526  0.031423
527  0.032387
528  0.031072
529  0.030907
530  0.030731
531  0.029963
532  0.031378
533  0.032593
534  0.032488
535  0.032020
536  0.033250
537  0.031824
538  0.032201
539  0.033200
540  0.031434
541  0.032126
542  0.032382
543  0.032425
544  0.031414
545  0.030906
546  0.030842
547  0.031140
548  0.029838
549  0.031121
550  0.033819
551  0.032749
552  0.032220
553  0.031032
554  0.031249
555  0.031680
556  0.033579
557  0.033279
558  0.032400
559  0.033456
560  0.034049
561  0.033087
562  0.032740
563  0.031556
564  0.033604
565  0.033457
566  0.033516
567  0.033763
568  0.036962
569  0.035763
570  0.035803
571  0.035100
572  0.035020
573  0.034812
574  0.036496
575  0.036878
576  0.036763
577  0.036758
578  0.038174
579  0.036934
580  0.037406
581  0.037468
582  0.036572
583  0.036747
584  0.035500
585  0.035022
586  0.035680
587  0.035511
588  0.034771
589  0.032543
590  0.032575
591  0.031708
592  0.031048
593  0.030713
594  0.031981
595  0.031182
596  0.032984
597  0.031792
598  0.033855
599  0.034425
600  0.033719
601  0.034848
602  0.035579
603  0.037194
604  0.038244
605  0.038154
606  0.037211
607  0.037542
608  0.037151
609  0.037485
610  0.034487
611  0.033256
612  0.033675
613  0.032634
614  0.032429
615  0.032872
616  0.031824
617  0.031513
618  0.033259
619  0.032629
620  0.031964
621  0.033105
622  0.032328
623  0.031129
624  0.031891
625  0.032668
626  0.030831
627  0.032304
628  0.032592
629  0.032947
630  0.032872
631  0.033153
632  0.035390
633  0.037458
634  0.038723
635  0.037861
636  0.037681
637  0.035524
638  0.035761
639  0.038057
640  0.038291
641  0.038470
642  0.039454
643  0.039591
644  0.038689
645  0.037254
646  0.037863
647  0.038944
648  0.039752
649  0.038538
650  0.035969
651  0.035805
652  0.035891
653  0.035119
654  0.035653
655  0.035289
656  0.033999
657  0.032574
658  0.032591
659  0.032329
660  0.031846
661  0.032183
662  0.032836
663  0.031943
664  0.030737
665  0.031448
666  0.031883
667  0.033020
668  0.032432
669  0.032159
670  0.031351
671  0.030984
672  0.032023
673  0.032652
674  0.032598
675  0.031822
676  0.030953
677  0.030921
678  0.028344
679  0.028756
680  0.029465
681  0.030247
682  0.029161
683  0.031053
684  0.031117
685  0.032367
686  0.031883
687  0.032926
688  0.033130
689  0.034631
690  0.034801
691  0.034804
692  0.035675
693  0.034380
694  0.034403
695  0.035328
696  0.035709
697  0.032890
698  0.033316
699  0.033304
700  0.034361
701  0.036080
702  0.036075
703  0.036652
704  0.036258
705  0.037268
706  0.035568
707  0.034513
708  0.034809
709  0.035893
710  0.035051
711  0.035079
712  0.035987
713  0.035175
714  0.034987
715  0.033162
716  0.033041
717  0.033641
718  0.031482
719  0.030862
720  0.031105
721  0.031415
722  0.031133
723  0.031994
724  0.030790
725  0.032640
726  0.032917
727  0.033008
728  0.031454
729  0.029598
730  0.027080
731  0.028603
732  0.027947
733  0.029227
734  0.028828
735  0.028633
736  0.028505
737  0.029196
738  0.031052
739  0.030898
740  0.029496
741  0.028721
742  0.027960
743  0.026890
744  0.027656
745  0.026115
746  0.026799
747  0.026970
748  0.026917
749  0.029219
750  0.028790
751  0.029537
752  0.028431
753  0.028218
754  0.028161
755  0.026977
756  0.026595
757  0.026663
758  0.027675
759  0.027614
760  0.029002
761  0.029303
762  0.029415
763  0.029333
764  0.028711
765  0.028709
766  0.028318
767  0.028454
768  0.028918
769  0.029065
770  0.028015
771  0.029100
772  0.028551
773  0.027820
774  0.028686
775  0.028484
776  0.029006
777  0.029536
778  0.030934
779  0.030287
780  0.030384
781  0.030919
782  0.032013
783  0.033166
784  0.034769
785  0.036123
786  0.034221
787  0.034945
788  0.036421
789  0.037688
790  0.039253
791  0.038297
792  0.035999
793  0.036836
794  0.036616
795  0.037599
796  0.037362
797  0.038102
798  0.038898
799  0.039182
800  0.039254
801  0.039511
802  0.039488
803  0.038257
804  0.036649
805  0.037721
806  0.037569
807  0.037987
808  0.038351
809  0.040066
810  0.038037
811  0.035815
812  0.036053
813  0.036014
814  0.034999
815  0.034427
816  0.035797
817  0.037404
818  0.036488
819  0.034323
820  0.033864
821  0.034923
822  0.033914
823  0.033428
824  0.033555
825  0.034633
826  0.034245
827  0.034302
828  0.034017
829  0.033303
830  0.034349
831  0.032023
832  0.032049
833  0.032562
834  0.031798
835  0.031472
836  0.031649
837  0.032679
838  0.033421
839  0.031955
840  0.032239
841  0.034945
842  0.034936
843  0.035805
844  0.036101
845  0.036824
846  0.034675
847  0.033899
848  0.034015
849  0.032926
850  0.034140
851  0.033978
852  0.032549
853  0.032396
854  0.030987
855  0.032202
856  0.032549
857  0.031866
858  0.032069
859  0.031524
860  0.032513
861  0.032581
862  0.031923
863  0.031532
864  0.031235
865  0.030397
866  0.031569
867  0.033535
868  0.034714
869  0.034509
870  0.033831
871  0.034331
872  0.033839
873  0.031589
874  0.034043
875  0.034420
876  0.033873
877  0.035107
878  0.035233
879  0.034651
880  0.033797
881  0.034237
882  0.034681
883  0.035253
884  0.035811
885  0.034918
886  0.033421
887  0.032419
888  0.032671
889  0.032978
890  0.032046
891  0.032994
892  0.033765
893  0.032088
894  0.031822
895  0.032488
896  0.033379
897  0.033966
898  0.032458
899  0.031214
900  0.030386
901  0.032499
902  0.032100
903  0.032478
904  0.033911
905  0.031264
906  0.030869
907  0.032450
908  0.031127
909  0.031321
910  0.032216
911  0.031249
912  0.030447
913  0.031942
914  0.032320
915  0.033665
916  0.035536
917  0.034086
918  0.033896
919  0.034044
920  0.034104
921  0.033757
922  0.035328
923  0.034789
924  0.033973
925  0.036460
926  0.034369
927  0.035332
928  0.032286
929  0.032974
930  0.031088
931  0.029800
932  0.030546
933  0.029855
934  0.030091
935  0.030755
936  0.031232
937  0.031803
938  0.031172
939  0.030169
940  0.030966
941  0.030461
942  0.030655
943  0.030690
944  0.030153
945  0.028902
946  0.029533
947  0.028483
948  0.026759
949  0.026324
950  0.029037
951  0.027993
952  0.028383
953  0.027673
954  0.029660
955  0.029272
956  0.029016
957  0.031271
958  0.032272
959  0.032365
960  0.032085
961  0.030280
962  0.029825
963  0.029374
964  0.028874
965  0.030373
966  0.028010
967  0.027540
968  0.028447
969  0.028840
970  0.027315
971  0.025141
972  0.023705
973  0.024507
974  0.023462
975  0.022701
976  0.020419
977  0.021689
978  0.019819
979  0.018322
980  0.018757
981  0.019205
982  0.019750
983  0.019680
984  0.021865
985  0.022991
986  0.022721
987  0.023484
988  0.024766
989  0.024977
990  0.027110
991  0.025562
992  0.024467
993  0.023944
994  0.024060
995  0.024206
996  0.024701
997  0.024828
998  0.025298
999  0.024794
1000  0.025422
1001  0.024773
1002  0.024279
1003  0.025826
1004  0.026577
1005  0.027507
1006  0.028486
1007  0.028889
1008  0.028386
1009  0.027419
1010  0.025585
1011  0.026114
1012  0.025674
1013  0.026555
1014  0.026883
1015  0.028489
1016  0.027681
1017  0.028817
1018  0.028750
1019  0.029368
1020  0.030313
1021  0.030360
1022  0.030431
1023  0.029264
1024  0.029924
1025  0.028857
1026  0.030056
1027  0.028808
1028  0.030020
1029  0.031046
1030  0.031329
1031  0.031726
1032  0.031701
1033  0.033973
1034  0.033614
1035  0.035266
1036  0.035476
1037  0.035746
1038  0.036694
1039  0.035448
1040  0.033471
1041  0.032051
1042  0.032047
1043  0.031653
1044  0.030791
1045  0.030822
1046  0.029587
1047  0.031492
1048  0.032381
1049  0.031918
1050  0.033506
1051  0.035813
1052  0.034930
1053  0.034309
1054  0.033272
1055  0.033010
1056  0.032246
1057  0.031691
1058  0.032392
1059  0.031189
1060  0.031451
1061  0.031492
1062  0.032045
1063  0.032287
1064  0.032593
1065  0.031610
1066  0.032070
1067  0.032808
1068  0.033288
1069  0.033967
1070  0.034971
1071  0.034666
1072  0.033506
1073  0.033784
1074  0.035949
1075  0.035076
1076  0.034749
1077  0.034314
1078  0.033274
1079  0.031254
1080  0.031094
1081  0.030671
1082  0.031121
1083  0.030840
1084  0.030753
1085  0.030670
1086  0.028994
1087  0.028906
1088  0.029674
1089  0.030605
1090  0.030030
1091  0.029218
1092  0.030027
1093  0.029446
1094  0.030055
1095  0.028867
1096  0.029975
1097  0.030772
1098  0.031877
1099  0.030618
1100  0.030850
1101  0.029009
1102  0.028370
1103  0.029322
1104  0.031353
1105  0.033036
1106  0.033911
1107  0.036366
1108  0.035084
1109  0.032834
1110  0.033586
1111  0.034486
1112  0.034506
1113  0.033505
1114  0.033797
1115  0.034293
1116  0.033225
1117  0.033303
1118  0.032816
1119  0.032787
1120  0.033283
1121  0.032493
1122  0.031925
1123  0.030690
1124  0.030628
1125  0.030961
1126  0.032558
1127  0.032140
1128  0.031020
1129  0.030158
1130  0.027506
1131  0.027060
1132  0.026585
1133  0.028459
1134  0.028521
1135  0.031108
1136  0.032512
1137  0.033267
1138  0.033851
1139  0.032613
1140  0.030412
1141  0.029096
1142  0.030102
1143  0.030904
1144  0.030886
1145  0.030731
1146  0.030884
1147  0.032628
1148  0.031055
1149  0.030081
1150  0.029775
1151  0.030165
1152  0.028924
1153  0.028354
1154  0.029407
1155  0.028835
1156  0.029909
1157  0.031293
1158  0.034013
1159  0.034049
1160  0.033664
1161  0.034281
1162  0.032322
1163  0.034252
1164  0.035902
1165  0.033845
1166  0.033182
1167  0.032079
1168  0.033798
1169  0.033953
1170  0.033388
1171  0.033789
1172  0.035556
1173  0.035511
1174  0.036427
1175  0.038856
1176  0.039469
1177  0.039377
1178  0.039445
1179  0.037101
1180  0.038824
1181  0.039884
1182  0.040484
1183  0.041468
1184  0.041603
1185  0.041582
1186  0.040280
1187  0.040727
1188  0.040019
1189  0.039593
1190  0.039796
1191  0.039368
1192  0.038581
1193  0.037855
1194  0.036031
1195  0.035978
1196  0.035035
1197  0.035670
1198  0.034130
1199  0.033810
1200  0.032505
1201  0.031290
1202  0.030238
1203  0.028928
1204  0.028030
1205  0.027480
1206  0.027915
1207  0.027430
1208  0.027064
1209  0.027671
1210  0.028288
1211  0.029205
1212  0.028799
1213  0.028272
1214  0.029010
1215  0.028265
1216  0.028929
1217  0.030930
1218  0.029419
1219  0.028565
1220  0.028870
1221  0.029433
1222  0.031358
1223  0.029202
1224  0.028197
1225  0.026976
1226  0.027573
1227  0.026373
1228  0.026129
1229  0.025454
1230  0.023953
1231  0.024382
1232  0.022939
1233  0.022064
1234  0.022269
1235  0.021648
1236  0.020687
1237  0.022186
1238  0.023069
1239  0.025654
1240  0.024652
1241  0.023495
1242  0.024768
1243  0.024035
1244  0.023392
1245  0.023853
1246  0.023288
1247  0.024153
1248  0.023394
1249  0.023280
1250  0.024749
1251  0.023364
1252  0.022572
1253  0.020758
1254  0.021597
1255  0.021408
1256  0.019824
1257  0.019587
1258  0.020237
1259  0.021293
1260  0.021291
1261  0.021399
1262  0.021110
1263  0.020501
1264  0.021317
1265  0.019809
1266  0.022127
1267  0.021946
1268  0.021032
1269  0.020990
1270  0.018521
1271  0.019177
1272  0.019578
1273  0.020690
1274  0.019894
1275  0.018040
1276  0.019084
1277  0.017838
1278  0.018334
1279  0.019347
1280  0.019590
1281  0.018738
1282  0.018399
1283  0.019012
1284  0.017959
1285  0.016813
1286  0.017621
1287  0.017074
1288  0.019069
1289  0.020307
1290  0.020016
1291  0.020183
1292  0.019048
1293  0.017522
1294  0.015984
1295  0.016094
1296  0.016941
1297  0.015359
1298  0.014605
1299  0.013779
1300  0.012121
1301  0.012964
1302  0.012604
1303  0.010980
1304  0.012084
1305  0.014473
1306  0.014932
1307  0.014235
1308  0.012358
1309  0.012448
1310  0.013061
1311  0.014507
1312  0.014189
1313  0.016618
1314  0.015332
1315  0.014689
1316  0.015261
1317  0.015803
1318  0.016334
1319  0.016934
1320  0.017431
1321  0.018342
1322  0.019519
1323  0.019063
1324  0.019920
1325  0.019299
1326  0.019813
1327  0.020722
1328  0.021249
1329  0.022059
1330  0.022221
1331  0.023270
1332  0.024554
1333  0.025346
1334  0.024748
1335  0.025164
1336  0.025516
1337  0.027317
1338  0.028627
1339  0.027432
1340  0.028064
1341  0.027202
1342  0.027317
1343  0.027721
1344  0.030565
1345  0.031102
1346  0.031767
1347  0.031544
1348  0.030468
1349  0.031576
1350  0.029934
1351  0.028731
1352  0.029230
1353  0.029365
1354  0.029996
1355  0.029815
1356  0.029817
1357  0.029466
1358  0.029531
1359  0.031473
1360  0.029776
1361  0.029594
1362  0.029900
1363  0.030956
1364  0.030006
1365  0.029536
1366  0.030278
1367  0.029146
1368  0.029352
1369  0.028183
1370  0.029325
1371  0.027964
1372  0.026714
1373  0.023058
1374  0.023951
1375  0.024054
1376  0.023774
1377  0.024461
1378  0.026611
1379  0.027704
1380  0.027585
1381  0.025363
1382  0.024395
1383  0.026092
1384  0.025632
1385  0.024370
1386  0.024424
1387  0.024816
1388  0.025092
1389  0.025671
1390  0.025303
1391  0.024827
1392  0.023970
1393  0.023153
1394  0.022178
1395  0.023156
1396  0.023341
1397  0.023566
1398  0.023468
1399  0.023569
1400  0.025580
1401  0.024688
1402  0.026803
1403  0.026806
1404  0.027643
1405  0.027182
1406  0.027709
1407  0.027881
1408  0.029513
1409  0.029087
1410  0.029362
1411  0.028329
1412  0.027924
1413  0.028286
1414  0.029139
1415  0.029661
1416  0.028331
1417  0.028458
1418  0.029840
1419  0.031344
1420  0.031609
1421  0.031188
1422  0.031828
1423  0.030460
1424  0.031638
1425  0.031282
1426  0.031610
1427  0.031637
1428  0.033040
1429  0.032825
1430  0.032734
1431  0.032290
1432  0.032768
1433  0.032705
1434  0.031151
1435  0.031245
1436  0.031901
1437  0.032457
1438  0.031302
1439  0.032715
1440  0.032493
1441  0.031287
1442  0.032150
1443  0.031236
1444  0.031704
1445  0.032928
1446  0.033411
1447  0.034451
1448  0.036341
1449  0.037410
1450  0.036260
1451  0.036306
1452  0.035789
1453  0.034653
1454  0.034481
1455  0.034076
1456  0.035520
1457  0.036921
1458  0.037611
1459  0.038261
1460  0.037608
1461  0.038342
1462  0.039200
1463  0.037466
1464  0.034918
1465  0.034962
1466  0.035506
1467  0.036132
1468  0.035090
1469  0.034915
1470  0.036957
1471  0.037290
1472  0.038465
1473  0.038036
1474  0.039564
1475  0.040524
1476  0.040584
1477  0.039877
1478  0.039764
1479  0.040599
1480  0.039906
1481  0.038565
1482  0.040013
1483  0.039846
1484  0.041014
1485  0.039918
1486  0.039277
1487  0.039803
1488  0.041409
1489  0.041133
1490  0.039206
1491  0.041252
1492  0.038922
1493  0.037959
1494  0.037407
1495  0.036450
1496  0.037298
1497  0.038339
1498  0.037476
1499  0.036893
1500  0.035772
1501  0.035367
1502  0.036450
1503  0.035949
1504  0.037573
1505  0.040294
1506  0.040858
1507  0.040426
1508  0.039675
1509  0.040737
1510  0.042847
1511  0.043746
1512  0.044689
1513  0.044470
1514  0.044243
1515  0.044586
1516  0.045788
1517  0.046242
1518  0.045477
1519  0.046372
1520  0.046689
1521  0.046798
1522  0.046197
1523  0.046454
1524  0.045115
1525  0.046127
1526  0.045869
1527  0.045832
1528  0.046865
1529  0.046720
1530  0.046317
1531  0.047333
1532  0.048626
1533  0.046767
1534  0.045118
1535  0.044751
1536  0.045247
1537  0.044399
1538  0.043783
1539  0.043615
1540  0.042866
1541  0.043114
1542  0.042161
1543  0.042929
1544  0.042550
1545  0.041368
1546  0.041715
1547  0.040996
1548  0.042105
1549  0.042107
1550  0.041333
1551  0.041450
1552  0.039622
1553  0.039668
1554  0.037799
1555  0.036590
1556  0.035179
1557  0.035313
1558  0.036026
1559  0.037288
1560  0.037691
1561  0.037710
1562  0.036108
1563  0.036901
1564  0.036834
1565  0.038210
1566  0.035926
1567  0.035366
1568  0.035898
1569  0.033682
1570  0.033438
1571  0.034806
1572  0.034431
1573  0.036316
1574  0.035116
1575  0.035038
1576  0.034533
1577  0.034965
1578  0.035836
1579  0.035436
1580  0.034168
1581  0.030905
1582  0.031850
1583  0.033128
1584  0.033047
1585  0.032518
1586  0.032444
1587  0.032856
1588  0.033650
1589  0.034441
1590  0.033725
1591  0.034320
1592  0.034482
1593  0.035179
1594  0.033032
1595  0.031802
1596  0.032332
1597  0.032733
1598  0.031528
1599  0.031268
1600  0.029646
1601  0.029576
1602  0.028937
1603  0.029493
1604  0.030084
1605  0.030791
1606  0.029743
1607  0.030138
1608  0.029403
1609  0.030392
1610  0.029216
1611  0.029861
1612  0.029878
1613  0.029967
1614  0.030845
1615  0.031843
1616  0.031455
1617  0.030273
1618  0.029804
1619  0.028994
1620  0.029583
1621  0.028844
1622  0.029770
1623  0.030229
1624  0.029343
1625  0.030327
1626  0.030907
1627  0.029731
1628  0.030316
1629  0.032315
1630  0.032460
1631  0.031958
1632  0.031882
1633  0.031854
1634  0.032017
1635  0.031646
1636  0.031483
1637  0.031332
1638  0.030002
1639  0.031821
1640  0.030529
1641  0.030867
1642  0.030341
1643  0.028912
1644  0.028723
1645  0.028681
1646  0.030210
1647  0.030037
1648  0.028588
1649  0.028223
1650  0.028080
1651  0.028082
1652  0.027017
1653  0.026083
1654  0.025647
1655  0.026258
1656  0.026204
1657  0.027117
1658  0.028828
1659  0.029532
1660  0.031501
1661  0.031428
1662  0.033247
1663  0.035093
1664  0.035871
1665  0.035369
1666  0.034144
1667  0.036756
1668  0.037898
1669  0.038938
1670  0.039711
1671  0.039673
1672  0.038532
1673  0.038591
1674  0.038698
1675  0.038898
1676  0.039003
1677  0.038430
1678  0.037935
1679  0.038479
1680  0.037713
1681  0.036911
1682  0.037027
1683  0.037705
1684  0.037249
1685  0.036199
1686  0.035232
1687  0.033825
1688  0.033275
1689  0.033750
1690  0.034076
1691  0.033827
1692  0.034580
1693  0.034854
1694  0.035435
1695  0.036250
1696  0.036455
1697  0.036954
1698  0.036805
1699  0.037492
1700  0.039598
1701  0.038760
1702  0.040079
1703  0.038238
1704  0.038053
1705  0.038483
1706  0.038293
1707  0.037854
1708  0.035554
1709  0.036600
1710  0.037890
1711  0.038294
1712  0.038103
1713  0.038603
1714  0.036759
1715  0.037691
1716  0.036311
1717  0.036843
1718  0.036839
1719  0.035971
1720  0.038483
1721  0.039160
1722  0.042508
1723  0.040824
1724  0.041493
1725  0.039012
1726  0.039016
1727  0.040980
1728  0.038811
1729  0.039148
1730  0.040468
1731  0.039720
1732  0.038907
1733  0.039659
1734  0.041326
1735  0.041833
1736  0.041804
1737  0.042682
1738  0.042287
1739  0.041005
1740  0.040657
1741  0.039639
1742  0.038453
1743  0.039166
1744  0.037525
1745  0.037056
1746  0.036255
1747  0.034416
1748  0.034132
1749  0.035176
1750  0.034105
1751  0.031864
1752  0.032049
1753  0.031589
1754  0.029846
1755  0.029269
1756  0.031115
1757  0.030605
1758  0.028530
1759  0.029791
1760  0.030199
1761  0.030400
1762  0.030861
1763  0.031470
1764  0.031500
1765  0.031364
1766  0.030810
1767  0.030688
1768  0.031593
1769  0.031882
1770  0.030734
1771  0.031236
1772  0.031161
1773  0.031736
1774  0.030463
1775  0.031537
1776  0.030493
1777  0.031928
1778  0.030700
1779  0.030730
1780  0.032713
1781  0.031476
1782  0.028905
1783  0.026393
1784  0.025180
1785  0.024939
1786  0.024569
1787  0.024228
1788  0.023776
1789  0.023843
1790  0.024705
1791  0.024589
1792  0.026457
1793  0.024364
1794  0.025006
1795  0.024717
1796  0.023496
1797  0.022352
1798  0.024404
1799  0.022935
1800  0.024060
1801  0.024605
1802  0.025100
1803  0.024046
1804  0.023841
1805  0.026488
1806  0.026863
1807  0.027493
1808  0.025943
1809  0.026470
1810  0.026402
1811  0.027146
1812  0.026426
1813  0.027027
1814  0.028184
1815  0.028533
1816  0.030372
1817  0.031813
1818  0.030761
1819  0.030239
1820  0.029349
1821  0.028119
1822  0.030451
1823  0.028493
1824  0.028081
1825  0.028423
1826  0.028511
1827  0.027712
1828  0.028990
1829  0.028919
1830  0.030590
1831  0.029812
1832  0.029986
1833  0.029878
1834  0.028127
1835  0.028852
1836  0.028561
1837  0.030574
1838  0.031700
1839  0.033616
1840  0.033798
1841  0.035207
1842  0.034377
1843  0.035819
1844  0.036733
1845  0.036286
1846  0.036148
1847  0.038013
1848  0.035107
1849  0.035429
1850  0.036409
1851  0.035859
1852  0.035773
1853  0.035533
1854  0.034494
1855  0.032541
1856  0.033257
1857  0.033187
1858  0.031266
1859  0.032636
1860  0.033430
1861  0.033747
1862  0.035347
1863  0.036682
1864  0.035550
1865  0.036157
1866  0.037318
1867  0.037845
1868  0.038462
1869  0.038315
1870  0.038758
1871  0.037707
1872  0.037918
1873  0.037867
1874  0.038688
1875  0.038357
1876  0.038681
1877  0.038652
1878  0.039363
1879  0.038568
1880  0.039446
1881  0.039856
1882  0.041088
1883  0.042478
1884  0.042148
1885  0.040882
1886  0.041049
1887  0.041029
1888  0.039080
1889  0.038847
1890  0.038349
1891  0.038436
1892  0.037909
1893  0.039883
1894  0.038994
1895  0.038924
1896  0.038712
1897  0.037034
1898  0.034798
1899  0.034306
1900  0.033507
1901  0.033480
1902  0.033281
1903  0.033938
1904  0.034051
1905  0.034146
1906  0.033505
1907  0.033386
1908  0.033883
1909  0.032870
1910  0.032498
1911  0.033846
1912  0.033784
1913  0.033463
1914  0.033030
1915  0.032822
1916  0.032253
1917  0.033782
1918  0.033617
1919  0.035375
1920  0.035166
1921  0.034533
1922  0.035062
1923  0.032623
1924  0.033740
1925  0.034312
1926  0.035240
1927  0.033782
1928  0.032755
1929  0.034520
1930  0.033196
1931  0.033508
1932  0.035698
1933  0.034167
1934  0.032642
1935  0.032996
1936  0.033745
1937  0.034217
1938  0.035993
1939  0.035665
1940  0.036488
1941  0.036823
1942  0.037149
1943  0.036428
1944  0.035794
1945  0.035166
1946  0.034284
1947  0.035790
1948  0.036361
1949  0.035758
1950  0.034628
1951  0.035207
1952  0.033267
1953  0.032799
1954  0.033937
1955  0.033513
1956  0.031943
1957  0.032315
1958  0.032529
1959  0.033006
1960  0.032917
1961  0.033306
1962  0.033609
1963  0.032781
1964  0.031986
1965  0.032864
1966  0.033173
1967  0.031573
1968  0.030550
1969  0.030013
1970  0.031676
1971  0.033627
1972  0.033335
1973  0.033928
1974  0.033387
1975  0.033375
1976  0.033902
1977  0.033768
1978  0.033919
1979  0.034511
1980  0.032469
1981  0.032073
1982  0.032070
1983  0.033154
1984  0.032517
1985  0.032482
1986  0.031409
1987  0.031388
1988  0.030108
1989  0.031856
1990  0.031933
1991  0.032069
1992  0.032612
1993  0.033168
1994  0.035538
1995  0.034144
1996  0.034104
1997  0.033060
1998  0.032461
1999  0.035147
2000  0.034872
2001  0.033569
2002  0.034428
2003  0.034046
2004  0.035046
2005  0.035061
2006  0.035526
2007  0.036363
2008  0.036609
2009  0.036831
2010  0.035660
2011  0.035454
2012  0.034907
2013  0.035579
2014  0.035585
2015  0.035932
2016  0.036198
2017  0.036002
2018  0.034877
2019  0.034383
2020  0.032552
2021  0.033453
2022  0.034059
2023  0.033665
2024  0.033774
2025  0.033498
2026  0.034301
2027  0.034202
2028  0.033821
2029  0.034258
2030  0.033865
2031  0.032858
2032  0.030823
2033  0.030081
2034  0.028877
2035  0.030350
2036  0.028621
2037  0.029842
2038  0.030661
2039  0.031412
2040  0.031560
2041  0.030749
2042  0.030731
2043  0.029586
2044  0.028218
2045  0.027084
2046  0.025334
2047  0.027077
2048  0.027742
2049  0.026026
2050  0.022937
2051  0.022310
2052  0.022890
2053  0.023578
2054  0.022714
2055  0.022703
2056  0.021954
2057  0.021367
2058  0.022483
2059  0.022236
2060  0.023212
2061  0.023726
2062  0.025094
2063  0.025600
2064  0.024721
2065  0.024684
2066  0.023858
2067  0.023398
2068  0.025759
2069  0.027604
2070  0.027779
2071  0.028665
2072  0.027831
2073  0.028054
2074  0.028067
2075  0.027894
2076  0.028335
2077  0.029460
2078  0.027958
2079  0.027477
2080  0.028112
2081  0.026373
2082  0.024858
2083  0.026035
2084  0.026815
2085  0.028898
2086  0.028481
2087  0.028049
2088  0.028698
2089  0.028379
2090  0.028681
2091  0.029575
2092  0.029051
2093  0.029118
2094  0.030058
2095  0.027566
2096  0.028330
2097  0.031519
2098  0.031453
2099  0.030356
2100  0.029961
2101  0.029051
2102  0.027517
2103  0.028340
2104  0.030505
2105  0.029872
2106  0.030001
2107  0.028574
2108  0.027493
2109  0.026506
2110  0.028066
2111  0.027227
2112  0.026646
2113  0.027180
2114  0.029351
2115  0.029654
2116  0.027769
2117  0.026449
2118  0.025502
2119  0.026035
2120  0.025900
2121  0.026527
2122  0.026886
2123  0.027139
2124  0.028793
2125  0.026304
2126  0.026455
2127  0.026578
2128  0.026172
2129  0.024644
2130  0.024593
2131  0.025282
2132  0.023681
2133  0.022780
2134  0.020875
2135  0.019939
2136  0.019470
2137  0.021020
2138  0.021845
2139  0.022319
2140  0.023216
2141  0.023391
2142  0.023981
2143  0.023323
2144  0.023447
2145  0.020911
2146  0.021256
2147  0.021502
2148  0.022014
2149  0.022320
2150  0.021923
2151  0.021670
2152  0.021690
2153  0.020297
2154  0.020923
2155  0.021264
2156  0.022822
2157  0.023868
2158  0.023932
2159  0.025625
2160  0.025994
2161  0.024439
2162  0.022578
2163  0.021049
2164  0.019896
2165  0.019820
2166  0.017398
2167  0.017811
2168  0.018168
2169  0.018019
2170  0.018674
2171  0.018926
2172  0.018708
2173  0.018012
2174  0.017679
2175  0.018500
2176  0.018723
2177  0.018895
2178  0.020153
2179  0.019720
2180  0.020728
2181  0.020462
2182  0.019221
2183  0.021475
2184  0.019960
2185  0.021597
2186  0.018506
2187  0.017242
2188  0.018290
2189  0.019878
2190  0.019213
2191  0.019360
2192  0.020802
2193  0.021430
2194  0.020899
2195  0.021059
2196  0.022347
2197  0.023801
2198  0.023780
2199  0.024581
2200  0.023845
2201  0.024737
2202  0.024497
2203  0.025495
2204  0.025645
2205  0.024578
2206  0.025353
2207  0.024721
2208  0.026410
2209  0.026004
2210  0.024228
2211  0.024475
2212  0.024482
2213  0.024390
2214  0.024457
2215  0.024884
2216  0.026226
2217  0.024513
2218  0.026457
2219  0.026522
2220  0.028068
2221  0.028421
2222  0.028433
2223  0.028582
2224  0.028335
2225  0.026278
2226  0.024962
2227  0.025143
2228  0.025759
2229  0.028007
2230  0.028552
2231  0.029186
2232  0.027740
2233  0.028870
2234  0.027470
2235  0.026104
2236  0.027690
2237  0.027370
2238  0.025530
2239  0.024943
2240  0.025137
2241  0.023833
2242  0.024413
2243  0.024560
2244  0.026015
2245  0.025540
2246  0.025429
2247  0.025310
2248  0.026715
2249  0.027138
2250  0.026122
2251  0.027658
2252  0.028454
2253  0.026826
2254  0.025096
2255  0.024014
2256  0.023883
2257  0.022415
2258  0.022196
2259  0.022192
2260  0.019440
2261  0.020982
2262  0.021374
2263  0.020518
2264  0.018801
2265  0.018737
2266  0.018942
2267  0.016737
2268  0.016724
2269  0.017281
2270  0.016298
2271  0.015771
2272  0.015680
2273  0.016877
2274  0.017763
2275  0.017811
2276  0.017974
2277  0.019675
2278  0.018965
2279  0.021012
2280  0.019915
2281  0.020676
2282  0.020519
2283  0.018807
2284  0.020403
2285  0.019937
2286  0.019962
2287  0.018430
2288  0.017698
2289  0.016742
2290  0.015486
2291  0.015872
2292  0.017061
2293  0.016547
2294  0.017451
2295  0.015883
2296  0.015705
2297  0.015232
2298  0.016731
2299  0.016717
2300  0.016291
2301  0.016139
2302  0.015873
2303  0.015877
2304  0.017102
2305  0.017597
2306  0.018177
2307  0.018089
2308  0.020108
2309  0.021734
2310  0.022821
2311  0.023095
2312  0.022488
2313  0.022941
2314  0.022057
2315  0.022289
2316  0.021438
2317  0.021709
2318  0.022016
2319  0.021179
2320  0.020502
2321  0.020605
2322  0.019271
2323  0.017881
2324  0.017745
2325  0.018219
2326  0.017640
2327  0.020051
2328  0.021665
2329  0.020562
2330  0.020786
2331  0.021532
2332  0.021247
2333  0.019603
2334  0.018843
2335  0.019406
2336  0.021154
2337  0.021540
2338  0.021449
2339  0.020925
2340  0.021937
2341  0.021735
2342  0.022347
2343  0.022359
2344  0.022005
2345  0.023158
2346  0.023531
2347  0.024200
2348  0.026603
2349  0.026691
2350  0.027588
2351  0.025312
2352  0.025703
2353  0.027145
2354  0.027912
2355  0.027478
2356  0.026873
2357  0.026765
2358  0.025232
2359  0.025879
2360  0.026428
2361  0.024152
2362  0.022778
2363  0.022714
2364  0.022455
2365  0.023159
2366  0.024472
2367  0.025578
2368  0.025306
2369  0.026653
2370  0.026923
2371  0.028773
2372  0.028221
2373  0.028603
2374  0.028686
2375  0.029668
2376  0.029438
2377  0.028948
2378  0.027010
2379  0.025920
2380  0.024207
2381  0.025252
2382  0.028110
2383  0.026982
2384  0.025759
2385  0.023252
2386  0.022449
2387  0.023906
2388  0.025037
2389  0.024235
2390  0.023422
2391  0.023596
2392  0.026620
2393  0.024677
2394  0.024602
2395  0.022557
2396  0.023139
2397  0.023040
2398  0.024111
2399  0.023922
2400  0.023791
2401  0.023205
2402  0.023135
2403  0.023512
2404  0.024506
2405  0.023364
2406  0.023315
2407  0.023545
2408  0.021606
2409  0.022438
2410  0.022767
2411  0.022683
2412  0.024032
2413  0.025295
2414  0.023669
2415  0.023123
2416  0.023985
2417  0.022418
2418  0.020121
2419  0.021027
2420  0.021292
2421  0.021715
2422  0.022529
2423  0.023379
2424  0.023425
2425  0.022559
2426  0.021923
2427  0.019916
2428  0.022224
2429  0.022021
2430  0.024317
2431  0.022878
2432  0.021509
2433  0.021540
2434  0.021668
2435  0.020754
2436  0.019460
2437  0.017621
2438  0.017136
2439  0.016313
2440  0.017379
2441  0.017235
2442  0.018015
2443  0.018619
2444  0.019308
2445  0.019875
2446  0.020179
2447  0.021520
2448  0.021330
2449  0.021566
2450  0.021014
2451  0.021361
2452  0.021773
2453  0.022844
2454  0.021411
2455  0.021361
2456  0.024059
2457  0.024711
2458  0.025782
2459  0.024717
2460  0.025738
2461  0.027862
2462  0.028865
2463  0.029836
2464  0.031118
2465  0.029948
2466  0.029887
2467  0.030561
2468  0.031287
2469  0.030998
2470  0.032100
2471  0.030816
2472  0.030433
2473  0.030765
2474  0.030642
2475  0.032231
2476  0.031475
2477  0.031427
2478  0.032309
2479  0.032635
2480  0.032170
2481  0.030470
2482  0.030296
2483  0.030371
2484  0.032031
2485  0.032979
2486  0.033572
2487  0.033546
2488  0.034500
2489  0.033876
2490  0.034377
2491  0.031552
2492  0.031443
2493  0.031943
2494  0.031271
2495  0.031777
2496  0.033021
2497  0.033571
2498  0.031710
2499  0.031885
2500  0.031809
2501  0.030813
2502  0.031806
2503  0.033059
2504  0.033780
2505  0.032503
2506  0.031320
2507  0.033003
2508  0.034110
2509  0.032723
2510  0.033971
2511  0.035871
2512  0.035309
2513  0.034885
2514  0.034474
2515  0.034640
2516  0.033615
2517  0.032594
2518  0.032873
2519  0.031417
2520  0.030532
2521  0.030362
2522  0.031587
2523  0.031376
2524  0.033148
2525  0.031418
2526  0.031350
2527  0.030519
2528  0.032530
2529  0.031545
2530  0.032144
2531  0.031035
2532  0.030809
2533  0.032391
2534  0.032105
2535  0.032559
2536  0.032835
2537  0.034618
2538  0.033194
2539  0.034654
2540  0.031958
2541  0.033164
2542  0.034042
2543  0.034631
2544  0.036067
2545  0.034566
2546  0.034451
2547  0.035514
2548  0.036357
2549  0.035342
2550  0.034941
2551  0.035308
2552  0.035329
2553  0.035634
2554  0.035274
2555  0.034812
2556  0.037104
2557  0.036784
2558  0.035371
2559  0.036477
2560  0.037300
2561  0.039508
2562  0.038842
2563  0.037786
2564  0.036301
2565  0.036814
2566  0.036084
2567  0.035959
2568  0.037040
2569  0.035861
2570  0.036235
2571  0.035329
2572  0.035671
2573  0.034026
2574  0.033369
2575  0.033824
2576  0.032971
2577  0.035364
2578  0.034849
2579  0.035524
2580  0.034102
2581  0.034489
2582  0.034082
2583  0.036637
2584  0.037573
2585  0.034387
2586  0.033975
2587  0.035730
2588  0.035082
2589  0.035612
2590  0.036685
2591  0.035737
2592  0.034881
2593  0.034657
2594  0.034826
2595  0.034367
2596  0.034230
2597  0.033870
2598  0.034745
2599  0.032904
2600  0.032674
2601  0.033527
2602  0.032537
2603  0.031838
2604  0.031655
2605  0.032654
2606  0.033745
2607  0.034156
2608  0.034697
2609  0.035768
2610  0.035337
2611  0.035122
2612  0.034814
2613  0.035410
2614  0.033809
2615  0.035207
2616  0.034771
2617  0.035495
2618  0.037114
2619  0.036627
2620  0.034600
2621  0.035001
2622  0.033313
2623  0.034047
2624  0.035997
2625  0.035284
2626  0.031665
2627  0.031297
2628  0.030135
2629  0.029889
2630  0.031095
2631  0.030858
2632  0.032520
2633  0.034704
2634  0.033843
2635  0.032315
2636  0.030907
2637  0.030184
2638  0.031435
2639  0.032574
2640  0.032880
2641  0.031641
2642  0.029929
2643  0.028170
2644  0.027107
2645  0.028895
2646  0.027893
2647  0.026347
2648  0.024690
2649  0.024393
2650  0.023398
2651  0.024736
2652  0.024827
2653  0.023994
2654  0.025190
2655  0.026760
2656  0.026756
2657  0.028698
2658  0.028826
2659  0.029470
2660  0.030265
2661  0.029661
2662  0.029805
2663  0.030947
2664  0.031174
2665  0.031491
2666  0.031187
2667  0.030624
2668  0.031473
2669  0.031998
2670  0.031109
2671  0.032950
2672  0.033741
2673  0.032388
2674  0.030751
2675  0.031248
2676  0.031593
2677  0.032290
2678  0.031860
2679  0.032165
2680  0.032434
2681  0.032347
2682  0.030514
2683  0.031081
2684  0.029835
2685  0.027506
2686  0.025631
2687  0.026099
2688  0.026484
2689  0.027102
2690  0.025519
2691  0.026619
2692  0.027392
2693  0.027079
2694  0.027104
2695  0.026530
2696  0.025168
2697  0.025931
2698  0.026835
2699  0.025928
2700  0.025494
2701  0.025814
2702  0.028887
2703  0.028190
2704  0.028974
2705  0.028533
2706  0.029190
2707  0.029345
2708  0.028222
2709  0.029955
2710  0.030291
2711  0.030391
2712  0.030142
2713  0.030677
2714  0.032549
2715  0.030244
2716  0.031002
2717  0.031802
2718  0.032219
2719  0.030569
2720  0.030500
2721  0.028883
2722  0.027039
2723  0.026033
2724  0.025890
2725  0.025142
2726  0.026027
2727  0.026215
2728  0.026474
2729  0.024407
2730  0.025681
2731  0.023068
2732  0.025076
2733  0.025807
2734  0.028204
2735  0.029174
2736  0.030512
2737  0.029779
2738  0.030416
2739  0.029276
2740  0.027945
2741  0.028587
2742  0.027161
2743  0.026552
2744  0.026292
2745  0.027191
2746  0.026990
2747  0.026805
2748  0.026849
2749  0.024544
2750  0.027183
2751  0.029288
2752  0.027939
2753  0.027680
2754  0.026867
2755  0.025909
2756  0.025668
2757  0.025467
2758  0.023822
2759  0.023833
2760  0.023786
2761  0.023394
2762  0.022611
2763  0.022821
2764  0.023885
2765  0.023609
2766  0.023453
2767  0.024684
2768  0.024893
2769  0.023413
2770  0.023731
2771  0.024194
2772  0.023690
2773  0.024056
2774  0.026033
2775  0.026890
2776  0.028230
2777  0.028289
2778  0.028286
2779  0.027851
2780  0.029135
2781  0.028523
2782  0.028531
2783  0.029882
2784  0.030414
2785  0.031277
2786  0.032035
2787  0.032386
2788  0.032095
2789  0.031982
2790  0.031547
2791  0.032901
2792  0.033561
2793  0.034845
2794  0.034956
2795  0.035964
2796  0.035873
2797  0.034770
2798  0.034322
2799  0.033753
2800  0.034968
2801  0.035229
2802  0.035858
2803  0.034401
2804  0.033340
2805  0.034197
2806  0.034961
2807  0.035032
2808  0.033522
2809  0.031937
2810  0.033322
2811  0.033268
2812  0.032208
2813  0.030875
2814  0.031502
2815  0.031198
2816  0.031359
2817  0.031682
2818  0.031080
2819  0.033039
2820  0.032359
2821  0.031039
2822  0.030004
2823  0.028085
2824  0.028812
2825  0.028044
2826  0.028911
2827  0.027980
2828  0.029758
2829  0.028980
2830  0.028523
2831  0.028731
2832  0.027824
2833  0.028681
2834  0.028804
2835  0.030394
2836  0.031011
2837  0.032038
2838  0.032466
2839  0.032216
2840  0.033859
2841  0.032778
2842  0.032573
2843  0.034717
2844  0.037530
2845  0.038931
2846  0.039723
2847  0.038008
2848  0.039125
2849  0.038837
2850  0.039082
2851  0.038827
2852  0.040154
2853  0.039418
2854  0.038798
2855  0.039883
2856  0.039770
2857  0.035770
2858  0.035735
2859  0.035251
2860  0.035551
2861  0.035050
2862  0.035808
2863  0.034703
2864  0.037014
2865  0.037258
2866  0.037258
2867  0.036064
2868  0.036549
2869  0.036822
2870  0.037832
2871  0.038595
2872  0.038359
2873  0.038043
2874  0.037741
2875  0.036498
2876  0.035930
2877  0.034311
2878  0.033897
2879  0.034507
2880  0.033689
2881  0.034850
2882  0.034997
2883  0.035576
2884  0.037046
2885  0.036459
2886  0.037318
2887  0.036531
2888  0.035416
2889  0.033965
2890  0.035092
2891  0.034414
2892  0.035262
2893  0.034707
2894  0.033485
2895  0.034298
2896  0.032398
2897  0.031849
2898  0.030582
2899  0.031445
2900  0.029365
2901  0.027942
2902  0.028584
2903  0.028490
2904  0.028521
2905  0.027634
2906  0.029019
2907  0.029538
2908  0.029972
2909  0.029688
2910  0.029127
2911  0.031127
2912  0.030356
2913  0.029915
2914  0.030265
2915  0.031411
2916  0.031465
2917  0.032291
2918  0.032074
2919  0.032867
2920  0.032120
2921  0.031644
2922  0.031210
2923  0.030476
2924  0.029848
2925  0.030333
2926  0.028938
2927  0.028128
2928  0.026764
2929  0.026729
2930  0.024169
2931  0.024170
2932  0.026712
2933  0.027068
2934  0.026971
2935  0.026674
2936  0.025789
2937  0.025731
2938  0.025035
2939  0.026564
2940  0.026404
2941  0.026343
2942  0.027803
2943  0.027418
2944  0.027132
2945  0.027598
2946  0.028682
2947  0.029315
2948  0.028268
2949  0.027911
2950  0.027385
2951  0.025386
2952  0.025580
2953  0.022892
2954  0.022022
2955  0.022582
2956  0.021549
2957  0.020765
2958  0.019963
2959  0.021503
2960  0.023037
2961  0.023250
2962  0.022766
2963  0.021356
2964  0.022569
2965  0.020265
2966  0.019813
2967  0.020245
2968  0.020622
2969  0.021152
2970  0.021874
2971  0.022651
2972  0.022582
2973  0.023461
2974  0.022253
2975  0.021586
2976  0.023186
2977  0.022852
2978  0.022300
2979  0.023579
2980  0.022267
2981  0.022358
2982  0.023307
2983  0.022763
2984  0.023684
2985  0.025326
2986  0.023602
2987  0.022557
2988  0.022720
2989  0.023134
2990  0.022295
2991  0.021126
2992  0.022675
2993  0.022719
2994  0.022409
2995  0.022238
2996  0.024152
2997  0.023981
2998  0.024080
2999  0.025354
3000  0.025787
3001  0.026289
3002  0.027630
3003  0.027687
3004  0.029020
3005  0.027908
3006  0.029382
3007  0.028002
3008  0.026383
3009  0.026361
3010  0.025323
3011  0.026002
3012  0.027330
3013  0.026326
3014  0.027878
3015  0.028175
3016  0.028651
3017  0.028065
3018  0.027990
3019  0.026748
3020  0.029269
3021  0.028872
3022  0.028533
3023  0.029118
3024  0.029198
3025  0.030670
3026  0.029887
3027  0.031138
3028  0.033153
3029  0.032435
3030  0.032160
3031  0.031875
3032  0.032651
3033  0.030581
3034  0.030876
3035  0.031387
3036  0.032182
3037  0.034144
3038  0.035094
3039  0.035555
3040  0.036652
3041  0.035555
3042  0.037089
3043  0.035761
3044  0.037465
3045  0.037080
3046  0.038277
3047  0.038862
3048  0.037893
3049  0.038732
3050  0.038951
3051  0.040607
3052  0.038718
3053  0.040559
3054  0.038392
3055  0.037033
3056  0.036230
3057  0.037086
3058  0.036772
3059  0.036429
3060  0.035119
3061  0.034266
3062  0.033671
3063  0.033916
3064  0.036348
3065  0.036106
3066  0.035696
3067  0.035423
3068  0.036451
3069  0.037858
3070  0.038708
3071  0.039097
3072  0.041468
3073  0.040544
3074  0.041351
3075  0.041514
3076  0.040133
3077  0.038856
3078  0.037519
3079  0.038310
3080  0.036175
3081  0.036404
3082  0.037735
3083  0.036115
3084  0.036986
3085  0.038247
3086  0.038988
3087  0.037130
3088  0.035962
3089  0.036799
3090  0.037769
3091  0.037382
3092  0.035538
3093  0.038806
3094  0.038620
3095  0.037769
3096  0.036358
3097  0.034091
3098  0.033141
3099  0.033819
3100  0.034041
3101  0.032811
3102  0.031906
3103  0.032880
3104  0.032634
3105  0.032192
3106  0.030941
3107  0.032663
3108  0.031735
3109  0.030233
3110  0.030487
3111  0.032405
3112  0.035535
3113  0.035421
3114  0.036250
3115  0.033462
3116  0.033543
3117  0.032576
3118  0.033538
3119  0.033741
3120  0.033809
3121  0.033219
3122  0.032571
3123  0.030376
3124  0.028417
3125  0.029485
3126  0.029944
3127  0.029329
3128  0.029579
3129  0.027032
3130  0.027809
3131  0.027636
3132  0.027744
3133  0.029856
3134  0.030169
3135  0.030421
3136  0.030779
3137  0.030467
3138  0.029862
3139  0.029558
3140  0.028762
3141  0.030097
3142  0.031368
3143  0.031147
3144  0.034084
3145  0.034359
3146  0.035419
3147  0.035289
3148  0.034810
3149  0.034360
3150  0.034855
3151  0.032553
3152  0.033575
3153  0.032216
3154  0.032491
3155  0.032463
3156  0.031478
3157  0.030728
3158  0.030104
3159  0.029394
3160  0.028913
3161  0.027557
3162  0.028192
3163  0.027465
3164  0.027562
3165  0.027678
3166  0.028269
3167  0.029703
3168  0.028925
3169  0.028953
3170  0.029727
3171  0.030940
3172  0.030864
3173  0.030091
3174  0.028609
3175  0.029390
3176  0.028761
3177  0.027818
3178  0.027379
3179  0.025487
3180  0.025200
3181  0.024168
3182  0.024495
3183  0.024630
3184  0.024608
3185  0.025490
3186  0.023666
3187  0.023596
3188  0.023615
3189  0.022993
3190  0.022876
3191  0.023820
3192  0.024134
3193  0.024865
3194  0.024187
3195  0.026107
3196  0.026759
3197  0.027566
3198  0.028063
3199  0.028059
3200  0.027174
3201  0.026141
3202  0.026298
3203  0.026386
3204  0.025463
3205  0.025532
3206  0.027089
3207  0.025387
3208  0.024836
3209  0.026174
3210  0.025708
3211  0.024925
3212  0.024391
3213  0.024474
3214  0.024362
3215  0.024575
3216  0.023488
3217  0.025334
3218  0.023204
3219  0.024942
3220  0.027254
3221  0.027485
3222  0.028072
3223  0.028829
3224  0.029154
3225  0.028960
3226  0.028889
3227  0.028996
3228  0.029894
3229  0.031412
3230  0.031560
3231  0.032266
3232  0.031413
3233  0.029223
3234  0.030315
3235  0.030496
3236  0.030907
3237  0.030571
3238  0.032110
3239  0.032311
3240  0.032934
3241  0.033367
3242  0.033595
3243  0.033412
3244  0.032842
3245  0.033437
3246  0.033695
3247  0.033049
3248  0.035928
3249  0.034074
3250  0.034742
3251  0.032112
3252  0.031062
3253  0.031820
3254  0.032196
3255  0.032903
3256  0.032213
3257  0.033255
3258  0.033517
3259  0.033286
3260  0.033882
3261  0.031615
3262  0.030032
3263  0.030449
3264  0.029450
3265  0.028518
3266  0.028256
3267  0.028345
3268  0.029055
3269  0.026068
3270  0.026075
3271  0.023559
3272  0.024076
3273  0.023991
3274  0.024487
3275  0.024886
3276  0.026396
3277  0.026937
3278  0.025335
3279  0.026304
3280  0.027189
3281  0.025755
3282  0.024617
3283  0.024361
3284  0.023693
3285  0.021809
3286  0.021353
3287  0.020283
3288  0.022402
3289  0.023910
3290  0.023723
3291  0.024457
3292  0.026166
3293  0.024464
3294  0.023853
3295  0.022917
3296  0.021738
3297  0.024242
3298  0.024330
3299  0.025203
3300  0.026164
3301  0.026989
3302  0.028705
3303  0.028563
3304  0.027441
3305  0.027934
3306  0.027428
3307  0.028828
3308  0.028371
3309  0.028058
3310  0.027036
3311  0.025761
3312  0.026631
3313  0.027994
3314  0.028281
3315  0.027609
3316  0.026671
3317  0.026792
3318  0.027804
3319  0.027311
3320  0.027694
3321  0.027435
3322  0.027892
3323  0.027005
3324  0.025197
3325  0.025505
3326  0.024734
3327  0.024435
3328  0.024775
3329  0.024746
3330  0.026010
3331  0.028208
3332  0.028619
3333  0.028342
3334  0.028993
3335  0.029489
3336  0.028091
3337  0.027261
3338  0.027092
3339  0.027440
3340  0.028607
3341  0.028669
3342  0.028084
3343  0.027866
3344  0.028882
3345  0.030544
3346  0.029471
3347  0.028876
3348  0.029172
3349  0.028890
3350  0.029251
3351  0.028868
3352  0.027579
3353  0.027126
3354  0.027900
3355  0.026933
3356  0.027612
3357  0.029517
3358  0.028729
3359  0.027057
3360  0.027267
3361  0.027234
3362  0.025578
3363  0.024945
3364  0.025713
3365  0.026126
3366  0.027091
3367  0.026528
3368  0.028029
3369  0.028955
3370  0.029582
3371  0.030879
3372  0.031096
3373  0.032083
3374  0.031731
3375  0.031714
3376  0.032671
3377  0.030802
3378  0.031457
3379  0.031774
3380  0.032880
3381  0.032885
3382  0.033573
3383  0.032493
3384  0.031559
3385  0.033643
3386  0.033050
3387  0.031893
3388  0.031478
3389  0.031135
3390  0.029954
3391  0.028002
3392  0.028590
3393  0.029522
3394  0.029290
3395  0.030759
3396  0.029478
3397  0.031012
3398  0.031386
3399  0.031538
3400  0.031819
3401  0.030740
3402  0.031769
3403  0.032610
3404  0.034485
3405  0.034981
3406  0.035328
3407  0.033886
3408  0.035289
3409  0.035400
3410  0.033533
3411  0.033236
3412  0.034287
3413  0.033893
3414  0.033354
3415  0.033291
3416  0.034660
3417  0.030805
3418  0.031569
3419  0.032261
3420  0.032531
3421  0.032773
3422  0.031671
3423  0.032002
3424  0.032338
3425  0.033473
3426  0.034341
3427  0.034714
3428  0.033907
3429  0.034031
3430  0.033887
3431  0.034528
3432  0.034962
3433  0.033314
3434  0.033674
3435  0.032743
3436  0.031636
3437  0.032199
3438  0.032568
3439  0.034106
3440  0.033122
3441  0.031270
3442  0.029739
3443  0.030019
3444  0.028603
3445  0.027516
3446  0.027910
3447  0.027517
3448  0.027495
3449  0.028291
3450  0.027045
3451  0.026298
3452  0.026158
3453  0.028298
3454  0.028274
3455  0.028409
3456  0.030176
3457  0.031413
3458  0.030753
3459  0.028553
3460  0.027435
3461  0.027074
3462  0.026344
3463  0.025425
3464  0.024585
3465  0.024097
3466  0.025812
3467  0.026634
3468  0.026712
3469  0.027615
3470  0.026982
3471  0.025880
3472  0.024764
3473  0.024972
3474  0.025444
3475  0.024505
3476  0.025378
3477  0.024932
3478  0.024839
3479  0.026093
3480  0.025899
3481  0.028279
3482  0.029869
3483  0.031054
3484  0.032372
3485  0.032399
3486  0.033001
3487  0.033508
3488  0.033197
3489  0.034348
3490  0.034982
3491  0.032556
3492  0.034030
3493  0.032850
3494  0.032813
3495  0.030058
3496  0.028484
3497  0.030361
3498  0.031485
3499  0.032172
3500  0.031871
3501  0.030781
3502  0.031926
3503  0.031160
3504  0.032157
3505  0.029901
3506  0.030680
3507  0.029451
3508  0.027950
3509  0.029120
3510  0.027667
3511  0.027980
3512  0.026737
3513  0.026953
3514  0.028706
3515  0.029477
3516  0.028979
3517  0.028322
3518  0.028896
3519  0.028347
3520  0.028877
3521  0.030092
3522  0.027402
3523  0.028876
3524  0.031064
3525  0.032268
3526  0.033898
3527  0.034081
3528  0.034908
3529  0.034966
3530  0.035474
3531  0.036457
3532  0.035716
3533  0.036435
3534  0.036906
3535  0.036610
3536  0.037195
3537  0.035354
3538  0.035687
3539  0.034968
3540  0.033835
3541  0.034460
3542  0.034854
3543  0.034208
3544  0.033837
3545  0.034822
3546  0.033534
3547  0.034773
3548  0.036588
3549  0.035918
3550  0.036894
3551  0.036890
3552  0.039167
3553  0.040532
3554  0.038245
3555  0.039478
3556  0.039595
3557  0.040966
3558  0.041754
3559  0.040226
3560  0.040681
3561  0.040126
3562  0.038931
3563  0.037577
3564  0.038776
3565  0.038590
3566  0.038034
3567  0.039580
3568  0.036377
3569  0.036971
3570  0.036410
3571  0.036297
3572  0.034288
3573  0.035796
3574  0.033703
3575  0.034647
3576  0.034608
3577  0.032002
3578  0.032309
3579  0.032228
3580  0.030287
3581  0.030602
3582  0.032593
3583  0.031701
3584  0.031931
3585  0.030536
3586  0.030289
3587  0.030351
3588  0.029944
3589  0.030382
3590  0.028322
3591  0.027237
3592  0.024305
3593  0.023358
3594  0.025259
3595  0.024406
3596  0.025152
3597  0.023448
3598  0.024858
3599  0.026458
3600  0.026286
3601  0.028439
3602  0.029464
3603  0.029496
3604  0.031363
3605  0.030017
3606  0.028753
3607  0.030161
3608  0.030665
3609  0.031255
3610  0.030545
3611  0.031522
3612  0.032255
3613  0.031935
3614  0.032309
3615  0.031251
3616  0.031260
3617  0.031014
3618  0.032725
3619  0.034037
3620  0.034107
3621  0.033619
3622  0.033088
3623  0.033704
3624  0.033672
3625  0.033424
3626  0.033155
3627  0.034054
3628  0.031766
3629  0.034550
3630  0.033871
3631  0.031677
3632  0.031763
3633  0.033512
3634  0.032630
3635  0.032161
3636  0.029775
3637  0.030401
3638  0.030830
3639  0.030161
3640  0.030373
3641  0.028816
3642  0.029824
3643  0.028934
3644  0.028317
3645  0.028067
3646  0.028540
3647  0.028761
3648  0.029128
3649  0.028908
3650  0.029411
3651  0.030392
3652  0.029855
3653  0.029064
3654  0.027209
3655  0.026952
3656  0.027217
3657  0.025267
3658  0.025057
3659  0.025667
3660  0.025012
3661  0.024487
3662  0.023683
3663  0.022763
3664  0.021445
3665  0.018610
3666  0.016637
3667  0.018224
3668  0.019428
3669  0.018705
3670  0.017914
3671  0.018635
3672  0.019196
3673  0.019799
3674  0.020337
3675  0.021440
3676  0.022934
3677  0.023600
3678  0.024626
3679  0.022140
3680  0.022444
3681  0.022913
3682  0.025697
3683  0.025064
3684  0.024796
3685  0.025157
3686  0.025288
3687  0.025289
3688  0.025383
3689  0.025122
3690  0.023871
3691  0.023370
3692  0.023552
3693  0.022698
3694  0.021124
3695  0.020710
3696  0.022224
3697  0.023511
3698  0.023291
3699  0.023250
3700  0.022106
3701  0.021718
3702  0.024337
3703  0.022782
3704  0.023450
3705  0.024747
3706  0.023793
3707  0.024647
3708  0.025324
3709  0.026714
3710  0.027027
3711  0.028205
3712  0.027364
3713  0.027508
3714  0.026591
3715  0.028471
3716  0.027556
3717  0.027540
3718  0.025941
3719  0.027575
3720  0.029012
3721  0.028844
3722  0.027500
3723  0.027959
3724  0.026515
3725  0.027372
3726  0.029647
3727  0.030856
3728  0.031811
3729  0.032119
3730  0.032878
3731  0.031564
3732  0.029928
3733  0.029048
3734  0.027965
3735  0.028624
3736  0.030445
3737  0.030147
3738  0.031689
3739  0.030680
3740  0.031599
3741  0.031769
3742  0.031761
3743  0.033474
3744  0.034178
3745  0.032925
3746  0.030710
3747  0.031837
3748  0.031193
3749  0.030535
3750  0.028490
3751  0.028321
3752  0.025898
3753  0.023923
3754  0.024016
3755  0.024440
3756  0.024745
3757  0.024868
3758  0.023995
3759  0.024546
3760  0.025071
3761  0.024248
3762  0.024137
3763  0.023361
3764  0.024446
3765  0.025555
3766  0.023856
3767  0.025623
3768  0.026496
3769  0.028023
3770  0.029401
3771  0.028981
3772  0.029706
3773  0.029459
3774  0.029426
3775  0.029117
3776  0.030817
3777  0.032411
3778  0.031612
3779  0.030001
3780  0.029130
3781  0.029773
3782  0.030182
3783  0.033778
3784  0.034239
3785  0.034959
3786  0.032606
3787  0.033477
3788  0.031252
3789  0.032752
3790  0.034229
3791  0.033100
3792  0.032849
3793  0.032033
3794  0.032273
3795  0.030166
3796  0.029911
3797  0.028554
3798  0.028479
3799  0.028916
3800  0.030071
3801  0.028781
3802  0.029233
3803  0.028551
3804  0.028790
3805  0.029981
3806  0.029208
3807  0.029348
3808  0.027912
3809  0.027828
3810  0.025548
3811  0.026231
3812  0.026836
3813  0.027598
3814  0.026478
3815  0.025988
3816  0.026671
3817  0.027757
3818  0.027334
3819  0.026168
3820  0.024645
3821  0.025807
3822  0.025349
3823  0.026044
3824  0.027430
3825  0.027187
3826  0.026800
3827  0.027725
3828  0.027195
3829  0.027024
3830  0.026516
3831  0.025816
3832  0.026229
3833  0.027238
3834  0.027565
3835  0.028910
3836  0.029709
3837  0.028362
3838  0.027504
3839  0.027977
3840  0.027559
3841  0.026963
3842  0.025520
3843  0.024606
3844  0.023866
3845  0.024425
3846  0.026728
3847  0.027378
3848  0.028722
3849  0.027216
3850  0.024901
3851  0.026359
3852  0.024626
3853  0.025918
3854  0.026268
3855  0.026711
3856  0.028141
3857  0.028931
3858  0.027927
3859  0.028029
3860  0.028935
3861  0.028356
3862  0.028920
3863  0.030627
3864  0.031533
3865  0.032307
3866  0.032487
3867  0.030963
3868  0.030525
3869  0.032164
3870  0.032475
3871  0.034101
3872  0.034535
3873  0.034997
3874  0.035485
3875  0.035458
3876  0.033679
3877  0.034365
3878  0.034302
3879  0.034642
3880  0.036513
3881  0.035652
3882  0.035327
3883  0.033945
3884  0.034205
3885  0.032786
3886  0.032685
3887  0.032770
3888  0.033410
3889  0.034211
3890  0.035496
3891  0.035059
3892  0.036164
3893  0.035506
3894  0.035027
3895  0.035150
3896  0.034316
3897  0.033645
3898  0.033601
3899  0.033073
3900  0.032631
3901  0.033324
3902  0.032618
3903  0.031975
3904  0.033243
3905  0.033670
3906  0.033365
3907  0.034334
3908  0.032875
3909  0.032044
3910  0.033784
3911  0.033778
3912  0.033737
3913  0.033153
3914  0.033368
3915  0.031060
3916  0.031316
3917  0.030812
3918  0.030494
3919  0.030831
3920  0.031505
3921  0.031316
3922  0.031718
3923  0.031121
3924  0.030607
3925  0.030308
3926  0.030313
3927  0.029979
3928  0.031006
3929  0.030933
3930  0.029817
3931  0.028728
3932  0.028979
3933  0.028703
3934  0.028580
3935  0.026912
3936  0.026929
3937  0.025754
3938  0.025324
3939  0.025788
3940  0.025651
3941  0.025746
3942  0.025777
3943  0.026114
3944  0.026226
3945  0.027482
3946  0.028486
3947  0.030522
3948  0.031763
3949  0.031608
3950  0.032509
3951  0.031190
3952  0.031874
3953  0.031548
3954  0.032748
3955  0.033328
3956  0.032377
3957  0.032564
3958  0.032262
3959  0.031994
3960  0.031525
3961  0.033230
3962  0.033946
3963  0.033997
3964  0.033619
3965  0.031332
3966  0.031645
3967  0.032510
3968  0.030935
3969  0.030228
3970  0.031278
3971  0.031363
3972  0.032342
3973  0.033388
3974  0.033938
3975  0.033249
3976  0.031976
3977  0.029566
3978  0.029741
3979  0.031302
3980  0.030723
3981  0.029498
3982  0.030601
3983  0.030437
3984  0.029693
3985  0.028386
3986  0.029314
3987  0.031234
3988  0.031221
3989  0.032786
3990  0.035325
3991  0.035573
3992  0.038652
3993  0.038634
3994  0.036961
3995  0.036252
3996  0.038254
3997  0.037293
3998  0.037676
3999  0.035899
4000  0.035717
4001  0.034587
4002  0.034002
4003  0.034635
4004  0.032409
4005  0.033283
4006  0.034067
4007  0.033939
4008  0.032581
4009  0.031952
4010  0.033089
4011  0.033600
4012  0.034722
4013  0.033622
4014  0.033161
4015  0.035453
4016  0.035210
4017  0.033815
4018  0.033723
4019  0.033436
4020  0.033974
4021  0.033023
4022  0.033426
4023  0.033656
4024  0.033524
4025  0.032778
4026  0.033583
4027  0.033052
4028  0.033845
4029  0.035005
4030  0.035881
4031  0.037211
4032  0.037091
4033  0.037939
4034  0.038580
4035  0.039792
4036  0.039606
4037  0.039502
4038  0.039800
4039  0.037960
4040  0.037172
4041  0.038157
4042  0.039917
4043  0.040415
4044  0.039525
4045  0.038588
4046  0.036961
4047  0.036307
4048  0.036293
4049  0.036369
4050  0.035234
4051  0.034318
4052  0.032912
4053  0.034037
4054  0.033305
4055  0.033206
4056  0.033478
4057  0.033022
4058  0.031547
4059  0.031426
4060  0.031035
4061  0.032907
4062  0.034236
4063  0.034130
4064  0.033771
4065  0.032639
4066  0.031899
4067  0.032179
4068  0.031554
4069  0.031105
4070  0.029656
4071  0.029132
4072  0.028496
4073  0.026676
4074  0.026247
4075  0.028066
4076  0.029032
4077  0.030343
4078  0.031726
4079  0.032190
4080  0.032785
4081  0.035097
4082  0.034922
4083  0.035077
4084  0.034258
4085  0.034459
4086  0.033692
4087  0.033293
4088  0.033450
4089  0.034480
4090  0.034358
4091  0.033987
4092  0.035811
4093  0.037368
4094  0.037546
4095  0.037151
4096  0.035390
4097  0.033800
4098  0.034543
4099  0.036252
4100  0.034984
4101  0.036405
4102  0.036909
4103  0.036052
4104  0.036819
4105  0.037253
4106  0.036864
4107  0.036413
4108  0.035492
4109  0.034423
4110  0.034501
4111  0.032550
4112  0.030605
4113  0.029628
4114  0.032496
4115  0.033846
4116  0.033052
4117  0.030885
4118  0.030077
4119  0.029456
4120  0.029535
4121  0.029130
4122  0.027823
4123  0.026769
4124  0.029612
4125  0.029593
4126  0.030414
4127  0.029890
4128  0.030289
4129  0.030496
4130  0.032317
4131  0.029979
4132  0.031420
4133  0.030485
4134  0.031522
4135  0.032792
4136  0.032387
4137  0.031311
4138  0.031074
4139  0.029776
4140  0.029409
4141  0.027474
4142  0.029226
4143  0.030512
4144  0.027375
4145  0.027186
4146  0.028688
4147  0.027557
4148  0.027416
4149  0.027664
4150  0.029021
4151  0.031096
4152  0.032164
4153  0.031593
4154  0.032939
4155  0.032134
4156  0.032414
4157  0.031496
4158  0.029501
4159  0.027880
4160  0.029080
4161  0.028950
4162  0.029880
4163  0.030740
4164  0.031410
4165  0.031247
4166  0.032253
4167  0.032126
4168  0.031706
4169  0.031203
4170  0.029631
4171  0.029705
4172  0.029175
4173  0.028160
4174  0.029341
4175  0.026745
4176  0.027230
4177  0.027310
4178  0.027440
4179  0.026665
4180  0.026525
4181  0.026319
4182  0.026813
4183  0.027394
4184  0.024373
4185  0.024603
4186  0.026060
4187  0.024468
4188  0.023433
4189  0.021096
4190  0.022094
4191  0.021731
4192  0.021250
4193  0.020482
4194  0.021527
4195  0.022161
4196  0.021557
4197  0.022389
4198  0.021802
4199  0.023128
4200  0.023561
4201  0.022691
4202  0.022922
4203  0.022866
4204  0.022341
4205  0.022769
4206  0.024763
4207  0.024542
4208  0.026078
4209  0.025714
4210  0.025848
4211  0.026597
4212  0.025299
4213  0.025636
4214  0.025204
4215  0.026328
4216  0.026381
4217  0.025472
4218  0.024495
4219  0.022239
4220  0.024910
4221  0.024192
4222  0.024330
4223  0.023215
4224  0.025270
4225  0.025373
4226  0.022273
4227  0.021358
4228  0.020169
4229  0.019263
4230  0.019433
4231  0.019002
4232  0.020468
4233  0.018241
4234  0.019476
4235  0.019529
4236  0.021021
4237  0.022632
4238  0.024493
4239  0.024681
4240  0.023585
4241  0.024675
4242  0.025300
4243  0.024978
4244  0.024751
4245  0.026995
4246  0.025345
4247  0.025137
4248  0.025366
4249  0.025202
4250  0.025221
4251  0.027204
4252  0.027929
4253  0.028400
4254  0.026851
4255  0.026808
4256  0.028340
4257  0.028723
4258  0.027160
4259  0.026946
4260  0.025849
4261  0.026654
4262  0.027060
4263  0.027565
4264  0.026996
4265  0.025894
4266  0.026872
4267  0.028577
4268  0.026844
4269  0.027125
4270  0.029368
4271  0.029113
4272  0.032339
4273  0.032390
4274  0.033214
4275  0.032265
4276  0.030475
4277  0.030758
4278  0.030116
4279  0.031110
4280  0.031623
4281  0.031330
4282  0.031099
4283  0.031231
4284  0.030531
4285  0.029523
4286  0.030190
4287  0.029687
4288  0.028967
4289  0.028086
4290  0.029167
4291  0.029620
4292  0.030739
4293  0.029703
4294  0.030532
4295  0.030295
4296  0.030658
4297  0.030002
4298  0.031356
4299  0.031733
4300  0.032135
4301  0.031647
4302  0.029364
4303  0.030815
4304  0.030059
4305  0.031030
4306  0.030078
4307  0.030226
4308  0.029248
4309  0.028993
4310  0.026767
4311  0.027062
4312  0.026307
4313  0.026619
4314  0.026751
4315  0.026543
4316  0.024844
4317  0.025193
4318  0.025073
4319  0.024719
4320  0.024959
4321  0.023810
4322  0.023162
4323  0.024011
4324  0.022939
4325  0.023671
4326  0.022335
4327  0.024104
4328  0.024296
4329  0.021398
4330  0.022737
4331  0.022849
4332  0.022415
4333  0.021977
4334  0.022937
4335  0.021833
4336  0.022329
4337  0.023391
4338  0.023416
4339  0.024085
4340  0.024879
4341  0.023855
4342  0.025214
4343  0.026061
4344  0.025207
4345  0.024704
4346  0.023446
4347  0.021580
4348  0.020219
4349  0.019852
4350  0.020187
4351  0.021177
4352  0.022127
4353  0.021628
4354  0.021749
4355  0.021844
4356  0.021210
4357  0.020248
4358  0.020528
4359  0.020344
4360  0.020300
4361  0.021040
4362  0.020259
4363  0.019865
4364  0.020246
4365  0.020638
4366  0.020456
4367  0.020364
4368  0.020249
4369  0.021006
4370  0.021988
4371  0.020982
4372  0.022170
4373  0.022242
4374  0.022693
4375  0.023378
4376  0.024419
4377  0.023957
4378  0.026086
4379  0.025719
4380  0.025408
4381  0.024595
4382  0.026406
4383  0.026469
4384  0.025434
4385  0.022808
4386  0.022694
4387  0.022735
4388  0.020949
4389  0.021940
4390  0.022388
4391  0.022871
4392  0.022822
4393  0.022188
4394  0.022939
4395  0.023875
4396  0.023264
4397  0.023500
4398  0.023032
4399  0.023561
4400  0.023719
4401  0.024925
4402  0.025695
4403  0.025643
4404  0.025718
4405  0.026765
4406  0.027371
4407  0.027773
4408  0.027758
4409  0.026206
4410  0.026804
4411  0.028431
4412  0.029760
4413  0.029852
4414  0.029775
4415  0.029827
4416  0.030098
4417  0.030587
4418  0.030269
4419  0.031126
4420  0.030461
4421  0.031103
4422  0.028900
4423  0.027962
4424  0.026870
4425  0.025249
4426  0.027018
4427  0.024528
4428  0.024709
4429  0.024322
4430  0.025315
4431  0.025066
4432  0.023563
4433  0.025121
4434  0.025154
4435  0.024006
4436  0.025339
4437  0.025508
4438  0.024945
4439  0.027208
4440  0.025067
4441  0.026271
4442  0.026602
4443  0.026746
4444  0.029376
4445  0.029208
4446  0.028571
4447  0.029503
4448  0.029954
4449  0.030335
4450  0.030019
4451  0.031479
4452  0.032132
4453  0.031884
4454  0.031326
4455  0.031824
4456  0.032958
4457  0.034246
4458  0.034738
4459  0.035884
4460  0.035054
4461  0.035438
4462  0.036080
4463  0.036629
4464  0.036031
4465  0.035240
4466  0.036770
4467  0.035458
4468  0.036440
4469  0.036924
4470  0.036702
4471  0.037127
4472  0.037023
4473  0.036026
4474  0.035748
4475  0.035102
4476  0.036488
4477  0.035880
4478  0.034684
4479  0.035648
4480  0.035516
4481  0.035694
4482  0.038264
4483  0.037163
4484  0.036657
4485  0.035641
4486  0.031320
4487  0.030898
4488  0.029653
4489  0.029088
4490  0.028053
4491  0.027673
4492  0.025223
4493  0.024998
4494  0.024517
4495  0.025721
4496  0.024849
4497  0.026154
4498  0.025701
4499  0.025561
4500  0.027064
4501  0.026520
4502  0.025519
4503  0.025171
4504  0.024163
4505  0.025034
4506  0.024296
4507  0.025571
4508  0.025405
4509  0.027062
4510  0.026171
4511  0.025402
4512  0.023053
4513  0.023767
4514  0.024069
4515  0.022672
4516  0.022641
4517  0.023587
4518  0.022004
4519  0.021051
4520  0.021099
4521  0.022460
4522  0.024971
4523  0.025342
4524  0.026152
4525  0.028786
4526  0.028442
4527  0.028415
4528  0.027602
4529  0.028443
4530  0.030199
4531  0.028802
4532  0.029331
4533  0.029458
4534  0.028785
4535  0.028570
4536  0.029525
4537  0.027939
4538  0.026868
4539  0.024768
4540  0.025003
4541  0.024111
4542  0.024730
4543  0.026272
4544  0.026067
4545  0.026937
4546  0.030048
4547  0.029169
4548  0.029567
4549  0.030336
4550  0.030450
4551  0.031803
4552  0.032435
4553  0.032663
4554  0.032995
4555  0.031840
4556  0.032019
4557  0.029293
4558  0.029617
4559  0.029833
4560  0.027894
4561  0.027975
4562  0.027689
4563  0.028424
4564  0.026544
4565  0.025847
4566  0.026462
4567  0.028888
4568  0.027990
4569  0.028925
4570  0.030634
4571  0.030753
4572  0.031154
4573  0.029466
4574  0.028936
4575  0.030664
4576  0.029736
4577  0.028966
4578  0.028209
4579  0.029224
4580  0.028315
4581  0.027340
4582  0.028994
4583  0.028091
4584  0.027424
4585  0.026259
4586  0.026579
4587  0.025508
4588  0.025007
4589  0.023555
4590  0.025078
4591  0.026063
4592  0.025892
4593  0.025527
4594  0.028091
4595  0.029070
4596  0.029079
4597  0.029510
4598  0.028443
4599  0.028403
4600  0.028927
4601  0.029324
4602  0.029493
4603  0.030918
4604  0.031590
4605  0.032776
4606  0.030848
4607  0.030796
4608  0.030817
4609  0.030103
4610  0.031312
4611  0.031926
4612  0.032191
4613  0.031752
4614  0.030070
4615  0.030929
4616  0.032883
4617  0.032790
4618  0.032976
4619  0.033241
4620  0.033590
4621  0.033294
4622  0.033975
4623  0.033320
4624  0.035556
4625  0.034693
4626  0.032908
4627  0.034459
4628  0.035781
4629  0.035173
4630  0.035817
4631  0.035972
4632  0.036051
4633  0.037451
4634  0.036974
4635  0.037707
4636  0.036741
4637  0.035581
4638  0.035248
4639  0.035979
4640  0.037158
4641  0.036297
4642  0.034967
4643  0.035258
4644  0.036094
4645  0.036565
4646  0.035900
4647  0.034793
4648  0.034491
4649  0.037205
4650  0.034865
4651  0.034275
4652  0.034202
4653  0.033279
4654  0.033608
4655  0.032978
4656  0.033267
4657  0.034979
4658  0.034757
4659  0.035071
4660  0.034972
4661  0.035823
4662  0.033799
4663  0.033241
4664  0.032381
4665  0.033645
4666  0.032286
4667  0.033319
4668  0.032697
4669  0.033299
4670  0.032687
4671  0.032439
4672  0.033641
4673  0.031968
4674  0.030832
4675  0.031640
4676  0.032055
4677  0.029946
4678  0.029212
4679  0.029019
4680  0.028293
4681  0.027914
4682  0.028746
4683  0.029166
4684  0.027913
4685  0.026654
4686  0.027852
4687  0.028068
4688  0.028408
4689  0.028294
4690  0.027362
4691  0.027417
4692  0.027442
4693  0.026331
4694  0.028269
4695  0.030212
4696  0.031922
4697  0.031564
4698  0.031173
4699  0.032233
4700  0.032710
4701  0.033602
4702  0.034109
4703  0.032015
4704  0.030981
4705  0.032615
4706  0.031280
4707  0.033365
4708  0.035062
4709  0.034797
4710  0.037150
4711  0.036785
4712  0.037148
4713  0.038358
4714  0.038657
4715  0.037945
4716  0.036428
4717  0.036799
4718  0.037580
4719  0.036385
4720  0.035694
4721  0.037060
4722  0.038616
4723  0.038543
4724  0.042003
4725  0.041778
4726  0.040794
4727  0.042199
4728  0.040837
4729  0.040233
4730  0.039708
4731  0.041370
4732  0.041789
4733  0.041445
4734  0.041290
4735  0.042861
4736  0.045138
4737  0.045235
4738  0.045913
4739  0.045023
4740  0.047300
4741  0.047829
4742  0.046750
4743  0.046524
4744  0.047792
4745  0.047462
4746  0.046562
4747  0.046720
4748  0.045655
4749  0.044427
4750  0.044437
4751  0.043208
4752  0.042532
4753  0.043550
4754  0.044955
4755  0.043289
4756  0.043668
4757  0.045894
4758  0.043470
4759  0.041374
4760  0.041085
4761  0.040840
4762  0.041046
4763  0.041436
4764  0.044914
4765  0.043326
4766  0.043629
4767  0.044308
4768  0.042994
4769  0.042820
4770  0.041544
4771  0.041570
4772  0.040848
4773  0.041246
4774  0.040675
4775  0.038572
4776  0.038860
4777  0.037995
4778  0.036695
4779  0.037346
4780  0.038412
4781  0.040481
4782  0.039527
4783  0.038169
4784  0.038184
4785  0.037142
4786  0.037084
4787  0.036200
4788  0.034783
4789  0.034831
4790  0.034969
4791  0.034369
4792  0.033934
4793  0.035232
4794  0.033678
4795  0.034125
4796  0.034423
4797  0.033791
4798  0.034615
4799  0.032077
4800  0.029700
4801  0.029122
4802  0.030702
4803  0.030120
4804  0.031590
4805  0.031827
4806  0.032817
4807  0.032278
4808  0.031390
4809  0.031084
4810  0.032202
4811  0.031344
4812  0.030480
4813  0.030754
4814  0.028829
4815  0.028120
4816  0.028537
4817  0.031631
4818  0.031435
4819  0.033090
4820  0.031596
4821  0.030729
4822  0.030171
4823  0.029462
4824  0.028838
4825  0.028313
4826  0.027526
4827  0.027737
4828  0.027749
4829  0.027151
4830  0.028401
4831  0.028148
4832  0.029759
4833  0.030695
4834  0.032030
4835  0.030978
4836  0.030869
4837  0.032371
4838  0.033212
4839  0.034042
4840  0.036447
4841  0.037756
4842  0.036710
4843  0.034580
4844  0.034178
4845  0.034848
4846  0.034965
4847  0.035280
4848  0.036479
4849  0.037024
4850  0.036239
4851  0.036853
4852  0.036398
4853  0.035976
4854  0.035826
4855  0.035609
4856  0.036720
4857  0.037545
4858  0.038664
4859  0.038185
4860  0.038270
4861  0.037669
4862  0.039953
4863  0.040457
4864  0.039203
4865  0.038677
4866  0.038174
4867  0.039994
4868  0.040883
4869  0.040331
4870  0.041720
4871  0.044043
4872  0.042452
4873  0.041670
4874  0.043006
4875  0.041722
4876  0.041012
4877  0.041805
4878  0.041999
4879  0.042346
4880  0.041606
4881  0.041663
4882  0.042417
4883  0.043305
4884  0.042991
4885  0.041061
4886  0.041372
4887  0.040559
4888  0.038453
4889  0.037623
4890  0.035914
4891  0.035565
4892  0.036529
4893  0.037081
4894  0.038466
4895  0.036537
4896  0.036154
4897  0.034556
4898  0.034101
4899  0.033731
4900  0.034203
4901  0.034133
4902  0.034145
4903  0.034282
4904  0.036188
4905  0.036886
4906  0.037167
4907  0.037409
4908  0.039874
4909  0.041082
4910  0.039954
4911  0.038526
4912  0.037449
4913  0.034483
4914  0.034620
4915  0.036664
4916  0.036807
4917  0.037291
4918  0.040288
4919  0.039239
4920  0.039869
4921  0.041725
4922  0.042389
4923  0.043208
4924  0.043551
4925  0.040777
4926  0.039677
4927  0.041198
4928  0.040415
4929  0.040740
4930  0.039694
4931  0.040518
4932  0.040697
4933  0.038398
4934  0.037967
4935  0.038242
4936  0.037230
4937  0.036323
4938  0.038123
4939  0.037046
4940  0.035937
4941  0.037741
4942  0.037851
4943  0.035941
4944  0.035465
4945  0.035459
4946  0.037421
4947  0.036671
4948  0.036208
4949  0.036519
4950  0.038056
4951  0.037189
4952  0.037851
4953  0.037608
4954  0.036640
4955  0.036623
4956  0.034865
4957  0.033885
4958  0.033874
4959  0.034177
4960  0.035483
4961  0.035661
4962  0.035623
4963  0.034677
4964  0.036309
4965  0.038297
4966  0.038647
4967  0.039535
4968  0.038826
4969  0.040159
4970  0.041311
4971  0.041411
4972  0.043359
4973  0.044854
4974  0.044835
4975  0.044573
4976  0.044481
4977  0.045782
4978  0.046692
4979  0.046290
4980  0.046694
4981  0.044339
4982  0.044044
4983  0.043496
4984  0.045192
4985  0.044672
4986  0.043481
4987  0.043246
4988  0.041610
4989  0.041283
4990  0.040978
4991  0.040066
4992  0.042047
4993  0.040191
4994  0.039052
4995  0.038211
4996  0.037727
4997  0.037904
4998  0.037953
4999  0.038099
