# Timeseries for σ = 0.8
# step  R_global
0  0.996813
1  0.993707
2  0.990778
3  0.987753
4  0.984836
5  0.982030
6  0.979003
7  0.976217
8  0.973472
9  0.970862
10  0.968175
11  0.965691
12  0.963100
13  0.960537
14  0.958537
15  0.956396
16  0.954334
17  0.952063
18  0.949623
19  0.947510
20  0.945642
21  0.943706
22  0.942011
23  0.940061
24  0.938171
25  0.936385
26  0.934492
27  0.932577
28  0.931202
29  0.929270
30  0.927580
31  0.926198
32  0.924583
33  0.923068
34  0.921548
35  0.919929
36  0.918146
37  0.916581
38  0.915098
39  0.913536
40  0.911832
41  0.910636
42  0.908760
43  0.907439
44  0.905927
45  0.904480
46  0.903282
47  0.902259
48  0.900748
49  0.899398
50  0.897755
51  0.896554
52  0.895308
53  0.893808
54  0.892460
55  0.891124
56  0.889451
57  0.888006
58  0.887268
59  0.886186
60  0.884909
61  0.883276
62  0.882410
63  0.881406
64  0.880372
65  0.879223
66  0.878220
67  0.876893
68  0.875831
69  0.875410
70  0.874752
71  0.873628
72  0.872265
73  0.871550
74  0.870764
75  0.869816
76  0.869243
77  0.868689
78  0.867999
79  0.867375
80  0.866438
81  0.865456
82  0.864458
83  0.863577
84  0.862774
85  0.861681
86  0.860497
87  0.859412
88  0.858592
89  0.857664
90  0.856507
91  0.855673
92  0.854577
93  0.853627
94  0.852593
95  0.851674
96  0.851036
97  0.850223
98  0.849424
99  0.848843
100  0.848453
101  0.847840
102  0.847532
103  0.846270
104  0.845690
105  0.844812
106  0.844522
107  0.844292
108  0.843573
109  0.842844
110  0.842440
111  0.841672
112  0.841220
113  0.841097
114  0.840620
115  0.840316
116  0.839736
117  0.838877
118  0.838522
119  0.838301
120  0.838189
121  0.837506
122  0.836855
123  0.836322
124  0.836063
125  0.835788
126  0.835338
127  0.834600
128  0.833765
129  0.833113
130  0.832687
131  0.831572
132  0.831069
133  0.830359
134  0.829600
135  0.829321
136  0.828568
137  0.827762
138  0.827809
139  0.827306
140  0.826489
141  0.825865
142  0.825296
143  0.824439
144  0.823480
145  0.823028
146  0.822215
147  0.821143
148  0.821057
149  0.821263
150  0.820803
151  0.820066
152  0.819535
153  0.818842
154  0.818351
155  0.818252
156  0.817885
157  0.817497
158  0.817055
159  0.816619
160  0.816413
161  0.816260
162  0.814939
163  0.814437
164  0.814105
165  0.813582
166  0.813231
167  0.812224
168  0.811812
169  0.811740
170  0.811357
171  0.811056
172  0.810161
173  0.809452
174  0.808805
175  0.808722
176  0.808094
177  0.807891
178  0.808223
179  0.807378
180  0.806796
181  0.806487
182  0.805914
183  0.805261
184  0.804778
185  0.804396
186  0.804032
187  0.803713
188  0.803012
189  0.802547
190  0.802213
191  0.802425
192  0.801313
193  0.800712
194  0.801057
195  0.800464
196  0.799630
197  0.799245
198  0.798539
199  0.797799
200  0.797696
201  0.797829
202  0.797892
203  0.797290
204  0.796867
205  0.796763
206  0.795819
207  0.795645
208  0.795276
209  0.795072
210  0.795030
211  0.794604
212  0.794215
213  0.793870
214  0.793750
215  0.793503
216  0.792704
217  0.791621
218  0.791367
219  0.790900
220  0.790370
221  0.789824
222  0.789882
223  0.789650
224  0.789541
225  0.789484
226  0.788720
227  0.788772
228  0.788473
229  0.788286
230  0.788200
231  0.788614
232  0.788312
233  0.787864
234  0.787717
235  0.786832
236  0.786283
237  0.786277
238  0.786113
239  0.786330
240  0.785218
241  0.785020
242  0.784268
243  0.784010
244  0.783764
245  0.783554
246  0.783491
247  0.783072
248  0.782991
249  0.783279
250  0.783065
251  0.783252
252  0.783622
253  0.783177
254  0.783004
255  0.782710
256  0.782811
257  0.782189
258  0.781733
259  0.781494
260  0.781327
261  0.781331
262  0.781006
263  0.780933
264  0.780113
265  0.779670
266  0.779047
267  0.779142
268  0.778650
269  0.778240
270  0.777974
271  0.777557
272  0.777257
273  0.777047
274  0.776725
275  0.776443
276  0.775830
277  0.775741
278  0.775766
279  0.775540
280  0.775363
281  0.775635
282  0.775362
283  0.774228
284  0.773800
285  0.773688
286  0.773614
287  0.773878
288  0.773846
289  0.773553
290  0.772873
291  0.772718
292  0.772335
293  0.771694
294  0.772140
295  0.772248
296  0.771314
297  0.771056
298  0.771157
299  0.770752
300  0.770365
301  0.769848
302  0.770151
303  0.770398
304  0.770713
305  0.770051
306  0.769587
307  0.769331
308  0.768608
309  0.768508
310  0.768424
311  0.768120
312  0.767551
313  0.766874
314  0.766076
315  0.765420
316  0.765266
317  0.765443
318  0.765961
319  0.765761
320  0.766434
321  0.766421
322  0.766116
323  0.766038
324  0.765733
325  0.766274
326  0.766114
327  0.765975
328  0.765774
329  0.765238
330  0.765385
331  0.764609
332  0.764472
333  0.763852
334  0.763522
335  0.763099
336  0.763298
337  0.762594
338  0.762733
339  0.762620
340  0.762062
341  0.762125
342  0.762135
343  0.762155
344  0.761819
345  0.761852
346  0.762333
347  0.761901
348  0.762430
349  0.761700
350  0.760963
351  0.761220
352  0.760703
353  0.760533
354  0.760658
355  0.760328
356  0.760566
357  0.760305
358  0.760533
359  0.760224
360  0.759616
361  0.759536
362  0.759060
363  0.758882
364  0.758921
365  0.758783
366  0.758539
367  0.758194
368  0.758036
369  0.757463
370  0.756981
371  0.756848
372  0.757257
373  0.757433
374  0.757666
375  0.757716
376  0.757664
377  0.757376
378  0.757116
379  0.756863
380  0.757010
381  0.756710
382  0.757222
383  0.757011
384  0.757146
385  0.757125
386  0.757275
387  0.757043
388  0.757284
389  0.757090
390  0.757305
391  0.757067
392  0.756728
393  0.756994
394  0.756907
395  0.756599
396  0.755931
397  0.755188
398  0.755417
399  0.755657
400  0.755328
401  0.754956
402  0.755405
403  0.756110
404  0.756227
405  0.755453
406  0.754904
407  0.754710
408  0.754191
409  0.753421
410  0.752789
411  0.752916
412  0.752869
413  0.752843
414  0.753036
415  0.752766
416  0.752580
417  0.752401
418  0.751962
419  0.751838
420  0.751749
421  0.751764
422  0.751354
423  0.751229
424  0.751610
425  0.751427
426  0.751701
427  0.751847
428  0.751001
429  0.750882
430  0.750784
431  0.749805
432  0.749287
433  0.748752
434  0.749059
435  0.748763
436  0.748325
437  0.748455
438  0.748432
439  0.748427
440  0.748309
441  0.748223
442  0.747928
443  0.747811
444  0.747938
445  0.748065
446  0.748146
447  0.748254
448  0.748423
449  0.748346
450  0.748196
451  0.748024
452  0.747340
453  0.746563
454  0.746083
455  0.746508
456  0.746270
457  0.746649
458  0.746292
459  0.746446
460  0.746428
461  0.745606
462  0.745906
463  0.745742
464  0.745684
465  0.745527
466  0.745544
467  0.745736
468  0.745853
469  0.745449
470  0.745512
471  0.745352
472  0.744687
473  0.745084
474  0.745538
475  0.745793
476  0.746012
477  0.745860
478  0.745913
479  0.746098
480  0.745755
481  0.745541
482  0.746085
483  0.745321
484  0.744788
485  0.744464
486  0.744440
487  0.743741
488  0.744239
489  0.743763
490  0.743539
491  0.743862
492  0.743768
493  0.743822
494  0.744122
495  0.743403
496  0.742835
497  0.742173
498  0.741910
499  0.741826
500  0.741943
501  0.741588
502  0.741661
503  0.741705
504  0.741034
505  0.740450
506  0.739999
507  0.739629
508  0.739199
509  0.738703
510  0.738184
511  0.738577
512  0.739014
513  0.738306
514  0.738461
515  0.738389
516  0.738226
517  0.738208
518  0.737942
519  0.737383
520  0.737598
521  0.737569
522  0.738165
523  0.737957
524  0.737243
525  0.737085
526  0.737310
527  0.737093
528  0.736691
529  0.736961
530  0.736420
531  0.736473
532  0.736556
533  0.736190
534  0.735911
535  0.735666
536  0.735993
537  0.735801
538  0.735978
539  0.735913
540  0.735595
541  0.735696
542  0.735778
543  0.735935
544  0.736201
545  0.736110
546  0.735607
547  0.735202
548  0.735702
549  0.735179
550  0.735430
551  0.735926
552  0.735415
553  0.735663
554  0.735941
555  0.734793
556  0.735449
557  0.735288
558  0.735062
559  0.735071
560  0.735067
561  0.735118
562  0.734974
563  0.735446
564  0.734972
565  0.734942
566  0.734858
567  0.734105
568  0.733304
569  0.732857
570  0.732993
571  0.732610
572  0.733114
573  0.733049
574  0.732981
575  0.732192
576  0.732318
577  0.732300
578  0.732425
579  0.733065
580  0.732571
581  0.732760
582  0.732941
583  0.732953
584  0.732891
585  0.732708
586  0.732597
587  0.732427
588  0.732062
589  0.732264
590  0.732424
591  0.732178
592  0.732445
593  0.732502
594  0.732606
595  0.732855
596  0.732388
597  0.732110
598  0.731821
599  0.730942
600  0.730658
601  0.729955
602  0.729944
603  0.729448
604  0.729150
605  0.729021
606  0.729096
607  0.728812
608  0.728528
609  0.728938
610  0.728619
611  0.728842
612  0.728782
613  0.729153
614  0.729349
615  0.729331
616  0.729160
617  0.728558
618  0.728840
619  0.729214
620  0.729200
621  0.729228
622  0.728786
623  0.729099
624  0.728990
625  0.728772
626  0.728946
627  0.728641
628  0.728603
629  0.727873
630  0.727428
631  0.727559
632  0.727098
633  0.727214
634  0.727408
635  0.727660
636  0.727736
637  0.727972
638  0.727805
639  0.728616
640  0.728682
641  0.728817
642  0.728698
643  0.729380
644  0.729457
645  0.730257
646  0.729981
647  0.730336
648  0.730644
649  0.729998
650  0.729824
651  0.729454
652  0.729823
653  0.729610
654  0.728893
655  0.728628
656  0.728919
657  0.728450
658  0.727397
659  0.727399
660  0.727780
661  0.727872
662  0.727358
663  0.727560
664  0.727272
665  0.727514
666  0.726956
667  0.726561
668  0.726105
669  0.725838
670  0.725601
671  0.726038
672  0.725520
673  0.725929
674  0.725525
675  0.724887
676  0.724571
677  0.724800
678  0.724926
679  0.725043
680  0.725032
681  0.724654
682  0.724242
683  0.723933
684  0.723618
685  0.723346
686  0.723379
687  0.723594
688  0.722964
689  0.723124
690  0.723273
691  0.723419
692  0.723528
693  0.723546
694  0.723938
695  0.723714
696  0.723862
697  0.723698
698  0.724002
699  0.723711
700  0.722998
701  0.723716
702  0.723426
703  0.722639
704  0.721836
705  0.722165
706  0.722332
707  0.722623
708  0.722311
709  0.723070
710  0.723005
711  0.722868
712  0.722640
713  0.722750
714  0.722890
715  0.723159
716  0.723345
717  0.722643
718  0.722906
719  0.722701
720  0.721967
721  0.721760
722  0.721713
723  0.721485
724  0.721458
725  0.721070
726  0.721366
727  0.722004
728  0.721360
729  0.721410
730  0.721611
731  0.721352
732  0.720999
733  0.720449
734  0.720587
735  0.720350
736  0.720624
737  0.720514
738  0.720335
739  0.720693
740  0.720568
741  0.720109
742  0.720087
743  0.719172
744  0.719288
745  0.719490
746  0.719685
747  0.719443
748  0.719118
749  0.719377
750  0.719341
751  0.719295
752  0.719514
753  0.719460
754  0.719771
755  0.720135
756  0.720198
757  0.719898
758  0.719918
759  0.719306
760  0.718377
761  0.718527
762  0.718219
763  0.718502
764  0.718521
765  0.718633
766  0.718806
767  0.718703
768  0.718063
769  0.717928
770  0.717651
771  0.717797
772  0.718183
773  0.718140
774  0.718084
775  0.717821
776  0.718211
777  0.718367
778  0.718715
779  0.718294
780  0.718045
781  0.718945
782  0.718648
783  0.718876
784  0.718858
785  0.719008
786  0.718845
787  0.718698
788  0.718541
789  0.717680
790  0.717969
791  0.717930
792  0.718367
793  0.718446
794  0.718342
795  0.719311
796  0.719248
797  0.718943
798  0.719140
799  0.718999
800  0.718853
801  0.718873
802  0.719518
803  0.719404
804  0.720163
805  0.720310
806  0.720815
807  0.720567
808  0.720836
809  0.720424
810  0.720618
811  0.719726
812  0.719808
813  0.719836
814  0.719980
815  0.719811
816  0.719465
817  0.719015
818  0.719039
819  0.719573
820  0.719724
821  0.719620
822  0.719545
823  0.719364
824  0.719656
825  0.719786
826  0.719931
827  0.719478
828  0.718974
829  0.718766
830  0.718569
831  0.718850
832  0.718462
833  0.718206
834  0.718910
835  0.718425
836  0.718506
837  0.718399
838  0.718860
839  0.718743
840  0.718274
841  0.717681
842  0.717994
843  0.717904
844  0.718170
845  0.718285
846  0.717845
847  0.717436
848  0.717222
849  0.716672
850  0.716875
851  0.717133
852  0.717634
853  0.717953
854  0.718079
855  0.718073
856  0.718426
857  0.718341
858  0.718159
859  0.718630
860  0.718123
861  0.718011
862  0.717843
863  0.717143
864  0.717434
865  0.717622
866  0.717576
867  0.718077
868  0.717777
869  0.718286
870  0.717304
871  0.717444
872  0.717361
873  0.717302
874  0.717819
875  0.717645
876  0.717610
877  0.717043
878  0.716457
879  0.716348
880  0.716284
881  0.716568
882  0.716248
883  0.716420
884  0.716631
885  0.716480
886  0.716313
887  0.716337
888  0.715938
889  0.716146
890  0.716411
891  0.716363
892  0.716640
893  0.716867
894  0.716964
895  0.717459
896  0.717530
897  0.717378
898  0.717017
899  0.717686
900  0.718260
901  0.718209
902  0.718349
903  0.718542
904  0.717481
905  0.718115
906  0.717939
907  0.717245
908  0.716985
909  0.717445
910  0.717432
911  0.717322
912  0.716992
913  0.717148
914  0.717765
915  0.718171
916  0.717858
917  0.717576
918  0.717174
919  0.717404
920  0.717186
921  0.717138
922  0.717647
923  0.718452
924  0.718470
925  0.719104
926  0.719021
927  0.718940
928  0.719624
929  0.719224
930  0.719675
931  0.719965
932  0.719568
933  0.718453
934  0.718407
935  0.717823
936  0.717969
937  0.717790
938  0.718034
939  0.717911
940  0.717569
941  0.717530
942  0.717571
943  0.716969
944  0.717199
945  0.716392
946  0.716724
947  0.716317
948  0.716284
949  0.716040
950  0.715577
951  0.715712
952  0.715489
953  0.715452
954  0.715553
955  0.715803
956  0.715496
957  0.715504
958  0.715841
959  0.716418
960  0.716214
961  0.716004
962  0.716128
963  0.716609
964  0.716505
965  0.715991
966  0.716233
967  0.716332
968  0.716648
969  0.716941
970  0.716966
971  0.716887
972  0.716662
973  0.716933
974  0.717596
975  0.717577
976  0.717916
977  0.717297
978  0.717487
979  0.717353
980  0.717432
981  0.717085
982  0.716686
983  0.716290
984  0.715513
985  0.715781
986  0.715573
987  0.715798
988  0.715949
989  0.716654
990  0.716824
991  0.716887
992  0.717805
993  0.717635
994  0.717825
995  0.717388
996  0.717821
997  0.717883
998  0.717065
999  0.716665
1000  0.716512
1001  0.716146
1002  0.715988
1003  0.715634
1004  0.714944
1005  0.715537
1006  0.715154
1007  0.715255
1008  0.715084
1009  0.715120
1010  0.715202
1011  0.715054
1012  0.715151
1013  0.715064
1014  0.714785
1015  0.714680
1016  0.715263
1017  0.715129
1018  0.714530
1019  0.714108
1020  0.713812
1021  0.713518
1022  0.713223
1023  0.712826
1024  0.712810
1025  0.712905
1026  0.712753
1027  0.712315
1028  0.711913
1029  0.712009
1030  0.711346
1031  0.711698
1032  0.711647
1033  0.711695
1034  0.711281
1035  0.711658
1036  0.710965
1037  0.711440
1038  0.711688
1039  0.711354
1040  0.711419
1041  0.711254
1042  0.711286
1043  0.711617
1044  0.711441
1045  0.711354
1046  0.711344
1047  0.711229
1048  0.711106
1049  0.710782
1050  0.710467
1051  0.709793
1052  0.709711
1053  0.709070
1054  0.709266
1055  0.708555
1056  0.707744
1057  0.707611
1058  0.707510
1059  0.707068
1060  0.705941
1061  0.706517
1062  0.706606
1063  0.706698
1064  0.706979
1065  0.707243
1066  0.707735
1067  0.708398
1068  0.708245
1069  0.707911
1070  0.707985
1071  0.708306
1072  0.708118
1073  0.707748
1074  0.707684
1075  0.707447
1076  0.707561
1077  0.707125
1078  0.706877
1079  0.707567
1080  0.708349
1081  0.709042
1082  0.709547
1083  0.709801
1084  0.709535
1085  0.709128
1086  0.709719
1087  0.710105
1088  0.709777
1089  0.709760
1090  0.710242
1091  0.709664
1092  0.709337
1093  0.708880
1094  0.709121
1095  0.708976
1096  0.708079
1097  0.709037
1098  0.709036
1099  0.708724
1100  0.708205
1101  0.709066
1102  0.709330
1103  0.709133
1104  0.709217
1105  0.708340
1106  0.707856
1107  0.707778
1108  0.707169
1109  0.706605
1110  0.706752
1111  0.707000
1112  0.707284
1113  0.707223
1114  0.707721
1115  0.707372
1116  0.707368
1117  0.707785
1118  0.707357
1119  0.707606
1120  0.707924
1121  0.708216
1122  0.708361
1123  0.708684
1124  0.708684
1125  0.708509
1126  0.708366
1127  0.708281
1128  0.708187
1129  0.707469
1130  0.707444
1131  0.707057
1132  0.707426
1133  0.706939
1134  0.706843
1135  0.705921
1136  0.706331
1137  0.705564
1138  0.705597
1139  0.705673
1140  0.705775
1141  0.705960
1142  0.705589
1143  0.705507
1144  0.705020
1145  0.705357
1146  0.705841
1147  0.706031
1148  0.706483
1149  0.706509
1150  0.706072
1151  0.706155
1152  0.706635
1153  0.707232
1154  0.707059
1155  0.707020
1156  0.706639
1157  0.706516
1158  0.706488
1159  0.706454
1160  0.706142
1161  0.706959
1162  0.707092
1163  0.706875
1164  0.707375
1165  0.707343
1166  0.706905
1167  0.706940
1168  0.707342
1169  0.707388
1170  0.707146
1171  0.706474
1172  0.706035
1173  0.706262
1174  0.706460
1175  0.706372
1176  0.706501
1177  0.706430
1178  0.706000
1179  0.706248
1180  0.706415
1181  0.706506
1182  0.706444
1183  0.706501
1184  0.706482
1185  0.706303
1186  0.705699
1187  0.705983
1188  0.705748
1189  0.705912
1190  0.705944
1191  0.705724
1192  0.705469
1193  0.705002
1194  0.704901
1195  0.704709
1196  0.705056
1197  0.705274
1198  0.705661
1199  0.704687
1200  0.704175
1201  0.704032
1202  0.704345
1203  0.704460
1204  0.704609
1205  0.704448
1206  0.704228
1207  0.704367
1208  0.704277
1209  0.704560
1210  0.704971
1211  0.705133
1212  0.704963
1213  0.704393
1214  0.704307
1215  0.704509
1216  0.704136
1217  0.703500
1218  0.703548
1219  0.703001
1220  0.703463
1221  0.704304
1222  0.704205
1223  0.704129
1224  0.704343
1225  0.704016
1226  0.703786
1227  0.704071
1228  0.704385
1229  0.704052
1230  0.704013
1231  0.704170
1232  0.704065
1233  0.704192
1234  0.703844
1235  0.704311
1236  0.704610
1237  0.704277
1238  0.703261
1239  0.703001
1240  0.703252
1241  0.703115
1242  0.702975
1243  0.703370
1244  0.703500
1245  0.703891
1246  0.703515
1247  0.703419
1248  0.703219
1249  0.703509
1250  0.703592
1251  0.703711
1252  0.703662
1253  0.703419
1254  0.703339
1255  0.704327
1256  0.704805
1257  0.704646
1258  0.704464
1259  0.703761
1260  0.703630
1261  0.703639
1262  0.703974
1263  0.703931
1264  0.703558
1265  0.702971
1266  0.702545
1267  0.702869
1268  0.703269
1269  0.702828
1270  0.703119
1271  0.703330
1272  0.703432
1273  0.703242
1274  0.703399
1275  0.703443
1276  0.703270
1277  0.702749
1278  0.702951
1279  0.703457
1280  0.703715
1281  0.703392
1282  0.702577
1283  0.703177
1284  0.703425
1285  0.702734
1286  0.702907
1287  0.702413
1288  0.702623
1289  0.702623
1290  0.702844
1291  0.703010
1292  0.703783
1293  0.703269
1294  0.704009
1295  0.704009
1296  0.704117
1297  0.704605
1298  0.704571
1299  0.704757
1300  0.705300
1301  0.705516
1302  0.705536
1303  0.705966
1304  0.706231
1305  0.706193
1306  0.706016
1307  0.705691
1308  0.706332
1309  0.706973
1310  0.707544
1311  0.707313
1312  0.707271
1313  0.707256
1314  0.707644
1315  0.707157
1316  0.707537
1317  0.707800
1318  0.708249
1319  0.708342
1320  0.708168
1321  0.708515
1322  0.708195
1323  0.708825
1324  0.708381
1325  0.708780
1326  0.708866
1327  0.709377
1328  0.709384
1329  0.709526
1330  0.709009
1331  0.709341
1332  0.709676
1333  0.709576
1334  0.710241
1335  0.710446
1336  0.710137
1337  0.709597
1338  0.709136
1339  0.708880
1340  0.708467
1341  0.708367
1342  0.708698
1343  0.708349
1344  0.708957
1345  0.708967
1346  0.708664
1347  0.708871
1348  0.708998
1349  0.708910
1350  0.708373
1351  0.708626
1352  0.708388
1353  0.708161
1354  0.708069
1355  0.708203
1356  0.708042
1357  0.707946
1358  0.707546
1359  0.707108
1360  0.706865
1361  0.706452
1362  0.706237
1363  0.705715
1364  0.705732
1365  0.705181
1366  0.704779
1367  0.705121
1368  0.705226
1369  0.705778
1370  0.705538
1371  0.705144
1372  0.704883
1373  0.704593
1374  0.705287
1375  0.704882
1376  0.705511
1377  0.705578
1378  0.705348
1379  0.705274
1380  0.705093
1381  0.704733
1382  0.704451
1383  0.704154
1384  0.703853
1385  0.704113
1386  0.703732
1387  0.704222
1388  0.704695
1389  0.704845
1390  0.705046
1391  0.704818
1392  0.704932
1393  0.704408
1394  0.704322
1395  0.704095
1396  0.704320
1397  0.704374
1398  0.704794
1399  0.704549
1400  0.704990
1401  0.704758
1402  0.704506
1403  0.704316
1404  0.704115
1405  0.704327
1406  0.704311
1407  0.704174
1408  0.704358
1409  0.704554
1410  0.704214
1411  0.704444
1412  0.704501
1413  0.704525
1414  0.705452
1415  0.705442
1416  0.705354
1417  0.704835
1418  0.705087
1419  0.705288
1420  0.705510
1421  0.705424
1422  0.705451
1423  0.705424
1424  0.704985
1425  0.705133
1426  0.705133
1427  0.705605
1428  0.705389
1429  0.705346
1430  0.705286
1431  0.705232
1432  0.705656
1433  0.705510
1434  0.705481
1435  0.706025
1436  0.705974
1437  0.706031
1438  0.706694
1439  0.706681
1440  0.706458
1441  0.706782
1442  0.706525
1443  0.706307
1444  0.705534
1445  0.705875
1446  0.705614
1447  0.705439
1448  0.705364
1449  0.705475
1450  0.705351
1451  0.705754
1452  0.705690
1453  0.705653
1454  0.705385
1455  0.704798
1456  0.704859
1457  0.704924
1458  0.705207
1459  0.704722
1460  0.704902
1461  0.705280
1462  0.704895
1463  0.705011
1464  0.704945
1465  0.705054
1466  0.704674
1467  0.704782
1468  0.704872
1469  0.705273
1470  0.704764
1471  0.704040
1472  0.703846
1473  0.703850
1474  0.703905
1475  0.703411
1476  0.703261
1477  0.703343
1478  0.703692
1479  0.703914
1480  0.704180
1481  0.704225
1482  0.703789
1483  0.703256
1484  0.703725
1485  0.703818
1486  0.703446
1487  0.703860
1488  0.703715
1489  0.703047
1490  0.702965
1491  0.703182
1492  0.702895
1493  0.703004
1494  0.703120
1495  0.702390
1496  0.702813
1497  0.702847
1498  0.702465
1499  0.702967
1500  0.703176
1501  0.703262
1502  0.703155
1503  0.702850
1504  0.702672
1505  0.703006
1506  0.702546
1507  0.702373
1508  0.702087
1509  0.701869
1510  0.702256
1511  0.702003
1512  0.702298
1513  0.701980
1514  0.701557
1515  0.701427
1516  0.701548
1517  0.701616
1518  0.701548
1519  0.701639
1520  0.701147
1521  0.700974
1522  0.701124
1523  0.701262
1524  0.701188
1525  0.701161
1526  0.701246
1527  0.701264
1528  0.701079
1529  0.701494
1530  0.701865
1531  0.702252
1532  0.702384
1533  0.702554
1534  0.702202
1535  0.702567
1536  0.702316
1537  0.701954
1538  0.702155
1539  0.702046
1540  0.701639
1541  0.702269
1542  0.702538
1543  0.702447
1544  0.702296
1545  0.701823
1546  0.701846
1547  0.701573
1548  0.701771
1549  0.702053
1550  0.702757
1551  0.702083
1552  0.701806
1553  0.701474
1554  0.700976
1555  0.700494
1556  0.700178
1557  0.700242
1558  0.700605
1559  0.700431
1560  0.700499
1561  0.701300
1562  0.701262
1563  0.701639
1564  0.701324
1565  0.701099
1566  0.701254
1567  0.701033
1568  0.701142
1569  0.700718
1570  0.700255
1571  0.699902
1572  0.700055
1573  0.700091
1574  0.699858
1575  0.699185
1576  0.699527
1577  0.699287
1578  0.699131
1579  0.699411
1580  0.699437
1581  0.699377
1582  0.699102
1583  0.698691
1584  0.698596
1585  0.698964
1586  0.699188
1587  0.699425
1588  0.699805
1589  0.700279
1590  0.700171
1591  0.700444
1592  0.700581
1593  0.700287
1594  0.700671
1595  0.700217
1596  0.700341
1597  0.700855
1598  0.700898
1599  0.700519
1600  0.700958
1601  0.700686
1602  0.700508
1603  0.700122
1604  0.699733
1605  0.699620
1606  0.698676
1607  0.698983
1608  0.699328
1609  0.700125
1610  0.700313
1611  0.700467
1612  0.700690
1613  0.700980
1614  0.701028
1615  0.700553
1616  0.700815
1617  0.700683
1618  0.700612
1619  0.700685
1620  0.700815
1621  0.701093
1622  0.700493
1623  0.700415
1624  0.700872
1625  0.700743
1626  0.700385
1627  0.700470
1628  0.700171
1629  0.700773
1630  0.701260
1631  0.701886
1632  0.701945
1633  0.702090
1634  0.702546
1635  0.702649
1636  0.702886
1637  0.702850
1638  0.702869
1639  0.703041
1640  0.703476
1641  0.703023
1642  0.703617
1643  0.703764
1644  0.703773
1645  0.703951
1646  0.703878
1647  0.703753
1648  0.703590
1649  0.703484
1650  0.703247
1651  0.703193
1652  0.703032
1653  0.703159
1654  0.703546
1655  0.702942
1656  0.702684
1657  0.702365
1658  0.702148
1659  0.702568
1660  0.703123
1661  0.703457
1662  0.703228
1663  0.703769
1664  0.704544
1665  0.704274
1666  0.704077
1667  0.704162
1668  0.704645
1669  0.704524
1670  0.704488
1671  0.704330
1672  0.703991
1673  0.704507
1674  0.703834
1675  0.703947
1676  0.703411
1677  0.703676
1678  0.703361
1679  0.703643
1680  0.703927
1681  0.703938
1682  0.704199
1683  0.704066
1684  0.703597
1685  0.703914
1686  0.703345
1687  0.703743
1688  0.703412
1689  0.703677
1690  0.702811
1691  0.702579
1692  0.702314
1693  0.701868
1694  0.702013
1695  0.701804
1696  0.701343
1697  0.701720
1698  0.701349
1699  0.700819
1700  0.700955
1701  0.701243
1702  0.701549
1703  0.701595
1704  0.701403
1705  0.701255
1706  0.701191
1707  0.701373
1708  0.702512
1709  0.702680
1710  0.702795
1711  0.702368
1712  0.702133
1713  0.702189
1714  0.702224
1715  0.701762
1716  0.701093
1717  0.701123
1718  0.701520
1719  0.701965
1720  0.701992
1721  0.701881
1722  0.701975
1723  0.702665
1724  0.702928
1725  0.702794
1726  0.703000
1727  0.703106
1728  0.703270
1729  0.703072
1730  0.702608
1731  0.702788
1732  0.703019
1733  0.702924
1734  0.702606
1735  0.703011
1736  0.702639
1737  0.702642
1738  0.702389
1739  0.702620
1740  0.702214
1741  0.701444
1742  0.701055
1743  0.701120
1744  0.700335
1745  0.700125
1746  0.700011
1747  0.699820
1748  0.699702
1749  0.699480
1750  0.699925
1751  0.699916
1752  0.699760
1753  0.699813
1754  0.700750
1755  0.701092
1756  0.700955
1757  0.700316
1758  0.699918
1759  0.699829
1760  0.699643
1761  0.699621
1762  0.699564
1763  0.699676
1764  0.699323
1765  0.698784
1766  0.698691
1767  0.698466
1768  0.698063
1769  0.698605
1770  0.698233
1771  0.698863
1772  0.699579
1773  0.700033
1774  0.700289
1775  0.699616
1776  0.699814
1777  0.699619
1778  0.699240
1779  0.698832
1780  0.699522
1781  0.699583
1782  0.699762
1783  0.699577
1784  0.699812
1785  0.699758
1786  0.700584
1787  0.700814
1788  0.700149
1789  0.700018
1790  0.699717
1791  0.700187
1792  0.698923
1793  0.698894
1794  0.698757
1795  0.698238
1796  0.698040
1797  0.698196
1798  0.698602
1799  0.699229
1800  0.699773
1801  0.700720
1802  0.701358
1803  0.701463
1804  0.700663
1805  0.699957
1806  0.700245
1807  0.700525
1808  0.700074
1809  0.699957
1810  0.700006
1811  0.699884
1812  0.700101
1813  0.700330
1814  0.700675
1815  0.701158
1816  0.700195
1817  0.700195
1818  0.699801
1819  0.699663
1820  0.699576
1821  0.700134
1822  0.700691
1823  0.700901
1824  0.701445
1825  0.701218
1826  0.701409
1827  0.701419
1828  0.701113
1829  0.700555
1830  0.700932
1831  0.700820
1832  0.700495
1833  0.700167
1834  0.700193
1835  0.700321
1836  0.700913
1837  0.701169
1838  0.701478
1839  0.701582
1840  0.702140
1841  0.702324
1842  0.701936
1843  0.701014
1844  0.700975
1845  0.700968
1846  0.700070
1847  0.700040
1848  0.700444
1849  0.700921
1850  0.701812
1851  0.701327
1852  0.701344
1853  0.700975
1854  0.700994
1855  0.701118
1856  0.700827
1857  0.701141
1858  0.702083
1859  0.702634
1860  0.702503
1861  0.702836
1862  0.703547
1863  0.703827
1864  0.703566
1865  0.704077
1866  0.703375
1867  0.703636
1868  0.703596
1869  0.703681
1870  0.703663
1871  0.703699
1872  0.703939
1873  0.704446
1874  0.704819
1875  0.704715
1876  0.705192
1877  0.705235
1878  0.705591
1879  0.705409
1880  0.704975
1881  0.705192
1882  0.705222
1883  0.705622
1884  0.705803
1885  0.705758
1886  0.706244
1887  0.706253
1888  0.706146
1889  0.706477
1890  0.706718
1891  0.707161
1892  0.707639
1893  0.707547
1894  0.707112
1895  0.707268
1896  0.707753
1897  0.708601
1898  0.707892
1899  0.707092
1900  0.707589
1901  0.707720
1902  0.707784
1903  0.707478
1904  0.708342
1905  0.709087
1906  0.709456
1907  0.709617
1908  0.709664
1909  0.709587
1910  0.709340
1911  0.709534
1912  0.709561
1913  0.710318
1914  0.710466
1915  0.710305
1916  0.710471
1917  0.710435
1918  0.709830
1919  0.709261
1920  0.708673
1921  0.708069
1922  0.707551
1923  0.707326
1924  0.707545
1925  0.707397
1926  0.706902
1927  0.706384
1928  0.705834
1929  0.706157
1930  0.706141
1931  0.705799
1932  0.706099
1933  0.706422
1934  0.706501
1935  0.706210
1936  0.706118
1937  0.706047
1938  0.705875
1939  0.706027
1940  0.706220
1941  0.706309
1942  0.705955
1943  0.706268
1944  0.706351
1945  0.705896
1946  0.705996
1947  0.706124
1948  0.706056
1949  0.705980
1950  0.706300
1951  0.706445
1952  0.705702
1953  0.705471
1954  0.705026
1955  0.705755
1956  0.706147
1957  0.705422
1958  0.705697
1959  0.706041
1960  0.705849
1961  0.705965
1962  0.705710
1963  0.705278
1964  0.705525
1965  0.705185
1966  0.705362
1967  0.705839
1968  0.705659
1969  0.705517
1970  0.705565
1971  0.705899
1972  0.705774
1973  0.705564
1974  0.705590
1975  0.705618
1976  0.705745
1977  0.705957
1978  0.706141
1979  0.706054
1980  0.705853
1981  0.705189
1982  0.705085
1983  0.705064
1984  0.704768
1985  0.704749
1986  0.704806
1987  0.704537
1988  0.704862
1989  0.705320
1990  0.704711
1991  0.704668
1992  0.704582
1993  0.704430
1994  0.703939
1995  0.703695
1996  0.703930
1997  0.703605
1998  0.703601
1999  0.703988
2000  0.704389
2001  0.704053
2002  0.704043
2003  0.703750
2004  0.703944
2005  0.703837
2006  0.704226
2007  0.704100
2008  0.704269
2009  0.704052
2010  0.704213
2011  0.704186
2012  0.704473
2013  0.704812
2014  0.704813
2015  0.705132
2016  0.704394
2017  0.704782
2018  0.705108
2019  0.705567
2020  0.705472
2021  0.705984
2022  0.706784
2023  0.706910
2024  0.706334
2025  0.706172
2026  0.706630
2027  0.707049
2028  0.706856
2029  0.706309
2030  0.705986
2031  0.705874
2032  0.706394
2033  0.706988
2034  0.706576
2035  0.707062
2036  0.707063
2037  0.706938
2038  0.707608
2039  0.706910
2040  0.707498
2041  0.707510
2042  0.707176
2043  0.706871
2044  0.707002
2045  0.706853
2046  0.706819
2047  0.707253
2048  0.707514
2049  0.707888
2050  0.707908
2051  0.707652
2052  0.707776
2053  0.708003
2054  0.708547
2055  0.707895
2056  0.708105
2057  0.708113
2058  0.707904
2059  0.707829
2060  0.708018
2061  0.707963
2062  0.708210
2063  0.708630
2064  0.708731
2065  0.708795
2066  0.709072
2067  0.708587
2068  0.708362
2069  0.708300
2070  0.708183
2071  0.707971
2072  0.708349
2073  0.707985
2074  0.707509
2075  0.707693
2076  0.708225
2077  0.708663
2078  0.707795
2079  0.707136
2080  0.707480
2081  0.707348
2082  0.707326
2083  0.707145
2084  0.707076
2085  0.707629
2086  0.707697
2087  0.707949
2088  0.707152
2089  0.707203
2090  0.706482
2091  0.706587
2092  0.707222
2093  0.707493
2094  0.707251
2095  0.707708
2096  0.707806
2097  0.707699
2098  0.707250
2099  0.707370
2100  0.706933
2101  0.706651
2102  0.706725
2103  0.706325
2104  0.706005
2105  0.706100
2106  0.706110
2107  0.706032
2108  0.706518
2109  0.707090
2110  0.707252
2111  0.706913
2112  0.707139
2113  0.707105
2114  0.707407
2115  0.707550
2116  0.707447
2117  0.707670
2118  0.707705
2119  0.707979
2120  0.707928
2121  0.707674
2122  0.707663
2123  0.707430
2124  0.707608
2125  0.707194
2126  0.707573
2127  0.707243
2128  0.707135
2129  0.707227
2130  0.707797
2131  0.707178
2132  0.707117
2133  0.706912
2134  0.706907
2135  0.706572
2136  0.706996
2137  0.707231
2138  0.707297
2139  0.707149
2140  0.706961
2141  0.706971
2142  0.706604
2143  0.706442
2144  0.706406
2145  0.707050
2146  0.707110
2147  0.707198
2148  0.706535
2149  0.705705
2150  0.705393
2151  0.706010
2152  0.706320
2153  0.706507
2154  0.705944
2155  0.706087
2156  0.705534
2157  0.705438
2158  0.705949
2159  0.706318
2160  0.706913
2161  0.707019
2162  0.706706
2163  0.706263
2164  0.706070
2165  0.706279
2166  0.705714
2167  0.705424
2168  0.705424
2169  0.705171
2170  0.704867
2171  0.704336
2172  0.704754
2173  0.704715
2174  0.704543
2175  0.704124
2176  0.703697
2177  0.703596
2178  0.703567
2179  0.703841
2180  0.703913
2181  0.704780
2182  0.704953
2183  0.704605
2184  0.704496
2185  0.704998
2186  0.705028
2187  0.704447
2188  0.704160
2189  0.704598
2190  0.704731
2191  0.704947
2192  0.704627
2193  0.704671
2194  0.704514
2195  0.704273
2196  0.704301
2197  0.704104
2198  0.704368
2199  0.704186
2200  0.704306
2201  0.704661
2202  0.704066
2203  0.703943
2204  0.704322
2205  0.704483
2206  0.705112
2207  0.704650
2208  0.704338
2209  0.704198
2210  0.704355
2211  0.704419
2212  0.704273
2213  0.704391
2214  0.704154
2215  0.704147
2216  0.704476
2217  0.704669
2218  0.704589
2219  0.704646
2220  0.704981
2221  0.704269
2222  0.704487
2223  0.704673
2224  0.704539
2225  0.704705
2226  0.704523
2227  0.704978
2228  0.704739
2229  0.705128
2230  0.704369
2231  0.704167
2232  0.703259
2233  0.704066
2234  0.704274
2235  0.703935
2236  0.703721
2237  0.703294
2238  0.703146
2239  0.703003
2240  0.702911
2241  0.703360
2242  0.703534
2243  0.703533
2244  0.703483
2245  0.703234
2246  0.703042
2247  0.703248
2248  0.703657
2249  0.704220
2250  0.704445
2251  0.704759
2252  0.704691
2253  0.704771
2254  0.704981
2255  0.705585
2256  0.705685
2257  0.705972
2258  0.705989
2259  0.705770
2260  0.705492
2261  0.705474
2262  0.705690
2263  0.705482
2264  0.705387
2265  0.705156
2266  0.705646
2267  0.705172
2268  0.704875
2269  0.705149
2270  0.704304
2271  0.704358
2272  0.703807
2273  0.704013
2274  0.704008
2275  0.704511
2276  0.704285
2277  0.704310
2278  0.703547
2279  0.703349
2280  0.703877
2281  0.703883
2282  0.704851
2283  0.704614
2284  0.704371
2285  0.704539
2286  0.705044
2287  0.705638
2288  0.705696
2289  0.706247
2290  0.706193
2291  0.706020
2292  0.705495
2293  0.705686
2294  0.705642
2295  0.705363
2296  0.705455
2297  0.705261
2298  0.705273
2299  0.704531
2300  0.705136
2301  0.705258
2302  0.704645
2303  0.704530
2304  0.704483
2305  0.704788
2306  0.704916
2307  0.705414
2308  0.705548
2309  0.705488
2310  0.705517
2311  0.705995
2312  0.706079
2313  0.706474
2314  0.706790
2315  0.706384
2316  0.706638
2317  0.706834
2318  0.706496
2319  0.706307
2320  0.705908
2321  0.705985
2322  0.706619
2323  0.707118
2324  0.707067
2325  0.707367
2326  0.707608
2327  0.707293
2328  0.706847
2329  0.707043
2330  0.706772
2331  0.706448
2332  0.706139
2333  0.705926
2334  0.705786
2335  0.707054
2336  0.707528
2337  0.707519
2338  0.707149
2339  0.707848
2340  0.707360
2341  0.707370
2342  0.707720
2343  0.707465
2344  0.707387
2345  0.707065
2346  0.706553
2347  0.706798
2348  0.706714
2349  0.706600
2350  0.707043
2351  0.707159
2352  0.707177
2353  0.707164
2354  0.706984
2355  0.706635
2356  0.706295
2357  0.706481
2358  0.706355
2359  0.706234
2360  0.706553
2361  0.706305
2362  0.706064
2363  0.705637
2364  0.706248
2365  0.706073
2366  0.706072
2367  0.705931
2368  0.706002
2369  0.705768
2370  0.706638
2371  0.706692
2372  0.706564
2373  0.706832
2374  0.705937
2375  0.705190
2376  0.705428
2377  0.705944
2378  0.705202
2379  0.705442
2380  0.705643
2381  0.705788
2382  0.705286
2383  0.705468
2384  0.705151
2385  0.704796
2386  0.704528
2387  0.704654
2388  0.704696
2389  0.704572
2390  0.703635
2391  0.703396
2392  0.703580
2393  0.704146
2394  0.704341
2395  0.704331
2396  0.703637
2397  0.703918
2398  0.703730
2399  0.704233
2400  0.704922
2401  0.704951
2402  0.705175
2403  0.705266
2404  0.705246
2405  0.705126
2406  0.705490
2407  0.705291
2408  0.704922
2409  0.705049
2410  0.704686
2411  0.704996
2412  0.705011
2413  0.704629
2414  0.704476
2415  0.704486
2416  0.704101
2417  0.703927
2418  0.703410
2419  0.703936
2420  0.704822
2421  0.705046
2422  0.704524
2423  0.704642
2424  0.704696
2425  0.705024
2426  0.705075
2427  0.704886
2428  0.704669
2429  0.704337
2430  0.704406
2431  0.704326
2432  0.703987
2433  0.703749
2434  0.703419
2435  0.703063
2436  0.702663
2437  0.703056
2438  0.702929
2439  0.703504
2440  0.703342
2441  0.703625
2442  0.703753
2443  0.704398
2444  0.704023
2445  0.703929
2446  0.703589
2447  0.704088
2448  0.703950
2449  0.704432
2450  0.704759
2451  0.704980
2452  0.704863
2453  0.704671
2454  0.704141
2455  0.704633
2456  0.704147
2457  0.704071
2458  0.704241
2459  0.704642
2460  0.704238
2461  0.704143
2462  0.704023
2463  0.704089
2464  0.704160
2465  0.704689
2466  0.704294
2467  0.704393
2468  0.704852
2469  0.704626
2470  0.704830
2471  0.704761
2472  0.704737
2473  0.704605
2474  0.704799
2475  0.705595
2476  0.705424
2477  0.706042
2478  0.706082
2479  0.706671
2480  0.707406
2481  0.707712
2482  0.707467
2483  0.707140
2484  0.707317
2485  0.707554
2486  0.707621
2487  0.707919
2488  0.708022
2489  0.708125
2490  0.707712
2491  0.707350
2492  0.706965
2493  0.706627
2494  0.706839
2495  0.707044
2496  0.706648
2497  0.706539
2498  0.707027
2499  0.707362
2500  0.707156
2501  0.707844
2502  0.708128
2503  0.708140
2504  0.707919
2505  0.707694
2506  0.707542
2507  0.708232
2508  0.708811
2509  0.708872
2510  0.708660
2511  0.708148
2512  0.707806
2513  0.707641
2514  0.707995
2515  0.708111
2516  0.707527
2517  0.707638
2518  0.707922
2519  0.707882
2520  0.707381
2521  0.707126
2522  0.707360
2523  0.706981
2524  0.707334
2525  0.707913
2526  0.707521
2527  0.707397
2528  0.706385
2529  0.706370
2530  0.706283
2531  0.707160
2532  0.707416
2533  0.707307
2534  0.707464
2535  0.707327
2536  0.706768
2537  0.706917
2538  0.706883
2539  0.706461
2540  0.707179
2541  0.707292
2542  0.706778
2543  0.706995
2544  0.706621
2545  0.706234
2546  0.706048
2547  0.706596
2548  0.706846
2549  0.706984
2550  0.707380
2551  0.706941
2552  0.706735
2553  0.706710
2554  0.706473
2555  0.706429
2556  0.706262
2557  0.706102
2558  0.706214
2559  0.705821
2560  0.706500
2561  0.706398
2562  0.706569
2563  0.706246
2564  0.707153
2565  0.706288
2566  0.705754
2567  0.705613
2568  0.705575
2569  0.705555
2570  0.705024
2571  0.704900
2572  0.704393
2573  0.704467
2574  0.703733
2575  0.703745
2576  0.703433
2577  0.703287
2578  0.704082
2579  0.703880
2580  0.703563
2581  0.703388
2582  0.703565
2583  0.703844
2584  0.703904
2585  0.703750
2586  0.703720
2587  0.703762
2588  0.703434
2589  0.703408
2590  0.703265
2591  0.703008
2592  0.702378
2593  0.702461
2594  0.702481
2595  0.702067
2596  0.701581
2597  0.701272
2598  0.701235
2599  0.700217
2600  0.699892
2601  0.699978
2602  0.699750
2603  0.699577
2604  0.699021
2605  0.699197
2606  0.699592
2607  0.699304
2608  0.699252
2609  0.699142
2610  0.699374
2611  0.699366
2612  0.699335
2613  0.699519
2614  0.700074
2615  0.700408
2616  0.700287
2617  0.699790
2618  0.699524
2619  0.700106
2620  0.700537
2621  0.700376
2622  0.699865
2623  0.699629
2624  0.699726
2625  0.699522
2626  0.699369
2627  0.699663
2628  0.699703
2629  0.698925
2630  0.699074
2631  0.698965
2632  0.699147
2633  0.699098
2634  0.699750
2635  0.699173
2636  0.699433
2637  0.699321
2638  0.698560
2639  0.698558
2640  0.699150
2641  0.699414
2642  0.699395
2643  0.699757
2644  0.699191
2645  0.699691
2646  0.700016
2647  0.699177
2648  0.698991
2649  0.699133
2650  0.699501
2651  0.699965
2652  0.699824
2653  0.700364
2654  0.700568
2655  0.700428
2656  0.699692
2657  0.699642
2658  0.700036
2659  0.700533
2660  0.700496
2661  0.699933
2662  0.700332
2663  0.701210
2664  0.701162
2665  0.701529
2666  0.701602
2667  0.701219
2668  0.700758
2669  0.701064
2670  0.700696
2671  0.701276
2672  0.701339
2673  0.700909
2674  0.700399
2675  0.700943
2676  0.700567
2677  0.700719
2678  0.700717
2679  0.700157
2680  0.700235
2681  0.699727
2682  0.700050
2683  0.699777
2684  0.699549
2685  0.699672
2686  0.699822
2687  0.699443
2688  0.699028
2689  0.699241
2690  0.699012
2691  0.698554
2692  0.698359
2693  0.698627
2694  0.698742
2695  0.698741
2696  0.698650
2697  0.698706
2698  0.698897
2699  0.699495
2700  0.699540
2701  0.699541
2702  0.699043
2703  0.699137
2704  0.699479
2705  0.699713
2706  0.698751
2707  0.698395
2708  0.698530
2709  0.698966
2710  0.699136
2711  0.698434
2712  0.698390
2713  0.698371
2714  0.697905
2715  0.697687
2716  0.697607
2717  0.697073
2718  0.697250
2719  0.697023
2720  0.696843
2721  0.697087
2722  0.697266
2723  0.696890
2724  0.697186
2725  0.697702
2726  0.697461
2727  0.696930
2728  0.697534
2729  0.697197
2730  0.696653
2731  0.696717
2732  0.696885
2733  0.696664
2734  0.697490
2735  0.696722
2736  0.696723
2737  0.696752
2738  0.696378
2739  0.697084
2740  0.696592
2741  0.697230
2742  0.697461
2743  0.697415
2744  0.697972
2745  0.697719
2746  0.697577
2747  0.697094
2748  0.697684
2749  0.697817
2750  0.697555
2751  0.697977
2752  0.697776
2753  0.697610
2754  0.697287
2755  0.697508
2756  0.696689
2757  0.696610
2758  0.696771
2759  0.697117
2760  0.697510
2761  0.696998
2762  0.697094
2763  0.696788
2764  0.696687
2765  0.697513
2766  0.697240
2767  0.696864
2768  0.696600
2769  0.696594
2770  0.696657
2771  0.696549
2772  0.696711
2773  0.696379
2774  0.696067
2775  0.695620
2776  0.695297
2777  0.695168
2778  0.695221
2779  0.695249
2780  0.695421
2781  0.695512
2782  0.695317
2783  0.695072
2784  0.695248
2785  0.695617
2786  0.695882
2787  0.696057
2788  0.696047
2789  0.695617
2790  0.695595
2791  0.695550
2792  0.695525
2793  0.695468
2794  0.695399
2795  0.695572
2796  0.695335
2797  0.695586
2798  0.695432
2799  0.695098
2800  0.695542
2801  0.696086
2802  0.696598
2803  0.696965
2804  0.696940
2805  0.696578
2806  0.696519
2807  0.697218
2808  0.697474
2809  0.697989
2810  0.698365
2811  0.698079
2812  0.697998
2813  0.698579
2814  0.698241
2815  0.698534
2816  0.698512
2817  0.698284
2818  0.698298
2819  0.697659
2820  0.697809
2821  0.698042
2822  0.697885
2823  0.697298
2824  0.696915
2825  0.697099
2826  0.697741
2827  0.697324
2828  0.697398
2829  0.697445
2830  0.697638
2831  0.698052
2832  0.698038
2833  0.697786
2834  0.697718
2835  0.697730
2836  0.698355
2837  0.698653
2838  0.698500
2839  0.698546
2840  0.698367
2841  0.698078
2842  0.698198
2843  0.698117
2844  0.698091
2845  0.697847
2846  0.697724
2847  0.697731
2848  0.697442
2849  0.697267
2850  0.697584
2851  0.697790
2852  0.697712
2853  0.698124
2854  0.697735
2855  0.698207
2856  0.697742
2857  0.697676
2858  0.696786
2859  0.697276
2860  0.697813
2861  0.697169
2862  0.696887
2863  0.696702
2864  0.697424
2865  0.697714
2866  0.698261
2867  0.698846
2868  0.698651
2869  0.698538
2870  0.698210
2871  0.698345
2872  0.697760
2873  0.697688
2874  0.697705
2875  0.697199
2876  0.697134
2877  0.697686
2878  0.697544
2879  0.697170
2880  0.697629
2881  0.698035
2882  0.697807
2883  0.697861
2884  0.698078
2885  0.697455
2886  0.697410
2887  0.697652
2888  0.697979
2889  0.698327
2890  0.698151
2891  0.698097
2892  0.698583
2893  0.698839
2894  0.699407
2895  0.699829
2896  0.699548
2897  0.700238
2898  0.700089
2899  0.699547
2900  0.699493
2901  0.699760
2902  0.700171
2903  0.699917
2904  0.699506
2905  0.698931
2906  0.698719
2907  0.698291
2908  0.697529
2909  0.697023
2910  0.696840
2911  0.697323
2912  0.697302
2913  0.697523
2914  0.698415
2915  0.699046
2916  0.698987
2917  0.698723
2918  0.699363
2919  0.699267
2920  0.699029
2921  0.699179
2922  0.699606
2923  0.699585
2924  0.699117
2925  0.698877
2926  0.698359
2927  0.698168
2928  0.698164
2929  0.698042
2930  0.698426
2931  0.697819
2932  0.697760
2933  0.697815
2934  0.697418
2935  0.697456
2936  0.697894
2937  0.696920
2938  0.697526
2939  0.697434
2940  0.697164
2941  0.696719
2942  0.697327
2943  0.697017
2944  0.696500
2945  0.696440
2946  0.695482
2947  0.694859
2948  0.694649
2949  0.695035
2950  0.694622
2951  0.694015
2952  0.693892
2953  0.693823
2954  0.694019
2955  0.693701
2956  0.693821
2957  0.693785
2958  0.693822
2959  0.693981
2960  0.694045
2961  0.694222
2962  0.694447
2963  0.694473
2964  0.694773
2965  0.695503
2966  0.695474
2967  0.695439
2968  0.695746
2969  0.695608
2970  0.695953
2971  0.695905
2972  0.696529
2973  0.696308
2974  0.697105
2975  0.696705
2976  0.696826
2977  0.696489
2978  0.696259
2979  0.696420
2980  0.695851
2981  0.695418
2982  0.695825
2983  0.695298
2984  0.695160
2985  0.695106
2986  0.694854
2987  0.694308
2988  0.694576
2989  0.695030
2990  0.694726
2991  0.694459
2992  0.694445
2993  0.694584
2994  0.694798
2995  0.694564
2996  0.694983
2997  0.695297
2998  0.695203
2999  0.695805
3000  0.695400
3001  0.695074
3002  0.694972
3003  0.694513
3004  0.694201
3005  0.694153
3006  0.694212
3007  0.694368
3008  0.694044
3009  0.693840
3010  0.694019
3011  0.694902
3012  0.695278
3013  0.694597
3014  0.694514
3015  0.693999
3016  0.695128
3017  0.694715
3018  0.694357
3019  0.694166
3020  0.694861
3021  0.695037
3022  0.694445
3023  0.694646
3024  0.693969
3025  0.694533
3026  0.693909
3027  0.693488
3028  0.693521
3029  0.693968
3030  0.694246
3031  0.694555
3032  0.694804
3033  0.695158
3034  0.695319
3035  0.695187
3036  0.695209
3037  0.695402
3038  0.695250
3039  0.695204
3040  0.695163
3041  0.694903
3042  0.695066
3043  0.695204
3044  0.695536
3045  0.695632
3046  0.695949
3047  0.696239
3048  0.695542
3049  0.695723
3050  0.695578
3051  0.695766
3052  0.695553
3053  0.695849
3054  0.695707
3055  0.696100
3056  0.695992
3057  0.696217
3058  0.696205
3059  0.696045
3060  0.696067
3061  0.695687
3062  0.696068
3063  0.695967
3064  0.695045
3065  0.695327
3066  0.695361
3067  0.695753
3068  0.695324
3069  0.695056
3070  0.695464
3071  0.695695
3072  0.695739
3073  0.696161
3074  0.696937
3075  0.696519
3076  0.696546
3077  0.696470
3078  0.696372
3079  0.696694
3080  0.696577
3081  0.696086
3082  0.696625
3083  0.696760
3084  0.696086
3085  0.696516
3086  0.696118
3087  0.696722
3088  0.697026
3089  0.697036
3090  0.697540
3091  0.696830
3092  0.696762
3093  0.696528
3094  0.696519
3095  0.696709
3096  0.696755
3097  0.696627
3098  0.696776
3099  0.697401
3100  0.697012
3101  0.696643
3102  0.696836
3103  0.696582
3104  0.696883
3105  0.697319
3106  0.697617
3107  0.698118
3108  0.698179
3109  0.698190
3110  0.698105
3111  0.698134
3112  0.698486
3113  0.698555
3114  0.699216
3115  0.699288
3116  0.698937
3117  0.698924
3118  0.698861
3119  0.698809
3120  0.699299
3121  0.699333
3122  0.699540
3123  0.698932
3124  0.698892
3125  0.698470
3126  0.697816
3127  0.697898
3128  0.698453
3129  0.698176
3130  0.698282
3131  0.698259
3132  0.698405
3133  0.698846
3134  0.699133
3135  0.699420
3136  0.699684
3137  0.699854
3138  0.700356
3139  0.699806
3140  0.699959
3141  0.700082
3142  0.700198
3143  0.701009
3144  0.700749
3145  0.701355
3146  0.701242
3147  0.701443
3148  0.700821
3149  0.701015
3150  0.701174
3151  0.701097
3152  0.701700
3153  0.701135
3154  0.701838
3155  0.701943
3156  0.701715
3157  0.701624
3158  0.702308
3159  0.702156
3160  0.702577
3161  0.703030
3162  0.703186
3163  0.703230
3164  0.703633
3165  0.703415
3166  0.702877
3167  0.703128
3168  0.703422
3169  0.703905
3170  0.703406
3171  0.702895
3172  0.702888
3173  0.702561
3174  0.701879
3175  0.702651
3176  0.702952
3177  0.703161
3178  0.702966
3179  0.703370
3180  0.702784
3181  0.702755
3182  0.702886
3183  0.702887
3184  0.703147
3185  0.703197
3186  0.703119
3187  0.702913
3188  0.703531
3189  0.704028
3190  0.704193
3191  0.703902
3192  0.703931
3193  0.703834
3194  0.703774
3195  0.703796
3196  0.703603
3197  0.703688
3198  0.703715
3199  0.703122
3200  0.703081
3201  0.702948
3202  0.702753
3203  0.702957
3204  0.703196
3205  0.703206
3206  0.703192
3207  0.703384
3208  0.703577
3209  0.703717
3210  0.703459
3211  0.703717
3212  0.703964
3213  0.703866
3214  0.703850
3215  0.704145
3216  0.704132
3217  0.704026
3218  0.704019
3219  0.704723
3220  0.704992
3221  0.705588
3222  0.705732
3223  0.706283
3224  0.706305
3225  0.706347
3226  0.706339
3227  0.706683
3228  0.706812
3229  0.706906
3230  0.706998
3231  0.706966
3232  0.707304
3233  0.707177
3234  0.707531
3235  0.707437
3236  0.707007
3237  0.706415
3238  0.706794
3239  0.707425
3240  0.707077
3241  0.707096
3242  0.706558
3243  0.706483
3244  0.706489
3245  0.706271
3246  0.706487
3247  0.706437
3248  0.706643
3249  0.706914
3250  0.706853
3251  0.706930
3252  0.707388
3253  0.707209
3254  0.707381
3255  0.706922
3256  0.706999
3257  0.707142
3258  0.706894
3259  0.706955
3260  0.706737
3261  0.705918
3262  0.706130
3263  0.705653
3264  0.705367
3265  0.705166
3266  0.705425
3267  0.705477
3268  0.705387
3269  0.705545
3270  0.704813
3271  0.704490
3272  0.704876
3273  0.704520
3274  0.704873
3275  0.705347
3276  0.705388
3277  0.705506
3278  0.706070
3279  0.705731
3280  0.706079
3281  0.706092
3282  0.706247
3283  0.706230
3284  0.705613
3285  0.705922
3286  0.705837
3287  0.706367
3288  0.706173
3289  0.706283
3290  0.706349
3291  0.705858
3292  0.706212
3293  0.706146
3294  0.706275
3295  0.706557
3296  0.706947
3297  0.707580
3298  0.706459
3299  0.705624
3300  0.705619
3301  0.705288
3302  0.705337
3303  0.705369
3304  0.705268
3305  0.705152
3306  0.705086
3307  0.705508
3308  0.705572
3309  0.705769
3310  0.705716
3311  0.706278
3312  0.706626
3313  0.706976
3314  0.707387
3315  0.707298
3316  0.707459
3317  0.706712
3318  0.706696
3319  0.707200
3320  0.707087
3321  0.706363
3322  0.706622
3323  0.706912
3324  0.707399
3325  0.707582
3326  0.707776
3327  0.707950
3328  0.707880
3329  0.707827
3330  0.708188
3331  0.708131
3332  0.708400
3333  0.707937
3334  0.707795
3335  0.707468
3336  0.707008
3337  0.707827
3338  0.707822
3339  0.707544
3340  0.707003
3341  0.706836
3342  0.706931
3343  0.707408
3344  0.707458
3345  0.706862
3346  0.706604
3347  0.706672
3348  0.706389
3349  0.706556
3350  0.707080
3351  0.707317
3352  0.706817
3353  0.707272
3354  0.706656
3355  0.706758
3356  0.705935
3357  0.705433
3358  0.705119
3359  0.705512
3360  0.705972
3361  0.706356
3362  0.706882
3363  0.706492
3364  0.706040
3365  0.705781
3366  0.705469
3367  0.705028
3368  0.705350
3369  0.704764
3370  0.705002
3371  0.705509
3372  0.705406
3373  0.705044
3374  0.704336
3375  0.704044
3376  0.703192
3377  0.703716
3378  0.704279
3379  0.704188
3380  0.704574
3381  0.704203
3382  0.704317
3383  0.704352
3384  0.703835
3385  0.704578
3386  0.703893
3387  0.703071
3388  0.702804
3389  0.702269
3390  0.702179
3391  0.702103
3392  0.701998
3393  0.701700
3394  0.701716
3395  0.702002
3396  0.702458
3397  0.702548
3398  0.702213
3399  0.702101
3400  0.702112
3401  0.701800
3402  0.701097
3403  0.701136
3404  0.701122
3405  0.701199
3406  0.700932
3407  0.700518
3408  0.700702
3409  0.700742
3410  0.700668
3411  0.700913
3412  0.701010
3413  0.701004
3414  0.701401
3415  0.701925
3416  0.701833
3417  0.701891
3418  0.700959
3419  0.700585
3420  0.700864
3421  0.701058
3422  0.700738
3423  0.700487
3424  0.700390
3425  0.701398
3426  0.700876
3427  0.701406
3428  0.701163
3429  0.700857
3430  0.701851
3431  0.702008
3432  0.701704
3433  0.701556
3434  0.701292
3435  0.700903
3436  0.701148
3437  0.701183
3438  0.701012
3439  0.700848
3440  0.701324
3441  0.701097
3442  0.701732
3443  0.701985
3444  0.701912
3445  0.702529
3446  0.702166
3447  0.702131
3448  0.701363
3449  0.701102
3450  0.701391
3451  0.701241
3452  0.700828
3453  0.700954
3454  0.701298
3455  0.701492
3456  0.701931
3457  0.701947
3458  0.702061
3459  0.701849
3460  0.702308
3461  0.701747
3462  0.701945
3463  0.701685
3464  0.701423
3465  0.701910
3466  0.701216
3467  0.701221
3468  0.701086
3469  0.700659
3470  0.700464
3471  0.700943
3472  0.700865
3473  0.700632
3474  0.701427
3475  0.701753
3476  0.701635
3477  0.701457
3478  0.701555
3479  0.702267
3480  0.702499
3481  0.702653
3482  0.702463
3483  0.702642
3484  0.702914
3485  0.702442
3486  0.702335
3487  0.702195
3488  0.702553
3489  0.702665
3490  0.702086
3491  0.701575
3492  0.701927
3493  0.701715
3494  0.702130
3495  0.702362
3496  0.701921
3497  0.701859
3498  0.701932
3499  0.701986
3500  0.701930
3501  0.702205
3502  0.702522
3503  0.702250
3504  0.702328
3505  0.702094
3506  0.701930
3507  0.702663
3508  0.702473
3509  0.703000
3510  0.703122
3511  0.703208
3512  0.702497
3513  0.703048
3514  0.702766
3515  0.702563
3516  0.702632
3517  0.701942
3518  0.701883
3519  0.702326
3520  0.702510
3521  0.702769
3522  0.702502
3523  0.702078
3524  0.701677
3525  0.701252
3526  0.701141
3527  0.701040
3528  0.701218
3529  0.701490
3530  0.701281
3531  0.701015
3532  0.700799
3533  0.699860
3534  0.699527
3535  0.699258
3536  0.699116
3537  0.699382
3538  0.699866
3539  0.700028
3540  0.699817
3541  0.699768
3542  0.699622
3543  0.699142
3544  0.699187
3545  0.699349
3546  0.699308
3547  0.699601
3548  0.699625
3549  0.699201
3550  0.698667
3551  0.699214
3552  0.699298
3553  0.699198
3554  0.699733
3555  0.700010
3556  0.700063
3557  0.700124
3558  0.699833
3559  0.700155
3560  0.700567
3561  0.700470
3562  0.700555
3563  0.700144
3564  0.699865
3565  0.698987
3566  0.699328
3567  0.698939
3568  0.699393
3569  0.698883
3570  0.698616
3571  0.698347
3572  0.698820
3573  0.698917
3574  0.698700
3575  0.698593
3576  0.698500
3577  0.698538
3578  0.698713
3579  0.698927
3580  0.698964
3581  0.699157
3582  0.699550
3583  0.699548
3584  0.699023
3585  0.699764
3586  0.699187
3587  0.699060
3588  0.699360
3589  0.699355
3590  0.699591
3591  0.699411
3592  0.699552
3593  0.699356
3594  0.699252
3595  0.699132
3596  0.699149
3597  0.699101
3598  0.699102
3599  0.698690
3600  0.698768
3601  0.698973
3602  0.699265
3603  0.699656
3604  0.699469
3605  0.699571
3606  0.699861
3607  0.699969
3608  0.699430
3609  0.699057
3610  0.699099
3611  0.699563
3612  0.699255
3613  0.698148
3614  0.698484
3615  0.698138
3616  0.698273
3617  0.698263
3618  0.697826
3619  0.697574
3620  0.697648
3621  0.697838
3622  0.697746
3623  0.698237
3624  0.698130
3625  0.698333
3626  0.698393
3627  0.698205
3628  0.698048
3629  0.698235
3630  0.698374
3631  0.698169
3632  0.697824
3633  0.698311
3634  0.698442
3635  0.698796
3636  0.698813
3637  0.699118
3638  0.698686
3639  0.697976
3640  0.698734
3641  0.699253
3642  0.699700
3643  0.698948
3644  0.698883
3645  0.698296
3646  0.697892
3647  0.698510
3648  0.698479
3649  0.698312
3650  0.698878
3651  0.698503
3652  0.698881
3653  0.698847
3654  0.699015
3655  0.699611
3656  0.699987
3657  0.699708
3658  0.699401
3659  0.700007
3660  0.699629
3661  0.699584
3662  0.699830
3663  0.699105
3664  0.699009
3665  0.698788
3666  0.698592
3667  0.698304
3668  0.698479
3669  0.698974
3670  0.698898
3671  0.699705
3672  0.699638
3673  0.699266
3674  0.699377
3675  0.699139
3676  0.698657
3677  0.698643
3678  0.698871
3679  0.699038
3680  0.698934
3681  0.698732
3682  0.699347
3683  0.699207
3684  0.699971
3685  0.700319
3686  0.700831
3687  0.700831
3688  0.700308
3689  0.700323
3690  0.700487
3691  0.701109
3692  0.701033
3693  0.701636
3694  0.701559
3695  0.701759
3696  0.702288
3697  0.702464
3698  0.702751
3699  0.702562
3700  0.702689
3701  0.702635
3702  0.703128
3703  0.703135
3704  0.703110
3705  0.702912
3706  0.703435
3707  0.703400
3708  0.703373
3709  0.703279
3710  0.703857
3711  0.703648
3712  0.703307
3713  0.703350
3714  0.703209
3715  0.703390
3716  0.702617
3717  0.703036
3718  0.703281
3719  0.703454
3720  0.703593
3721  0.703765
3722  0.704586
3723  0.704244
3724  0.703853
3725  0.704124
3726  0.703958
3727  0.704321
3728  0.704345
3729  0.704842
3730  0.704652
3731  0.704574
3732  0.704947
3733  0.704573
3734  0.705280
3735  0.705686
3736  0.705867
3737  0.705324
3738  0.705804
3739  0.705241
3740  0.705353
3741  0.705404
3742  0.705310
3743  0.704568
3744  0.704401
3745  0.704646
3746  0.704732
3747  0.704973
3748  0.705125
3749  0.704978
3750  0.705029
3751  0.704332
3752  0.703704
3753  0.703150
3754  0.703855
3755  0.703304
3756  0.703845
3757  0.703707
3758  0.703614
3759  0.703751
3760  0.703613
3761  0.704444
3762  0.704653
3763  0.703945
3764  0.703906
3765  0.704302
3766  0.704211
3767  0.704283
3768  0.703958
3769  0.703362
3770  0.703485
3771  0.703306
3772  0.703631
3773  0.703393
3774  0.703822
3775  0.703761
3776  0.703493
3777  0.703607
3778  0.703518
3779  0.703478
3780  0.703403
3781  0.703540
3782  0.703391
3783  0.703199
3784  0.703137
3785  0.703340
3786  0.703497
3787  0.703319
3788  0.703150
3789  0.702722
3790  0.702242
3791  0.702198
3792  0.702397
3793  0.702151
3794  0.702146
3795  0.701607
3796  0.701628
3797  0.702054
3798  0.702154
3799  0.701199
3800  0.701358
3801  0.701319
3802  0.701654
3803  0.701209
3804  0.700926
3805  0.700683
3806  0.700422
3807  0.700606
3808  0.700593
3809  0.700631
3810  0.700913
3811  0.700673
3812  0.700580
3813  0.700355
3814  0.699815
3815  0.699871
3816  0.699858
3817  0.700563
3818  0.700545
3819  0.700714
3820  0.700036
3821  0.699995
3822  0.699664
3823  0.700164
3824  0.700723
3825  0.700910
3826  0.700663
3827  0.700704
3828  0.700765
3829  0.700589
3830  0.700811
3831  0.700812
3832  0.701005
3833  0.700930
3834  0.701212
3835  0.701656
3836  0.701682
3837  0.701441
3838  0.701126
3839  0.701491
3840  0.701612
3841  0.701779
3842  0.701224
3843  0.701278
3844  0.700195
3845  0.700397
3846  0.700288
3847  0.699884
3848  0.700334
3849  0.700950
3850  0.700519
3851  0.700810
3852  0.700632
3853  0.700109
3854  0.699651
3855  0.699676
3856  0.699146
3857  0.699341
3858  0.699112
3859  0.699602
3860  0.699648
3861  0.700008
3862  0.700201
3863  0.700420
3864  0.700779
3865  0.700614
3866  0.700304
3867  0.699887
3868  0.699888
3869  0.700532
3870  0.700360
3871  0.700309
3872  0.700227
3873  0.699888
3874  0.699460
3875  0.700016
3876  0.700140
3877  0.699574
3878  0.699699
3879  0.699721
3880  0.699880
3881  0.699368
3882  0.699568
3883  0.699778
3884  0.699551
3885  0.700322
3886  0.700787
3887  0.700405
3888  0.700592
3889  0.699981
3890  0.700134
3891  0.700087
3892  0.700635
3893  0.700420
3894  0.699926
3895  0.699991
3896  0.699809
3897  0.699264
3898  0.699376
3899  0.699000
3900  0.699216
3901  0.698145
3902  0.698200
3903  0.698929
3904  0.699132
3905  0.699342
3906  0.699153
3907  0.698887
3908  0.699082
3909  0.699147
3910  0.699445
3911  0.699555
3912  0.699938
3913  0.700183
3914  0.700156
3915  0.700700
3916  0.701404
3917  0.701456
3918  0.701659
3919  0.701555
3920  0.701207
3921  0.700754
3922  0.700715
3923  0.700528
3924  0.700856
3925  0.700825
3926  0.700958
3927  0.701153
3928  0.701298
3929  0.701496
3930  0.701681
3931  0.701757
3932  0.701151
3933  0.701239
3934  0.701471
3935  0.701322
3936  0.701261
3937  0.701392
3938  0.701875
3939  0.701297
3940  0.701199
3941  0.701952
3942  0.701606
3943  0.701842
3944  0.702320
3945  0.702317
3946  0.702034
3947  0.701921
3948  0.702251
3949  0.702154
3950  0.701827
3951  0.701710
3952  0.701369
3953  0.701058
3954  0.701254
3955  0.701228
3956  0.700833
3957  0.700845
3958  0.700862
3959  0.699575
3960  0.699371
3961  0.699782
3962  0.699689
3963  0.700244
3964  0.700535
3965  0.700540
3966  0.700591
3967  0.700708
3968  0.700962
3969  0.701289
3970  0.701200
3971  0.700912
3972  0.699979
3973  0.700362
3974  0.700041
3975  0.699814
3976  0.699738
3977  0.699860
3978  0.699819
3979  0.699016
3980  0.698948
3981  0.699653
3982  0.699476
3983  0.699915
3984  0.700180
3985  0.700218
3986  0.700094
3987  0.700046
3988  0.700522
3989  0.701252
3990  0.701797
3991  0.702005
3992  0.702594
3993  0.702276
3994  0.702199
3995  0.701915
3996  0.701792
3997  0.702078
3998  0.702278
3999  0.702076
4000  0.701568
4001  0.701644
4002  0.702062
4003  0.702033
4004  0.702046
4005  0.701999
4006  0.701431
4007  0.700842
4008  0.700497
4009  0.700305
4010  0.700628
4011  0.700855
4012  0.701368
4013  0.701624
4014  0.701228
4015  0.701872
4016  0.701377
4017  0.701198
4018  0.701545
4019  0.700915
4020  0.700188
4021  0.700541
4022  0.700443
4023  0.699941
4024  0.700833
4025  0.700988
4026  0.700640
4027  0.700561
4028  0.700607
4029  0.699905
4030  0.699971
4031  0.700151
4032  0.700641
4033  0.700589
4034  0.700913
4035  0.701239
4036  0.700786
4037  0.700853
4038  0.701124
4039  0.701051
4040  0.700110
4041  0.700357
4042  0.700544
4043  0.700684
4044  0.701082
4045  0.701531
4046  0.701780
4047  0.702502
4048  0.702202
4049  0.701894
4050  0.702376
4051  0.702305
4052  0.701936
4053  0.702401
4054  0.702482
4055  0.702310
4056  0.702504
4057  0.702920
4058  0.702329
4059  0.702049
4060  0.701572
4061  0.701725
4062  0.701586
4063  0.702085
4064  0.701957
4065  0.701440
4066  0.701832
4067  0.701101
4068  0.701355
4069  0.701170
4070  0.701145
4071  0.701061
4072  0.701035
4073  0.701065
4074  0.701348
4075  0.701167
4076  0.701304
4077  0.701463
4078  0.701406
4079  0.701930
4080  0.701505
4081  0.701729
4082  0.701919
4083  0.701338
4084  0.701410
4085  0.701152
4086  0.700946
4087  0.701049
4088  0.701080
4089  0.701330
4090  0.700867
4091  0.700673
4092  0.700686
4093  0.700740
4094  0.700205
4095  0.700483
4096  0.700889
4097  0.701044
4098  0.701125
4099  0.700898
4100  0.700415
4101  0.700543
4102  0.700270
4103  0.700829
4104  0.700518
4105  0.700569
4106  0.701035
4107  0.701461
4108  0.702304
4109  0.701728
4110  0.701743
4111  0.701792
4112  0.702312
4113  0.702799
4114  0.702312
4115  0.702862
4116  0.701883
4117  0.701499
4118  0.701602
4119  0.701426
4120  0.701142
4121  0.700799
4122  0.700704
4123  0.701214
4124  0.701131
4125  0.700818
4126  0.700355
4127  0.699955
4128  0.699759
4129  0.699371
4130  0.699009
4131  0.698592
4132  0.698200
4133  0.698736
4134  0.698612
4135  0.699080
4136  0.699065
4137  0.699189
4138  0.698606
4139  0.698937
4140  0.698739
4141  0.699053
4142  0.698888
4143  0.698664
4144  0.698987
4145  0.698955
4146  0.699625
4147  0.699061
4148  0.699335
4149  0.700033
4150  0.700465
4151  0.700267
4152  0.699778
4153  0.700430
4154  0.700756
4155  0.701193
4156  0.701536
4157  0.701491
4158  0.701663
4159  0.702143
4160  0.701372
4161  0.700637
4162  0.700391
4163  0.700692
4164  0.700509
4165  0.700441
4166  0.700820
4167  0.700625
4168  0.700788
4169  0.700990
4170  0.700844
4171  0.701747
4172  0.702184
4173  0.701765
4174  0.702343
4175  0.702552
4176  0.702639
4177  0.702612
4178  0.703073
4179  0.702829
4180  0.702856
4181  0.703288
4182  0.703559
4183  0.703394
4184  0.703335
4185  0.703587
4186  0.703582
4187  0.703859
4188  0.703610
4189  0.702618
4190  0.702923
4191  0.703135
4192  0.703364
4193  0.703003
4194  0.703240
4195  0.703485
4196  0.704019
4197  0.704554
4198  0.704879
4199  0.704751
4200  0.704221
4201  0.704182
4202  0.703855
4203  0.704357
4204  0.703686
4205  0.703366
4206  0.702970
4207  0.702640
4208  0.703252
4209  0.703698
4210  0.703758
4211  0.703863
4212  0.703880
4213  0.703644
4214  0.704090
4215  0.704456
4216  0.704353
4217  0.704753
4218  0.705084
4219  0.705301
4220  0.705397
4221  0.705301
4222  0.705959
4223  0.705672
4224  0.705127
4225  0.705410
4226  0.705546
4227  0.705026
4228  0.705362
4229  0.705189
4230  0.705291
4231  0.705808
4232  0.705654
4233  0.706099
4234  0.706077
4235  0.705298
4236  0.704895
4237  0.705171
4238  0.704387
4239  0.703735
4240  0.704485
4241  0.704425
4242  0.704020
4243  0.704376
4244  0.704511
4245  0.704391
4246  0.704385
4247  0.704398
4248  0.704625
4249  0.704628
4250  0.704607
4251  0.704735
4252  0.705325
4253  0.705075
4254  0.705136
4255  0.705224
4256  0.704891
4257  0.704615
4258  0.704704
4259  0.704861
4260  0.705279
4261  0.705325
4262  0.704358
4263  0.704309
4264  0.704854
4265  0.704978
4266  0.705063
4267  0.705615
4268  0.705659
4269  0.705533
4270  0.705275
4271  0.705662
4272  0.704852
4273  0.704796
4274  0.704902
4275  0.704673
4276  0.705009
4277  0.704873
4278  0.705033
4279  0.703922
4280  0.703584
4281  0.703198
4282  0.703574
4283  0.703430
4284  0.703232
4285  0.703581
4286  0.703780
4287  0.704021
4288  0.704269
4289  0.704013
4290  0.703991
4291  0.703603
4292  0.703026
4293  0.703094
4294  0.703028
4295  0.702741
4296  0.703216
4297  0.703369
4298  0.703733
4299  0.703585
4300  0.703171
4301  0.704098
4302  0.704708
4303  0.703861
4304  0.704330
4305  0.704078
4306  0.703571
4307  0.703430
4308  0.703024
4309  0.702649
4310  0.702857
4311  0.702466
4312  0.701500
4313  0.701241
4314  0.700944
4315  0.701046
4316  0.700880
4317  0.700834
4318  0.701010
4319  0.701411
4320  0.701585
4321  0.701345
4322  0.701619
4323  0.701734
4324  0.702133
4325  0.702150
4326  0.701561
4327  0.701089
4328  0.701262
4329  0.701433
4330  0.701432
4331  0.701155
4332  0.700612
4333  0.701113
4334  0.700877
4335  0.701521
4336  0.701217
4337  0.701116
4338  0.701249
4339  0.701196
4340  0.701513
4341  0.702000
4342  0.702382
4343  0.702391
4344  0.702469
4345  0.702357
4346  0.702313
4347  0.701981
4348  0.702011
4349  0.701589
4350  0.701460
4351  0.701807
4352  0.701731
4353  0.701599
4354  0.701734
4355  0.701930
4356  0.701938
4357  0.702030
4358  0.701946
4359  0.701289
4360  0.700858
4361  0.701092
4362  0.701117
4363  0.701413
4364  0.700963
4365  0.701042
4366  0.701214
4367  0.700949
4368  0.701546
4369  0.701626
4370  0.701459
4371  0.701356
4372  0.701175
4373  0.701089
4374  0.701328
4375  0.701728
4376  0.700844
4377  0.700721
4378  0.701168
4379  0.701457
4380  0.701477
4381  0.701803
4382  0.701741
4383  0.702414
4384  0.702337
4385  0.701858
4386  0.701379
4387  0.701701
4388  0.701747
4389  0.701379
4390  0.701455
4391  0.701483
4392  0.701475
4393  0.702070
4394  0.701811
4395  0.701753
4396  0.701532
4397  0.701675
4398  0.701449
4399  0.701105
4400  0.700727
4401  0.700730
4402  0.700381
4403  0.700235
4404  0.700264
4405  0.700283
4406  0.700931
4407  0.701076
4408  0.701262
4409  0.700740
4410  0.699774
4411  0.699574
4412  0.699224
4413  0.699263
4414  0.698913
4415  0.698774
4416  0.698622
4417  0.698403
4418  0.698320
4419  0.698049
4420  0.697579
4421  0.697867
4422  0.697676
4423  0.697871
4424  0.697744
4425  0.697903
4426  0.697713
4427  0.698093
4428  0.698493
4429  0.698706
4430  0.698991
4431  0.698348
4432  0.697876
4433  0.698445
4434  0.698682
4435  0.698779
4436  0.698903
4437  0.698587
4438  0.698643
4439  0.699301
4440  0.699446
4441  0.699093
4442  0.698670
4443  0.698434
4444  0.698323
4445  0.698025
4446  0.698173
4447  0.697737
4448  0.697652
4449  0.697219
4450  0.697134
4451  0.697074
4452  0.696750
4453  0.696004
4454  0.695222
4455  0.695147
4456  0.695330
4457  0.694964
4458  0.694858
4459  0.694818
4460  0.695318
4461  0.695423
4462  0.695060
4463  0.695848
4464  0.696115
4465  0.695678
4466  0.695667
4467  0.696160
4468  0.696088
4469  0.695674
4470  0.695831
4471  0.696015
4472  0.695428
4473  0.695166
4474  0.694588
4475  0.694726
4476  0.694112
4477  0.694304
4478  0.694060
4479  0.694072
4480  0.693669
4481  0.693788
4482  0.693916
4483  0.694368
4484  0.695090
4485  0.694748
4486  0.695309
4487  0.695191
4488  0.694884
4489  0.695082
4490  0.694811
4491  0.694516
4492  0.694691
4493  0.695693
4494  0.695446
4495  0.695044
4496  0.695457
4497  0.695937
4498  0.695773
4499  0.695590
4500  0.695264
4501  0.695818
4502  0.695417
4503  0.695410
4504  0.695770
4505  0.695515
4506  0.695741
4507  0.695353
4508  0.695828
4509  0.695828
4510  0.695403
4511  0.695483
4512  0.695802
4513  0.695624
4514  0.695750
4515  0.695758
4516  0.695556
4517  0.696115
4518  0.696246
4519  0.695890
4520  0.696080
4521  0.696230
4522  0.695522
4523  0.694949
4524  0.694454
4525  0.694025
4526  0.694306
4527  0.694609
4528  0.694705
4529  0.694912
4530  0.694579
4531  0.695444
4532  0.696143
4533  0.696095
4534  0.696723
4535  0.696523
4536  0.696731
4537  0.696780
4538  0.696764
4539  0.697363
4540  0.697243
4541  0.697753
4542  0.698531
4543  0.698901
4544  0.699268
4545  0.699707
4546  0.699662
4547  0.699435
4548  0.700108
4549  0.699784
4550  0.699663
4551  0.699685
4552  0.698630
4553  0.698781
4554  0.698169
4555  0.698275
4556  0.698825
4557  0.698518
4558  0.699206
4559  0.698998
4560  0.699324
4561  0.699037
4562  0.698246
4563  0.698239
4564  0.698514
4565  0.698285
4566  0.698318
4567  0.697872
4568  0.697106
4569  0.696726
4570  0.696782
4571  0.696827
4572  0.696971
4573  0.697373
4574  0.697712
4575  0.697434
4576  0.697223
4577  0.697505
4578  0.697134
4579  0.697269
4580  0.697181
4581  0.697266
4582  0.697069
4583  0.697219
4584  0.697580
4585  0.697524
4586  0.697219
4587  0.696778
4588  0.696160
4589  0.696520
4590  0.696378
4591  0.696335
4592  0.696309
4593  0.696442
4594  0.696889
4595  0.696956
4596  0.696709
4597  0.696720
4598  0.697043
4599  0.696688
4600  0.696816
4601  0.696521
4602  0.696510
4603  0.695734
4604  0.695445
4605  0.694643
4606  0.694874
4607  0.694669
4608  0.694589
4609  0.694827
4610  0.694454
4611  0.695067
4612  0.695228
4613  0.695142
4614  0.695344
4615  0.695410
4616  0.695439
4617  0.695699
4618  0.695240
4619  0.695333
4620  0.695026
4621  0.695135
4622  0.695160
4623  0.695412
4624  0.695475
4625  0.694680
4626  0.695420
4627  0.695237
4628  0.694989
4629  0.694753
4630  0.694264
4631  0.694191
4632  0.693451
4633  0.693670
4634  0.693735
4635  0.693736
4636  0.693825
4637  0.693414
4638  0.693658
4639  0.693127
4640  0.692792
4641  0.692396
4642  0.692401
4643  0.692538
4644  0.692902
4645  0.692111
4646  0.692570
4647  0.692793
4648  0.692385
4649  0.692409
4650  0.692864
4651  0.693096
4652  0.692582
4653  0.692525
4654  0.692879
4655  0.692255
4656  0.692296
4657  0.692641
4658  0.693224
4659  0.693560
4660  0.693340
4661  0.692843
4662  0.693256
4663  0.693870
4664  0.694269
4665  0.694436
4666  0.693825
4667  0.694361
4668  0.693798
4669  0.694022
4670  0.694026
4671  0.694213
4672  0.694129
4673  0.694324
4674  0.694292
4675  0.694490
4676  0.694619
4677  0.694395
4678  0.694023
4679  0.693538
4680  0.693063
4681  0.693140
4682  0.692930
4683  0.693283
4684  0.692610
4685  0.692713
4686  0.692545
4687  0.693154
4688  0.692785
4689  0.692870
4690  0.692626
4691  0.692686
4692  0.692772
4693  0.692233
4694  0.692323
4695  0.692351
4696  0.692142
4697  0.691970
4698  0.691766
4699  0.692027
4700  0.692278
4701  0.692673
4702  0.692963
4703  0.693010
4704  0.692970
4705  0.692907
4706  0.693070
4707  0.693008
4708  0.693398
4709  0.693474
4710  0.693097
4711  0.692878
4712  0.693210
4713  0.693440
4714  0.693473
4715  0.692769
4716  0.692237
4717  0.692106
4718  0.692042
4719  0.692159
4720  0.691619
4721  0.691672
4722  0.692294
4723  0.692410
4724  0.692318
4725  0.692039
4726  0.692118
4727  0.692259
4728  0.692832
4729  0.693456
4730  0.693439
4731  0.693421
4732  0.693380
4733  0.693064
4734  0.692368
4735  0.692380
4736  0.692568
4737  0.693221
4738  0.693384
4739  0.693497
4740  0.693883
4741  0.693577
4742  0.693663
4743  0.693702
4744  0.693839
4745  0.694302
4746  0.695468
4747  0.695844
4748  0.696354
4749  0.695942
4750  0.696337
4751  0.696553
4752  0.696579
4753  0.696667
4754  0.696381
4755  0.696424
4756  0.696416
4757  0.696465
4758  0.696113
4759  0.695569
4760  0.695408
4761  0.694950
4762  0.694752
4763  0.694536
4764  0.694442
4765  0.693670
4766  0.693660
4767  0.693578
4768  0.693142
4769  0.693398
4770  0.692809
4771  0.692882
4772  0.692688
4773  0.692867
4774  0.692585
4775  0.692265
4776  0.691741
4777  0.691517
4778  0.691190
4779  0.691297
4780  0.691127
4781  0.690463
4782  0.690244
4783  0.690710
4784  0.690944
4785  0.691081
4786  0.690821
4787  0.690948
4788  0.690837
4789  0.690172
4790  0.689897
4791  0.689870
4792  0.690027
4793  0.690415
4794  0.690307
4795  0.690419
4796  0.690087
4797  0.689813
4798  0.690023
4799  0.690081
4800  0.689904
4801  0.690275
4802  0.689897
4803  0.689698
4804  0.690057
4805  0.690088
4806  0.689770
4807  0.690212
4808  0.690703
4809  0.691274
4810  0.691968
4811  0.692205
4812  0.692331
4813  0.692828
4814  0.692951
4815  0.692440
4816  0.692641
4817  0.692462
4818  0.692355
4819  0.692317
4820  0.691823
4821  0.692262
4822  0.691700
4823  0.691918
4824  0.691719
4825  0.692492
4826  0.692651
4827  0.692091
4828  0.691549
4829  0.691355
4830  0.691624
4831  0.691650
4832  0.691801
4833  0.691445
4834  0.691016
4835  0.690754
4836  0.690892
4837  0.691384
4838  0.691218
4839  0.691641
4840  0.691537
4841  0.691789
4842  0.691804
4843  0.691527
4844  0.691906
4845  0.692498
4846  0.693058
4847  0.692854
4848  0.693153
4849  0.693332
4850  0.693304
4851  0.693726
4852  0.694108
4853  0.694453
4854  0.694636
4855  0.694523
4856  0.694207
4857  0.693759
4858  0.693717
4859  0.693496
4860  0.693117
4861  0.692988
4862  0.692839
4863  0.693176
4864  0.692869
4865  0.693200
4866  0.693182
4867  0.693201
4868  0.693365
4869  0.692641
4870  0.692455
4871  0.692597
4872  0.692447
4873  0.692327
4874  0.692446
4875  0.692735
4876  0.692877
4877  0.693276
4878  0.693329
4879  0.693606
4880  0.693133
4881  0.693620
4882  0.693918
4883  0.693770
4884  0.693946
4885  0.693695
4886  0.694149
4887  0.694494
4888  0.694506
4889  0.694326
4890  0.694713
4891  0.694683
4892  0.694876
4893  0.695608
4894  0.695498
4895  0.695737
4896  0.695682
4897  0.695220
4898  0.694973
4899  0.695032
4900  0.695492
4901  0.696081
4902  0.695720
4903  0.695262
4904  0.695281
4905  0.695690
4906  0.695366
4907  0.695975
4908  0.696082
4909  0.696148
4910  0.696655
4911  0.696682
4912  0.696999
4913  0.697668
4914  0.697299
4915  0.697798
4916  0.697488
4917  0.697034
4918  0.696543
4919  0.696404
4920  0.696683
4921  0.696771
4922  0.696930
4923  0.697205
4924  0.697100
4925  0.696684
4926  0.696908
4927  0.696545
4928  0.696972
4929  0.696484
4930  0.696724
4931  0.696987
4932  0.696679
4933  0.697002
4934  0.696358
4935  0.696256
4936  0.697224
4937  0.697790
4938  0.697686
4939  0.697272
4940  0.697889
4941  0.697825
4942  0.696717
4943  0.696313
4944  0.697198
4945  0.696821
4946  0.696969
4947  0.697022
4948  0.696952
4949  0.696536
4950  0.696875
4951  0.696971
4952  0.697953
4953  0.697860
4954  0.697906
4955  0.698019
4956  0.698280
4957  0.698368
4958  0.698284
4959  0.698713
4960  0.699062
4961  0.699259
4962  0.699419
4963  0.699267
4964  0.698946
4965  0.699294
4966  0.698883
4967  0.698478
4968  0.698360
4969  0.698203
4970  0.697772
4971  0.698663
4972  0.698621
4973  0.698822
4974  0.698650
4975  0.698526
4976  0.698658
4977  0.698424
4978  0.698818
4979  0.698064
4980  0.698147
4981  0.698338
4982  0.697965
4983  0.698259
4984  0.698788
4985  0.698411
4986  0.698551
4987  0.698526
4988  0.698382
4989  0.697862
4990  0.697748
4991  0.697176
4992  0.697840
4993  0.697674
4994  0.697757
4995  0.698119
4996  0.697749
4997  0.697548
4998  0.697226
4999  0.696948
