# Timeseries for σ = 0.5
# step  R_global
0  0.998761
1  0.997532
2  0.996291
3  0.995120
4  0.994018
5  0.993052
6  0.991926
7  0.990853
8  0.989792
9  0.988690
10  0.987692
11  0.986704
12  0.985671
13  0.984839
14  0.983983
15  0.983107
16  0.982287
17  0.981329
18  0.980248
19  0.979432
20  0.978628
21  0.977832
22  0.977101
23  0.976231
24  0.975403
25  0.974824
26  0.974122
27  0.973379
28  0.972633
29  0.972017
30  0.971212
31  0.970475
32  0.969673
33  0.969195
34  0.968558
35  0.968005
36  0.967462
37  0.966906
38  0.966072
39  0.965368
40  0.964877
41  0.964209
42  0.963598
43  0.962991
44  0.962579
45  0.961982
46  0.961574
47  0.960998
48  0.960449
49  0.960003
50  0.959544
51  0.959145
52  0.958842
53  0.958492
54  0.958123
55  0.957490
56  0.956912
57  0.956441
58  0.956003
59  0.955497
60  0.954983
61  0.954566
62  0.954245
63  0.953936
64  0.953559
65  0.953326
66  0.952998
67  0.952777
68  0.952092
69  0.951812
70  0.951413
71  0.950917
72  0.950499
73  0.950043
74  0.949537
75  0.949291
76  0.948803
77  0.948575
78  0.948348
79  0.948099
80  0.947703
81  0.947418
82  0.947049
83  0.946619
84  0.946255
85  0.946125
86  0.945866
87  0.945415
88  0.945202
89  0.944890
90  0.944471
91  0.944083
92  0.943953
93  0.943542
94  0.943314
95  0.943097
96  0.942872
97  0.942525
98  0.942267
99  0.941913
100  0.941687
101  0.941328
102  0.941124
103  0.940764
104  0.940543
105  0.940323
106  0.940082
107  0.939825
108  0.939669
109  0.939457
110  0.939244
111  0.939137
112  0.938806
113  0.938644
114  0.938399
115  0.938017
116  0.937861
117  0.937767
118  0.937557
119  0.937345
120  0.937156
121  0.937013
122  0.936866
123  0.936605
124  0.936417
125  0.936105
126  0.935885
127  0.935863
128  0.935678
129  0.935468
130  0.935412
131  0.935261
132  0.935300
133  0.934986
134  0.934952
135  0.934921
136  0.934814
137  0.934726
138  0.934727
139  0.934634
140  0.934559
141  0.934391
142  0.934209
143  0.933990
144  0.933744
145  0.933506
146  0.933368
147  0.933179
148  0.932962
149  0.932886
150  0.932646
151  0.932725
152  0.932697
153  0.932733
154  0.932579
155  0.932506
156  0.932357
157  0.932464
158  0.932561
159  0.932583
160  0.932546
161  0.932341
162  0.932102
163  0.931967
164  0.932094
165  0.931919
166  0.931739
167  0.931445
168  0.931629
169  0.931392
170  0.931264
171  0.931004
172  0.931020
173  0.931151
174  0.930992
175  0.930827
176  0.930557
177  0.930487
178  0.930282
179  0.930193
180  0.930178
181  0.930252
182  0.930214
183  0.930117
184  0.930030
185  0.930077
186  0.929516
187  0.929514
188  0.929522
189  0.929550
190  0.929530
191  0.929532
192  0.929303
193  0.929070
194  0.928838
195  0.928739
196  0.928661
197  0.928755
198  0.928555
199  0.928662
200  0.928351
201  0.928304
202  0.927851
203  0.927674
204  0.927420
205  0.927248
206  0.927221
207  0.926889
208  0.926818
209  0.926874
210  0.926546
211  0.926709
212  0.926631
213  0.926562
214  0.926456
215  0.926449
216  0.926228
217  0.926211
218  0.926050
219  0.925932
220  0.925897
221  0.925797
222  0.925794
223  0.925811
224  0.925581
225  0.925562
226  0.925504
227  0.925361
228  0.925671
229  0.925615
230  0.925408
231  0.925502
232  0.925287
233  0.925459
234  0.925481
235  0.925387
236  0.925055
237  0.924789
238  0.924659
239  0.924742
240  0.924672
241  0.924627
242  0.924436
243  0.924385
244  0.924391
245  0.924213
246  0.924103
247  0.923971
248  0.923993
249  0.923958
250  0.923845
251  0.923743
252  0.923713
253  0.923574
254  0.923613
255  0.923290
256  0.923117
257  0.923042
258  0.923032
259  0.922894
260  0.922882
261  0.922994
262  0.923094
263  0.923232
264  0.923377
265  0.923663
266  0.923813
267  0.923646
268  0.923372
269  0.923426
270  0.923060
271  0.922926
272  0.923017
273  0.922798
274  0.922547
275  0.922662
276  0.922397
277  0.922581
278  0.922549
279  0.922519
280  0.922482
281  0.922354
282  0.922286
283  0.922098
284  0.922075
285  0.922043
286  0.922087
287  0.922092
288  0.921983
289  0.921986
290  0.922240
291  0.921993
292  0.922216
293  0.922167
294  0.922092
295  0.922172
296  0.922298
297  0.922168
298  0.922040
299  0.922010
300  0.921959
301  0.921842
302  0.921604
303  0.921752
304  0.921719
305  0.921509
306  0.921566
307  0.921271
308  0.921406
309  0.921140
310  0.920911
311  0.920606
312  0.920575
313  0.920309
314  0.920347
315  0.920199
316  0.920177
317  0.920251
318  0.920308
319  0.920525
320  0.920484
321  0.920480
322  0.920236
323  0.920280
324  0.920268
325  0.920278
326  0.920222
327  0.920152
328  0.920291
329  0.920131
330  0.920076
331  0.920113
332  0.920052
333  0.920045
334  0.920288
335  0.920229
336  0.920089
337  0.920074
338  0.919873
339  0.919929
340  0.919830
341  0.919784
342  0.919891
343  0.920249
344  0.920090
345  0.920194
346  0.920311
347  0.920144
348  0.919867
349  0.919842
350  0.919929
351  0.919932
352  0.919871
353  0.919775
354  0.919327
355  0.919417
356  0.919626
357  0.919574
358  0.919624
359  0.919428
360  0.919488
361  0.919487
362  0.919296
363  0.919340
364  0.919321
365  0.919150
366  0.919043
367  0.918812
368  0.918917
369  0.918960
370  0.918827
371  0.918990
372  0.919016
373  0.918964
374  0.918726
375  0.918861
376  0.918857
377  0.918844
378  0.919006
379  0.918965
380  0.919086
381  0.918960
382  0.918673
383  0.918734
384  0.919102
385  0.918942
386  0.918815
387  0.918729
388  0.918746
389  0.918777
390  0.918669
391  0.918541
392  0.918448
393  0.918150
394  0.918147
395  0.918074
396  0.918063
397  0.918066
398  0.917877
399  0.918046
400  0.918018
401  0.918057
402  0.918096
403  0.917827
404  0.917818
405  0.917691
406  0.917700
407  0.917634
408  0.917287
409  0.917306
410  0.917299
411  0.917606
412  0.917382
413  0.917238
414  0.917107
415  0.917202
416  0.917234
417  0.917407
418  0.917159
419  0.917216
420  0.917355
421  0.917344
422  0.917617
423  0.917511
424  0.917533
425  0.917530
426  0.917739
427  0.917658
428  0.917497
429  0.917314
430  0.917464
431  0.917281
432  0.917173
433  0.917060
434  0.917257
435  0.917103
436  0.917067
437  0.917015
438  0.917246
439  0.917295
440  0.917211
441  0.917248
442  0.916967
443  0.916844
444  0.916667
445  0.916623
446  0.916539
447  0.916679
448  0.916631
449  0.916793
450  0.916722
451  0.916773
452  0.916675
453  0.916534
454  0.916439
455  0.916303
456  0.916619
457  0.916634
458  0.916487
459  0.916399
460  0.916314
461  0.916157
462  0.916141
463  0.916064
464  0.915965
465  0.915936
466  0.915879
467  0.915802
468  0.915808
469  0.915851
470  0.915755
471  0.915628
472  0.915684
473  0.915517
474  0.915352
475  0.915581
476  0.915431
477  0.915392
478  0.915232
479  0.915462
480  0.915558
481  0.915573
482  0.915711
483  0.915871
484  0.915762
485  0.915674
486  0.915906
487  0.915992
488  0.915813
489  0.915729
490  0.915754
491  0.915867
492  0.915704
493  0.915582
494  0.915677
495  0.915675
496  0.916017
497  0.916010
498  0.915795
499  0.915460
500  0.915536
501  0.915646
502  0.915698
503  0.915390
504  0.915245
505  0.915289
506  0.915463
507  0.915640
508  0.915442
509  0.915610
510  0.915621
511  0.915523
512  0.915511
513  0.915459
514  0.915448
515  0.915638
516  0.915780
517  0.915767
518  0.915581
519  0.915411
520  0.915264
521  0.915219
522  0.915231
523  0.915240
524  0.915091
525  0.915187
526  0.915294
527  0.915214
528  0.915209
529  0.915148
530  0.915195
531  0.915100
532  0.914919
533  0.914950
534  0.914901
535  0.914719
536  0.914873
537  0.914835
538  0.914654
539  0.915022
540  0.914960
541  0.914969
542  0.915131
543  0.914811
544  0.914900
545  0.915236
546  0.915211
547  0.915272
548  0.915168
549  0.915182
550  0.915141
551  0.915181
552  0.914984
553  0.914827
554  0.914733
555  0.914668
556  0.914634
557  0.914707
558  0.914883
559  0.915163
560  0.915072
561  0.915162
562  0.915126
563  0.915126
564  0.915012
565  0.915011
566  0.914849
567  0.914710
568  0.914609
569  0.914619
570  0.914526
571  0.914657
572  0.914758
573  0.914903
574  0.915050
575  0.915056
576  0.915035
577  0.915082
578  0.914844
579  0.914645
580  0.914665
581  0.914585
582  0.914679
583  0.914596
584  0.914666
585  0.914619
586  0.914538
587  0.914464
588  0.914332
589  0.914496
590  0.914607
591  0.914453
592  0.914622
593  0.914414
594  0.914660
595  0.914814
596  0.914694
597  0.914485
598  0.914369
599  0.914099
600  0.914182
601  0.914349
602  0.914292
603  0.914131
604  0.914283
605  0.914257
606  0.914105
607  0.914001
608  0.913918
609  0.913582
610  0.913508
611  0.913512
612  0.913272
613  0.912823
614  0.912616
615  0.912844
616  0.912652
617  0.912814
618  0.912827
619  0.912891
620  0.912926
621  0.913083
622  0.912984
623  0.912848
624  0.913088
625  0.913123
626  0.913042
627  0.913151
628  0.913241
629  0.913455
630  0.913496
631  0.913266
632  0.913545
633  0.913683
634  0.913587
635  0.913128
636  0.912987
637  0.912863
638  0.912886
639  0.912873
640  0.912703
641  0.912528
642  0.912556
643  0.912601
644  0.912323
645  0.912292
646  0.912587
647  0.912687
648  0.912681
649  0.912711
650  0.912838
651  0.912864
652  0.912977
653  0.913029
654  0.912836
655  0.912732
656  0.912687
657  0.912565
658  0.912403
659  0.912419
660  0.912544
661  0.912353
662  0.912561
663  0.912636
664  0.912671
665  0.912791
666  0.912739
667  0.912521
668  0.912197
669  0.912003
670  0.912225
671  0.912056
672  0.911915
673  0.911826
674  0.911997
675  0.911922
676  0.912140
677  0.912397
678  0.912530
679  0.912659
680  0.912645
681  0.912962
682  0.912859
683  0.912393
684  0.912320
685  0.912450
686  0.912354
687  0.912221
688  0.912065
689  0.912174
690  0.912228
691  0.912288
692  0.912210
693  0.912203
694  0.912372
695  0.912388
696  0.912477
697  0.912377
698  0.912160
699  0.911977
700  0.912077
701  0.912340
702  0.912141
703  0.911972
704  0.911968
705  0.911932
706  0.911895
707  0.911763
708  0.911492
709  0.911443
710  0.911448
711  0.911320
712  0.911392
713  0.911667
714  0.911828
715  0.911976
716  0.911758
717  0.911986
718  0.912040
719  0.912129
720  0.912232
721  0.912131
722  0.912013
723  0.911979
724  0.911995
725  0.911904
726  0.911976
727  0.912226
728  0.912123
729  0.912230
730  0.912128
731  0.912184
732  0.912315
733  0.912335
734  0.912419
735  0.912333
736  0.912329
737  0.912391
738  0.912429
739  0.912385
740  0.912522
741  0.912257
742  0.912345
743  0.912631
744  0.912718
745  0.912819
746  0.912568
747  0.912552
748  0.912600
749  0.912707
750  0.912645
751  0.912424
752  0.912107
753  0.912116
754  0.912185
755  0.911972
756  0.912013
757  0.911851
758  0.911869
759  0.911804
760  0.911766
761  0.911975
762  0.912017
763  0.911825
764  0.911965
765  0.912001
766  0.912055
767  0.912160
768  0.912231
769  0.912222
770  0.912090
771  0.912233
772  0.912070
773  0.912047
774  0.912152
775  0.911999
776  0.912029
777  0.912112
778  0.912070
779  0.911951
780  0.911884
781  0.911945
782  0.911832
783  0.912000
784  0.911779
785  0.911813
786  0.911819
787  0.911616
788  0.911748
789  0.911709
790  0.911644
791  0.911399
792  0.911458
793  0.911593
794  0.911381
795  0.911278
796  0.911295
797  0.911013
798  0.911264
799  0.911395
800  0.911585
801  0.911790
802  0.911695
803  0.911276
804  0.911383
805  0.911372
806  0.911490
807  0.911604
808  0.911822
809  0.911748
810  0.911520
811  0.911559
812  0.911394
813  0.911595
814  0.911524
815  0.911310
816  0.911179
817  0.911108
818  0.911095
819  0.910873
820  0.910754
821  0.910784
822  0.910855
823  0.910675
824  0.910770
825  0.911012
826  0.911135
827  0.911408
828  0.911340
829  0.911367
830  0.911232
831  0.911025
832  0.910834
833  0.911016
834  0.910708
835  0.910791
836  0.910875
837  0.910542
838  0.910677
839  0.910619
840  0.910782
841  0.910897
842  0.910824
843  0.910513
844  0.910315
845  0.910620
846  0.910567
847  0.910707
848  0.910691
849  0.910837
850  0.910626
851  0.910590
852  0.910830
853  0.911028
854  0.911014
855  0.910998
856  0.911148
857  0.911159
858  0.911212
859  0.910995
860  0.910910
861  0.910768
862  0.910839
863  0.910846
864  0.910672
865  0.910798
866  0.910697
867  0.910892
868  0.910913
869  0.910994
870  0.911075
871  0.911350
872  0.911277
873  0.911144
874  0.911002
875  0.910745
876  0.910416
877  0.910428
878  0.910362
879  0.910342
880  0.910290
881  0.910413
882  0.910354
883  0.910514
884  0.910533
885  0.910411
886  0.910486
887  0.910236
888  0.910169
889  0.910066
890  0.910091
891  0.910098
892  0.910177
893  0.910327
894  0.910265
895  0.910586
896  0.910564
897  0.910747
898  0.910532
899  0.910635
900  0.910793
901  0.910703
902  0.910329
903  0.910338
904  0.910464
905  0.910503
906  0.910207
907  0.910045
908  0.909930
909  0.910079
910  0.909894
911  0.910038
912  0.909934
913  0.909938
914  0.909877
915  0.909782
916  0.909884
917  0.909731
918  0.909810
919  0.909854
920  0.909782
921  0.909637
922  0.909723
923  0.909579
924  0.909370
925  0.909198
926  0.909230
927  0.909093
928  0.908703
929  0.908587
930  0.908621
931  0.908703
932  0.908471
933  0.908393
934  0.908391
935  0.908375
936  0.908288
937  0.908156
938  0.908181
939  0.908157
940  0.908163
941  0.908297
942  0.908235
943  0.908205
944  0.908383
945  0.908192
946  0.908453
947  0.908644
948  0.908628
949  0.908803
950  0.908935
951  0.908938
952  0.908886
953  0.909069
954  0.909291
955  0.909291
956  0.909126
957  0.909052
958  0.909261
959  0.909044
960  0.909064
961  0.908830
962  0.908736
963  0.908495
964  0.908562
965  0.908549
966  0.908534
967  0.908510
968  0.908493
969  0.908755
970  0.908886
971  0.908768
972  0.908623
973  0.908449
974  0.908165
975  0.908249
976  0.908496
977  0.908766
978  0.908808
979  0.908886
980  0.909048
981  0.908979
982  0.908970
983  0.909034
984  0.909087
985  0.909124
986  0.909280
987  0.909330
988  0.909425
989  0.909391
990  0.909360
991  0.909590
992  0.909710
993  0.909738
994  0.909381
995  0.909540
996  0.909572
997  0.909670
998  0.909756
999  0.909798
1000  0.909671
1001  0.909706
1002  0.909636
1003  0.909434
1004  0.908984
1005  0.908897
1006  0.908703
1007  0.908642
1008  0.908743
1009  0.908675
1010  0.908990
1011  0.908731
1012  0.908764
1013  0.908685
1014  0.908520
1015  0.908652
1016  0.908679
1017  0.908523
1018  0.908357
1019  0.908193
1020  0.908115
1021  0.908170
1022  0.907891
1023  0.908054
1024  0.908069
1025  0.908187
1026  0.908022
1027  0.908095
1028  0.908347
1029  0.908226
1030  0.908250
1031  0.908181
1032  0.908080
1033  0.908042
1034  0.908128
1035  0.908096
1036  0.907698
1037  0.907403
1038  0.907475
1039  0.907285
1040  0.907403
1041  0.907498
1042  0.907471
1043  0.907465
1044  0.907636
1045  0.907822
1046  0.907548
1047  0.907557
1048  0.907710
1049  0.907682
1050  0.907592
1051  0.907318
1052  0.907352
1053  0.907286
1054  0.907445
1055  0.907478
1056  0.907557
1057  0.907383
1058  0.907107
1059  0.907107
1060  0.907281
1061  0.907240
1062  0.907060
1063  0.907103
1064  0.907082
1065  0.907161
1066  0.907136
1067  0.907030
1068  0.906960
1069  0.907107
1070  0.907126
1071  0.907238
1072  0.907203
1073  0.907183
1074  0.907168
1075  0.907365
1076  0.907361
1077  0.907448
1078  0.907334
1079  0.907585
1080  0.907804
1081  0.907895
1082  0.908149
1083  0.908188
1084  0.907977
1085  0.908160
1086  0.908279
1087  0.908144
1088  0.907908
1089  0.907767
1090  0.907845
1091  0.907697
1092  0.907782
1093  0.907703
1094  0.907624
1095  0.907675
1096  0.907488
1097  0.907736
1098  0.907947
1099  0.908042
1100  0.907807
1101  0.907545
1102  0.907727
1103  0.908076
1104  0.907938
1105  0.907717
1106  0.907791
1107  0.907941
1108  0.907919
1109  0.907851
1110  0.908021
1111  0.907996
1112  0.907958
1113  0.908045
1114  0.907871
1115  0.907720
1116  0.907681
1117  0.907580
1118  0.907582
1119  0.907590
1120  0.907469
1121  0.907664
1122  0.907884
1123  0.907882
1124  0.907882
1125  0.907994
1126  0.907840
1127  0.907879
1128  0.907929
1129  0.908062
1130  0.908220
1131  0.908367
1132  0.908364
1133  0.908143
1134  0.908123
1135  0.908278
1136  0.908414
1137  0.908451
1138  0.908058
1139  0.908089
1140  0.908108
1141  0.907926
1142  0.907925
1143  0.907969
1144  0.907831
1145  0.907896
1146  0.907852
1147  0.907822
1148  0.907750
1149  0.907761
1150  0.907634
1151  0.907792
1152  0.907747
1153  0.907737
1154  0.907909
1155  0.908002
1156  0.908130
1157  0.907886
1158  0.908113
1159  0.908126
1160  0.908210
1161  0.908326
1162  0.908688
1163  0.908703
1164  0.908880
1165  0.908700
1166  0.908574
1167  0.908571
1168  0.908500
1169  0.908314
1170  0.908017
1171  0.907822
1172  0.908175
1173  0.908189
1174  0.908079
1175  0.908064
1176  0.907901
1177  0.907883
1178  0.908000
1179  0.907760
1180  0.907598
1181  0.907508
1182  0.907510
1183  0.907642
1184  0.907437
1185  0.907524
1186  0.907573
1187  0.907501
1188  0.907385
1189  0.907524
1190  0.907524
1191  0.907696
1192  0.907965
1193  0.907955
1194  0.907801
1195  0.907712
1196  0.907651
1197  0.907976
1198  0.908007
1199  0.907874
1200  0.908170
1201  0.908190
1202  0.908221
1203  0.908276
1204  0.908222
1205  0.908330
1206  0.908344
1207  0.908455
1208  0.908332
1209  0.908359
1210  0.908212
1211  0.908189
1212  0.908302
1213  0.908067
1214  0.908170
1215  0.908262
1216  0.907899
1217  0.907728
1218  0.907775
1219  0.907706
1220  0.907705
1221  0.907901
1222  0.907926
1223  0.907956
1224  0.908043
1225  0.907989
1226  0.907879
1227  0.907733
1228  0.907641
1229  0.907696
1230  0.907800
1231  0.907904
1232  0.907497
1233  0.907386
1234  0.907100
1235  0.907118
1236  0.907223
1237  0.906968
1238  0.906991
1239  0.906954
1240  0.907017
1241  0.906937
1242  0.907217
1243  0.907244
1244  0.907284
1245  0.907292
1246  0.907345
1247  0.907216
1248  0.907099
1249  0.907073
1250  0.906718
1251  0.906816
1252  0.906913
1253  0.906959
1254  0.906812
1255  0.906711
1256  0.906784
1257  0.906748
1258  0.906815
1259  0.906738
1260  0.906682
1261  0.906613
1262  0.906680
1263  0.906464
1264  0.906455
1265  0.906291
1266  0.906159
1267  0.906397
1268  0.906174
1269  0.906153
1270  0.906264
1271  0.906216
1272  0.906169
1273  0.906259
1274  0.906376
1275  0.906306
1276  0.906227
1277  0.906126
1278  0.906172
1279  0.906485
1280  0.906618
1281  0.906632
1282  0.906515
1283  0.906580
1284  0.906716
1285  0.906835
1286  0.906970
1287  0.906858
1288  0.907018
1289  0.906694
1290  0.906601
1291  0.906725
1292  0.906720
1293  0.906735
1294  0.906756
1295  0.906673
1296  0.906764
1297  0.907131
1298  0.907118
1299  0.907066
1300  0.907130
1301  0.907262
1302  0.907358
1303  0.907394
1304  0.907422
1305  0.907405
1306  0.907477
1307  0.907567
1308  0.907662
1309  0.907608
1310  0.907729
1311  0.907958
1312  0.907722
1313  0.907782
1314  0.907570
1315  0.907487
1316  0.907524
1317  0.907236
1318  0.907051
1319  0.906814
1320  0.906663
1321  0.906729
1322  0.906739
1323  0.906698
1324  0.906838
1325  0.906844
1326  0.906955
1327  0.907260
1328  0.907188
1329  0.907117
1330  0.907286
1331  0.907246
1332  0.906912
1333  0.906797
1334  0.906864
1335  0.907064
1336  0.906917
1337  0.906892
1338  0.907240
1339  0.907161
1340  0.907334
1341  0.907520
1342  0.907617
1343  0.907594
1344  0.907596
1345  0.907587
1346  0.907418
1347  0.907366
1348  0.907283
1349  0.907465
1350  0.907388
1351  0.907504
1352  0.907912
1353  0.908043
1354  0.907940
1355  0.907909
1356  0.908013
1357  0.908008
1358  0.908423
1359  0.908229
1360  0.908291
1361  0.908560
1362  0.908452
1363  0.908405
1364  0.908183
1365  0.908310
1366  0.908156
1367  0.908143
1368  0.908317
1369  0.908465
1370  0.908598
1371  0.908472
1372  0.908273
1373  0.908210
1374  0.908213
1375  0.908400
1376  0.908444
1377  0.908229
1378  0.908175
1379  0.908056
1380  0.908178
1381  0.908214
1382  0.908392
1383  0.908567
1384  0.908660
1385  0.908773
1386  0.908955
1387  0.909123
1388  0.909431
1389  0.909443
1390  0.909424
1391  0.909428
1392  0.909478
1393  0.909638
1394  0.909509
1395  0.909475
1396  0.909377
1397  0.909208
1398  0.909227
1399  0.909114
1400  0.908999
1401  0.908942
1402  0.909035
1403  0.908981
1404  0.908926
1405  0.908897
1406  0.909061
1407  0.908913
1408  0.909059
1409  0.909245
1410  0.909101
1411  0.908847
1412  0.908879
1413  0.908987
1414  0.908762
1415  0.908682
1416  0.908757
1417  0.908699
1418  0.908821
1419  0.908684
1420  0.908638
1421  0.908590
1422  0.908514
1423  0.908612
1424  0.908676
1425  0.908475
1426  0.908895
1427  0.908858
1428  0.909136
1429  0.909245
1430  0.909174
1431  0.909260
1432  0.909428
1433  0.909473
1434  0.909469
1435  0.909297
1436  0.909306
1437  0.909570
1438  0.909294
1439  0.909368
1440  0.909434
1441  0.909563
1442  0.909318
1443  0.909585
1444  0.909520
1445  0.909528
1446  0.909619
1447  0.909690
1448  0.909707
1449  0.909686
1450  0.909906
1451  0.909787
1452  0.909882
1453  0.909667
1454  0.909783
1455  0.909847
1456  0.909922
1457  0.909907
1458  0.909567
1459  0.909397
1460  0.909255
1461  0.909413
1462  0.909441
1463  0.909505
1464  0.909496
1465  0.909355
1466  0.909120
1467  0.909383
1468  0.909436
1469  0.909036
1470  0.908932
1471  0.908898
1472  0.908816
1473  0.908562
1474  0.908394
1475  0.908427
1476  0.908429
1477  0.908309
1478  0.908193
1479  0.908509
1480  0.908568
1481  0.908639
1482  0.908365
1483  0.908441
1484  0.908393
1485  0.908603
1486  0.908623
1487  0.908803
1488  0.908769
1489  0.908481
1490  0.908518
1491  0.908537
1492  0.908512
1493  0.908681
1494  0.908411
1495  0.908255
1496  0.908396
1497  0.908575
1498  0.908711
1499  0.908320
1500  0.908004
1501  0.908134
1502  0.908040
1503  0.907965
1504  0.908072
1505  0.908065
1506  0.907768
1507  0.907839
1508  0.908020
1509  0.908086
1510  0.907945
1511  0.907968
1512  0.908153
1513  0.908315
1514  0.908346
1515  0.908356
1516  0.908306
1517  0.908126
1518  0.908089
1519  0.908220
1520  0.908149
1521  0.908152
1522  0.908240
1523  0.908067
1524  0.908059
1525  0.908160
1526  0.908223
1527  0.908283
1528  0.908019
1529  0.908130
1530  0.907906
1531  0.907826
1532  0.907801
1533  0.907639
1534  0.907578
1535  0.907658
1536  0.907756
1537  0.907731
1538  0.907861
1539  0.908005
1540  0.908009
1541  0.908083
1542  0.908276
1543  0.908293
1544  0.908372
1545  0.908009
1546  0.908059
1547  0.908027
1548  0.907903
1549  0.907775
1550  0.908204
1551  0.908285
1552  0.908418
1553  0.908638
1554  0.908590
1555  0.908674
1556  0.908502
1557  0.908470
1558  0.908523
1559  0.908373
1560  0.908313
1561  0.908494
1562  0.908401
1563  0.908439
1564  0.908498
1565  0.908511
1566  0.908256
1567  0.908292
1568  0.908294
1569  0.908315
1570  0.908215
1571  0.908261
1572  0.908228
1573  0.908280
1574  0.908492
1575  0.908656
1576  0.908722
1577  0.908903
1578  0.908930
1579  0.908811
1580  0.908816
1581  0.908558
1582  0.908618
1583  0.908514
1584  0.908381
1585  0.908180
1586  0.908166
1587  0.908217
1588  0.908211
1589  0.908474
1590  0.908503
1591  0.908677
1592  0.908790
1593  0.908743
1594  0.908520
1595  0.908362
1596  0.908742
1597  0.908734
1598  0.908803
1599  0.908994
1600  0.908880
1601  0.908695
1602  0.908422
1603  0.908350
1604  0.908339
1605  0.908294
1606  0.908610
1607  0.908546
1608  0.908453
1609  0.908436
1610  0.908634
1611  0.908423
1612  0.908272
1613  0.908209
1614  0.908283
1615  0.908189
1616  0.908143
1617  0.908213
1618  0.907901
1619  0.908036
1620  0.908425
1621  0.908227
1622  0.908322
1623  0.908490
1624  0.908646
1625  0.908508
1626  0.908429
1627  0.908298
1628  0.908172
1629  0.908158
1630  0.908234
1631  0.908248
1632  0.908505
1633  0.908446
1634  0.908270
1635  0.908564
1636  0.908572
1637  0.908599
1638  0.908628
1639  0.908500
1640  0.908252
1641  0.908511
1642  0.908525
1643  0.908589
1644  0.908533
1645  0.908789
1646  0.908655
1647  0.908559
1648  0.908297
1649  0.908353
1650  0.908167
1651  0.908202
1652  0.908362
1653  0.908174
1654  0.908069
1655  0.908118
1656  0.908139
1657  0.908049
1658  0.908127
1659  0.908416
1660  0.908362
1661  0.908050
1662  0.908102
1663  0.908256
1664  0.908148
1665  0.908395
1666  0.908388
1667  0.908354
1668  0.908434
1669  0.908308
1670  0.908284
1671  0.908224
1672  0.908090
1673  0.908154
1674  0.908159
1675  0.908202
1676  0.908208
1677  0.908150
1678  0.908203
1679  0.908184
1680  0.908065
1681  0.907950
1682  0.907825
1683  0.907933
1684  0.907697
1685  0.907755
1686  0.907786
1687  0.907935
1688  0.908193
1689  0.908301
1690  0.908427
1691  0.908340
1692  0.908292
1693  0.908337
1694  0.908224
1695  0.908284
1696  0.908280
1697  0.908202
1698  0.907964
1699  0.908000
1700  0.908112
1701  0.908053
1702  0.907906
1703  0.907739
1704  0.907886
1705  0.908159
1706  0.908265
1707  0.908281
1708  0.908015
1709  0.908056
1710  0.908299
1711  0.908301
1712  0.908336
1713  0.908357
1714  0.908142
1715  0.908404
1716  0.908147
1717  0.908102
1718  0.908214
1719  0.908213
1720  0.908315
1721  0.908296
1722  0.908287
1723  0.908484
1724  0.908272
1725  0.908297
1726  0.908232
1727  0.908260
1728  0.908193
1729  0.908221
1730  0.908342
1731  0.908410
1732  0.908325
1733  0.908269
1734  0.908228
1735  0.908544
1736  0.908524
1737  0.908539
1738  0.908654
1739  0.908797
1740  0.908931
1741  0.909067
1742  0.909167
1743  0.909048
1744  0.908897
1745  0.908740
1746  0.908380
1747  0.908528
1748  0.908623
1749  0.908951
1750  0.908938
1751  0.908977
1752  0.908987
1753  0.909169
1754  0.908891
1755  0.908691
1756  0.908619
1757  0.908502
1758  0.908497
1759  0.908522
1760  0.908579
1761  0.908719
1762  0.908622
1763  0.908642
1764  0.908640
1765  0.908811
1766  0.908939
1767  0.909056
1768  0.908679
1769  0.908694
1770  0.908483
1771  0.908381
1772  0.908672
1773  0.908627
1774  0.908496
1775  0.908408
1776  0.908623
1777  0.908407
1778  0.908387
1779  0.908363
1780  0.908380
1781  0.908506
1782  0.908856
1783  0.908986
1784  0.909055
1785  0.909201
1786  0.909279
1787  0.909365
1788  0.909423
1789  0.909609
1790  0.909518
1791  0.909438
1792  0.909498
1793  0.909320
1794  0.909188
1795  0.908813
1796  0.909084
1797  0.909141
1798  0.909079
1799  0.909238
1800  0.909312
1801  0.909218
1802  0.909069
1803  0.909367
1804  0.909355
1805  0.909592
1806  0.909758
1807  0.909755
1808  0.909789
1809  0.910051
1810  0.910254
1811  0.910751
1812  0.910697
1813  0.910724
1814  0.910591
1815  0.910596
1816  0.910687
1817  0.910527
1818  0.910321
1819  0.909985
1820  0.910226
1821  0.910183
1822  0.910213
1823  0.910215
1824  0.910029
1825  0.910014
1826  0.909865
1827  0.909960
1828  0.909740
1829  0.909763
1830  0.909759
1831  0.909988
1832  0.910041
1833  0.910046
1834  0.910228
1835  0.910053
1836  0.910053
1837  0.909880
1838  0.909669
1839  0.909617
1840  0.909651
1841  0.909670
1842  0.909754
1843  0.909698
1844  0.909853
1845  0.909998
1846  0.910087
1847  0.910055
1848  0.909575
1849  0.909633
1850  0.909926
1851  0.909695
1852  0.909658
1853  0.909761
1854  0.909911
1855  0.909830
1856  0.910158
1857  0.910235
1858  0.909941
1859  0.909948
1860  0.910249
1861  0.910128
1862  0.910127
1863  0.910191
1864  0.910249
1865  0.909835
1866  0.909561
1867  0.909477
1868  0.909592
1869  0.909833
1870  0.909756
1871  0.909883
1872  0.910004
1873  0.910051
1874  0.909924
1875  0.909936
1876  0.910098
1877  0.909888
1878  0.909726
1879  0.909608
1880  0.909633
1881  0.909685
1882  0.909629
1883  0.909783
1884  0.909969
1885  0.909917
1886  0.910094
1887  0.910130
1888  0.910140
1889  0.910037
1890  0.909904
1891  0.909542
1892  0.909566
1893  0.909541
1894  0.909670
1895  0.909871
1896  0.910118
1897  0.910321
1898  0.910410
1899  0.910604
1900  0.910645
1901  0.910519
1902  0.910408
1903  0.910290
1904  0.910337
1905  0.910345
1906  0.910433
1907  0.910443
1908  0.910325
1909  0.910330
1910  0.910131
1911  0.910066
1912  0.910095
1913  0.909853
1914  0.909907
1915  0.909911
1916  0.909960
1917  0.909910
1918  0.909907
1919  0.910014
1920  0.909982
1921  0.909904
1922  0.909804
1923  0.909649
1924  0.909710
1925  0.909603
1926  0.909839
1927  0.909700
1928  0.909713
1929  0.909763
1930  0.909587
1931  0.909538
1932  0.909257
1933  0.909487
1934  0.909525
1935  0.909391
1936  0.909338
1937  0.909306
1938  0.909364
1939  0.909211
1940  0.909229
1941  0.909188
1942  0.909284
1943  0.909216
1944  0.909082
1945  0.908893
1946  0.908730
1947  0.908815
1948  0.908742
1949  0.908786
1950  0.908991
1951  0.909195
1952  0.909198
1953  0.909402
1954  0.909478
1955  0.909478
1956  0.909706
1957  0.909540
1958  0.909674
1959  0.909804
1960  0.909810
1961  0.909770
1962  0.909685
1963  0.909738
1964  0.909697
1965  0.909684
1966  0.909794
1967  0.909929
1968  0.909567
1969  0.909537
1970  0.909634
1971  0.909608
1972  0.909472
1973  0.909611
1974  0.909344
1975  0.909453
1976  0.909344
1977  0.909469
1978  0.909375
1979  0.909383
1980  0.909020
1981  0.909120
1982  0.909052
1983  0.909256
1984  0.909292
1985  0.909193
1986  0.908895
1987  0.908853
1988  0.908612
1989  0.908748
1990  0.908822
1991  0.908871
1992  0.908668
1993  0.908918
1994  0.909077
1995  0.909180
1996  0.909092
1997  0.909243
1998  0.909273
1999  0.908991
2000  0.908951
2001  0.909003
2002  0.908893
2003  0.908792
2004  0.908926
2005  0.909146
2006  0.909389
2007  0.909670
2008  0.909804
2009  0.909754
2010  0.909617
2011  0.909619
2012  0.909768
2013  0.909598
2014  0.909741
2015  0.909683
2016  0.909638
2017  0.909208
2018  0.909056
2019  0.908986
2020  0.908744
2021  0.908852
2022  0.908840
2023  0.908960
2024  0.909137
2025  0.908977
2026  0.909005
2027  0.909145
2028  0.909497
2029  0.909512
2030  0.909319
2031  0.909473
2032  0.909552
2033  0.909584
2034  0.909358
2035  0.909402
2036  0.909306
2037  0.909166
2038  0.909003
2039  0.908983
2040  0.909343
2041  0.909402
2042  0.909395
2043  0.909541
2044  0.909655
2045  0.909485
2046  0.909318
2047  0.909324
2048  0.909259
2049  0.909346
2050  0.909229
2051  0.909411
2052  0.909311
2053  0.909256
2054  0.909322
2055  0.909234
2056  0.909314
2057  0.909640
2058  0.909305
2059  0.909435
2060  0.909474
2061  0.909470
2062  0.909453
2063  0.909399
2064  0.909053
2065  0.909454
2066  0.909266
2067  0.909115
2068  0.909102
2069  0.908888
2070  0.908793
2071  0.908882
2072  0.908822
2073  0.908791
2074  0.908682
2075  0.908750
2076  0.908747
2077  0.908695
2078  0.908603
2079  0.908641
2080  0.908664
2081  0.908740
2082  0.908658
2083  0.908653
2084  0.908873
2085  0.908592
2086  0.908569
2087  0.908377
2088  0.908364
2089  0.908304
2090  0.908571
2091  0.908540
2092  0.907972
2093  0.908182
2094  0.908394
2095  0.908558
2096  0.908507
2097  0.908535
2098  0.908336
2099  0.908341
2100  0.908353
2101  0.908418
2102  0.908446
2103  0.908526
2104  0.908448
2105  0.908541
2106  0.908510
2107  0.908365
2108  0.908161
2109  0.908052
2110  0.907832
2111  0.907857
2112  0.907670
2113  0.907795
2114  0.907793
2115  0.907492
2116  0.907421
2117  0.907125
2118  0.907122
2119  0.907132
2120  0.907188
2121  0.907186
2122  0.907144
2123  0.907148
2124  0.907232
2125  0.907185
2126  0.907379
2127  0.907377
2128  0.907463
2129  0.907430
2130  0.907570
2131  0.907670
2132  0.907880
2133  0.908035
2134  0.907971
2135  0.908112
2136  0.908163
2137  0.908187
2138  0.908129
2139  0.908186
2140  0.908268
2141  0.908366
2142  0.908687
2143  0.908570
2144  0.908690
2145  0.908743
2146  0.908706
2147  0.908805
2148  0.908824
2149  0.908689
2150  0.908739
2151  0.908661
2152  0.908764
2153  0.908786
2154  0.908693
2155  0.908757
2156  0.908748
2157  0.908619
2158  0.908653
2159  0.908802
2160  0.908992
2161  0.909057
2162  0.909386
2163  0.909571
2164  0.909585
2165  0.909662
2166  0.909991
2167  0.910113
2168  0.910032
2169  0.910076
2170  0.910242
2171  0.910133
2172  0.910152
2173  0.909958
2174  0.910111
2175  0.910229
2176  0.910283
2177  0.910624
2178  0.910653
2179  0.910525
2180  0.910513
2181  0.910635
2182  0.910469
2183  0.910290
2184  0.910125
2185  0.910094
2186  0.910024
2187  0.910014
2188  0.910073
2189  0.910129
2190  0.910134
2191  0.910138
2192  0.910190
2193  0.910420
2194  0.910279
2195  0.910230
2196  0.910270
2197  0.910102
2198  0.909879
2199  0.909827
2200  0.909808
2201  0.909781
2202  0.909806
2203  0.909989
2204  0.909968
2205  0.910033
2206  0.910051
2207  0.910189
2208  0.910398
2209  0.909932
2210  0.909947
2211  0.909772
2212  0.909889
2213  0.909693
2214  0.909592
2215  0.909378
2216  0.909425
2217  0.909205
2218  0.909211
2219  0.909161
2220  0.909283
2221  0.909569
2222  0.909702
2223  0.909700
2224  0.909649
2225  0.909878
2226  0.909912
2227  0.909849
2228  0.909861
2229  0.909765
2230  0.909531
2231  0.909783
2232  0.909676
2233  0.909945
2234  0.910220
2235  0.910189
2236  0.910050
2237  0.910236
2238  0.910258
2239  0.910268
2240  0.910159
2241  0.910340
2242  0.910053
2243  0.910413
2244  0.910540
2245  0.910373
2246  0.910310
2247  0.910291
2248  0.910543
2249  0.910526
2250  0.910423
2251  0.910609
2252  0.910535
2253  0.910479
2254  0.910489
2255  0.910568
2256  0.910485
2257  0.910528
2258  0.910504
2259  0.910342
2260  0.910482
2261  0.910560
2262  0.910416
2263  0.910580
2264  0.910470
2265  0.910392
2266  0.910420
2267  0.910780
2268  0.910689
2269  0.910796
2270  0.910607
2271  0.910713
2272  0.910738
2273  0.910619
2274  0.910707
2275  0.910604
2276  0.910531
2277  0.910592
2278  0.910596
2279  0.910507
2280  0.910658
2281  0.910837
2282  0.910717
2283  0.910686
2284  0.910534
2285  0.910443
2286  0.910589
2287  0.910523
2288  0.910165
2289  0.910350
2290  0.910351
2291  0.910583
2292  0.910580
2293  0.910570
2294  0.910661
2295  0.910459
2296  0.910380
2297  0.910101
2298  0.909917
2299  0.909732
2300  0.910016
2301  0.910072
2302  0.910144
2303  0.910155
2304  0.910168
2305  0.909600
2306  0.909728
2307  0.909988
2308  0.909657
2309  0.909718
2310  0.909564
2311  0.909401
2312  0.909408
2313  0.909386
2314  0.909712
2315  0.909688
2316  0.909418
2317  0.909332
2318  0.909243
2319  0.909108
2320  0.909088
2321  0.909157
2322  0.909359
2323  0.909333
2324  0.909402
2325  0.909507
2326  0.909427
2327  0.909309
2328  0.909261
2329  0.909097
2330  0.909438
2331  0.909242
2332  0.909076
2333  0.909146
2334  0.909121
2335  0.909397
2336  0.909583
2337  0.909622
2338  0.909656
2339  0.909621
2340  0.909778
2341  0.909843
2342  0.909917
2343  0.909979
2344  0.909696
2345  0.909578
2346  0.909544
2347  0.909635
2348  0.909463
2349  0.909623
2350  0.909633
2351  0.909697
2352  0.909816
2353  0.909979
2354  0.909845
2355  0.909802
2356  0.909684
2357  0.909828
2358  0.909934
2359  0.909994
2360  0.910046
2361  0.910044
2362  0.909988
2363  0.910198
2364  0.909905
2365  0.909848
2366  0.910133
2367  0.910224
2368  0.910021
2369  0.909976
2370  0.910049
2371  0.910038
2372  0.909993
2373  0.909923
2374  0.909986
2375  0.909932
2376  0.910110
2377  0.910341
2378  0.909973
2379  0.910149
2380  0.910305
2381  0.910219
2382  0.910334
2383  0.910413
2384  0.910292
2385  0.910090
2386  0.910124
2387  0.910141
2388  0.910063
2389  0.910160
2390  0.910392
2391  0.910142
2392  0.910080
2393  0.910223
2394  0.910299
2395  0.910307
2396  0.910489
2397  0.910351
2398  0.910601
2399  0.910568
2400  0.910568
2401  0.910394
2402  0.910470
2403  0.910473
2404  0.910553
2405  0.910552
2406  0.910655
2407  0.910464
2408  0.910319
2409  0.910232
2410  0.910089
2411  0.910000
2412  0.910053
2413  0.910150
2414  0.909894
2415  0.909812
2416  0.909719
2417  0.909748
2418  0.909899
2419  0.909933
2420  0.909776
2421  0.909651
2422  0.909816
2423  0.909771
2424  0.909785
2425  0.909642
2426  0.909753
2427  0.909267
2428  0.909426
2429  0.909270
2430  0.909024
2431  0.909263
2432  0.909097
2433  0.909183
2434  0.909282
2435  0.909206
2436  0.909242
2437  0.909217
2438  0.909246
2439  0.909187
2440  0.909036
2441  0.908896
2442  0.908993
2443  0.909038
2444  0.908860
2445  0.908948
2446  0.909159
2447  0.909488
2448  0.909431
2449  0.909361
2450  0.909495
2451  0.909346
2452  0.909367
2453  0.909159
2454  0.909152
2455  0.909057
2456  0.908909
2457  0.909106
2458  0.909198
2459  0.909315
2460  0.909477
2461  0.909296
2462  0.909256
2463  0.909360
2464  0.909360
2465  0.909314
2466  0.909152
2467  0.909097
2468  0.909032
2469  0.909013
2470  0.909070
2471  0.909312
2472  0.909397
2473  0.909621
2474  0.909187
2475  0.909266
2476  0.909193
2477  0.909168
2478  0.909419
2479  0.909490
2480  0.909441
2481  0.909415
2482  0.909395
2483  0.909571
2484  0.909601
2485  0.909458
2486  0.909393
2487  0.909269
2488  0.909344
2489  0.909386
2490  0.909187
2491  0.909222
2492  0.909456
2493  0.909463
2494  0.909424
2495  0.909546
2496  0.909416
2497  0.909489
2498  0.909548
2499  0.909619
2500  0.909700
2501  0.909612
2502  0.909732
2503  0.909632
2504  0.909618
2505  0.909707
2506  0.909790
2507  0.909880
2508  0.910185
2509  0.910318
2510  0.910398
2511  0.910569
2512  0.910554
2513  0.910641
2514  0.910869
2515  0.910985
2516  0.910945
2517  0.911117
2518  0.911080
2519  0.911041
2520  0.911048
2521  0.911401
2522  0.911380
2523  0.911322
2524  0.911338
2525  0.911176
2526  0.911022
2527  0.910996
2528  0.910970
2529  0.911021
2530  0.910776
2531  0.911041
2532  0.911211
2533  0.911226
2534  0.911219
2535  0.911048
2536  0.911011
2537  0.911075
2538  0.910878
2539  0.910977
2540  0.910870
2541  0.910774
2542  0.910811
2543  0.910713
2544  0.910664
2545  0.910563
2546  0.910660
2547  0.910471
2548  0.910578
2549  0.910698
2550  0.910331
2551  0.910345
2552  0.910429
2553  0.910436
2554  0.910291
2555  0.910421
2556  0.910277
2557  0.910257
2558  0.910398
2559  0.910424
2560  0.910575
2561  0.910558
2562  0.910480
2563  0.910634
2564  0.910383
2565  0.910336
2566  0.910466
2567  0.910417
2568  0.910367
2569  0.910368
2570  0.910516
2571  0.910593
2572  0.910744
2573  0.910777
2574  0.910582
2575  0.910502
2576  0.910588
2577  0.910617
2578  0.910777
2579  0.910606
2580  0.910649
2581  0.910712
2582  0.910546
2583  0.910635
2584  0.910755
2585  0.910382
2586  0.910131
2587  0.910281
2588  0.910510
2589  0.910422
2590  0.910395
2591  0.910453
2592  0.910236
2593  0.910091
2594  0.909995
2595  0.909724
2596  0.909454
2597  0.909426
2598  0.909451
2599  0.909483
2600  0.909675
2601  0.909639
2602  0.909573
2603  0.909346
2604  0.909622
2605  0.909342
2606  0.909461
2607  0.909309
2608  0.909309
2609  0.909438
2610  0.909419
2611  0.909493
2612  0.909376
2613  0.909419
2614  0.909557
2615  0.909384
2616  0.909157
2617  0.908983
2618  0.908591
2619  0.908872
2620  0.908986
2621  0.908952
2622  0.909018
2623  0.909203
2624  0.909211
2625  0.909015
2626  0.909204
2627  0.909137
2628  0.909246
2629  0.909259
2630  0.909258
2631  0.909255
2632  0.909133
2633  0.908945
2634  0.908973
2635  0.908842
2636  0.908760
2637  0.908647
2638  0.908907
2639  0.909071
2640  0.908875
2641  0.908670
2642  0.908909
2643  0.909003
2644  0.908890
2645  0.909031
2646  0.908953
2647  0.908925
2648  0.909399
2649  0.909671
2650  0.909696
2651  0.909799
2652  0.909743
2653  0.909823
2654  0.910005
2655  0.910029
2656  0.910040
2657  0.910115
2658  0.910374
2659  0.910549
2660  0.910724
2661  0.910619
2662  0.910736
2663  0.910620
2664  0.910730
2665  0.910637
2666  0.910693
2667  0.910944
2668  0.910940
2669  0.911142
2670  0.911089
2671  0.911168
2672  0.910969
2673  0.910813
2674  0.910978
2675  0.911198
2676  0.911306
2677  0.911163
2678  0.911343
2679  0.911224
2680  0.911011
2681  0.911093
2682  0.911235
2683  0.911482
2684  0.911426
2685  0.911161
2686  0.911049
2687  0.911177
2688  0.911011
2689  0.911169
2690  0.911351
2691  0.911320
2692  0.911034
2693  0.911155
2694  0.911258
2695  0.911320
2696  0.911389
2697  0.911583
2698  0.911451
2699  0.911613
2700  0.911687
2701  0.911555
2702  0.911496
2703  0.911345
2704  0.911540
2705  0.911548
2706  0.911593
2707  0.911310
2708  0.911465
2709  0.911664
2710  0.911788
2711  0.911688
2712  0.911732
2713  0.911594
2714  0.911652
2715  0.911419
2716  0.911382
2717  0.911367
2718  0.911300
2719  0.911297
2720  0.911333
2721  0.911728
2722  0.911750
2723  0.911251
2724  0.911153
2725  0.911230
2726  0.911043
2727  0.911139
2728  0.910993
2729  0.911032
2730  0.911225
2731  0.911016
2732  0.911227
2733  0.911567
2734  0.911594
2735  0.911762
2736  0.911772
2737  0.911596
2738  0.911894
2739  0.911696
2740  0.911875
2741  0.911769
2742  0.911551
2743  0.911569
2744  0.911504
2745  0.911472
2746  0.911432
2747  0.911225
2748  0.911168
2749  0.911092
2750  0.911382
2751  0.911379
2752  0.911010
2753  0.911050
2754  0.910969
2755  0.910825
2756  0.910761
2757  0.910724
2758  0.910896
2759  0.911148
2760  0.910915
2761  0.910910
2762  0.910851
2763  0.910742
2764  0.910886
2765  0.910862
2766  0.910776
2767  0.910622
2768  0.910893
2769  0.910884
2770  0.910748
2771  0.910579
2772  0.910575
2773  0.910421
2774  0.910456
2775  0.910475
2776  0.910669
2777  0.910584
2778  0.910686
2779  0.910583
2780  0.910635
2781  0.910734
2782  0.911074
2783  0.911231
2784  0.911053
2785  0.911233
2786  0.911147
2787  0.910986
2788  0.910912
2789  0.911023
2790  0.911163
2791  0.911152
2792  0.911254
2793  0.911311
2794  0.911499
2795  0.911524
2796  0.911502
2797  0.911260
2798  0.911343
2799  0.911052
2800  0.911170
2801  0.910915
2802  0.910830
2803  0.910913
2804  0.911094
2805  0.911157
2806  0.910999
2807  0.910897
2808  0.910715
2809  0.910561
2810  0.910496
2811  0.910211
2812  0.910179
2813  0.910143
2814  0.910332
2815  0.910285
2816  0.910081
2817  0.910060
2818  0.910094
2819  0.910484
2820  0.910682
2821  0.910679
2822  0.910395
2823  0.910257
2824  0.910085
2825  0.910047
2826  0.909730
2827  0.909372
2828  0.909421
2829  0.909300
2830  0.909270
2831  0.909481
2832  0.909347
2833  0.909634
2834  0.909643
2835  0.909703
2836  0.909630
2837  0.909788
2838  0.909737
2839  0.909790
2840  0.909885
2841  0.909965
2842  0.909555
2843  0.909887
2844  0.909770
2845  0.909796
2846  0.909858
2847  0.909891
2848  0.909649
2849  0.909477
2850  0.909334
2851  0.909546
2852  0.909488
2853  0.909709
2854  0.909688
2855  0.909440
2856  0.909525
2857  0.909670
2858  0.909357
2859  0.909327
2860  0.909188
2861  0.909261
2862  0.909195
2863  0.909419
2864  0.909478
2865  0.909624
2866  0.909837
2867  0.909939
2868  0.909906
2869  0.910023
2870  0.910080
2871  0.910291
2872  0.909947
2873  0.910114
2874  0.910269
2875  0.910233
2876  0.910229
2877  0.910304
2878  0.910199
2879  0.910074
2880  0.909712
2881  0.909553
2882  0.909418
2883  0.909502
2884  0.909470
2885  0.909481
2886  0.909291
2887  0.909477
2888  0.909526
2889  0.909524
2890  0.909681
2891  0.909495
2892  0.909374
2893  0.909376
2894  0.909510
2895  0.909395
2896  0.909364
2897  0.909323
2898  0.909536
2899  0.909677
2900  0.909546
2901  0.909383
2902  0.909573
2903  0.909643
2904  0.909555
2905  0.909525
2906  0.909534
2907  0.909899
2908  0.910075
2909  0.910356
2910  0.910410
2911  0.910441
2912  0.910243
2913  0.910118
2914  0.909939
2915  0.909847
2916  0.909690
2917  0.909935
2918  0.909874
2919  0.910253
2920  0.910121
2921  0.910072
2922  0.910086
2923  0.910054
2924  0.909741
2925  0.909596
2926  0.909598
2927  0.909605
2928  0.909600
2929  0.909200
2930  0.909203
2931  0.909232
2932  0.909300
2933  0.909495
2934  0.909617
2935  0.909306
2936  0.909376
2937  0.909451
2938  0.909144
2939  0.909241
2940  0.909227
2941  0.909441
2942  0.909520
2943  0.909701
2944  0.909903
2945  0.909573
2946  0.909735
2947  0.909561
2948  0.909509
2949  0.909745
2950  0.909640
2951  0.909355
2952  0.909298
2953  0.909235
2954  0.909438
2955  0.909452
2956  0.909518
2957  0.909484
2958  0.909195
2959  0.908998
2960  0.908757
2961  0.908626
2962  0.908609
2963  0.908489
2964  0.908376
2965  0.908939
2966  0.909113
2967  0.909247
2968  0.909215
2969  0.909261
2970  0.909131
2971  0.909054
2972  0.908845
2973  0.908677
2974  0.908716
2975  0.908757
2976  0.909023
2977  0.909147
2978  0.909209
2979  0.909466
2980  0.909695
2981  0.909775
2982  0.909497
2983  0.909274
2984  0.909177
2985  0.909127
2986  0.909085
2987  0.909101
2988  0.909100
2989  0.908992
2990  0.909039
2991  0.908901
2992  0.908935
2993  0.909176
2994  0.908948
2995  0.908909
2996  0.908872
2997  0.908670
2998  0.908624
2999  0.908652
3000  0.908504
3001  0.908541
3002  0.908469
3003  0.908565
3004  0.908565
3005  0.908487
3006  0.908535
3007  0.908511
3008  0.908474
3009  0.908715
3010  0.908694
3011  0.908553
3012  0.908680
3013  0.908705
3014  0.908762
3015  0.908884
3016  0.908795
3017  0.908767
3018  0.908666
3019  0.908670
3020  0.908502
3021  0.908437
3022  0.908731
3023  0.909020
3024  0.908908
3025  0.908769
3026  0.908778
3027  0.908931
3028  0.908965
3029  0.909004
3030  0.908802
3031  0.908680
3032  0.908638
3033  0.908780
3034  0.908723
3035  0.908538
3036  0.908967
3037  0.909186
3038  0.909240
3039  0.909172
3040  0.909381
3041  0.909202
3042  0.909102
3043  0.909097
3044  0.909048
3045  0.908856
3046  0.909030
3047  0.909338
3048  0.909467
3049  0.909814
3050  0.909704
3051  0.909432
3052  0.909174
3053  0.909193
3054  0.909233
3055  0.909497
3056  0.909510
3057  0.909391
3058  0.909596
3059  0.909535
3060  0.909523
3061  0.909489
3062  0.909456
3063  0.909516
3064  0.909447
3065  0.909499
3066  0.909361
3067  0.909431
3068  0.909367
3069  0.909248
3070  0.909307
3071  0.909381
3072  0.909048
3073  0.909302
3074  0.909510
3075  0.909534
3076  0.909465
3077  0.909527
3078  0.909707
3079  0.909703
3080  0.909604
3081  0.909861
3082  0.909735
3083  0.909692
3084  0.909821
3085  0.909820
3086  0.909693
3087  0.909746
3088  0.909660
3089  0.909686
3090  0.909713
3091  0.909742
3092  0.909878
3093  0.909894
3094  0.910245
3095  0.910250
3096  0.910310
3097  0.910246
3098  0.910452
3099  0.910598
3100  0.910564
3101  0.910760
3102  0.910828
3103  0.910947
3104  0.910975
3105  0.910681
3106  0.910591
3107  0.910356
3108  0.910508
3109  0.910135
3110  0.910051
3111  0.910076
3112  0.910263
3113  0.910317
3114  0.910146
3115  0.910098
3116  0.910317
3117  0.910376
3118  0.910399
3119  0.910468
3120  0.910465
3121  0.910419
3122  0.910509
3123  0.910403
3124  0.910445
3125  0.910724
3126  0.910732
3127  0.910672
3128  0.910426
3129  0.910341
3130  0.910331
3131  0.910752
3132  0.910688
3133  0.910553
3134  0.910600
3135  0.910642
3136  0.910574
3137  0.910790
3138  0.910752
3139  0.910718
3140  0.910590
3141  0.910647
3142  0.910420
3143  0.910224
3144  0.910222
3145  0.910212
3146  0.910423
3147  0.910402
3148  0.910564
3149  0.910282
3150  0.910168
3151  0.909967
3152  0.909781
3153  0.909692
3154  0.909706
3155  0.910082
3156  0.910027
3157  0.910006
3158  0.909886
3159  0.909629
3160  0.909723
3161  0.909700
3162  0.910072
3163  0.909806
3164  0.909523
3165  0.909624
3166  0.909602
3167  0.909403
3168  0.909411
3169  0.909510
3170  0.909262
3171  0.909231
3172  0.909172
3173  0.909147
3174  0.909179
3175  0.909390
3176  0.909468
3177  0.909602
3178  0.909679
3179  0.909959
3180  0.910092
3181  0.910198
3182  0.910204
3183  0.909897
3184  0.909539
3185  0.909406
3186  0.909532
3187  0.909624
3188  0.909729
3189  0.909823
3190  0.909698
3191  0.909562
3192  0.909576
3193  0.909815
3194  0.909958
3195  0.909968
3196  0.910035
3197  0.910153
3198  0.910094
3199  0.909913
3200  0.909716
3201  0.909856
3202  0.910078
3203  0.909896
3204  0.910044
3205  0.910076
3206  0.910134
3207  0.910170
3208  0.910160
3209  0.910073
3210  0.910205
3211  0.910121
3212  0.910069
3213  0.909926
3214  0.909647
3215  0.909658
3216  0.909455
3217  0.909370
3218  0.909666
3219  0.909768
3220  0.909609
3221  0.909574
3222  0.909708
3223  0.909781
3224  0.910014
3225  0.910062
3226  0.910170
3227  0.910104
3228  0.910083
3229  0.909806
3230  0.909712
3231  0.909574
3232  0.909465
3233  0.909222
3234  0.908959
3235  0.909139
3236  0.909321
3237  0.909589
3238  0.909640
3239  0.909676
3240  0.909575
3241  0.909640
3242  0.909770
3243  0.909841
3244  0.910097
3245  0.910289
3246  0.910197
3247  0.910410
3248  0.910378
3249  0.910231
3250  0.910324
3251  0.910235
3252  0.910209
3253  0.910010
3254  0.909871
3255  0.909782
3256  0.909499
3257  0.909703
3258  0.909837
3259  0.909859
3260  0.909787
3261  0.909818
3262  0.909628
3263  0.909908
3264  0.909830
3265  0.909995
3266  0.909729
3267  0.909949
3268  0.909989
3269  0.909911
3270  0.909624
3271  0.909623
3272  0.910037
3273  0.909903
3274  0.909699
3275  0.909751
3276  0.909782
3277  0.909896
3278  0.909748
3279  0.909770
3280  0.909822
3281  0.909705
3282  0.909922
3283  0.909954
3284  0.909904
3285  0.909817
3286  0.909906
3287  0.909865
3288  0.909686
3289  0.909852
3290  0.909975
3291  0.909981
3292  0.909781
3293  0.909717
3294  0.909746
3295  0.909827
3296  0.909648
3297  0.909613
3298  0.909747
3299  0.909850
3300  0.909919
3301  0.909965
3302  0.910014
3303  0.909798
3304  0.910014
3305  0.910222
3306  0.910216
3307  0.910437
3308  0.910264
3309  0.909985
3310  0.910127
3311  0.910071
3312  0.909933
3313  0.910310
3314  0.910396
3315  0.910229
3316  0.910253
3317  0.910350
3318  0.910161
3319  0.910201
3320  0.910378
3321  0.910198
3322  0.910335
3323  0.910292
3324  0.910351
3325  0.910523
3326  0.910567
3327  0.910427
3328  0.910598
3329  0.910449
3330  0.910328
3331  0.910539
3332  0.910464
3333  0.910175
3334  0.910138
3335  0.909958
3336  0.910030
3337  0.909994
3338  0.909786
3339  0.909587
3340  0.909440
3341  0.909206
3342  0.909368
3343  0.909561
3344  0.909428
3345  0.909451
3346  0.909646
3347  0.909400
3348  0.909492
3349  0.909465
3350  0.909207
3351  0.909341
3352  0.909475
3353  0.909371
3354  0.909376
3355  0.909339
3356  0.909282
3357  0.909212
3358  0.909147
3359  0.909102
3360  0.909261
3361  0.909540
3362  0.909674
3363  0.909772
3364  0.909762
3365  0.909800
3366  0.909818
3367  0.909753
3368  0.909658
3369  0.909734
3370  0.910042
3371  0.909903
3372  0.909697
3373  0.909857
3374  0.909819
3375  0.909819
3376  0.909765
3377  0.909929
3378  0.910032
3379  0.910000
3380  0.909976
3381  0.910262
3382  0.910143
3383  0.909883
3384  0.910017
3385  0.910251
3386  0.910420
3387  0.910152
3388  0.910138
3389  0.909738
3390  0.910034
3391  0.910084
3392  0.909959
3393  0.910167
3394  0.909988
3395  0.910094
3396  0.910407
3397  0.910470
3398  0.910469
3399  0.910502
3400  0.910394
3401  0.910353
3402  0.910484
3403  0.910503
3404  0.910432
3405  0.910253
3406  0.910529
3407  0.910475
3408  0.910476
3409  0.910240
3410  0.910052
3411  0.910166
3412  0.910061
3413  0.910198
3414  0.910184
3415  0.910214
3416  0.910218
3417  0.910016
3418  0.909734
3419  0.909700
3420  0.909391
3421  0.909505
3422  0.909476
3423  0.909459
3424  0.909394
3425  0.909379
3426  0.909704
3427  0.909710
3428  0.909544
3429  0.909416
3430  0.909350
3431  0.909095
3432  0.909063
3433  0.908976
3434  0.909093
3435  0.909187
3436  0.909101
3437  0.909247
3438  0.909428
3439  0.909644
3440  0.909586
3441  0.909634
3442  0.909673
3443  0.909500
3444  0.909321
3445  0.909177
3446  0.909387
3447  0.909252
3448  0.909422
3449  0.909401
3450  0.909325
3451  0.909535
3452  0.909342
3453  0.909388
3454  0.909138
3455  0.909376
3456  0.909170
3457  0.909358
3458  0.909566
3459  0.909481
3460  0.909467
3461  0.909313
3462  0.909316
3463  0.909232
3464  0.909330
3465  0.909323
3466  0.909456
3467  0.909757
3468  0.909787
3469  0.909968
3470  0.910019
3471  0.909858
3472  0.909830
3473  0.909896
3474  0.909716
3475  0.909576
3476  0.909522
3477  0.909392
3478  0.909486
3479  0.909502
3480  0.909455
3481  0.909330
3482  0.909403
3483  0.909563
3484  0.909570
3485  0.909633
3486  0.909371
3487  0.909486
3488  0.909639
3489  0.909558
3490  0.909586
3491  0.909536
3492  0.909628
3493  0.909470
3494  0.909369
3495  0.909474
3496  0.909431
3497  0.909808
3498  0.909822
3499  0.909704
3500  0.909505
3501  0.909231
3502  0.909141
3503  0.909323
3504  0.908944
3505  0.908978
3506  0.908832
3507  0.908632
3508  0.908806
3509  0.908833
3510  0.908811
3511  0.909008
3512  0.909049
3513  0.908861
3514  0.908646
3515  0.908697
3516  0.908444
3517  0.908506
3518  0.908367
3519  0.908400
3520  0.908413
3521  0.908385
3522  0.908215
3523  0.908273
3524  0.908127
3525  0.908165
3526  0.907977
3527  0.908253
3528  0.908473
3529  0.908276
3530  0.908488
3531  0.908706
3532  0.908817
3533  0.909048
3534  0.908920
3535  0.908590
3536  0.908620
3537  0.908964
3538  0.908818
3539  0.908961
3540  0.908981
3541  0.908965
3542  0.909206
3543  0.909218
3544  0.909058
3545  0.908787
3546  0.908573
3547  0.908416
3548  0.908327
3549  0.908423
3550  0.908533
3551  0.908865
3552  0.908868
3553  0.908899
3554  0.909097
3555  0.909462
3556  0.909838
3557  0.909653
3558  0.909559
3559  0.909401
3560  0.909557
3561  0.909407
3562  0.909162
3563  0.909270
3564  0.909140
3565  0.909025
3566  0.909015
3567  0.909102
3568  0.909130
3569  0.909278
3570  0.909208
3571  0.909240
3572  0.909358
3573  0.909329
3574  0.909225
3575  0.909119
3576  0.908997
3577  0.908921
3578  0.908845
3579  0.908948
3580  0.908579
3581  0.908546
3582  0.908681
3583  0.908872
3584  0.908854
3585  0.908828
3586  0.908912
3587  0.909059
3588  0.908967
3589  0.909076
3590  0.909241
3591  0.909392
3592  0.909342
3593  0.909286
3594  0.909633
3595  0.909648
3596  0.909300
3597  0.909321
3598  0.909551
3599  0.909305
3600  0.909407
3601  0.909351
3602  0.909368
3603  0.909159
3604  0.909149
3605  0.909131
3606  0.909183
3607  0.909067
3608  0.909125
3609  0.908974
3610  0.908901
3611  0.908814
3612  0.908876
3613  0.908705
3614  0.908649
3615  0.908807
3616  0.908766
3617  0.908692
3618  0.908606
3619  0.908438
3620  0.908583
3621  0.908739
3622  0.908634
3623  0.908479
3624  0.908505
3625  0.908426
3626  0.908243
3627  0.908305
3628  0.908349
3629  0.908362
3630  0.908247
3631  0.908111
3632  0.908599
3633  0.908583
3634  0.908482
3635  0.908246
3636  0.908183
3637  0.908207
3638  0.908189
3639  0.908367
3640  0.908191
3641  0.908409
3642  0.908302
3643  0.907925
3644  0.907976
3645  0.908131
3646  0.908133
3647  0.908112
3648  0.908003
3649  0.907937
3650  0.907949
3651  0.907869
3652  0.907826
3653  0.907854
3654  0.907808
3655  0.908038
3656  0.907841
3657  0.907865
3658  0.907800
3659  0.907672
3660  0.907731
3661  0.907579
3662  0.907720
3663  0.907724
3664  0.907672
3665  0.907565
3666  0.907776
3667  0.907782
3668  0.907925
3669  0.907926
3670  0.907616
3671  0.907607
3672  0.907582
3673  0.907522
3674  0.907236
3675  0.907069
3676  0.907035
3677  0.907009
3678  0.907116
3679  0.907076
3680  0.906906
3681  0.907082
3682  0.907318
3683  0.907410
3684  0.907499
3685  0.907713
3686  0.907437
3687  0.907394
3688  0.907549
3689  0.907272
3690  0.907079
3691  0.907125
3692  0.907256
3693  0.907323
3694  0.907235
3695  0.907175
3696  0.907239
3697  0.906895
3698  0.907159
3699  0.907086
3700  0.906900
3701  0.907065
3702  0.907023
3703  0.907203
3704  0.907006
3705  0.907269
3706  0.907121
3707  0.907032
3708  0.907254
3709  0.907512
3710  0.907419
3711  0.907454
3712  0.907235
3713  0.906942
3714  0.907061
3715  0.906799
3716  0.907036
3717  0.907127
3718  0.907150
3719  0.906745
3720  0.906839
3721  0.906723
3722  0.906376
3723  0.906427
3724  0.906521
3725  0.906781
3726  0.906772
3727  0.907181
3728  0.907355
3729  0.907300
3730  0.907312
3731  0.907337
3732  0.907339
3733  0.907160
3734  0.907381
3735  0.907319
3736  0.907307
3737  0.907298
3738  0.907475
3739  0.907380
3740  0.907456
3741  0.907425
3742  0.907512
3743  0.907427
3744  0.907365
3745  0.907495
3746  0.907453
3747  0.907501
3748  0.907153
3749  0.906975
3750  0.906992
3751  0.906770
3752  0.906908
3753  0.906925
3754  0.906967
3755  0.907171
3756  0.907356
3757  0.907315
3758  0.907230
3759  0.907205
3760  0.907210
3761  0.907070
3762  0.907170
3763  0.907047
3764  0.906865
3765  0.906669
3766  0.906595
3767  0.906824
3768  0.907246
3769  0.907082
3770  0.907348
3771  0.907437
3772  0.907465
3773  0.907494
3774  0.907489
3775  0.907658
3776  0.907558
3777  0.907413
3778  0.907324
3779  0.907512
3780  0.907332
3781  0.907331
3782  0.907204
3783  0.906860
3784  0.906828
3785  0.906503
3786  0.906904
3787  0.906812
3788  0.906631
3789  0.906694
3790  0.906756
3791  0.907014
3792  0.906743
3793  0.906801
3794  0.906978
3795  0.906784
3796  0.906981
3797  0.906961
3798  0.907207
3799  0.907326
3800  0.907243
3801  0.907027
3802  0.906935
3803  0.906965
3804  0.906692
3805  0.906880
3806  0.906971
3807  0.907081
3808  0.906978
3809  0.907043
3810  0.906987
3811  0.907070
3812  0.907271
3813  0.907081
3814  0.907012
3815  0.906873
3816  0.906877
3817  0.906815
3818  0.907044
3819  0.907071
3820  0.907258
3821  0.907072
3822  0.907061
3823  0.906824
3824  0.907139
3825  0.907105
3826  0.907228
3827  0.907141
3828  0.907299
3829  0.907200
3830  0.907425
3831  0.907284
3832  0.907436
3833  0.907551
3834  0.907452
3835  0.907610
3836  0.907490
3837  0.907281
3838  0.907372
3839  0.907307
3840  0.907191
3841  0.907237
3842  0.907190
3843  0.907155
3844  0.907174
3845  0.907331
3846  0.907338
3847  0.907538
3848  0.907620
3849  0.907443
3850  0.907259
3851  0.907208
3852  0.906813
3853  0.906640
3854  0.906743
3855  0.906625
3856  0.906852
3857  0.906795
3858  0.906518
3859  0.906500
3860  0.906528
3861  0.906512
3862  0.906682
3863  0.906728
3864  0.906854
3865  0.907079
3866  0.907019
3867  0.907242
3868  0.907300
3869  0.907084
3870  0.907062
3871  0.907232
3872  0.907367
3873  0.907492
3874  0.907588
3875  0.907620
3876  0.907799
3877  0.907788
3878  0.907987
3879  0.907972
3880  0.908068
3881  0.908256
3882  0.908226
3883  0.908092
3884  0.908218
3885  0.908146
3886  0.908087
3887  0.908038
3888  0.908227
3889  0.908402
3890  0.908497
3891  0.908560
3892  0.908728
3893  0.908919
3894  0.908689
3895  0.908934
3896  0.908785
3897  0.908729
3898  0.908846
3899  0.908807
3900  0.908756
3901  0.908937
3902  0.908854
3903  0.909078
3904  0.909058
3905  0.909033
3906  0.909025
3907  0.908920
3908  0.908782
3909  0.908795
3910  0.908682
3911  0.908669
3912  0.908765
3913  0.908613
3914  0.908447
3915  0.908455
3916  0.908570
3917  0.908959
3918  0.908938
3919  0.908787
3920  0.908766
3921  0.909078
3922  0.909202
3923  0.909216
3924  0.909004
3925  0.909112
3926  0.909262
3927  0.909458
3928  0.909481
3929  0.909453
3930  0.909505
3931  0.909461
3932  0.909344
3933  0.909607
3934  0.909720
3935  0.909623
3936  0.909512
3937  0.909101
3938  0.909383
3939  0.909425
3940  0.909489
3941  0.909548
3942  0.909486
3943  0.909408
3944  0.909382
3945  0.909342
3946  0.909335
3947  0.909371
3948  0.909225
3949  0.909347
3950  0.909321
3951  0.909216
3952  0.909133
3953  0.908949
3954  0.908943
3955  0.908784
3956  0.908888
3957  0.909035
3958  0.908990
3959  0.909000
3960  0.908919
3961  0.908912
3962  0.909104
3963  0.908919
3964  0.908840
3965  0.908720
3966  0.908690
3967  0.908773
3968  0.908773
3969  0.908789
3970  0.908982
3971  0.908869
3972  0.908941
3973  0.909100
3974  0.908992
3975  0.908820
3976  0.908646
3977  0.908704
3978  0.908650
3979  0.908729
3980  0.908905
3981  0.909218
3982  0.909204
3983  0.909199
3984  0.909258
3985  0.909241
3986  0.909248
3987  0.909423
3988  0.909366
3989  0.909369
3990  0.909307
3991  0.909397
3992  0.909323
3993  0.909023
3994  0.908978
3995  0.909076
3996  0.909116
3997  0.909258
3998  0.909130
3999  0.909188
4000  0.909126
4001  0.909085
4002  0.908794
4003  0.908944
4004  0.909109
4005  0.909227
4006  0.908914
4007  0.908691
4008  0.908747
4009  0.908935
4010  0.908630
4011  0.908714
4012  0.908518
4013  0.908427
4014  0.908475
4015  0.908455
4016  0.908631
4017  0.908686
4018  0.908659
4019  0.908401
4020  0.908380
4021  0.908489
4022  0.908635
4023  0.908851
4024  0.908577
4025  0.908526
4026  0.908449
4027  0.908508
4028  0.908535
4029  0.908348
4030  0.908381
4031  0.908520
4032  0.908675
4033  0.908431
4034  0.908552
4035  0.908404
4036  0.908331
4037  0.908403
4038  0.908499
4039  0.908556
4040  0.908413
4041  0.908616
4042  0.908684
4043  0.908460
4044  0.908251
4045  0.908117
4046  0.907987
4047  0.907931
4048  0.907962
4049  0.907647
4050  0.907746
4051  0.907936
4052  0.907941
4053  0.908057
4054  0.908021
4055  0.908145
4056  0.908225
4057  0.908032
4058  0.908173
4059  0.908083
4060  0.907851
4061  0.907898
4062  0.907932
4063  0.907677
4064  0.907505
4065  0.907572
4066  0.907601
4067  0.907445
4068  0.907676
4069  0.907727
4070  0.907682
4071  0.907832
4072  0.907847
4073  0.908018
4074  0.908042
4075  0.908188
4076  0.908107
4077  0.908154
4078  0.908011
4079  0.907852
4080  0.908035
4081  0.908151
4082  0.907995
4083  0.908070
4084  0.908037
4085  0.908217
4086  0.908144
4087  0.908606
4088  0.908730
4089  0.908718
4090  0.908766
4091  0.908823
4092  0.908691
4093  0.908794
4094  0.908465
4095  0.908459
4096  0.908466
4097  0.908641
4098  0.908522
4099  0.908704
4100  0.908436
4101  0.908274
4102  0.908493
4103  0.908324
4104  0.908232
4105  0.908173
4106  0.908029
4107  0.908005
4108  0.908164
4109  0.908242
4110  0.908344
4111  0.908065
4112  0.908189
4113  0.908496
4114  0.908463
4115  0.908597
4116  0.908154
4117  0.908302
4118  0.908180
4119  0.908053
4120  0.908154
4121  0.908084
4122  0.908034
4123  0.908241
4124  0.908208
4125  0.907877
4126  0.907983
4127  0.908095
4128  0.908194
4129  0.908293
4130  0.908253
4131  0.908369
4132  0.908287
4133  0.908314
4134  0.908267
4135  0.908453
4136  0.908483
4137  0.908387
4138  0.908641
4139  0.908735
4140  0.908793
4141  0.908880
4142  0.909099
4143  0.909041
4144  0.909011
4145  0.909132
4146  0.909157
4147  0.909131
4148  0.909055
4149  0.909163
4150  0.909126
4151  0.909177
4152  0.909203
4153  0.909009
4154  0.909026
4155  0.908991
4156  0.909064
4157  0.908797
4158  0.908877
4159  0.909084
4160  0.909041
4161  0.909091
4162  0.909344
4163  0.909136
4164  0.909003
4165  0.909102
4166  0.909344
4167  0.909449
4168  0.909339
4169  0.909319
4170  0.909263
4171  0.909009
4172  0.909283
4173  0.909386
4174  0.909466
4175  0.909278
4176  0.909153
4177  0.909047
4178  0.908996
4179  0.908828
4180  0.909016
4181  0.909126
4182  0.909198
4183  0.909140
4184  0.909165
4185  0.909081
4186  0.909140
4187  0.909158
4188  0.909430
4189  0.909330
4190  0.909381
4191  0.909479
4192  0.909415
4193  0.909124
4194  0.909095
4195  0.908993
4196  0.909039
4197  0.908757
4198  0.908808
4199  0.908750
4200  0.908919
4201  0.908583
4202  0.908759
4203  0.909205
4204  0.909171
4205  0.909078
4206  0.909055
4207  0.909260
4208  0.909062
4209  0.909127
4210  0.909108
4211  0.909131
4212  0.909319
4213  0.909423
4214  0.909517
4215  0.909327
4216  0.909363
4217  0.909049
4218  0.909090
4219  0.909180
4220  0.909385
4221  0.909675
4222  0.909521
4223  0.909691
4224  0.909618
4225  0.909555
4226  0.909310
4227  0.909304
4228  0.909253
4229  0.909228
4230  0.908996
4231  0.908883
4232  0.908938
4233  0.908786
4234  0.908774
4235  0.908758
4236  0.908919
4237  0.908950
4238  0.909058
4239  0.909175
4240  0.909107
4241  0.909184
4242  0.909443
4243  0.909439
4244  0.909225
4245  0.909505
4246  0.909433
4247  0.909402
4248  0.909566
4249  0.909656
4250  0.909553
4251  0.909531
4252  0.909897
4253  0.909990
4254  0.910024
4255  0.910261
4256  0.910157
4257  0.910097
4258  0.910102
4259  0.910015
4260  0.910014
4261  0.909887
4262  0.909763
4263  0.909631
4264  0.909602
4265  0.909501
4266  0.909293
4267  0.909519
4268  0.909421
4269  0.909167
4270  0.909175
4271  0.909168
4272  0.908696
4273  0.908755
4274  0.908784
4275  0.908599
4276  0.908568
4277  0.908651
4278  0.908985
4279  0.908838
4280  0.908820
4281  0.908834
4282  0.908933
4283  0.908773
4284  0.908946
4285  0.908941
4286  0.909180
4287  0.909148
4288  0.909260
4289  0.909048
4290  0.908894
4291  0.908841
4292  0.908862
4293  0.908965
4294  0.909006
4295  0.908711
4296  0.909013
4297  0.908776
4298  0.908938
4299  0.909030
4300  0.908934
4301  0.908648
4302  0.908573
4303  0.908470
4304  0.908867
4305  0.908990
4306  0.909115
4307  0.908921
4308  0.909016
4309  0.909049
4310  0.908818
4311  0.908647
4312  0.908667
4313  0.908664
4314  0.908735
4315  0.908993
4316  0.909020
4317  0.909226
4318  0.909568
4319  0.909533
4320  0.909582
4321  0.909370
4322  0.909514
4323  0.909457
4324  0.909443
4325  0.909619
4326  0.909660
4327  0.909354
4328  0.909284
4329  0.909042
4330  0.909145
4331  0.909108
4332  0.909220
4333  0.909206
4334  0.909304
4335  0.909430
4336  0.909481
4337  0.909267
4338  0.909385
4339  0.909541
4340  0.909805
4341  0.909959
4342  0.910131
4343  0.910005
4344  0.910014
4345  0.910065
4346  0.910004
4347  0.909896
4348  0.910066
4349  0.910010
4350  0.909889
4351  0.910049
4352  0.910045
4353  0.910015
4354  0.909735
4355  0.909887
4356  0.909848
4357  0.909809
4358  0.909431
4359  0.909310
4360  0.908999
4361  0.909279
4362  0.909560
4363  0.909399
4364  0.909358
4365  0.909409
4366  0.909416
4367  0.909682
4368  0.909505
4369  0.909303
4370  0.909449
4371  0.909458
4372  0.909774
4373  0.909766
4374  0.909708
4375  0.909759
4376  0.909771
4377  0.909628
4378  0.909839
4379  0.909930
4380  0.910076
4381  0.909988
4382  0.910076
4383  0.910139
4384  0.910012
4385  0.910280
4386  0.910210
4387  0.909998
4388  0.910222
4389  0.910416
4390  0.910496
4391  0.910678
4392  0.910454
4393  0.910466
4394  0.910220
4395  0.910078
4396  0.909999
4397  0.909789
4398  0.909988
4399  0.910148
4400  0.910509
4401  0.910908
4402  0.910997
4403  0.910664
4404  0.910776
4405  0.910408
4406  0.910522
4407  0.910436
4408  0.910393
4409  0.910575
4410  0.910414
4411  0.910268
4412  0.910222
4413  0.910360
4414  0.910345
4415  0.910431
4416  0.910562
4417  0.910615
4418  0.910609
4419  0.910603
4420  0.910718
4421  0.910747
4422  0.910606
4423  0.910578
4424  0.910281
4425  0.910133
4426  0.910012
4427  0.910037
4428  0.910095
4429  0.910163
4430  0.910303
4431  0.910304
4432  0.910245
4433  0.910259
4434  0.910354
4435  0.910440
4436  0.910444
4437  0.910455
4438  0.910378
4439  0.910367
4440  0.910390
4441  0.910265
4442  0.910067
4443  0.910080
4444  0.909996
4445  0.910205
4446  0.910378
4447  0.910562
4448  0.910378
4449  0.910242
4450  0.910419
4451  0.910543
4452  0.910488
4453  0.910439
4454  0.910779
4455  0.910707
4456  0.910682
4457  0.910845
4458  0.910747
4459  0.910761
4460  0.910839
4461  0.910837
4462  0.910806
4463  0.910800
4464  0.911101
4465  0.910927
4466  0.910957
4467  0.910960
4468  0.910594
4469  0.910447
4470  0.910506
4471  0.910498
4472  0.910749
4473  0.910650
4474  0.910509
4475  0.910410
4476  0.910522
4477  0.910357
4478  0.910769
4479  0.910763
4480  0.910688
4481  0.910530
4482  0.910550
4483  0.910556
4484  0.910601
4485  0.910378
4486  0.910391
4487  0.910258
4488  0.910343
4489  0.910402
4490  0.910374
4491  0.910674
4492  0.910785
4493  0.911089
4494  0.911083
4495  0.911084
4496  0.911253
4497  0.911203
4498  0.911421
4499  0.911682
4500  0.911680
4501  0.911781
4502  0.911754
4503  0.911714
4504  0.911942
4505  0.912048
4506  0.911917
4507  0.912056
4508  0.912196
4509  0.912130
4510  0.912055
4511  0.911904
4512  0.911903
4513  0.911604
4514  0.911961
4515  0.911876
4516  0.912140
4517  0.912223
4518  0.911990
4519  0.911991
4520  0.912239
4521  0.912374
4522  0.912512
4523  0.912718
4524  0.913008
4525  0.913117
4526  0.912699
4527  0.912996
4528  0.913314
4529  0.913139
4530  0.913149
4531  0.913247
4532  0.913147
4533  0.913293
4534  0.913166
4535  0.913025
4536  0.913306
4537  0.913175
4538  0.913278
4539  0.913239
4540  0.913514
4541  0.913292
4542  0.913257
4543  0.913266
4544  0.913310
4545  0.913198
4546  0.913399
4547  0.913292
4548  0.913271
4549  0.913232
4550  0.913048
4551  0.913112
4552  0.913303
4553  0.913170
4554  0.913058
4555  0.912827
4556  0.912827
4557  0.912901
4558  0.912671
4559  0.912733
4560  0.912776
4561  0.912687
4562  0.912822
4563  0.912607
4564  0.912657
4565  0.912730
4566  0.912816
4567  0.913004
4568  0.913112
4569  0.913017
4570  0.912818
4571  0.912776
4572  0.912859
4573  0.912728
4574  0.912802
4575  0.913075
4576  0.913130
4577  0.913339
4578  0.913421
4579  0.913374
4580  0.913498
4581  0.913689
4582  0.913733
4583  0.913738
4584  0.913777
4585  0.913927
4586  0.913989
4587  0.913722
4588  0.913574
4589  0.913754
4590  0.913868
4591  0.913961
4592  0.913875
4593  0.913922
4594  0.913845
4595  0.914054
4596  0.913819
4597  0.913743
4598  0.913947
4599  0.914025
4600  0.914078
4601  0.914138
4602  0.914160
4603  0.914173
4604  0.914071
4605  0.913810
4606  0.914039
4607  0.913686
4608  0.913538
4609  0.913413
4610  0.913426
4611  0.913589
4612  0.913438
4613  0.913348
4614  0.913272
4615  0.913254
4616  0.913307
4617  0.913217
4618  0.913435
4619  0.913203
4620  0.913120
4621  0.913144
4622  0.913101
4623  0.913056
4624  0.913239
4625  0.913214
4626  0.913244
4627  0.913323
4628  0.913025
4629  0.913005
4630  0.912881
4631  0.912880
4632  0.912697
4633  0.912657
4634  0.912633
4635  0.912532
4636  0.912347
4637  0.912256
4638  0.912273
4639  0.912138
4640  0.912147
4641  0.912298
4642  0.912358
4643  0.912390
4644  0.912100
4645  0.912102
4646  0.912111
4647  0.912051
4648  0.912339
4649  0.912237
4650  0.912337
4651  0.912000
4652  0.911901
4653  0.911928
4654  0.911630
4655  0.911617
4656  0.911767
4657  0.911835
4658  0.911903
4659  0.911689
4660  0.911606
4661  0.911546
4662  0.911543
4663  0.911792
4664  0.911883
4665  0.911793
4666  0.911922
4667  0.911847
4668  0.911798
4669  0.911642
4670  0.911516
4671  0.911549
4672  0.911680
4673  0.911546
4674  0.911600
4675  0.911515
4676  0.911587
4677  0.911433
4678  0.910849
4679  0.910648
4680  0.910410
4681  0.910422
4682  0.910457
4683  0.910215
4684  0.910310
4685  0.910254
4686  0.910395
4687  0.910469
4688  0.910386
4689  0.910594
4690  0.910618
4691  0.910430
4692  0.910179
4693  0.910319
4694  0.910415
4695  0.910587
4696  0.910529
4697  0.910505
4698  0.910531
4699  0.910471
4700  0.910645
4701  0.910733
4702  0.910883
4703  0.910820
4704  0.910774
4705  0.910812
4706  0.910616
4707  0.910647
4708  0.910682
4709  0.910766
4710  0.910687
4711  0.910882
4712  0.910950
4713  0.910892
4714  0.910811
4715  0.910636
4716  0.910603
4717  0.910139
4718  0.910236
4719  0.910113
4720  0.910160
4721  0.910171
4722  0.910335
4723  0.910382
4724  0.910559
4725  0.910608
4726  0.910763
4727  0.910631
4728  0.910751
4729  0.910914
4730  0.910852
4731  0.910829
4732  0.910823
4733  0.911074
4734  0.910787
4735  0.910702
4736  0.910728
4737  0.910837
4738  0.910889
4739  0.910960
4740  0.910867
4741  0.911031
4742  0.910897
4743  0.911127
4744  0.911069
4745  0.911159
4746  0.911128
4747  0.911220
4748  0.911224
4749  0.911191
4750  0.911114
4751  0.910947
4752  0.910850
4753  0.910722
4754  0.910800
4755  0.910809
4756  0.910832
4757  0.910735
4758  0.910794
4759  0.910901
4760  0.911035
4761  0.910911
4762  0.910753
4763  0.910829
4764  0.910780
4765  0.910904
4766  0.910855
4767  0.910826
4768  0.910563
4769  0.910688
4770  0.910488
4771  0.910258
4772  0.910381
4773  0.910569
4774  0.910473
4775  0.910533
4776  0.910415
4777  0.910536
4778  0.910205
4779  0.910406
4780  0.910317
4781  0.910242
4782  0.910272
4783  0.910612
4784  0.910749
4785  0.910872
4786  0.910771
4787  0.910828
4788  0.910823
4789  0.910578
4790  0.910593
4791  0.910452
4792  0.910323
4793  0.910016
4794  0.909831
4795  0.909856
4796  0.909608
4797  0.909631
4798  0.909781
4799  0.909853
4800  0.910130
4801  0.910094
4802  0.910254
4803  0.910201
4804  0.910098
4805  0.910240
4806  0.910116
4807  0.910063
4808  0.910222
4809  0.910330
4810  0.910311
4811  0.909918
4812  0.910098
4813  0.909936
4814  0.909919
4815  0.909889
4816  0.909890
4817  0.910319
4818  0.910090
4819  0.909970
4820  0.910159
4821  0.910113
4822  0.909796
4823  0.909639
4824  0.909636
4825  0.909397
4826  0.909539
4827  0.909828
4828  0.910161
4829  0.910271
4830  0.910409
4831  0.910512
4832  0.910348
4833  0.910288
4834  0.910335
4835  0.910358
4836  0.910269
4837  0.910335
4838  0.910076
4839  0.910015
4840  0.910265
4841  0.910401
4842  0.910644
4843  0.910553
4844  0.910469
4845  0.910510
4846  0.910550
4847  0.910762
4848  0.910821
4849  0.911021
4850  0.911009
4851  0.911266
4852  0.911624
4853  0.911560
4854  0.911619
4855  0.911722
4856  0.911781
4857  0.911888
4858  0.912188
4859  0.912078
4860  0.912234
4861  0.912137
4862  0.912118
4863  0.912007
4864  0.911965
4865  0.911995
4866  0.911808
4867  0.911818
4868  0.911649
4869  0.911715
4870  0.911605
4871  0.911542
4872  0.911732
4873  0.911552
4874  0.911555
4875  0.911908
4876  0.911915
4877  0.911800
4878  0.911590
4879  0.911887
4880  0.911895
4881  0.912081
4882  0.912342
4883  0.912524
4884  0.912549
4885  0.912960
4886  0.913091
4887  0.912910
4888  0.913171
4889  0.913261
4890  0.913426
4891  0.913249
4892  0.913241
4893  0.913221
4894  0.913362
4895  0.913397
4896  0.913397
4897  0.913412
4898  0.913135
4899  0.912737
4900  0.912467
4901  0.912496
4902  0.912528
4903  0.912490
4904  0.912306
4905  0.912617
4906  0.912783
4907  0.912713
4908  0.912722
4909  0.912603
4910  0.912762
4911  0.912536
4912  0.912400
4913  0.912756
4914  0.912746
4915  0.912787
4916  0.912783
4917  0.912808
4918  0.912924
4919  0.912926
4920  0.913325
4921  0.913580
4922  0.913687
4923  0.913694
4924  0.913701
4925  0.913556
4926  0.913191
4927  0.913022
4928  0.912932
4929  0.912833
4930  0.912846
4931  0.912747
4932  0.912709
4933  0.912884
4934  0.913012
4935  0.912797
4936  0.912676
4937  0.912683
4938  0.912886
4939  0.912820
4940  0.912826
4941  0.912902
4942  0.912996
4943  0.913369
4944  0.913373
4945  0.913215
4946  0.913208
4947  0.912847
4948  0.912616
4949  0.912644
4950  0.912644
4951  0.912549
4952  0.912780
4953  0.912641
4954  0.912572
4955  0.912459
4956  0.912668
4957  0.912598
4958  0.912764
4959  0.912708
4960  0.912738
4961  0.912582
4962  0.912363
4963  0.912454
4964  0.912181
4965  0.912147
4966  0.911930
4967  0.911849
4968  0.911569
4969  0.911722
4970  0.911569
4971  0.911280
4972  0.911036
4973  0.910737
4974  0.910620
4975  0.910527
4976  0.910797
4977  0.910760
4978  0.910779
4979  0.910899
4980  0.910893
4981  0.910905
4982  0.910788
4983  0.910702
4984  0.910816
4985  0.910471
4986  0.910361
4987  0.910709
4988  0.910732
4989  0.910498
4990  0.910747
4991  0.910745
4992  0.910819
4993  0.910761
4994  0.910860
4995  0.911052
4996  0.911219
4997  0.911364
4998  0.911450
4999  0.911412
