# Spinor density |Psi|^2 at t = 5
# Grid: 64 x 64
# Columns: x  y  density
0  0  0.00010203
1  0  0.00066315
2  0  0.00034026
3  0  0.00019064
4  0  0.00019838
5  0  0.00024017
6  0  0.00012914
7  0  0.00017010
8  0  0.00037946
9  0  0.00014608
10  0  0.00020065
11  0  0.00013217
12  0  0.00018943
13  0  0.00018070
14  0  0.00038375
15  0  0.00017551
16  0  0.00021807
17  0  0.00015832
18  0  0.00037758
19  0  0.00031197
20  0  0.00031951
21  0  0.00017883
22  0  0.00038924
23  0  0.00032498
24  0  0.00011449
25  0  0.00034227
26  0  0.00027932
27  0  0.00027300
28  0  0.00013816
29  0  0.00040436
30  0  0.00008858
31  0  0.00020821
32  0  0.00011639
33  0  0.00015191
34  0  0.00015311
35  0  0.00022983
36  0  0.00027770
37  0  0.00024284
38  0  0.00014584
39  0  0.00012812
40  0  0.00021893
41  0  0.00032118
42  0  0.00010498
43  0  0.00056526
44  0  0.00012337
45  0  0.00007834
46  0  0.00022729
47  0  0.00025380
48  0  0.00026923
49  0  0.00038465
50  0  0.00021187
51  0  0.00009722
52  0  0.00038108
53  0  0.00037496
54  0  0.00009605
55  0  0.00023084
56  0  0.00028249
57  0  0.00026700
58  0  0.00017673
59  0  0.00025276
60  0  0.00009784
61  0  0.00027965
62  0  0.00022599
63  0  0.00026995
0  1  0.00015532
1  1  0.00035592
2  1  0.00035362
3  1  0.00029876
4  1  0.00025401
5  1  0.00032699
6  1  0.00023440
7  1  0.00019935
8  1  0.00017077
9  1  0.00025240
10  1  0.00026146
11  1  0.00018546
12  1  0.00009980
13  1  0.00019075
14  1  0.00005918
15  1  0.00013727
16  1  0.00016014
17  1  0.00032055
18  1  0.00041516
19  1  0.00038882
20  1  0.00019023
21  1  0.00020085
22  1  0.00019757
23  1  0.00033571
24  1  0.00026303
25  1  0.00021541
26  1  0.00038087
27  1  0.00055368
28  1  0.00030498
29  1  0.00028524
30  1  0.00009535
31  1  0.00036809
32  1  0.00045978
33  1  0.00014109
34  1  0.00006109
35  1  0.00040575
36  1  0.00028981
37  1  0.00015415
38  1  0.00018363
39  1  0.00021718
40  1  0.00033326
41  1  0.00009420
42  1  0.00041983
43  1  0.00032223
44  1  0.00013207
45  1  0.00014761
46  1  0.00021962
47  1  0.00030036
48  1  0.00020373
49  1  0.00029662
50  1  0.00017466
51  1  0.00038268
52  1  0.00019401
53  1  0.00046664
54  1  0.00017487
55  1  0.00029130
56  1  0.00024878
57  1  0.00048582
58  1  0.00027635
59  1  0.00025012
60  1  0.00029023
61  1  0.00028879
62  1  0.00019477
63  1  0.00032674
0  2  0.00027101
1  2  0.00038065
2  2  0.00040532
3  2  0.00015541
4  2  0.00031768
5  2  0.00017168
6  2  0.00032285
7  2  0.00020911
8  2  0.00009864
9  2  0.00033180
10  2  0.00035550
11  2  0.00013384
12  2  0.00015762
13  2  0.00040803
14  2  0.00019455
15  2  0.00041491
16  2  0.00017213
17  2  0.00029726
18  2  0.00040822
19  2  0.00035502
20  2  0.00025418
21  2  0.00023453
22  2  0.00032768
23  2  0.00020079
24  2  0.00025280
25  2  0.00006184
26  2  0.00033703
27  2  0.00008979
28  2  0.00015891
29  2  0.00034608
30  2  0.00023216
31  2  0.00042598
32  2  0.00012283
33  2  0.00027400
34  2  0.00020063
35  2  0.00025896
36  2  0.00021767
37  2  0.00034293
38  2  0.00048415
39  2  0.00010255
40  2  0.00040497
41  2  0.00034592
42  2  0.00018104
43  2  0.00026767
44  2  0.00050383
45  2  0.00020416
46  2  0.00016130
47  2  0.00016275
48  2  0.00031101
49  2  0.00030584
50  2  0.00027222
51  2  0.00021650
52  2  0.00011531
53  2  0.00014564
54  2  0.00017186
55  2  0.00045761
56  2  0.00040261
57  2  0.00008599
58  2  0.00050557
59  2  0.00034505
60  2  0.00016226
61  2  0.00009761
62  2  0.00035608
63  2  0.00006279
0  3  0.00023575
1  3  0.00016661
2  3  0.00056944
3  3  0.00013211
4  3  0.00015728
5  3  0.00014055
6  3  0.00009232
7  3  0.00012027
8  3  0.00013727
9  3  0.00015781
10  3  0.00029979
11  3  0.00013081
12  3  0.00017312
13  3  0.00024288
14  3  0.00019383
15  3  0.00006019
16  3  0.00035704
17  3  0.00008983
18  3  0.00015029
19  3  0.00030207
20  3  0.00010970
21  3  0.00024201
22  3  0.00010768
23  3  0.00025402
24  3  0.00028134
25  3  0.00032131
26  3  0.00041793
27  3  0.00020632
28  3  0.00021950
29  3  0.00026718
30  3  0.00026324
31  3  0.00031170
32  3  0.00035331
33  3  0.00014054
34  3  0.00006477
35  3  0.00032433
36  3  0.00035252
37  3  0.00020100
38  3  0.00013043
39  3  0.00027322
40  3  0.00032766
41  3  0.00025757
42  3  0.00059356
43  3  0.00004408
44  3  0.00008736
45  3  0.00048429
46  3  0.00010494
47  3  0.00010677
48  3  0.00020414
49  3  0.00018354
50  3  0.00020377
51  3  0.00036649
52  3  0.00019719
53  3  0.00051186
54  3  0.00015910
55  3  0.00046530
56  3  0.00037492
57  3  0.00022736
58  3  0.00035014
59  3  0.00024423
60  3  0.00014272
61  3  0.00019528
62  3  0.00035560
63  3  0.00017030
0  4  0.00030230
1  4  0.00013200
2  4  0.00012296
3  4  0.00039875
4  4  0.00034610
5  4  0.00009057
6  4  0.00029596
7  4  0.00033788
8  4  0.00033996
9  4  0.00018412
10  4  0.00030128
11  4  0.00005260
12  4  0.00021171
13  4  0.00028057
14  4  0.00011914
15  4  0.00009625
16  4  0.00022891
17  4  0.00014555
18  4  0.00044947
19  4  0.00029310
20  4  0.00031458
21  4  0.00017749
22  4  0.00035978
23  4  0.00034098
24  4  0.00016408
25  4  0.00036339
26  4  0.00009766
27  4  0.00014816
28  4  0.00029106
29  4  0.00043269
30  4  0.00030464
31  4  0.00012187
32  4  0.00007862
33  4  0.00013888
34  4  0.00080364
35  4  0.00012299
36  4  0.00021751
37  4  0.00018268
38  4  0.00020243
39  4  0.00026237
40  4  0.00010800
41  4  0.00048029
42  4  0.00034576
43  4  0.00018976
44  4  0.00049418
45  4  0.00043563
46  4  0.00013702
47  4  0.00015796
48  4  0.00007646
49  4  0.00015088
50  4  0.00015164
51  4  0.00007281
52  4  0.00023647
53  4  0.00017812
54  4  0.00013477
55  4  0.00018180
56  4  0.00022525
57  4  0.00020686
58  4  0.00013487
59  4  0.00024356
60  4  0.00005028
61  4  0.00008751
62  4  0.00038394
63  4  0.00017226
0  5  0.00027691
1  5  0.00022164
2  5  0.00022501
3  5  0.00012646
4  5  0.00026680
5  5  0.00020666
6  5  0.00032671
7  5  0.00031807
8  5  0.00021540
9  5  0.00050879
10  5  0.00044235
11  5  0.00034539
12  5  0.00016399
13  5  0.00016431
14  5  0.00031311
15  5  0.00011083
16  5  0.00017917
17  5  0.00018045
18  5  0.00025771
19  5  0.00043092
20  5  0.00017224
21  5  0.00011448
22  5  0.00014954
23  5  0.00030835
24  5  0.00003999
25  5  0.00035681
26  5  0.00055920
27  5  0.00030559
28  5  0.00012928
29  5  0.00013631
30  5  0.00012910
31  5  0.00056352
32  5  0.00051171
33  5  0.00009975
34  5  0.00023791
35  5  0.00018503
36  5  0.00014089
37  5  0.00018419
38  5  0.00018014
39  5  0.00030222
40  5  0.00026246
41  5  0.00016516
42  5  0.00021634
43  5  0.00059676
44  5  0.00030145
45  5  0.00033026
46  5  0.00026107
47  5  0.00025995
48  5  0.00037496
49  5  0.00016641
50  5  0.00010062
51  5  0.00046765
52  5  0.00020692
53  5  0.00028109
54  5  0.00032666
55  5  0.00028407
56  5  0.00017468
57  5  0.00020201
58  5  0.00021100
59  5  0.00043555
60  5  0.00014097
61  5  0.00018762
62  5  0.00069209
63  5  0.00029971
0  6  0.00015818
1  6  0.00028617
2  6  0.00020554
3  6  0.00002862
4  6  0.00028358
5  6  0.00012873
6  6  0.00010322
7  6  0.00047404
8  6  0.00048271
9  6  0.00018743
10  6  0.00006552
11  6  0.00041658
12  6  0.00020303
13  6  0.00005633
14  6  0.00032331
15  6  0.00021083
16  6  0.00021134
17  6  0.00040841
18  6  0.00008819
19  6  0.00012835
20  6  0.00018037
21  6  0.00010038
22  6  0.00035843
23  6  0.00039800
24  6  0.00031879
25  6  0.00022239
26  6  0.00020329
27  6  0.00010243
28  6  0.00017749
29  6  0.00011619
30  6  0.00043829
31  6  0.00019757
32  6  0.00007977
33  6  0.00015697
34  6  0.00014677
35  6  0.00024364
36  6  0.00034515
37  6  0.00024533
38  6  0.00035433
39  6  0.00038248
40  6  0.00030461
41  6  0.00010536
42  6  0.00040762
43  6  0.00032787
44  6  0.00030311
45  6  0.00028473
46  6  0.00023773
47  6  0.00027433
48  6  0.00029411
49  6  0.00017465
50  6  0.00028802
51  6  0.00013829
52  6  0.00022012
53  6  0.00019298
54  6  0.00018944
55  6  0.00017401
56  6  0.00030068
57  6  0.00020568
58  6  0.00029100
59  6  0.00036329
60  6  0.00004853
61  6  0.00018694
62  6  0.00017484
63  6  0.00029548
0  7  0.00036325
1  7  0.00011701
2  7  0.00031456
3  7  0.00010847
4  7  0.00023567
5  7  0.00008495
6  7  0.00031869
7  7  0.00030391
8  7  0.00023063
9  7  0.00024834
10  7  0.00010858
11  7  0.00007690
12  7  0.00011000
13  7  0.00021941
14  7  0.00016844
15  7  0.00015603
16  7  0.00015967
17  7  0.00061009
18  7  0.00042737
19  7  0.00036467
20  7  0.00026404
21  7  0.00016781
22  7  0.00025753
23  7  0.00032604
24  7  0.00013663
25  7  0.00067209
26  7  0.00010507
27  7  0.00012395
28  7  0.00039515
29  7  0.00023143
30  7  0.00012446
31  7  0.00012069
32  7  0.00011659
33  7  0.00015749
34  7  0.00010324
35  7  0.00020283
36  7  0.00024409
37  7  0.00035375
38  7  0.00021754
39  7  0.00021119
40  7  0.00007950
41  7  0.00018192
42  7  0.00020463
43  7  0.00025964
44  7  0.00019102
45  7  0.00032159
46  7  0.00015114
47  7  0.00016726
48  7  0.00014987
49  7  0.00016496
50  7  0.00026749
51  7  0.00007576
52  7  0.00012979
53  7  0.00020445
54  7  0.00018601
55  7  0.00009840
56  7  0.00022614
57  7  0.00008984
58  7  0.00026295
59  7  0.00019981
60  7  0.00028849
61  7  0.00027472
62  7  0.00031926
63  7  0.00028079
0  8  0.00018088
1  8  0.00024393
2  8  0.00027957
3  8  0.00017285
4  8  0.00023802
5  8  0.00006058
6  8  0.00023049
7  8  0.00014969
8  8  0.00063060
9  8  0.00016984
10  8  0.00036418
11  8  0.00006335
12  8  0.00014147
13  8  0.00016563
14  8  0.00015495
15  8  0.00024253
16  8  0.00018675
17  8  0.00042925
18  8  0.00043325
19  8  0.00028851
20  8  0.00035037
21  8  0.00014478
22  8  0.00015852
23  8  0.00058465
24  8  0.00028230
25  8  0.00018994
26  8  0.00033605
27  8  0.00023255
28  8  0.00017738
29  8  0.00017903
30  8  0.00010877
31  8  0.00033146
32  8  0.00024822
33  8  0.00012657
34  8  0.00023589
35  8  0.00026043
36  8  0.00015674
37  8  0.00026090
38  8  0.00025510
39  8  0.00035919
40  8  0.00032588
41  8  0.00026894
42  8  0.00050144
43  8  0.00016276
44  8  0.00036408
45  8  0.00010089
46  8  0.00015598
47  8  0.00021185
48  8  0.00034137
49  8  0.00032823
50  8  0.00038299
51  8  0.00029902
52  8  0.00030771
53  8  0.00008062
54  8  0.00016522
55  8  0.00016812
56  8  0.00023060
57  8  0.00009564
58  8  0.00018331
59  8  0.00026739
60  8  0.00019407
61  8  0.00023512
62  8  0.00012613
63  8  0.00019281
0  9  0.00019622
1  9  0.00022809
2  9  0.00030137
3  9  0.00012838
4  9  0.00017381
5  9  0.00025760
6  9  0.00032796
7  9  0.00008703
8  9  0.00019461
9  9  0.00038452
10  9  0.00021964
11  9  0.00026886
12  9  0.00009422
13  9  0.00034676
14  9  0.00034573
15  9  0.00050891
16  9  0.00024593
17  9  0.00036921
18  9  0.00011954
19  9  0.00024151
20  9  0.00021573
21  9  0.00006732
22  9  0.00015470
23  9  0.00012670
24  9  0.00014777
25  9  0.00024824
26  9  0.00027156
27  9  0.00017190
28  9  0.00036013
29  9  0.00022044
30  9  0.00034892
31  9  0.00015618
32  9  0.00015034
33  9  0.00028019
34  9  0.00019589
35  9  0.00010117
36  9  0.00041453
37  9  0.00026376
38  9  0.00043151
39  9  0.00006339
40  9  0.00008067
41  9  0.00024237
42  9  0.00005867
43  9  0.00016823
44  9  0.00016261
45  9  0.00023393
46  9  0.00053254
47  9  0.00018424
48  9  0.00018408
49  9  0.00038806
50  9  0.00009222
51  9  0.00036502
52  9  0.00013600
53  9  0.00060506
54  9  0.00032684
55  9  0.00011718
56  9  0.00012631
57  9  0.00044006
58  9  0.00025140
59  9  0.00018106
60  9  0.00055911
61  9  0.00013071
62  9  0.00025499
63  9  0.00027887
0  10  0.00026144
1  10  0.00013919
2  10  0.00012390
3  10  0.00035014
4  10  0.00027620
5  10  0.00027030
6  10  0.00030162
7  10  0.00009439
8  10  0.00026454
9  10  0.00020875
10  10  0.00011588
11  10  0.00022071
12  10  0.00023374
13  10  0.00021000
14  10  0.00014208
15  10  0.00014885
16  10  0.00029406
17  10  0.00013015
18  10  0.00017154
19  10  0.00058438
20  10  0.00023329
21  10  0.00046847
22  10  0.00018622
23  10  0.00015240
24  10  0.00043021
25  10  0.00021131
26  10  0.00036051
27  10  0.00022018
28  10  0.00029003
29  10  0.00014689
30  10  0.00027957
31  10  0.00027491
32  10  0.00042105
33  10  0.00015695
34  10  0.00023101
35  10  0.00027839
36  10  0.00038472
37  10  0.00022225
38  10  0.00034966
39  10  0.00036140
40  10  0.00014703
41  10  0.00017866
42  10  0.00027893
43  10  0.00031424
44  10  0.00008235
45  10  0.00024988
46  10  0.00027116
47  10  0.00014298
48  10  0.00033984
49  10  0.00015082
50  10  0.00039528
51  10  0.00033569
52  10  0.00026629
53  10  0.00014989
54  10  0.00015465
55  10  0.00031381
56  10  0.00025675
57  10  0.00017804
58  10  0.00022139
59  10  0.00036324
60  10  0.00010777
61  10  0.00024486
62  10  0.00034414
63  10  0.00013042
0  11  0.00033758
1  11  0.00035030
2  11  0.00010257
3  11  0.00013477
4  11  0.00010945
5  11  0.00047872
6  11  0.00034339
7  11  0.00026769
8  11  0.00040974
9  11  0.00034335
10  11  0.00017381
11  11  0.00041176
12  11  0.00009084
13  11  0.00027008
14  11  0.00035526
15  11  0.00018150
16  11  0.00017873
17  11  0.00006582
18  11  0.00049982
19  11  0.00035530
20  11  0.00024182
21  11  0.00022525
22  11  0.00010884
23  11  0.00019995
24  11  0.00028957
25  11  0.00050064
26  11  0.00028998
27  11  0.00022535
28  11  0.00014813
29  11  0.00010837
30  11  0.00027894
31  11  0.00021866
32  11  0.00013803
33  11  0.00028938
34  11  0.00027433
35  11  0.00011143
36  11  0.00035305
37  11  0.00017528
38  11  0.00029991
39  11  0.00020635
40  11  0.00034525
41  11  0.00029251
42  11  0.00017158
43  11  0.00008664
44  11  0.00015991
45  11  0.00017270
46  11  0.00006433
47  11  0.00026431
48  11  0.00016670
49  11  0.00013970
50  11  0.00015404
51  11  0.00018562
52  11  0.00006558
53  11  0.00025952
54  11  0.00020926
55  11  0.00012914
56  11  0.00017814
57  11  0.00015270
58  11  0.00002289
59  11  0.00015321
60  11  0.00036374
61  11  0.00019887
62  11  0.00060077
63  11  0.00016550
0  12  0.00016319
1  12  0.00029795
2  12  0.00012238
3  12  0.00025673
4  12  0.00023677
5  12  0.00047769
6  12  0.00015752
7  12  0.00043109
8  12  0.00012288
9  12  0.00015937
10  12  0.00021093
11  12  0.00025965
12  12  0.00012883
13  12  0.00009493
14  12  0.00035309
15  12  0.00011551
16  12  0.00012388
17  12  0.00019128
18  12  0.00011422
19  12  0.00036747
20  12  0.00044683
21  12  0.00016533
22  12  0.00013678
23  12  0.00025493
24  12  0.00031026
25  12  0.00042604
26  12  0.00045272
27  12  0.00033693
28  12  0.00011972
29  12  0.00034960
30  12  0.00023659
31  12  0.00031585
32  12  0.00021942
33  12  0.00026890
34  12  0.00035006
35  12  0.00016392
36  12  0.00012172
37  12  0.00023203
38  12  0.00010844
39  12  0.00017992
40  12  0.00036089
41  12  0.00046573
42  12  0.00019529
43  12  0.00008983
44  12  0.00030830
45  12  0.00038335
46  12  0.00010039
47  12  0.00014500
48  12  0.00012649
49  12  0.00017837
50  12  0.00037447
51  12  0.00017402
52  12  0.00008232
53  12  0.00011913
54  12  0.00006063
55  12  0.00008832
56  12  0.00009487
57  12  0.00014281
58  12  0.00019986
59  12  0.00004509
60  12  0.00040048
61  12  0.00021854
62  12  0.00020299
63  12  0.00021300
0  13  0.00022008
1  13  0.00018593
2  13  0.00020213
3  13  0.00010000
4  13  0.00019594
5  13  0.00040835
6  13  0.00014333
7  13  0.00022408
8  13  0.00037928
9  13  0.00021651
10  13  0.00020596
11  13  0.00041961
12  13  0.00013496
13  13  0.00041377
14  13  0.00013528
15  13  0.00041769
16  13  0.00008000
17  13  0.00027306
18  13  0.00030013
19  13  0.00018203
20  13  0.00023263
21  13  0.00009097
22  13  0.00026349
23  13  0.00006233
24  13  0.00007727
25  13  0.00025682
26  13  0.00011535
27  13  0.00042739
28  13  0.00011308
29  13  0.00019038
30  13  0.00020959
31  13  0.00045945
32  13  0.00012375
33  13  0.00005467
34  13  0.00036909
35  13  0.00025771
36  13  0.00024475
37  13  0.00028419
38  13  0.00028639
39  13  0.00012231
40  13  0.00018422
41  13  0.00004778
42  13  0.00042913
43  13  0.00015609
44  13  0.00030883
45  13  0.00023022
46  13  0.00017040
47  13  0.00013553
48  13  0.00041870
49  13  0.00033106
50  13  0.00023236
51  13  0.00033724
52  13  0.00006320
53  13  0.00009818
54  13  0.00017663
55  13  0.00036277
56  13  0.00027139
57  13  0.00030971
58  13  0.00016535
59  13  0.00024032
60  13  0.00021945
61  13  0.00012278
62  13  0.00036250
63  13  0.00019765
0  14  0.00026002
1  14  0.00025794
2  14  0.00008079
3  14  0.00005192
4  14  0.00037863
5  14  0.00022577
6  14  0.00045264
7  14  0.00029074
8  14  0.00008906
9  14  0.00025429
10  14  0.00021608
11  14  0.00021604
12  14  0.00029062
13  14  0.00006126
14  14  0.00033917
15  14  0.00018321
16  14  0.00017136
17  14  0.00037311
18  14  0.00019156
19  14  0.00019205
20  14  0.00028760
21  14  0.00028994
22  14  0.00012352
23  14  0.00021088
24  14  0.00035100
25  14  0.00015008
26  14  0.00023130
27  14  0.00015072
28  14  0.00011558
29  14  0.00012218
30  14  0.00049918
31  14  0.00051957
32  14  0.00029149
33  14  0.00045670
34  14  0.00028707
35  14  0.00013581
36  14  0.00018001
37  14  0.00023282
38  14  0.00053839
39  14  0.00033365
40  14  0.00014859
41  14  0.00044254
42  14  0.00029052
43  14  0.00021637
44  14  0.00012469
45  14  0.00060415
46  14  0.00026278
47  14  0.00015796
48  14  0.00014568
49  14  0.00010805
50  14  0.00019137
51  14  0.00037778
52  14  0.00031050
53  14  0.00018766
54  14  0.00029098
55  14  0.00015884
56  14  0.00039802
57  14  0.00011285
58  14  0.00015899
59  14  0.00025226
60  14  0.00016838
61  14  0.00011279
62  14  0.00014853
63  14  0.00033619
0  15  0.00010175
1  15  0.00009192
2  15  0.00018285
3  15  0.00028994
4  15  0.00020286
5  15  0.00011675
6  15  0.00015147
7  15  0.00034387
8  15  0.00024307
9  15  0.00014604
10  15  0.00028185
11  15  0.00007282
12  15  0.00056729
13  15  0.00049865
14  15  0.00006177
15  15  0.00047066
16  15  0.00008453
17  15  0.00015689
18  15  0.00018251
19  15  0.00030789
20  15  0.00026711
21  15  0.00038981
22  15  0.00012644
23  15  0.00016270
24  15  0.00030263
25  15  0.00020076
26  15  0.00021758
27  15  0.00005967
28  15  0.00015794
29  15  0.00031557
30  15  0.00030035
31  15  0.00004953
32  15  0.00028972
33  15  0.00050546
34  15  0.00015473
35  15  0.00030278
36  15  0.00031798
37  15  0.00011599
38  15  0.00050053
39  15  0.00006444
40  15  0.00021593
41  15  0.00034239
42  15  0.00010255
43  15  0.00061757
44  15  0.00008018
45  15  0.00041202
46  15  0.00021139
47  15  0.00014369
48  15  0.00024329
49  15  0.00035609
50  15  0.00026022
51  15  0.00020089
52  15  0.00005390
53  15  0.00024835
54  15  0.00024764
55  15  0.00025483
56  15  0.00007580
57  15  0.00039535
58  15  0.00014748
59  15  0.00019937
60  15  0.00029810
61  15  0.00015286
62  15  0.00033069
63  15  0.00039598
0  16  0.00004345
1  16  0.00018352
2  16  0.00027107
3  16  0.00021564
4  16  0.00035686
5  16  0.00013125
6  16  0.00018219
7  16  0.00034565
8  16  0.00011037
9  16  0.00011896
10  16  0.00035399
11  16  0.00016030
12  16  0.00029335
13  16  0.00015307
14  16  0.00030331
15  16  0.00014601
16  16  0.00025216
17  16  0.00014307
18  16  0.00009611
19  16  0.00018880
20  16  0.00038703
21  16  0.00025362
22  16  0.00031777
23  16  0.00023524
24  16  0.00036637
25  16  0.00012246
26  16  0.00024490
27  16  0.00021972
28  16  0.00012622
29  16  0.00024738
30  16  0.00007495
31  16  0.00009747
32  16  0.00017611
33  16  0.00067675
34  16  0.00015553
35  16  0.00009777
36  16  0.00025825
37  16  0.00068985
38  16  0.00009804
39  16  0.00022711
40  16  0.00032781
41  16  0.00037087
42  16  0.00022810
43  16  0.00011937
44  16  0.00030831
45  16  0.00023279
46  16  0.00051930
47  16  0.00031599
48  16  0.00015336
49  16  0.00012511
50  16  0.00022451
51  16  0.00012774
52  16  0.00031096
53  16  0.00022249
54  16  0.00056915
55  16  0.00046251
56  16  0.00011279
57  16  0.00010272
58  16  0.00038210
59  16  0.00021191
60  16  0.00019823
61  16  0.00016266
62  16  0.00033038
63  16  0.00017557
0  17  0.00009984
1  17  0.00024175
2  17  0.00043390
3  17  0.00035721
4  17  0.00022879
5  17  0.00025307
6  17  0.00014666
7  17  0.00014658
8  17  0.00022893
9  17  0.00029549
10  17  0.00025984
11  17  0.00034291
12  17  0.00009678
13  17  0.00013848
14  17  0.00018942
15  17  0.00007706
16  17  0.00034296
17  17  0.00046975
18  17  0.00042123
19  17  0.00028435
20  17  0.00022075
21  17  0.00021681
22  17  0.00023349
23  17  0.00035459
24  17  0.00020328
25  17  0.00005693
26  17  0.00029035
27  17  0.00015326
28  17  0.00006214
29  17  0.00017026
30  17  0.00016167
31  17  0.00014731
32  17  0.00014996
33  17  0.00010557
34  17  0.00046244
35  17  0.00037947
36  17  0.00011959
37  17  0.00013074
38  17  0.00067858
39  17  0.00037578
40  17  0.00030844
41  17  0.00019729
42  17  0.00017075
43  17  0.00018234
44  17  0.00024293
45  17  0.00032513
46  17  0.00029583
47  17  0.00026725
48  17  0.00017697
49  17  0.00062613
50  17  0.00012244
51  17  0.00024996
52  17  0.00026079
53  17  0.00011135
54  17  0.00025503
55  17  0.00028289
56  17  0.00034041
57  17  0.00021721
58  17  0.00012493
59  17  0.00029903
60  17  0.00014162
61  17  0.00028146
62  17  0.00018336
63  17  0.00011421
0  18  0.00032604
1  18  0.00041813
2  18  0.00005623
3  18  0.00022485
4  18  0.00004712
5  18  0.00021779
6  18  0.00016444
7  18  0.00033927
8  18  0.00017212
9  18  0.00016992
10  18  0.00010601
11  18  0.00016308
12  18  0.00016863
13  18  0.00025835
14  18  0.00013423
15  18  0.00017440
16  18  0.00021502
17  18  0.00016407
18  18  0.00017034
19  18  0.00008519
20  18  0.00013332
21  18  0.00009608
22  18  0.00016171
23  18  0.00044580
24  18  0.00024688
25  18  0.00016022
26  18  0.00019859
27  18  0.00053600
28  18  0.00018026
29  18  0.00024612
30  18  0.00044995
31  18  0.00008168
32  18  0.00009181
33  18  0.00006840
34  18  0.00029952
35  18  0.00034327
36  18  0.00020498
37  18  0.00022825
38  18  0.00017865
39  18  0.00045102
40  18  0.00011994
41  18  0.00012534
42  18  0.00013967
43  18  0.00034191
44  18  0.00017309
45  18  0.00020317
46  18  0.00005783
47  18  0.00016021
48  18  0.00025404
49  18  0.00036056
50  18  0.00029306
51  18  0.00017009
52  18  0.00019394
53  18  0.00026842
54  18  0.00014993
55  18  0.00016706
56  18  0.00017717
57  18  0.00019049
58  18  0.00018375
59  18  0.00027378
60  18  0.00011009
61  18  0.00017074
62  18  0.00041037
63  18  0.00040676
0  19  0.00019519
1  19  0.00010670
2  19  0.00022856
3  19  0.00007303
4  19  0.00007969
5  19  0.00034040
6  19  0.00023863
7  19  0.00020416
8  19  0.00025822
9  19  0.00009331
10  19  0.00027460
11  19  0.00016774
12  19  0.00021836
13  19  0.00014133
14  19  0.00026419
15  19  0.00025681
16  19  0.00010003
17  19  0.00038947
18  19  0.00016746
19  19  0.00017132
20  19  0.00021603
21  19  0.00010041
22  19  0.00035400
23  19  0.00020039
24  19  0.00005451
25  19  0.00019204
26  19  0.00024393
27  19  0.00022766
28  19  0.00049458
29  19  0.00038456
30  19  0.00007270
31  19  0.00014545
32  19  0.00029653
33  19  0.00042900
34  19  0.00023139
35  19  0.00041687
36  19  0.00015828
37  19  0.00019233
38  19  0.00018815
39  19  0.00033554
40  19  0.00019512
41  19  0.00025148
42  19  0.00035574
43  19  0.00012366
44  19  0.00037403
45  19  0.00034564
46  19  0.00046480
47  19  0.00048860
48  19  0.00013038
49  19  0.00036003
50  19  0.00028957
51  19  0.00007315
52  19  0.00039956
53  19  0.00023842
54  19  0.00033682
55  19  0.00009332
56  19  0.00027776
57  19  0.00009604
58  19  0.00025106
59  19  0.00023972
60  19  0.00023295
61  19  0.00016702
62  19  0.00014623
63  19  0.00024833
0  20  0.00019329
1  20  0.00030753
2  20  0.00057253
3  20  0.00018113
4  20  0.00027249
5  20  0.00017675
6  20  0.00036141
7  20  0.00013170
8  20  0.00010376
9  20  0.00002367
10  20  0.00016362
11  20  0.00018952
12  20  0.00033182
13  20  0.00042405
14  20  0.00015191
15  20  0.00020574
16  20  0.00031584
17  20  0.00040014
18  20  0.00020223
19  20  0.00032439
20  20  0.00030161
21  20  0.00014959
22  20  0.00037737
23  20  0.00022036
24  20  0.00058136
25  20  0.00013793
26  20  0.00022220
27  20  0.00018293
28  20  0.00015065
29  20  0.00012621
30  20  0.00023237
31  20  0.00013328
32  20  0.00033903
33  20  0.00034300
34  20  0.00018795
35  20  0.00055408
36  20  0.00032746
37  20  0.00020339
38  20  0.00016078
39  20  0.00009497
40  20  0.00011435
41  20  0.00019244
42  20  0.00018641
43  20  0.00030804
44  20  0.00016012
45  20  0.00037434
46  20  0.00023804
47  20  0.00016522
48  20  0.00052767
49  20  0.00015277
50  20  0.00015733
51  20  0.00031855
52  20  0.00018500
53  20  0.00023309
54  20  0.00004855
55  20  0.00024783
56  20  0.00010814
57  20  0.00016116
58  20  0.00014374
59  20  0.00010398
60  20  0.00029048
61  20  0.00016625
62  20  0.00030470
63  20  0.00022793
0  21  0.00029301
1  21  0.00017202
2  21  0.00026666
3  21  0.00029333
4  21  0.00019285
5  21  0.00019446
6  21  0.00006747
7  21  0.00013794
8  21  0.00040807
9  21  0.00031541
10  21  0.00007320
11  21  0.00037890
12  21  0.00019461
13  21  0.00037677
14  21  0.00017236
15  21  0.00029712
16  21  0.00032192
17  21  0.00023908
18  21  0.00006424
19  21  0.00048416
20  21  0.00032098
21  21  0.00014761
22  21  0.00025656
23  21  0.00034434
24  21  0.00021205
25  21  0.00028275
26  21  0.00024804
27  21  0.00023286
28  21  0.00015000
29  21  0.00024375
30  21  0.00022573
31  21  0.00009792
32  21  0.00014373
33  21  0.00031803
34  21  0.00015313
35  21  0.00046649
36  21  0.00034584
37  21  0.00033277
38  21  0.00020391
39  21  0.00013373
40  21  0.00011380
41  21  0.00012966
42  21  0.00030573
43  21  0.00013159
44  21  0.00040087
45  21  0.00006846
46  21  0.00018008
47  21  0.00026963
48  21  0.00012073
49  21  0.00017013
50  21  0.00024554
51  21  0.00023615
52  21  0.00016959
53  21  0.00015391
54  21  0.00029589
55  21  0.00099719
56  21  0.00016953
57  21  0.00035033
58  21  0.00042976
59  21  0.00025533
60  21  0.00018900
61  21  0.00042839
62  21  0.00011577
63  21  0.00030579
0  22  0.00027445
1  22  0.00029026
2  22  0.00016109
3  22  0.00008154
4  22  0.00023635
5  22  0.00035797
6  22  0.00025747
7  22  0.00013573
8  22  0.00026792
9  22  0.00028973
10  22  0.00012518
11  22  0.00031842
12  22  0.00056949
13  22  0.00017338
14  22  0.00016997
15  22  0.00035536
16  22  0.00014434
17  22  0.00070410
18  22  0.00018136
19  22  0.00012114
20  22  0.00034746
21  22  0.00035048
22  22  0.00036110
23  22  0.00049262
24  22  0.00043788
25  22  0.00033853
26  22  0.00016735
27  22  0.00009705
28  22  0.00014039
29  22  0.00026706
30  22  0.00033291
31  22  0.00009434
32  22  0.00013604
33  22  0.00017966
34  22  0.00053135
35  22  0.00041136
36  22  0.00020351
37  22  0.00010314
38  22  0.00036909
39  22  0.00017043
40  22  0.00045860
41  22  0.00072135
42  22  0.00012635
43  22  0.00040041
44  22  0.00015112
45  22  0.00010265
46  22  0.00018998
47  22  0.00010352
48  22  0.00017291
49  22  0.00022048
50  22  0.00043317
51  22  0.00009073
52  22  0.00019555
53  22  0.00021567
54  22  0.00020999
55  22  0.00012908
56  22  0.00019390
57  22  0.00020497
58  22  0.00022481
59  22  0.00018532
60  22  0.00015946
61  22  0.00027260
62  22  0.00042800
63  22  0.00008485
0  23  0.00027913
1  23  0.00031199
2  23  0.00042837
3  23  0.00036579
4  23  0.00014238
5  23  0.00026362
6  23  0.00019590
7  23  0.00024905
8  23  0.00015591
9  23  0.00013867
10  23  0.00024025
11  23  0.00041587
12  23  0.00007051
13  23  0.00029209
14  23  0.00015109
15  23  0.00035234
16  23  0.00007938
17  23  0.00034918
18  23  0.00014280
19  23  0.00028139
20  23  0.00009104
21  23  0.00021155
22  23  0.00026981
23  23  0.00018007
24  23  0.00038359
25  23  0.00026520
26  23  0.00028633
27  23  0.00021307
28  23  0.00015320
29  23  0.00030954
30  23  0.00020374
31  23  0.00015779
32  23  0.00050161
33  23  0.00017634
34  23  0.00017151
35  23  0.00031063
36  23  0.00023345
37  23  0.00011267
38  23  0.00013159
39  23  0.00042887
40  23  0.00024343
41  23  0.00020432
42  23  0.00021958
43  23  0.00011978
44  23  0.00010892
45  23  0.00028516
46  23  0.00031102
47  23  0.00036710
48  23  0.00014952
49  23  0.00020164
50  23  0.00022585
51  23  0.00036851
52  23  0.00034363
53  23  0.00006937
54  23  0.00044405
55  23  0.00025338
56  23  0.00013245
57  23  0.00016456
58  23  0.00034049
59  23  0.00027451
60  23  0.00012647
61  23  0.00013006
62  23  0.00021076
63  23  0.00018581
0  24  0.00016819
1  24  0.00009473
2  24  0.00006940
3  24  0.00033386
4  24  0.00026213
5  24  0.00020145
6  24  0.00017991
7  24  0.00037057
8  24  0.00012909
9  24  0.00033630
10  24  0.00022769
11  24  0.00021408
12  24  0.00012187
13  24  0.00025633
14  24  0.00018281
15  24  0.00015781
16  24  0.00016183
17  24  0.00018048
18  24  0.00019674
19  24  0.00017413
20  24  0.00021942
21  24  0.00021573
22  24  0.00019473
23  24  0.00030583
24  24  0.00038589
25  24  0.00007067
26  24  0.00030754
27  24  0.00015765
28  24  0.00039511
29  24  0.00015255
30  24  0.00026428
31  24  0.00029895
32  24  0.00018048
33  24  0.00032042
34  24  0.00022252
35  24  0.00026733
36  24  0.00052224
37  24  0.00037713
38  24  0.00018077
39  24  0.00010350
40  24  0.00013415
41  24  0.00011449
42  24  0.00023992
43  24  0.00014575
44  24  0.00018317
45  24  0.00031224
46  24  0.00013610
47  24  0.00024288
48  24  0.00032484
49  24  0.00022425
50  24  0.00011763
51  24  0.00031127
52  24  0.00015889
53  24  0.00027529
54  24  0.00013455
55  24  0.00025520
56  24  0.00024946
57  24  0.00013300
58  24  0.00013641
59  24  0.00013195
60  24  0.00027057
61  24  0.00023934
62  24  0.00012660
63  24  0.00018105
0  25  0.00037731
1  25  0.00024359
2  25  0.00017976
3  25  0.00026365
4  25  0.00025571
5  25  0.00016554
6  25  0.00033345
7  25  0.00034740
8  25  0.00025399
9  25  0.00011512
10  25  0.00017362
11  25  0.00018515
12  25  0.00043244
13  25  0.00021625
14  25  0.00033437
15  25  0.00023285
16  25  0.00024522
17  25  0.00024446
18  25  0.00005123
19  25  0.00046724
20  25  0.00052599
21  25  0.00031279
22  25  0.00014575
23  25  0.00023637
24  25  0.00016812
25  25  0.00016094
26  25  0.00036932
27  25  0.00024052
28  25  0.00030152
29  25  0.00033460
30  25  0.00028625
31  25  0.00023334
32  25  0.00036866
33  25  0.00064326
34  25  0.00032424
35  25  0.00015378
36  25  0.00025824
37  25  0.00037584
38  25  0.00018762
39  25  0.00030227
40  25  0.00024181
41  25  0.00025455
42  25  0.00038104
43  25  0.00029154
44  25  0.00019403
45  25  0.00017853
46  25  0.00005794
47  25  0.00064431
48  25  0.00016797
49  25  0.00022036
50  25  0.00027162
51  25  0.00017582
52  25  0.00044265
53  25  0.00033518
54  25  0.00012302
55  25  0.00008933
56  25  0.00013759
57  25  0.00016459
58  25  0.00036861
59  25  0.00014723
60  25  0.00009233
61  25  0.00016719
62  25  0.00015573
63  25  0.00023830
0  26  0.00033833
1  26  0.00038981
2  26  0.00013487
3  26  0.00022384
4  26  0.00015673
5  26  0.00026161
6  26  0.00024268
7  26  0.00041447
8  26  0.00027382
9  26  0.00009016
10  26  0.00015267
11  26  0.00018126
12  26  0.00038961
13  26  0.00013589
14  26  0.00026025
15  26  0.00016799
16  26  0.00029414
17  26  0.00013980
18  26  0.00049910
19  26  0.00014497
20  26  0.00018974
21  26  0.00046738
22  26  0.00024721
23  26  0.00048635
24  26  0.00019746
25  26  0.00001134
26  26  0.00020418
27  26  0.00031005
28  26  0.00057971
29  26  0.00047108
30  26  0.00043701
31  26  0.00029867
32  26  0.00028361
33  26  0.00015174
34  26  0.00026281
35  26  0.00045924
36  26  0.00019579
37  26  0.00007041
38  26  0.00017583
39  26  0.00016722
40  26  0.00044635
41  26  0.00028882
42  26  0.00015964
43  26  0.00023144
44  26  0.00002948
45  26  0.00041455
46  26  0.00023987
47  26  0.00032011
48  26  0.00027734
49  26  0.00026020
50  26  0.00028325
51  26  0.00034625
52  26  0.00011170
53  26  0.00007929
54  26  0.00013453
55  26  0.00028172
56  26  0.00022855
57  26  0.00009687
58  26  0.00007888
59  26  0.00034806
60  26  0.00016574
61  26  0.00011233
62  26  0.00014268
63  26  0.00026010
0  27  0.00015858
1  27  0.00024293
2  27  0.00021014
3  27  0.00004071
4  27  0.00024884
5  27  0.00016002
6  27  0.00050552
7  27  0.00026615
8  27  0.00011069
9  27  0.00023858
10  27  0.00043245
11  27  0.00026120
12  27  0.00014770
13  27  0.00035758
14  27  0.00017447
15  27  0.00006821
16  27  0.00017282
17  27  0.00033460
18  27  0.00023885
19  27  0.00039328
20  27  0.00021930
21  27  0.00033669
22  27  0.00018597
23  27  0.00021204
24  27  0.00010383
25  27  0.00014319
26  27  0.00008770
27  27  0.00034547
28  27  0.00043055
29  27  0.00026066
30  27  0.00025072
31  27  0.00037771
32  27  0.00031128
33  27  0.00014856
34  27  0.00024169
35  27  0.00028848
36  27  0.00039481
37  27  0.00021058
38  27  0.00010262
39  27  0.00050702
40  27  0.00018592
41  27  0.00031214
42  27  0.00022055
43  27  0.00043357
44  27  0.00035289
45  27  0.00010395
46  27  0.00020603
47  27  0.00016643
48  27  0.00020564
49  27  0.00028032
50  27  0.00024923
51  27  0.00023522
52  27  0.00019250
53  27  0.00015699
54  27  0.00022502
55  27  0.00032290
56  27  0.00015355
57  27  0.00018716
58  27  0.00043707
59  27  0.00013320
60  27  0.00055069
61  27  0.00026536
62  27  0.00034501
63  27  0.00031130
0  28  0.00009432
1  28  0.00038050
2  28  0.00043572
3  28  0.00032263
4  28  0.00024805
5  28  0.00018188
6  28  0.00023983
7  28  0.00036504
8  28  0.00026154
9  28  0.00030650
10  28  0.00008401
11  28  0.00014727
12  28  0.00022767
13  28  0.00020852
14  28  0.00011830
15  28  0.00037600
16  28  0.00022865
17  28  0.00010301
18  28  0.00014932
19  28  0.00025693
20  28  0.00026177
21  28  0.00030960
22  28  0.00013150
23  28  0.00021388
24  28  0.00019026
25  28  0.00004679
26  28  0.00020201
27  28  0.00024046
28  28  0.00033407
29  28  0.00024741
30  28  0.00054152
31  28  0.00014382
32  28  0.00012797
33  28  0.00014175
34  28  0.00026842
35  28  0.00023243
36  28  0.00027994
37  28  0.00015945
38  28  0.00019033
39  28  0.00021071
40  28  0.00024964
41  28  0.00003486
42  28  0.00016417
43  28  0.00017790
44  28  0.00025083
45  28  0.00048169
46  28  0.00021337
47  28  0.00013172
48  28  0.00016479
49  28  0.00018898
50  28  0.00041718
51  28  0.00030279
52  28  0.00018875
53  28  0.00056867
54  28  0.00019721
55  28  0.00006630
56  28  0.00004879
57  28  0.00024707
58  28  0.00014667
59  28  0.00022313
60  28  0.00048802
61  28  0.00033691
62  28  0.00040595
63  28  0.00023127
0  29  0.00031693
1  29  0.00018778
2  29  0.00023433
3  29  0.00026476
4  29  0.00020741
5  29  0.00016766
6  29  0.00050062
7  29  0.00013771
8  29  0.00018715
9  29  0.00035453
10  29  0.00035550
11  29  0.00031468
12  29  0.00014064
13  29  0.00025710
14  29  0.00016441
15  29  0.00024315
16  29  0.00016023
17  29  0.00013213
18  29  0.00015410
19  29  0.00023837
20  29  0.00026059
21  29  0.00032033
22  29  0.00025954
23  29  0.00016904
24  29  0.00013212
25  29  0.00023721
26  29  0.00026652
27  29  0.00013996
28  29  0.00037665
29  29  0.00052641
30  29  0.00018370
31  29  0.00013319
32  29  0.00030870
33  29  0.00008931
34  29  0.00027924
35  29  0.00035324
36  29  0.00025120
37  29  0.00031163
38  29  0.00044697
39  29  0.00014236
40  29  0.00012910
41  29  0.00018852
42  29  0.00024541
43  29  0.00038487
44  29  0.00010897
45  29  0.00022962
46  29  0.00016294
47  29  0.00012751
48  29  0.00015122
49  29  0.00014976
50  29  0.00026764
51  29  0.00016383
52  29  0.00016809
53  29  0.00020594
54  29  0.00011197
55  29  0.00020667
56  29  0.00031427
57  29  0.00020194
58  29  0.00012439
59  29  0.00010708
60  29  0.00043794
61  29  0.00015008
62  29  0.00012719
63  29  0.00023437
0  30  0.00021701
1  30  0.00037829
2  30  0.00036192
3  30  0.00014320
4  30  0.00021671
5  30  0.00029251
6  30  0.00019506
7  30  0.00018826
8  30  0.00009305
9  30  0.00011372
10  30  0.00051129
11  30  0.00038783
12  30  0.00004382
13  30  0.00027851
14  30  0.00014947
15  30  0.00011228
16  30  0.00010736
17  30  0.00067482
18  30  0.00014868
19  30  0.00030782
20  30  0.00017914
21  30  0.00018754
22  30  0.00015145
23  30  0.00018153
24  30  0.00024904
25  30  0.00031388
26  30  0.00029902
27  30  0.00032128
28  30  0.00018067
29  30  0.00031750
30  30  0.00030672
31  30  0.00039379
32  30  0.00052146
33  30  0.00018326
34  30  0.00053999
35  30  0.00030666
36  30  0.00049989
37  30  0.00017006
38  30  0.00027273
39  30  0.00045816
40  30  0.00038939
41  30  0.00038433
42  30  0.00025033
43  30  0.00036638
44  30  0.00017745
45  30  0.00032228
46  30  0.00046363
47  30  0.00023335
48  30  0.00017014
49  30  0.00018157
50  30  0.00014869
51  30  0.00035798
52  30  0.00010661
53  30  0.00017545
54  30  0.00012141
55  30  0.00015653
56  30  0.00045487
57  30  0.00028665
58  30  0.00025284
59  30  0.00004799
60  30  0.00031421
61  30  0.00016407
62  30  0.00027276
63  30  0.00033064
0  31  0.00014732
1  31  0.00011564
2  31  0.00050337
3  31  0.00008691
4  31  0.00022699
5  31  0.00011709
6  31  0.00021775
7  31  0.00014290
8  31  0.00032839
9  31  0.00031880
10  31  0.00014690
11  31  0.00023987
12  31  0.00050850
13  31  0.00027256
14  31  0.00046642
15  31  0.00019895
16  31  0.00024747
17  31  0.00014550
18  31  0.00018879
19  31  0.00025250
20  31  0.00031206
21  31  0.00025519
22  31  0.00012792
23  31  0.00024853
24  31  0.00021993
25  31  0.00038998
26  31  0.00024691
27  31  0.00023935
28  31  0.00055445
29  31  0.00039144
30  31  0.00080499
31  31  0.00043508
32  31  0.00034620
33  31  0.00042694
34  31  0.00084092
35  31  0.00034412
36  31  0.00064973
37  31  0.00050763
38  31  0.00010509
39  31  0.00016252
40  31  0.00035027
41  31  0.00024223
42  31  0.00021952
43  31  0.00036318
44  31  0.00021351
45  31  0.00024477
46  31  0.00012576
47  31  0.00013904
48  31  0.00012793
49  31  0.00014513
50  31  0.00021579
51  31  0.00015207
52  31  0.00059114
53  31  0.00011358
54  31  0.00051332
55  31  0.00024514
56  31  0.00036143
57  31  0.00012708
58  31  0.00013490
59  31  0.00014854
60  31  0.00015380
61  31  0.00009827
62  31  0.00026133
63  31  0.00022859
0  32  0.00021769
1  32  0.00017901
2  32  0.00009593
3  32  0.00028614
4  32  0.00016603
5  32  0.00037863
6  32  0.00014788
7  32  0.00019947
8  32  0.00016090
9  32  0.00034841
10  32  0.00031301
11  32  0.00040787
12  32  0.00012489
13  32  0.00039810
14  32  0.00015801
15  32  0.00038395
16  32  0.00037768
17  32  0.00034807
18  32  0.00031770
19  32  0.00025848
20  32  0.00018780
21  32  0.00022973
22  32  0.00022899
23  32  0.00025831
24  32  0.00044475
25  32  0.00033587
26  32  0.00022341
27  32  0.00050182
28  32  0.00026644
29  32  0.00040311
30  32  0.00068409
31  32  0.00050286
32  32  0.00041158
33  32  0.00042558
34  32  0.00059558
35  32  0.00026555
36  32  0.00051869
37  32  0.00040422
38  32  0.00042677
39  32  0.00006025
40  32  0.00013152
41  32  0.00017670
42  32  0.00009263
43  32  0.00008593
44  32  0.00019702
45  32  0.00016581
46  32  0.00026573
47  32  0.00035407
48  32  0.00028484
49  32  0.00027973
50  32  0.00015085
51  32  0.00005160
52  32  0.00014815
53  32  0.00043230
54  32  0.00009588
55  32  0.00025166
56  32  0.00016513
57  32  0.00017968
58  32  0.00008727
59  32  0.00008940
60  32  0.00012718
61  32  0.00015296
62  32  0.00019513
63  32  0.00010193
0  33  0.00017123
1  33  0.00025226
2  33  0.00048206
3  33  0.00029591
4  33  0.00023558
5  33  0.00027753
6  33  0.00013583
7  33  0.00037130
8  33  0.00025454
9  33  0.00022273
10  33  0.00034156
11  33  0.00012476
12  33  0.00027520
13  33  0.00005575
14  33  0.00030553
15  33  0.00025266
16  33  0.00011766
17  33  0.00019043
18  33  0.00024098
19  33  0.00027617
20  33  0.00031017
21  33  0.00017587
22  33  0.00033671
23  33  0.00047946
24  33  0.00024576
25  33  0.00016218
26  33  0.00012002
27  33  0.00049478
28  33  0.00029310
29  33  0.00054506
30  33  0.00063144
31  33  0.00018890
32  33  0.00035134
33  33  0.00031388
34  33  0.00047891
35  33  0.00015198
36  33  0.00031616
37  33  0.00037513
38  33  0.00033659
39  33  0.00017151
40  33  0.00021644
41  33  0.00022474
42  33  0.00010660
43  33  0.00020781
44  33  0.00009629
45  33  0.00027052
46  33  0.00018022
47  33  0.00025451
48  33  0.00028443
49  33  0.00039007
50  33  0.00007260
51  33  0.00019383
52  33  0.00015903
53  33  0.00010927
54  33  0.00016379
55  33  0.00027088
56  33  0.00018813
57  33  0.00052253
58  33  0.00012697
59  33  0.00015465
60  33  0.00019455
61  33  0.00014384
62  33  0.00037830
63  33  0.00059642
0  34  0.00017234
1  34  0.00010952
2  34  0.00013375
3  34  0.00045800
4  34  0.00028682
5  34  0.00023122
6  34  0.00028134
7  34  0.00011200
8  34  0.00016635
9  34  0.00013120
10  34  0.00010897
11  34  0.00022927
12  34  0.00026688
13  34  0.00023831
14  34  0.00019760
15  34  0.00016831
16  34  0.00028399
17  34  0.00014962
18  34  0.00029371
19  34  0.00014436
20  34  0.00027066
21  34  0.00005675
22  34  0.00059365
23  34  0.00016824
24  34  0.00021941
25  34  0.00026588
26  34  0.00038151
27  34  0.00010021
28  34  0.00033262
29  34  0.00026970
30  34  0.00021115
31  34  0.00019101
32  34  0.00011625
33  34  0.00032355
34  34  0.00012912
35  34  0.00051203
36  34  0.00063377
37  34  0.00024251
38  34  0.00015993
39  34  0.00036104
40  34  0.00030989
41  34  0.00013605
42  34  0.00011899
43  34  0.00028954
44  34  0.00021033
45  34  0.00034593
46  34  0.00039225
47  34  0.00028785
48  34  0.00008475
49  34  0.00016441
50  34  0.00022265
51  34  0.00029174
52  34  0.00036729
53  34  0.00012174
54  34  0.00023165
55  34  0.00032516
56  34  0.00024709
57  34  0.00006614
58  34  0.00016207
59  34  0.00021275
60  34  0.00004922
61  34  0.00029926
62  34  0.00032860
63  34  0.00037899
0  35  0.00049175
1  35  0.00029725
2  35  0.00015028
3  35  0.00029063
4  35  0.00043487
5  35  0.00006233
6  35  0.00039504
7  35  0.00037073
8  35  0.00021550
9  35  0.00014063
10  35  0.00017360
11  35  0.00024111
12  35  0.00015769
13  35  0.00024100
14  35  0.00040988
15  35  0.00011793
16  35  0.00022979
17  35  0.00044358
18  35  0.00019767
19  35  0.00015055
20  35  0.00007621
21  35  0.00043023
22  35  0.00020125
23  35  0.00027533
24  35  0.00040719
25  35  0.00038238
26  35  0.00015106
27  35  0.00042049
28  35  0.00027708
29  35  0.00015880
30  35  0.00050516
31  35  0.00058685
32  35  0.00054469
33  35  0.00053338
34  35  0.00055154
35  35  0.00017590
36  35  0.00015655
37  35  0.00029171
38  35  0.00028914
39  35  0.00026454
40  35  0.00027864
41  35  0.00047289
42  35  0.00028812
43  35  0.00036117
44  35  0.00025687
45  35  0.00015141
46  35  0.00032499
47  35  0.00014557
48  35  0.00023516
49  35  0.00031636
50  35  0.00011618
51  35  0.00014945
52  35  0.00038855
53  35  0.00022881
54  35  0.00034459
55  35  0.00014558
56  35  0.00020194
57  35  0.00017134
58  35  0.00022190
59  35  0.00016785
60  35  0.00013468
61  35  0.00024389
62  35  0.00055990
63  35  0.00018323
0  36  0.00017774
1  36  0.00037990
2  36  0.00023242
3  36  0.00009745
4  36  0.00011462
5  36  0.00034067
6  36  0.00005902
7  36  0.00020795
8  36  0.00022742
9  36  0.00050020
10  36  0.00008840
11  36  0.00009877
12  36  0.00056528
13  36  0.00035115
14  36  0.00017899
15  36  0.00012789
16  36  0.00018184
17  36  0.00017548
18  36  0.00037759
19  36  0.00012475
20  36  0.00025514
21  36  0.00015037
22  36  0.00014111
23  36  0.00036172
24  36  0.00024328
25  36  0.00032828
26  36  0.00028734
27  36  0.00009046
28  36  0.00027578
29  36  0.00023628
30  36  0.00038566
31  36  0.00034546
32  36  0.00029780
33  36  0.00042524
34  36  0.00014508
35  36  0.00027122
36  36  0.00030773
37  36  0.00017712
38  36  0.00037878
39  36  0.00032031
40  36  0.00038933
41  36  0.00010018
42  36  0.00010421
43  36  0.00015488
44  36  0.00033954
45  36  0.00007629
46  36  0.00008231
47  36  0.00034014
48  36  0.00027169
49  36  0.00026205
50  36  0.00011144
51  36  0.00040112
52  36  0.00023252
53  36  0.00005948
54  36  0.00024126
55  36  0.00028225
56  36  0.00021996
57  36  0.00021711
58  36  0.00028378
59  36  0.00023601
60  36  0.00013146
61  36  0.00017182
62  36  0.00011393
63  36  0.00016451
0  37  0.00010730
1  37  0.00037045
2  37  0.00025417
3  37  0.00040546
4  37  0.00025007
5  37  0.00059363
6  37  0.00014497
7  37  0.00049073
8  37  0.00021818
9  37  0.00043669
10  37  0.00011676
11  37  0.00044661
12  37  0.00028603
13  37  0.00017380
14  37  0.00021811
15  37  0.00011175
16  37  0.00032908
17  37  0.00017784
18  37  0.00024871
19  37  0.00005250
20  37  0.00015085
21  37  0.00018590
22  37  0.00010533
23  37  0.00015086
24  37  0.00009551
25  37  0.00018311
26  37  0.00009020
27  37  0.00011020
28  37  0.00022913
29  37  0.00041016
30  37  0.00025896
31  37  0.00048836
32  37  0.00039664
33  37  0.00041742
34  37  0.00030075
35  37  0.00042444
36  37  0.00024052
37  37  0.00017015
38  37  0.00020907
39  37  0.00021733
40  37  0.00031821
41  37  0.00055371
42  37  0.00042770
43  37  0.00019588
44  37  0.00035352
45  37  0.00038024
46  37  0.00029520
47  37  0.00033699
48  37  0.00030941
49  37  0.00051933
50  37  0.00037880
51  37  0.00019154
52  37  0.00029622
53  37  0.00022733
54  37  0.00039483
55  37  0.00028314
56  37  0.00035181
57  37  0.00020316
58  37  0.00015772
59  37  0.00050988
60  37  0.00027207
61  37  0.00011906
62  37  0.00027302
63  37  0.00047831
0  38  0.00061686
1  38  0.00029449
2  38  0.00051207
3  38  0.00013587
4  38  0.00024365
5  38  0.00031765
6  38  0.00024067
7  38  0.00023032
8  38  0.00019856
9  38  0.00044192
10  38  0.00009272
11  38  0.00033753
12  38  0.00023377
13  38  0.00022614
14  38  0.00035224
15  38  0.00015033
16  38  0.00022932
17  38  0.00025881
18  38  0.00024045
19  38  0.00019074
20  38  0.00010784
21  38  0.00033029
22  38  0.00029909
23  38  0.00014502
24  38  0.00034990
25  38  0.00017394
26  38  0.00035043
27  38  0.00037999
28  38  0.00008557
29  38  0.00032040
30  38  0.00027848
31  38  0.00032066
32  38  0.00013530
33  38  0.00027714
34  38  0.00023492
35  38  0.00040527
36  38  0.00033057
37  38  0.00008376
38  38  0.00049574
39  38  0.00024742
40  38  0.00023389
41  38  0.00059898
42  38  0.00021593
43  38  0.00022353
44  38  0.00024027
45  38  0.00024908
46  38  0.00022537
47  38  0.00026601
48  38  0.00006501
49  38  0.00012452
50  38  0.00017808
51  38  0.00039080
52  38  0.00014209
53  38  0.00019424
54  38  0.00027381
55  38  0.00011889
56  38  0.00030077
57  38  0.00014103
58  38  0.00037958
59  38  0.00059321
60  38  0.00034138
61  38  0.00032015
62  38  0.00008450
63  38  0.00031792
0  39  0.00019295
1  39  0.00012017
2  39  0.00034738
3  39  0.00010226
4  39  0.00044063
5  39  0.00014753
6  39  0.00035241
7  39  0.00031685
8  39  0.00012394
9  39  0.00027063
10  39  0.00030000
11  39  0.00027880
12  39  0.00008990
13  39  0.00024905
14  39  0.00047831
15  39  0.00014578
16  39  0.00027590
17  39  0.00023020
18  39  0.00023008
19  39  0.00027999
20  39  0.00030732
21  39  0.00020324
22  39  0.00021716
23  39  0.00025698
24  39  0.00023157
25  39  0.00018512
26  39  0.00027444
27  39  0.00020938
28  39  0.00025384
29  39  0.00013960
30  39  0.00014658
31  39  0.00053771
32  39  0.00040293
33  39  0.00029750
34  39  0.00056247
35  39  0.00019950
36  39  0.00035363
37  39  0.00014772
38  39  0.00041304
39  39  0.00029838
40  39  0.00029374
41  39  0.00028271
42  39  0.00023444
43  39  0.00049403
44  39  0.00036139
45  39  0.00012927
46  39  0.00047505
47  39  0.00009324
48  39  0.00029677
49  39  0.00016595
50  39  0.00015767
51  39  0.00011322
52  39  0.00025377
53  39  0.00018050
54  39  0.00022320
55  39  0.00014268
56  39  0.00029890
57  39  0.00015281
58  39  0.00026735
59  39  0.00025531
60  39  0.00043978
61  39  0.00013609
62  39  0.00016070
63  39  0.00027063
0  40  0.00015657
1  40  0.00017468
2  40  0.00034171
3  40  0.00011853
4  40  0.00017533
5  40  0.00019449
6  40  0.00044526
7  40  0.00040515
8  40  0.00019973
9  40  0.00015117
10  40  0.00019495
11  40  0.00031261
12  40  0.00023597
13  40  0.00011753
14  40  0.00011175
15  40  0.00041596
16  40  0.00039219
17  40  0.00025080
18  40  0.00015169
19  40  0.00011193
20  40  0.00018055
21  40  0.00030271
22  40  0.00024752
23  40  0.00028112
24  40  0.00040692
25  40  0.00029208
26  40  0.00034727
27  40  0.00023278
28  40  0.00024098
29  40  0.00031656
30  40  0.00058845
31  40  0.00013954
32  40  0.00022611
33  40  0.00010515
34  40  0.00025487
35  40  0.00027314
36  40  0.00032780
37  40  0.00039851
38  40  0.00024675
39  40  0.00018104
40  40  0.00011273
41  40  0.00024795
42  40  0.00029562
43  40  0.00016110
44  40  0.00018832
45  40  0.00046897
46  40  0.00007857
47  40  0.00009597
48  40  0.00041973
49  40  0.00013339
50  40  0.00012251
51  40  0.00029715
52  40  0.00021246
53  40  0.00037448
54  40  0.00018350
55  40  0.00017236
56  40  0.00052836
57  40  0.00019276
58  40  0.00031240
59  40  0.00034529
60  40  0.00015931
61  40  0.00028074
62  40  0.00050473
63  40  0.00018607
0  41  0.00026263
1  41  0.00021781
2  41  0.00040653
3  41  0.00020345
4  41  0.00018880
5  41  0.00028719
6  41  0.00043342
7  41  0.00019834
8  41  0.00049475
9  41  0.00041312
10  41  0.00021681
11  41  0.00023262
12  41  0.00026034
13  41  0.00038498
14  41  0.00012997
15  41  0.00011269
16  41  0.00028487
17  41  0.00044850
18  41  0.00019376
19  41  0.00030596
20  41  0.00031490
21  41  0.00016221
22  41  0.00027671
23  41  0.00030523
24  41  0.00023092
25  41  0.00036062
26  41  0.00025724
27  41  0.00018185
28  41  0.00015896
29  41  0.00039295
30  41  0.00028879
31  41  0.00050767
32  41  0.00016953
33  41  0.00024626
34  41  0.00042922
35  41  0.00035382
36  41  0.00017751
37  41  0.00020177
38  41  0.00016015
39  41  0.00006896
40  41  0.00031028
41  41  0.00021574
42  41  0.00040876
43  41  0.00013039
44  41  0.00015732
45  41  0.00047670
46  41  0.00028405
47  41  0.00032091
48  41  0.00019818
49  41  0.00028670
50  41  0.00022106
51  41  0.00015315
52  41  0.00022504
53  41  0.00011615
54  41  0.00047145
55  41  0.00015784
56  41  0.00020686
57  41  0.00022952
58  41  0.00029593
59  41  0.00016464
60  41  0.00016148
61  41  0.00040990
62  41  0.00041540
63  41  0.00049566
0  42  0.00042672
1  42  0.00007332
2  42  0.00043393
3  42  0.00026916
4  42  0.00027668
5  42  0.00052877
6  42  0.00020727
7  42  0.00024009
8  42  0.00051204
9  42  0.00009297
10  42  0.00012613
11  42  0.00021682
12  42  0.00019067
13  42  0.00011710
14  42  0.00012166
15  42  0.00009157
16  42  0.00021291
17  42  0.00012936
18  42  0.00017778
19  42  0.00044005
20  42  0.00021063
21  42  0.00017551
22  42  0.00024832
23  42  0.00023156
24  42  0.00026711
25  42  0.00019285
26  42  0.00039926
27  42  0.00004530
28  42  0.00018554
29  42  0.00016783
30  42  0.00015679
31  42  0.00022869
32  42  0.00008411
33  42  0.00029779
34  42  0.00012705
35  42  0.00021514
36  42  0.00050989
37  42  0.00042079
38  42  0.00023958
39  42  0.00027066
40  42  0.00008610
41  42  0.00007513
42  42  0.00029393
43  42  0.00013265
44  42  0.00004114
45  42  0.00019972
46  42  0.00029001
47  42  0.00008032
48  42  0.00036540
49  42  0.00036504
50  42  0.00017382
51  42  0.00017923
52  42  0.00025371
53  42  0.00020910
54  42  0.00063875
55  42  0.00008487
56  42  0.00022977
57  42  0.00025889
58  42  0.00023896
59  42  0.00018974
60  42  0.00036179
61  42  0.00045199
62  42  0.00008061
63  42  0.00045094
0  43  0.00048077
1  43  0.00011386
2  43  0.00018365
3  43  0.00031667
4  43  0.00049054
5  43  0.00010190
6  43  0.00033690
7  43  0.00025379
8  43  0.00014389
9  43  0.00025440
10  43  0.00056298
11  43  0.00036260
12  43  0.00017660
13  43  0.00042064
14  43  0.00024626
15  43  0.00012654
16  43  0.00036984
17  43  0.00009917
18  43  0.00041719
19  43  0.00032707
20  43  0.00028229
21  43  0.00013884
22  43  0.00013811
23  43  0.00014781
24  43  0.00017770
25  43  0.00029633
26  43  0.00033593
27  43  0.00014311
28  43  0.00015017
29  43  0.00019246
30  43  0.00013082
31  43  0.00026306
32  43  0.00030633
33  43  0.00024849
34  43  0.00046143
35  43  0.00025552
36  43  0.00022047
37  43  0.00012356
38  43  0.00009491
39  43  0.00016099
40  43  0.00009912
41  43  0.00016942
42  43  0.00022994
43  43  0.00018442
44  43  0.00038269
45  43  0.00022901
46  43  0.00022659
47  43  0.00028609
48  43  0.00024590
49  43  0.00012114
50  43  0.00019648
51  43  0.00009959
52  43  0.00023925
53  43  0.00018716
54  43  0.00025156
55  43  0.00017281
56  43  0.00026625
57  43  0.00019177
58  43  0.00014560
59  43  0.00020598
60  43  0.00011299
61  43  0.00023889
62  43  0.00020588
63  43  0.00056670
0  44  0.00030988
1  44  0.00021042
2  44  0.00041588
3  44  0.00030556
4  44  0.00026369
5  44  0.00038007
6  44  0.00012821
7  44  0.00021943
8  44  0.00027817
9  44  0.00024474
10  44  0.00024169
11  44  0.00022853
12  44  0.00007240
13  44  0.00031101
14  44  0.00028043
15  44  0.00021371
16  44  0.00008607
17  44  0.00023887
18  44  0.00018930
19  44  0.00037599
20  44  0.00015245
21  44  0.00019464
22  44  0.00026113
23  44  0.00035441
24  44  0.00010838
25  44  0.00012797
26  44  0.00022568
27  44  0.00026917
28  44  0.00019530
29  44  0.00017931
30  44  0.00020583
31  44  0.00053030
32  44  0.00039728
33  44  0.00022159
34  44  0.00044803
35  44  0.00014379
36  44  0.00046040
37  44  0.00016071
38  44  0.00007867
39  44  0.00008501
40  44  0.00009818
41  44  0.00029376
42  44  0.00049103
43  44  0.00020228
44  44  0.00011216
45  44  0.00036829
46  44  0.00005550
47  44  0.00023657
48  44  0.00044613
49  44  0.00019581
50  44  0.00073552
51  44  0.00024962
52  44  0.00019755
53  44  0.00023356
54  44  0.00015278
55  44  0.00018682
56  44  0.00009254
57  44  0.00030862
58  44  0.00026580
59  44  0.00035784
60  44  0.00009624
61  44  0.00021550
62  44  0.00014046
63  44  0.00029713
0  45  0.00018011
1  45  0.00019059
2  45  0.00012412
3  45  0.00028220
4  45  0.00022049
5  45  0.00037944
6  45  0.00009500
7  45  0.00010592
8  45  0.00010894
9  45  0.00014278
10  45  0.00012331
11  45  0.00003474
12  45  0.00019722
13  45  0.00010250
14  45  0.00015444
15  45  0.00039800
16  45  0.00031048
17  45  0.00032888
18  45  0.00009404
19  45  0.00026118
20  45  0.00008160
21  45  0.00013318
22  45  0.00017479
23  45  0.00006728
24  45  0.00048680
25  45  0.00014090
26  45  0.00018962
27  45  0.00013163
28  45  0.00020065
29  45  0.00015260
30  45  0.00024836
31  45  0.00028897
32  45  0.00033359
33  45  0.00020833
34  45  0.00020533
35  45  0.00018379
36  45  0.00029578
37  45  0.00026253
38  45  0.00011463
39  45  0.00030271
40  45  0.00033404
41  45  0.00007839
42  45  0.00018926
43  45  0.00017797
44  45  0.00046332
45  45  0.00019752
46  45  0.00034176
47  45  0.00004735
48  45  0.00024736
49  45  0.00035384
50  45  0.00053964
51  45  0.00030481
52  45  0.00044240
53  45  0.00029698
54  45  0.00011476
55  45  0.00028843
56  45  0.00024425
57  45  0.00032809
58  45  0.00016295
59  45  0.00028190
60  45  0.00019269
61  45  0.00021780
62  45  0.00031571
63  45  0.00053457
0  46  0.00016008
1  46  0.00012568
2  46  0.00021373
3  46  0.00012432
4  46  0.00006955
5  46  0.00033062
6  46  0.00048383
7  46  0.00015843
8  46  0.00019009
9  46  0.00016876
10  46  0.00027534
11  46  0.00018428
12  46  0.00034769
13  46  0.00018345
14  46  0.00017513
15  46  0.00013982
16  46  0.00017214
17  46  0.00027649
18  46  0.00017824
19  46  0.00007868
20  46  0.00014756
21  46  0.00039350
22  46  0.00026055
23  46  0.00035596
24  46  0.00021183
25  46  0.00035676
26  46  0.00035452
27  46  0.00021735
28  46  0.00055234
29  46  0.00017181
30  46  0.00023748
31  46  0.00026789
32  46  0.00015991
33  46  0.00014606
34  46  0.00013573
35  46  0.00018273
36  46  0.00024276
37  46  0.00039339
38  46  0.00020318
39  46  0.00030935
40  46  0.00023481
41  46  0.00006612
42  46  0.00042779
43  46  0.00029142
44  46  0.00005552
45  46  0.00007732
46  46  0.00029143
47  46  0.00011878
48  46  0.00018802
49  46  0.00027482
50  46  0.00039118
51  46  0.00026334
52  46  0.00017344
53  46  0.00038692
54  46  0.00029586
55  46  0.00043443
56  46  0.00025798
57  46  0.00024108
58  46  0.00047243
59  46  0.00045046
60  46  0.00035283
61  46  0.00017220
62  46  0.00020376
63  46  0.00051769
0  47  0.00015993
1  47  0.00012794
2  47  0.00014192
3  47  0.00021241
4  47  0.00051937
5  47  0.00007424
6  47  0.00029438
7  47  0.00018120
8  47  0.00027095
9  47  0.00046615
10  47  0.00011532
11  47  0.00034862
12  47  0.00021525
13  47  0.00027582
14  47  0.00031943
15  47  0.00025129
16  47  0.00040168
17  47  0.00029505
18  47  0.00019167
19  47  0.00024047
20  47  0.00040511
21  47  0.00022878
22  47  0.00031229
23  47  0.00010034
24  47  0.00032686
25  47  0.00017485
26  47  0.00024028
27  47  0.00026245
28  47  0.00032858
29  47  0.00064856
30  47  0.00019441
31  47  0.00023387
32  47  0.00024793
33  47  0.00005963
34  47  0.00021171
35  47  0.00012981
36  47  0.00026428
37  47  0.00014991
38  47  0.00013193
39  47  0.00023715
40  47  0.00036310
41  47  0.00013934
42  47  0.00075585
43  47  0.00010931
44  47  0.00011070
45  47  0.00009337
46  47  0.00032597
47  47  0.00011994
48  47  0.00019141
49  47  0.00021415
50  47  0.00018399
51  47  0.00043052
52  47  0.00028267
53  47  0.00039070
54  47  0.00023743
55  47  0.00028125
56  47  0.00031767
57  47  0.00008424
58  47  0.00020708
59  47  0.00036585
60  47  0.00023561
61  47  0.00009261
62  47  0.00027514
63  47  0.00009780
0  48  0.00017394
1  48  0.00032744
2  48  0.00010000
3  48  0.00024268
4  48  0.00035784
5  48  0.00021040
6  48  0.00026283
7  48  0.00022127
8  48  0.00019765
9  48  0.00043686
10  48  0.00013666
11  48  0.00016916
12  48  0.00012302
13  48  0.00025756
14  48  0.00027877
15  48  0.00019826
16  48  0.00016938
17  48  0.00012790
18  48  0.00020874
19  48  0.00017044
20  48  0.00010562
21  48  0.00018156
22  48  0.00048227
23  48  0.00015017
24  48  0.00019223
25  48  0.00025869
26  48  0.00019477
27  48  0.00033046
28  48  0.00023295
29  48  0.00027119
30  48  0.00022260
31  48  0.00005173
32  48  0.00013442
33  48  0.00011505
34  48  0.00018261
35  48  0.00026193
36  48  0.00034174
37  48  0.00012417
38  48  0.00006965
39  48  0.00011863
40  48  0.00025267
41  48  0.00004913
42  48  0.00052180
43  48  0.00016362
44  48  0.00018561
45  48  0.00023231
46  48  0.00012290
47  48  0.00026611
48  48  0.00019108
49  48  0.00004482
50  48  0.00029146
51  48  0.00021517
52  48  0.00025572
53  48  0.00023373
54  48  0.00026766
55  48  0.00026784
56  48  0.00014804
57  48  0.00011370
58  48  0.00018359
59  48  0.00023770
60  48  0.00013568
61  48  0.00038124
62  48  0.00047957
63  48  0.00027876
0  49  0.00019926
1  49  0.00047383
2  49  0.00042484
3  49  0.00026692
4  49  0.00029499
5  49  0.00044885
6  49  0.00011546
7  49  0.00021811
8  49  0.00016556
9  49  0.00012558
10  49  0.00028843
11  49  0.00019593
12  49  0.00008318
13  49  0.00014793
14  49  0.00023532
15  49  0.00030302
16  49  0.00018535
17  49  0.00019187
18  49  0.00011383
19  49  0.00018183
20  49  0.00051890
21  49  0.00007324
22  49  0.00024501
23  49  0.00032982
24  49  0.00042203
25  49  0.00051447
26  49  0.00028942
27  49  0.00032240
28  49  0.00014074
29  49  0.00036052
30  49  0.00027545
31  49  0.00034977
32  49  0.00018141
33  49  0.00012047
34  49  0.00030619
35  49  0.00007799
36  49  0.00017871
37  49  0.00020898
38  49  0.00018723
39  49  0.00014132
40  49  0.00016256
41  49  0.00026203
42  49  0.00025674
43  49  0.00020265
44  49  0.00018246
45  49  0.00028854
46  49  0.00058099
47  49  0.00027505
48  49  0.00014437
49  49  0.00015630
50  49  0.00019340
51  49  0.00043146
52  49  0.00018401
53  49  0.00019228
54  49  0.00028490
55  49  0.00017917
56  49  0.00015078
57  49  0.00006636
58  49  0.00017964
59  49  0.00040069
60  49  0.00003683
61  49  0.00009329
62  49  0.00018878
63  49  0.00011495
0  50  0.00025010
1  50  0.00032356
2  50  0.00017011
3  50  0.00022899
4  50  0.00034644
5  50  0.00016318
6  50  0.00039670
7  50  0.00030301
8  50  0.00039335
9  50  0.00021620
10  50  0.00046258
11  50  0.00035487
12  50  0.00030443
13  50  0.00009809
14  50  0.00012543
15  50  0.00010495
16  50  0.00017250
17  50  0.00062545
18  50  0.00010190
19  50  0.00028619
20  50  0.00014231
21  50  0.00028131
22  50  0.00021060
23  50  0.00026810
24  50  0.00025248
25  50  0.00023519
26  50  0.00032170
27  50  0.00032083
28  50  0.00015526
29  50  0.00035828
30  50  0.00018257
31  50  0.00014162
32  50  0.00044900
33  50  0.00011628
34  50  0.00034694
35  50  0.00015644
36  50  0.00015450
37  50  0.00025810
38  50  0.00028696
39  50  0.00033143
40  50  0.00017249
41  50  0.00027836
42  50  0.00032017
43  50  0.00012020
44  50  0.00013191
45  50  0.00022426
46  50  0.00032405
47  50  0.00038433
48  50  0.00026147
49  50  0.00043109
50  50  0.00019967
51  50  0.00025758
52  50  0.00012951
53  50  0.00011022
54  50  0.00021706
55  50  0.00021301
56  50  0.00004748
57  50  0.00025341
58  50  0.00028802
59  50  0.00019538
60  50  0.00052176
61  50  0.00012156
62  50  0.00017734
63  50  0.00022877
0  51  0.00017976
1  51  0.00020788
2  51  0.00022739
3  51  0.00024823
4  51  0.00013947
5  51  0.00011548
6  51  0.00027499
7  51  0.00035482
8  51  0.00010877
9  51  0.00028411
10  51  0.00018075
11  51  0.00053803
12  51  0.00026980
13  51  0.00035916
14  51  0.00013301
15  51  0.00018418
16  51  0.00028591
17  51  0.00015821
18  51  0.00033914
19  51  0.00031447
20  51  0.00026027
21  51  0.00035384
22  51  0.00021839
23  51  0.00010851
24  51  0.00024201
25  51  0.00043462
26  51  0.00010995
27  51  0.00023673
28  51  0.00011910
29  51  0.00011716
30  51  0.00010380
31  51  0.00030267
32  51  0.00038369
33  51  0.00016561
34  51  0.00045558
35  51  0.00023220
36  51  0.00015954
37  51  0.00073115
38  51  0.00014771
39  51  0.00037942
40  51  0.00020728
41  51  0.00023605
42  51  0.00016371
43  51  0.00034363
44  51  0.00011115
45  51  0.00030177
46  51  0.00045082
47  51  0.00015966
48  51  0.00027354
49  51  0.00025577
50  51  0.00006576
51  51  0.00017243
52  51  0.00017055
53  51  0.00025295
54  51  0.00016058
55  51  0.00015076
56  51  0.00013160
57  51  0.00008899
58  51  0.00015823
59  51  0.00026056
60  51  0.00017171
61  51  0.00009430
62  51  0.00021726
63  51  0.00006705
0  52  0.00016189
1  52  0.00027711
2  52  0.00036471
3  52  0.00021676
4  52  0.00015131
5  52  0.00025362
6  52  0.00004534
7  52  0.00027018
8  52  0.00013713
9  52  0.00005809
10  52  0.00010162
11  52  0.00036922
12  52  0.00043820
13  52  0.00021619
14  52  0.00021994
15  52  0.00011989
16  52  0.00013163
17  52  0.00028827
18  52  0.00015753
19  52  0.00007982
20  52  0.00020582
21  52  0.00012523
22  52  0.00011868
23  52  0.00043831
24  52  0.00031777
25  52  0.00015331
26  52  0.00034015
27  52  0.00017657
28  52  0.00049735
29  52  0.00026286
30  52  0.00022823
31  52  0.00027935
32  52  0.00026726
33  52  0.00038540
34  52  0.00019044
35  52  0.00022921
36  52  0.00016441
37  52  0.00010675
38  52  0.00014970
39  52  0.00009553
40  52  0.00008030
41  52  0.00009612
42  52  0.00022950
43  52  0.00007081
44  52  0.00013323
45  52  0.00031759
46  52  0.00023298
47  52  0.00005283
48  52  0.00016080
49  52  0.00032526
50  52  0.00042943
51  52  0.00012468
52  52  0.00022659
53  52  0.00022999
54  52  0.00014825
55  52  0.00034000
56  52  0.00026067
57  52  0.00029884
58  52  0.00019767
59  52  0.00010508
60  52  0.00038031
61  52  0.00031461
62  52  0.00016754
63  52  0.00029919
0  53  0.00020689
1  53  0.00020007
2  53  0.00030588
3  53  0.00021631
4  53  0.00025596
5  53  0.00006677
6  53  0.00043884
7  53  0.00017751
8  53  0.00011215
9  53  0.00018495
10  53  0.00006443
11  53  0.00018462
12  53  0.00014352
13  53  0.00042113
14  53  0.00039801
15  53  0.00025097
16  53  0.00006990
17  53  0.00019476
18  53  0.00039880
19  53  0.00037782
20  53  0.00018837
21  53  0.00004188
22  53  0.00005761
23  53  0.00024286
24  53  0.00023920
25  53  0.00008280
26  53  0.00044241
27  53  0.00021622
28  53  0.00016999
29  53  0.00036510
30  53  0.00023052
31  53  0.00013590
32  53  0.00021683
33  53  0.00016492
34  53  0.00028364
35  53  0.00010370
36  53  0.00050522
37  53  0.00010915
38  53  0.00006090
39  53  0.00035248
40  53  0.00021857
41  53  0.00030168
42  53  0.00009423
43  53  0.00020323
44  53  0.00023973
45  53  0.00029563
46  53  0.00019051
47  53  0.00015298
48  53  0.00051092
49  53  0.00023869
50  53  0.00011465
51  53  0.00023679
52  53  0.00010772
53  53  0.00022325
54  53  0.00017445
55  53  0.00033552
56  53  0.00016591
57  53  0.00017053
58  53  0.00016208
59  53  0.00011695
60  53  0.00029156
61  53  0.00027548
62  53  0.00024909
63  53  0.00022759
0  54  0.00005420
1  54  0.00020878
2  54  0.00017769
3  54  0.00016268
4  54  0.00097711
5  54  0.00012690
6  54  0.00017173
7  54  0.00023777
8  54  0.00016847
9  54  0.00014250
10  54  0.00034579
11  54  0.00027988
12  54  0.00023935
13  54  0.00021575
14  54  0.00047462
15  54  0.00009775
16  54  0.00015078
17  54  0.00023211
18  54  0.00039977
19  54  0.00029581
20  54  0.00030793
21  54  0.00030582
22  54  0.00021447
23  54  0.00010705
24  54  0.00034842
25  54  0.00022324
26  54  0.00026866
27  54  0.00021975
28  54  0.00030544
29  54  0.00013694
30  54  0.00026048
31  54  0.00045677
32  54  0.00025513
33  54  0.00043143
34  54  0.00029343
35  54  0.00028055
36  54  0.00031909
37  54  0.00045235
38  54  0.00034172
39  54  0.00065411
40  54  0.00011395
41  54  0.00022604
42  54  0.00029766
43  54  0.00037443
44  54  0.00017031
45  54  0.00011174
46  54  0.00015030
47  54  0.00007997
48  54  0.00008710
49  54  0.00011617
50  54  0.00011782
51  54  0.00024164
52  54  0.00011392
53  54  0.00032543
54  54  0.00016542
55  54  0.00011079
56  54  0.00016149
57  54  0.00037895
58  54  0.00011769
59  54  0.00036913
60  54  0.00046145
61  54  0.00022843
62  54  0.00023768
63  54  0.00034114
0  55  0.00032577
1  55  0.00037528
2  55  0.00011216
3  55  0.00011819
4  55  0.00012522
5  55  0.00040740
6  55  0.00014672
7  55  0.00039611
8  55  0.00021113
9  55  0.00034450
10  55  0.00023564
11  55  0.00017219
12  55  0.00013899
13  55  0.00035066
14  55  0.00026194
15  55  0.00016847
16  55  0.00024791
17  55  0.00017740
18  55  0.00023473
19  55  0.00023963
20  55  0.00031098
21  55  0.00019733
22  55  0.00035897
23  55  0.00031696
24  55  0.00017586
25  55  0.00015420
26  55  0.00022092
27  55  0.00013416
28  55  0.00038068
29  55  0.00023691
30  55  0.00031162
31  55  0.00010890
32  55  0.00011178
33  55  0.00016073
34  55  0.00063125
35  55  0.00012765
36  55  0.00022920
37  55  0.00020605
38  55  0.00015848
39  55  0.00015616
40  55  0.00013665
41  55  0.00019861
42  55  0.00022307
43  55  0.00024853
44  55  0.00018572
45  55  0.00036640
46  55  0.00035956
47  55  0.00018965
48  55  0.00015885
49  55  0.00031193
50  55  0.00033596
51  55  0.00017029
52  55  0.00027975
53  55  0.00014482
54  55  0.00021064
55  55  0.00022782
56  55  0.00029295
57  55  0.00014658
58  55  0.00016817
59  55  0.00015959
60  55  0.00019959
61  55  0.00031535
62  55  0.00020465
63  55  0.00024304
0  56  0.00011306
1  56  0.00018544
2  56  0.00027360
3  56  0.00041515
4  56  0.00030014
5  56  0.00011977
6  56  0.00018750
7  56  0.00033960
8  56  0.00023297
9  56  0.00024226
10  56  0.00008806
11  56  0.00013194
12  56  0.00017234
13  56  0.00011555
14  56  0.00011364
15  56  0.00031184
16  56  0.00014614
17  56  0.00022657
18  56  0.00030223
19  56  0.00021934
20  56  0.00018862
21  56  0.00017490
22  56  0.00012118
23  56  0.00045892
24  56  0.00014668
25  56  0.00033020
26  56  0.00036341
27  56  0.00062303
28  56  0.00021160
29  56  0.00032278
30  56  0.00017523
31  56  0.00030227
32  56  0.00041266
33  56  0.00020496
34  56  0.00013696
35  56  0.00041219
36  56  0.00023313
37  56  0.00031310
38  56  0.00032107
39  56  0.00014614
40  56  0.00020330
41  56  0.00020733
42  56  0.00009761
43  56  0.00028122
44  56  0.00023063
45  56  0.00011397
46  56  0.00022788
47  56  0.00030325
48  56  0.00027835
49  56  0.00012172
50  56  0.00021421
51  56  0.00036731
52  56  0.00030696
53  56  0.00025051
54  56  0.00025757
55  56  0.00020778
56  56  0.00011514
57  56  0.00025170
58  56  0.00014618
59  56  0.00025150
60  56  0.00047200
61  56  0.00035117
62  56  0.00022948
63  56  0.00024936
0  57  0.00018376
1  57  0.00020345
2  57  0.00015734
3  57  0.00026759
4  57  0.00023835
5  57  0.00016044
6  57  0.00041032
7  57  0.00021859
8  57  0.00039373
9  57  0.00026850
10  57  0.00012694
11  57  0.00014916
12  57  0.00018801
13  57  0.00017520
14  57  0.00062711
15  57  0.00045435
16  57  0.00024793
17  57  0.00028253
18  57  0.00024685
19  57  0.00014129
20  57  0.00026088
21  57  0.00026636
22  57  0.00013389
23  57  0.00015909
24  57  0.00007644
25  57  0.00018689
26  57  0.00011835
27  57  0.00044235
28  57  0.00018491
29  57  0.00043105
30  57  0.00035216
31  57  0.00029975
32  57  0.00033802
33  57  0.00024810
34  57  0.00048788
35  57  0.00014058
36  57  0.00031686
37  57  0.00010391
38  57  0.00024492
39  57  0.00019133
40  57  0.00004226
41  57  0.00027565
42  57  0.00026186
43  57  0.00021285
44  57  0.00014204
45  57  0.00012322
46  57  0.00017738
47  57  0.00020960
48  57  0.00031553
49  57  0.00009282
50  57  0.00028528
51  57  0.00020082
52  57  0.00023419
53  57  0.00024237
54  57  0.00035591
55  57  0.00019446
56  57  0.00012784
57  57  0.00023430
58  57  0.00004423
59  57  0.00018705
60  57  0.00009211
61  57  0.00013613
62  57  0.00019455
63  57  0.00003099
0  58  0.00016312
1  58  0.00033534
2  58  0.00013855
3  58  0.00019848
4  58  0.00030537
5  58  0.00017454
6  58  0.00024493
7  58  0.00027426
8  58  0.00020466
9  58  0.00012137
10  58  0.00043087
11  58  0.00052122
12  58  0.00022971
13  58  0.00012235
14  58  0.00051401
15  58  0.00022491
16  58  0.00056309
17  58  0.00006734
18  58  0.00018525
19  58  0.00034444
20  58  0.00009877
21  58  0.00020655
22  58  0.00018675
23  58  0.00014171
24  58  0.00027769
25  58  0.00013775
26  58  0.00023012
27  58  0.00035714
28  58  0.00030178
29  58  0.00007132
30  58  0.00028243
31  58  0.00011101
32  58  0.00010487
33  58  0.00018825
34  58  0.00027816
35  58  0.00027688
36  58  0.00017335
37  58  0.00022996
38  58  0.00030720
39  58  0.00028228
40  58  0.00035343
41  58  0.00008578
42  58  0.00029773
43  58  0.00028643
44  58  0.00033773
45  58  0.00048013
46  58  0.00037607
47  58  0.00030027
48  58  0.00022236
49  58  0.00028863
50  58  0.00009193
51  58  0.00014395
52  58  0.00017617
53  58  0.00012482
54  58  0.00036904
55  58  0.00037412
56  58  0.00029359
57  58  0.00022377
58  58  0.00030351
59  58  0.00022375
60  58  0.00016042
61  58  0.00005155
62  58  0.00010782
63  58  0.00039563
0  59  0.00029953
1  59  0.00007631
2  59  0.00023454
3  59  0.00007999
4  59  0.00021678
5  59  0.00043370
6  59  0.00038935
7  59  0.00018529
8  59  0.00017469
9  59  0.00033806
10  59  0.00019224
11  59  0.00010405
12  59  0.00013293
13  59  0.00016589
14  59  0.00007524
15  59  0.00024161
16  59  0.00012903
17  59  0.00019094
18  59  0.00015024
19  59  0.00011948
20  59  0.00019058
21  59  0.00025389
22  59  0.00057646
23  59  0.00022275
24  59  0.00020772
25  59  0.00036315
26  59  0.00050109
27  59  0.00017819
28  59  0.00027850
29  59  0.00048871
30  59  0.00048643
31  59  0.00026578
32  59  0.00017722
33  59  0.00019141
34  59  0.00009506
35  59  0.00016596
36  59  0.00037148
37  59  0.00020924
38  59  0.00032158
39  59  0.00026579
40  59  0.00014819
41  59  0.00026243
42  59  0.00010566
43  59  0.00024873
44  59  0.00011385
45  59  0.00015725
46  59  0.00005038
47  59  0.00043908
48  59  0.00014103
49  59  0.00028733
50  59  0.00029205
51  59  0.00006565
52  59  0.00021091
53  59  0.00011829
54  59  0.00023760
55  59  0.00014805
56  59  0.00028713
57  59  0.00023721
58  59  0.00051910
59  59  0.00011900
60  59  0.00047027
61  59  0.00008990
62  59  0.00013381
63  59  0.00038306
0  60  0.00032193
1  60  0.00029542
2  60  0.00029040
3  60  0.00022214
4  60  0.00049302
5  60  0.00021099
6  60  0.00026428
7  60  0.00055218
8  60  0.00033148
9  60  0.00034616
10  60  0.00018916
11  60  0.00015739
12  60  0.00021499
13  60  0.00015093
14  60  0.00007391
15  60  0.00006905
16  60  0.00013180
17  60  0.00014891
18  60  0.00002886
19  60  0.00009927
20  60  0.00027669
21  60  0.00006731
22  60  0.00052235
23  60  0.00024561
24  60  0.00017968
25  60  0.00027314
26  60  0.00021586
27  60  0.00036298
28  60  0.00021762
29  60  0.00011775
30  60  0.00035247
31  60  0.00023263
32  60  0.00026415
33  60  0.00016220
34  60  0.00017738
35  60  0.00027278
36  60  0.00009225
37  60  0.00020698
38  60  0.00038595
39  60  0.00038120
40  60  0.00019877
41  60  0.00007072
42  60  0.00037800
43  60  0.00019893
44  60  0.00011442
45  60  0.00020001
46  60  0.00026129
47  60  0.00014743
48  60  0.00015368
49  60  0.00017084
50  60  0.00015667
51  60  0.00017246
52  60  0.00034999
53  60  0.00020737
54  60  0.00023404
55  60  0.00014300
56  60  0.00024359
57  60  0.00030177
58  60  0.00027523
59  60  0.00021317
60  60  0.00013934
61  60  0.00025167
62  60  0.00007903
63  60  0.00024840
0  61  0.00041004
1  61  0.00015404
2  61  0.00010037
3  61  0.00009730
4  61  0.00016338
5  61  0.00033705
6  61  0.00014276
7  61  0.00010881
8  61  0.00035478
9  61  0.00012847
10  61  0.00036317
11  61  0.00038943
12  61  0.00030850
13  61  0.00026100
14  61  0.00040794
15  61  0.00015533
16  61  0.00020124
17  61  0.00015470
18  61  0.00006278
19  61  0.00007482
20  61  0.00015486
21  61  0.00027428
22  61  0.00050007
23  61  0.00024335
24  61  0.00043805
25  61  0.00035139
26  61  0.00050643
27  61  0.00021718
28  61  0.00036822
29  61  0.00024138
30  61  0.00021891
31  61  0.00009004
32  61  0.00016175
33  61  0.00025580
34  61  0.00041878
35  61  0.00016034
36  61  0.00046373
37  61  0.00048884
38  61  0.00023491
39  61  0.00025599
40  61  0.00013827
41  61  0.00024224
42  61  0.00011993
43  61  0.00016035
44  61  0.00050584
45  61  0.00024476
46  61  0.00021185
47  61  0.00037326
48  61  0.00026666
49  61  0.00019850
50  61  0.00053461
51  61  0.00006032
52  61  0.00012271
53  61  0.00050843
54  61  0.00028045
55  61  0.00019833
56  61  0.00033197
57  61  0.00034993
58  61  0.00013206
59  61  0.00016717
60  61  0.00028145
61  61  0.00059635
62  61  0.00014092
63  61  0.00041627
0  62  0.00018664
1  62  0.00033218
2  62  0.00022747
3  62  0.00008154
4  62  0.00024239
5  62  0.00011404
6  62  0.00021372
7  62  0.00018570
8  62  0.00031334
9  62  0.00007639
10  62  0.00013363
11  62  0.00051360
12  62  0.00019330
13  62  0.00034284
14  62  0.00011826
15  62  0.00011102
16  62  0.00006131
17  62  0.00019059
18  62  0.00018011
19  62  0.00015389
20  62  0.00008806
21  62  0.00013309
22  62  0.00014193
23  62  0.00023514
24  62  0.00021407
25  62  0.00036226
26  62  0.00040014
27  62  0.00012730
28  62  0.00021908
29  62  0.00041710
30  62  0.00047368
31  62  0.00024749
32  62  0.00008100
33  62  0.00036131
34  62  0.00023317
35  62  0.00036868
36  62  0.00016337
37  62  0.00071417
38  62  0.00023550
39  62  0.00008884
40  62  0.00036430
41  62  0.00045107
42  62  0.00037893
43  62  0.00011698
44  62  0.00021779
45  62  0.00034966
46  62  0.00004825
47  62  0.00026465
48  62  0.00030754
49  62  0.00017924
50  62  0.00036052
51  62  0.00016176
52  62  0.00012099
53  62  0.00018433
54  62  0.00013353
55  62  0.00021075
56  62  0.00061561
57  62  0.00025759
58  62  0.00054305
59  62  0.00011079
60  62  0.00016392
61  62  0.00037972
62  62  0.00038142
63  62  0.00016116
0  63  0.00038628
1  63  0.00004865
2  63  0.00027345
3  63  0.00029099
4  63  0.00005537
5  63  0.00055515
6  63  0.00024424
7  63  0.00007924
8  63  0.00018869
9  63  0.00015868
10  63  0.00015694
11  63  0.00016227
12  63  0.00033079
13  63  0.00037254
14  63  0.00022815
15  63  0.00051845
16  63  0.00027903
17  63  0.00028547
18  63  0.00057487
19  63  0.00029583
20  63  0.00010477
21  63  0.00013615
22  63  0.00020022
23  63  0.00017327
24  63  0.00021512
25  63  0.00020261
26  63  0.00016636
27  63  0.00042679
28  63  0.00031976
29  63  0.00027271
30  63  0.00011715
31  63  0.00029060
32  63  0.00020562
33  63  0.00018691
34  63  0.00028717
35  63  0.00041648
36  63  0.00026164
37  63  0.00025631
38  63  0.00023641
39  63  0.00016751
40  63  0.00011020
41  63  0.00039248
42  63  0.00039929
43  63  0.00020202
44  63  0.00027287
45  63  0.00033210
46  63  0.00024158
47  63  0.00034494
48  63  0.00009787
49  63  0.00037321
50  63  0.00012240
51  63  0.00008233
52  63  0.00023622
53  63  0.00016491
54  63  0.00021217
55  63  0.00026372
56  63  0.00022433
57  63  0.00018805
58  63  0.00014994
59  63  0.00015957
60  63  0.00012852
61  63  0.00022172
62  63  0.00020776
63  63  0.00021055
