# Spinor density |Psi|^2 at t = 4
# Grid: 64 x 64
# Columns: x  y  density
0  0  0.00018758
1  0  0.00105154
2  0  0.00018452
3  0  0.00017634
4  0  0.00031005
5  0  0.00018989
6  0  0.00034208
7  0  0.00031253
8  0  0.00026874
9  0  0.00023373
10  0  0.00030700
11  0  0.00008648
12  0  0.00021223
13  0  0.00015691
14  0  0.00034509
15  0  0.00028798
16  0  0.00051770
17  0  0.00021236
18  0  0.00033236
19  0  0.00026017
20  0  0.00011588
21  0  0.00015573
22  0  0.00011619
23  0  0.00010150
24  0  0.00020791
25  0  0.00039918
26  0  0.00021808
27  0  0.00014411
28  0  0.00013385
29  0  0.00041065
30  0  0.00009924
31  0  0.00034153
32  0  0.00012940
33  0  0.00009781
34  0  0.00011128
35  0  0.00019015
36  0  0.00011601
37  0  0.00033873
38  0  0.00003721
39  0  0.00018225
40  0  0.00034802
41  0  0.00034702
42  0  0.00038239
43  0  0.00024217
44  0  0.00014981
45  0  0.00014228
46  0  0.00018478
47  0  0.00019214
48  0  0.00019994
49  0  0.00032638
50  0  0.00024163
51  0  0.00027734
52  0  0.00017227
53  0  0.00033607
54  0  0.00019894
55  0  0.00020173
56  0  0.00023589
57  0  0.00015141
58  0  0.00026276
59  0  0.00036360
60  0  0.00023443
61  0  0.00026446
62  0  0.00018726
63  0  0.00026910
0  1  0.00017784
1  1  0.00035410
2  1  0.00028869
3  1  0.00020688
4  1  0.00012117
5  1  0.00041672
6  1  0.00056251
7  1  0.00065868
8  1  0.00037096
9  1  0.00033527
10  1  0.00017676
11  1  0.00010008
12  1  0.00017008
13  1  0.00015324
14  1  0.00014747
15  1  0.00044355
16  1  0.00019878
17  1  0.00037030
18  1  0.00019655
19  1  0.00047573
20  1  0.00018186
21  1  0.00015243
22  1  0.00023254
23  1  0.00012499
24  1  0.00025725
25  1  0.00024830
26  1  0.00055127
27  1  0.00064364
28  1  0.00014036
29  1  0.00010834
30  1  0.00006467
31  1  0.00037749
32  1  0.00040582
33  1  0.00025620
34  1  0.00017951
35  1  0.00035018
36  1  0.00019087
37  1  0.00008438
38  1  0.00026114
39  1  0.00014119
40  1  0.00045158
41  1  0.00017137
42  1  0.00029052
43  1  0.00025138
44  1  0.00015347
45  1  0.00022331
46  1  0.00023686
47  1  0.00031427
48  1  0.00037342
49  1  0.00022141
50  1  0.00021894
51  1  0.00011696
52  1  0.00027019
53  1  0.00018800
54  1  0.00022346
55  1  0.00058490
56  1  0.00030643
57  1  0.00023189
58  1  0.00016855
59  1  0.00018835
60  1  0.00017717
61  1  0.00041489
62  1  0.00021499
63  1  0.00016479
0  2  0.00021499
1  2  0.00034810
2  2  0.00027067
3  2  0.00015219
4  2  0.00027447
5  2  0.00014047
6  2  0.00020088
7  2  0.00014138
8  2  0.00013614
9  2  0.00018290
10  2  0.00026133
11  2  0.00012636
12  2  0.00032490
13  2  0.00028077
14  2  0.00032152
15  2  0.00044487
16  2  0.00024623
17  2  0.00022431
18  2  0.00010153
19  2  0.00021176
20  2  0.00028464
21  2  0.00041304
22  2  0.00021598
23  2  0.00023774
24  2  0.00020885
25  2  0.00013711
26  2  0.00021432
27  2  0.00009067
28  2  0.00016164
29  2  0.00015786
30  2  0.00023272
31  2  0.00029749
32  2  0.00015830
33  2  0.00016027
34  2  0.00026497
35  2  0.00037162
36  2  0.00017818
37  2  0.00013453
38  2  0.00044305
39  2  0.00026103
40  2  0.00022417
41  2  0.00056870
42  2  0.00028555
43  2  0.00033337
44  2  0.00047523
45  2  0.00026891
46  2  0.00011639
47  2  0.00020914
48  2  0.00020245
49  2  0.00010755
50  2  0.00013017
51  2  0.00031337
52  2  0.00012227
53  2  0.00027256
54  2  0.00007587
55  2  0.00021278
56  2  0.00025201
57  2  0.00035402
58  2  0.00066960
59  2  0.00029469
60  2  0.00014890
61  2  0.00013448
62  2  0.00046501
63  2  0.00013410
0  3  0.00017947
1  3  0.00014949
2  3  0.00051111
3  3  0.00011615
4  3  0.00052272
5  3  0.00012873
6  3  0.00005922
7  3  0.00015538
8  3  0.00011240
9  3  0.00017065
10  3  0.00014216
11  3  0.00021079
12  3  0.00021281
13  3  0.00015505
14  3  0.00015177
15  3  0.00013045
16  3  0.00029430
17  3  0.00007945
18  3  0.00033437
19  3  0.00015033
20  3  0.00016131
21  3  0.00020750
22  3  0.00028047
23  3  0.00021142
24  3  0.00015946
25  3  0.00041279
26  3  0.00031716
27  3  0.00020993
28  3  0.00008105
29  3  0.00034342
30  3  0.00017710
31  3  0.00030247
32  3  0.00042247
33  3  0.00016280
34  3  0.00021230
35  3  0.00029584
36  3  0.00018974
37  3  0.00022551
38  3  0.00018669
39  3  0.00015536
40  3  0.00022511
41  3  0.00036870
42  3  0.00057792
43  3  0.00001367
44  3  0.00010789
45  3  0.00018515
46  3  0.00017767
47  3  0.00028598
48  3  0.00018975
49  3  0.00024309
50  3  0.00025875
51  3  0.00034331
52  3  0.00034289
53  3  0.00019035
54  3  0.00013383
55  3  0.00035309
56  3  0.00033553
57  3  0.00025375
58  3  0.00016957
59  3  0.00031081
60  3  0.00036313
61  3  0.00022574
62  3  0.00021641
63  3  0.00025190
0  4  0.00017572
1  4  0.00023815
2  4  0.00032155
3  4  0.00057467
4  4  0.00017861
5  4  0.00018032
6  4  0.00020825
7  4  0.00029143
8  4  0.00005151
9  4  0.00024865
10  4  0.00025583
11  4  0.00021700
12  4  0.00014404
13  4  0.00018253
14  4  0.00027308
15  4  0.00012903
16  4  0.00021273
17  4  0.00029831
18  4  0.00043235
19  4  0.00014850
20  4  0.00015639
21  4  0.00038097
22  4  0.00039318
23  4  0.00011426
24  4  0.00019819
25  4  0.00026449
26  4  0.00040098
27  4  0.00017148
28  4  0.00025378
29  4  0.00016693
30  4  0.00022872
31  4  0.00012440
32  4  0.00026962
33  4  0.00015379
34  4  0.00033212
35  4  0.00042211
36  4  0.00023024
37  4  0.00011990
38  4  0.00024113
39  4  0.00031648
40  4  0.00015050
41  4  0.00038870
42  4  0.00015529
43  4  0.00009702
44  4  0.00048936
45  4  0.00021340
46  4  0.00031386
47  4  0.00016969
48  4  0.00033964
49  4  0.00028186
50  4  0.00019478
51  4  0.00026949
52  4  0.00034689
53  4  0.00012591
54  4  0.00012214
55  4  0.00014009
56  4  0.00023816
57  4  0.00043031
58  4  0.00013400
59  4  0.00035123
60  4  0.00018067
61  4  0.00008956
62  4  0.00039264
63  4  0.00024820
0  5  0.00036029
1  5  0.00018925
2  5  0.00014772
3  5  0.00009098
4  5  0.00019524
5  5  0.00018939
6  5  0.00039807
7  5  0.00047719
8  5  0.00023472
9  5  0.00034959
10  5  0.00056650
11  5  0.00025011
12  5  0.00014290
13  5  0.00037532
14  5  0.00019834
15  5  0.00005930
16  5  0.00029098
17  5  0.00018320
18  5  0.00013138
19  5  0.00014746
20  5  0.00026238
21  5  0.00018354
22  5  0.00026274
23  5  0.00037968
24  5  0.00011883
25  5  0.00012858
26  5  0.00040953
27  5  0.00018379
28  5  0.00027088
29  5  0.00015313
30  5  0.00026299
31  5  0.00044350
32  5  0.00030672
33  5  0.00033624
34  5  0.00021290
35  5  0.00015832
36  5  0.00010359
37  5  0.00007491
38  5  0.00014173
39  5  0.00030360
40  5  0.00034004
41  5  0.00012434
42  5  0.00018404
43  5  0.00023239
44  5  0.00032057
45  5  0.00035500
46  5  0.00029565
47  5  0.00027623
48  5  0.00011413
49  5  0.00019128
50  5  0.00017955
51  5  0.00049179
52  5  0.00018223
53  5  0.00041442
54  5  0.00014030
55  5  0.00043799
56  5  0.00024938
57  5  0.00015893
58  5  0.00023251
59  5  0.00035664
60  5  0.00018644
61  5  0.00029238
62  5  0.00021852
63  5  0.00022887
0  6  0.00014113
1  6  0.00027191
2  6  0.00030090
3  6  0.00031845
4  6  0.00017231
5  6  0.00016761
6  6  0.00014737
7  6  0.00029565
8  6  0.00057875
9  6  0.00020077
10  6  0.00021500
11  6  0.00041728
12  6  0.00015530
13  6  0.00008591
14  6  0.00041587
15  6  0.00028260
16  6  0.00015167
17  6  0.00015779
18  6  0.00021047
19  6  0.00013589
20  6  0.00009640
21  6  0.00020747
22  6  0.00012721
23  6  0.00025810
24  6  0.00012221
25  6  0.00024998
26  6  0.00021518
27  6  0.00009890
28  6  0.00012404
29  6  0.00015437
30  6  0.00026610
31  6  0.00018712
32  6  0.00006966
33  6  0.00036499
34  6  0.00016352
35  6  0.00029520
36  6  0.00019914
37  6  0.00013567
38  6  0.00017458
39  6  0.00018220
40  6  0.00027333
41  6  0.00012250
42  6  0.00029591
43  6  0.00017047
44  6  0.00014830
45  6  0.00030722
46  6  0.00014573
47  6  0.00021260
48  6  0.00021636
49  6  0.00017635
50  6  0.00011970
51  6  0.00025591
52  6  0.00016209
53  6  0.00006102
54  6  0.00015293
55  6  0.00013771
56  6  0.00009844
57  6  0.00008277
58  6  0.00031876
59  6  0.00022528
60  6  0.00004428
61  6  0.00016872
62  6  0.00022511
63  6  0.00011840
0  7  0.00009847
1  7  0.00022497
2  7  0.00013339
3  7  0.00023808
4  7  0.00026838
5  7  0.00003855
6  7  0.00069740
7  7  0.00028368
8  7  0.00030482
9  7  0.00006345
10  7  0.00019134
11  7  0.00018874
12  7  0.00032160
13  7  0.00030721
14  7  0.00027809
15  7  0.00038525
16  7  0.00012913
17  7  0.00042506
18  7  0.00022049
19  7  0.00010815
20  7  0.00014765
21  7  0.00008803
22  7  0.00020031
23  7  0.00035663
24  7  0.00007375
25  7  0.00071218
26  7  0.00022353
27  7  0.00006645
28  7  0.00035855
29  7  0.00018709
30  7  0.00023338
31  7  0.00015524
32  7  0.00014088
33  7  0.00014670
34  7  0.00026383
35  7  0.00027778
36  7  0.00016132
37  7  0.00017085
38  7  0.00028127
39  7  0.00018064
40  7  0.00012087
41  7  0.00016454
42  7  0.00043082
43  7  0.00013124
44  7  0.00014985
45  7  0.00042645
46  7  0.00023732
47  7  0.00021252
48  7  0.00021549
49  7  0.00013979
50  7  0.00018331
51  7  0.00024182
52  7  0.00020489
53  7  0.00016629
54  7  0.00025147
55  7  0.00010930
56  7  0.00014374
57  7  0.00007863
58  7  0.00024695
59  7  0.00023583
60  7  0.00024490
61  7  0.00028574
62  7  0.00036079
63  7  0.00018031
0  8  0.00023218
1  8  0.00020894
2  8  0.00015626
3  8  0.00020026
4  8  0.00028286
5  8  0.00014832
6  8  0.00020373
7  8  0.00019374
8  8  0.00063124
9  8  0.00011838
10  8  0.00040288
11  8  0.00009613
12  8  0.00027363
13  8  0.00028555
14  8  0.00015552
15  8  0.00015533
16  8  0.00015266
17  8  0.00026454
18  8  0.00038373
19  8  0.00032641
20  8  0.00022350
21  8  0.00010929
22  8  0.00029071
23  8  0.00043404
24  8  0.00027870
25  8  0.00013921
26  8  0.00023255
27  8  0.00044048
28  8  0.00030803
29  8  0.00017185
30  8  0.00030956
31  8  0.00037177
32  8  0.00014029
33  8  0.00019799
34  8  0.00027640
35  8  0.00041907
36  8  0.00032970
37  8  0.00026522
38  8  0.00015596
39  8  0.00036469
40  8  0.00020342
41  8  0.00021657
42  8  0.00042836
43  8  0.00029043
44  8  0.00011512
45  8  0.00009316
46  8  0.00010149
47  8  0.00005544
48  8  0.00015166
49  8  0.00018743
50  8  0.00011718
51  8  0.00017558
52  8  0.00020073
53  8  0.00013785
54  8  0.00038740
55  8  0.00010228
56  8  0.00046269
57  8  0.00016356
58  8  0.00015204
59  8  0.00031130
60  8  0.00031570
61  8  0.00012188
62  8  0.00014114
63  8  0.00008251
0  9  0.00018055
1  9  0.00027301
2  9  0.00015172
3  9  0.00024939
4  9  0.00033811
5  9  0.00040817
6  9  0.00045724
7  9  0.00028817
8  9  0.00033331
9  9  0.00015196
10  9  0.00014495
11  9  0.00017195
12  9  0.00007933
13  9  0.00015836
14  9  0.00041958
15  9  0.00034610
16  9  0.00023645
17  9  0.00008863
18  9  0.00013029
19  9  0.00028479
20  9  0.00012801
21  9  0.00016419
22  9  0.00034713
23  9  0.00029019
24  9  0.00041818
25  9  0.00026666
26  9  0.00013816
27  9  0.00016434
28  9  0.00015411
29  9  0.00034245
30  9  0.00023428
31  9  0.00030129
32  9  0.00008287
33  9  0.00022879
34  9  0.00006523
35  9  0.00016139
36  9  0.00031472
37  9  0.00019794
38  9  0.00017061
39  9  0.00036306
40  9  0.00037603
41  9  0.00020424
42  9  0.00024739
43  9  0.00022110
44  9  0.00013465
45  9  0.00046980
46  9  0.00034319
47  9  0.00019446
48  9  0.00013109
49  9  0.00053113
50  9  0.00025177
51  9  0.00024939
52  9  0.00020546
53  9  0.00048442
54  9  0.00012132
55  9  0.00034366
56  9  0.00025134
57  9  0.00022159
58  9  0.00024671
59  9  0.00037028
60  9  0.00020514
61  9  0.00003550
62  9  0.00024114
63  9  0.00033845
0  10  0.00042328
1  10  0.00023135
2  10  0.00027679
3  10  0.00029582
4  10  0.00034163
5  10  0.00025828
6  10  0.00018646
7  10  0.00014445
8  10  0.00034448
9  10  0.00012359
10  10  0.00012988
11  10  0.00021989
12  10  0.00021351
13  10  0.00017501
14  10  0.00017825
15  10  0.00016462
16  10  0.00015698
17  10  0.00021699
18  10  0.00023337
19  10  0.00061516
20  10  0.00032758
21  10  0.00037589
22  10  0.00009172
23  10  0.00017992
24  10  0.00019628
25  10  0.00035947
26  10  0.00038452
27  10  0.00046782
28  10  0.00026169
29  10  0.00007348
30  10  0.00027613
31  10  0.00027982
32  10  0.00026909
33  10  0.00016915
34  10  0.00018917
35  10  0.00022105
36  10  0.00023787
37  10  0.00021603
38  10  0.00042596
39  10  0.00038393
40  10  0.00042002
41  10  0.00023792
42  10  0.00024773
43  10  0.00032634
44  10  0.00025160
45  10  0.00020989
46  10  0.00013844
47  10  0.00008555
48  10  0.00011311
49  10  0.00009241
50  10  0.00013276
51  10  0.00042733
52  10  0.00026208
53  10  0.00019790
54  10  0.00026429
55  10  0.00025821
56  10  0.00016478
57  10  0.00017157
58  10  0.00019605
59  10  0.00017410
60  10  0.00016843
61  10  0.00019936
62  10  0.00032304
63  10  0.00037036
0  11  0.00009646
1  11  0.00017577
2  11  0.00018199
3  11  0.00013029
4  11  0.00007840
5  11  0.00042177
6  11  0.00035769
7  11  0.00006755
8  11  0.00029104
9  11  0.00048219
10  11  0.00015722
11  11  0.00016592
12  11  0.00012601
13  11  0.00022790
14  11  0.00014071
15  11  0.00019999
16  11  0.00026062
17  11  0.00017979
18  11  0.00028955
19  11  0.00024277
20  11  0.00015406
21  11  0.00013040
22  11  0.00011042
23  11  0.00018899
24  11  0.00026165
25  11  0.00026867
26  11  0.00039586
27  11  0.00033438
28  11  0.00019433
29  11  0.00016218
30  11  0.00037178
31  11  0.00023387
32  11  0.00037429
33  11  0.00031477
34  11  0.00020255
35  11  0.00029416
36  11  0.00009258
37  11  0.00033328
38  11  0.00022949
39  11  0.00017359
40  11  0.00027940
41  11  0.00015789
42  11  0.00017604
43  11  0.00015095
44  11  0.00024597
45  11  0.00008134
46  11  0.00008198
47  11  0.00021468
48  11  0.00034493
49  11  0.00007440
50  11  0.00020233
51  11  0.00038907
52  11  0.00008236
53  11  0.00049276
54  11  0.00017108
55  11  0.00019523
56  11  0.00024895
57  11  0.00023430
58  11  0.00007244
59  11  0.00021234
60  11  0.00039257
61  11  0.00032576
62  11  0.00025791
63  11  0.00028655
0  12  0.00029583
1  12  0.00024520
2  12  0.00010871
3  12  0.00037101
4  12  0.00027988
5  12  0.00036632
6  12  0.00011817
7  12  0.00025145
8  12  0.00003436
9  12  0.00018522
10  12  0.00004720
11  12  0.00025603
12  12  0.00017389
13  12  0.00033663
14  12  0.00008409
15  12  0.00014002
16  12  0.00009305
17  12  0.00028869
18  12  0.00009881
19  12  0.00037296
20  12  0.00015009
21  12  0.00035888
22  12  0.00014090
23  12  0.00016206
24  12  0.00032161
25  12  0.00019194
26  12  0.00060746
27  12  0.00032781
28  12  0.00016831
29  12  0.00019613
30  12  0.00016422
31  12  0.00024249
32  12  0.00032004
33  12  0.00016459
34  12  0.00009029
35  12  0.00009070
36  12  0.00033989
37  12  0.00024872
38  12  0.00013244
39  12  0.00019241
40  12  0.00029366
41  12  0.00012321
42  12  0.00012891
43  12  0.00020349
44  12  0.00013663
45  12  0.00034154
46  12  0.00003029
47  12  0.00017302
48  12  0.00018589
49  12  0.00020442
50  12  0.00034017
51  12  0.00010047
52  12  0.00010701
53  12  0.00020682
54  12  0.00013825
55  12  0.00016511
56  12  0.00036306
57  12  0.00017002
58  12  0.00014146
59  12  0.00017575
60  12  0.00022888
61  12  0.00016856
62  12  0.00020211
63  12  0.00017874
0  13  0.00032468
1  13  0.00009886
2  13  0.00015983
3  13  0.00017788
4  13  0.00041105
5  13  0.00022707
6  13  0.00008349
7  13  0.00028055
8  13  0.00009608
9  13  0.00014398
10  13  0.00012125
11  13  0.00044393
12  13  0.00009177
13  13  0.00028439
14  13  0.00027231
15  13  0.00015945
16  13  0.00010117
17  13  0.00021202
18  13  0.00027089
19  13  0.00013107
20  13  0.00025252
21  13  0.00003981
22  13  0.00033853
23  13  0.00029579
24  13  0.00024462
25  13  0.00018187
26  13  0.00018436
27  13  0.00049936
28  13  0.00042851
29  13  0.00014164
30  13  0.00025518
31  13  0.00005161
32  13  0.00006090
33  13  0.00019789
34  13  0.00032011
35  13  0.00020285
36  13  0.00043663
37  13  0.00059874
38  13  0.00028907
39  13  0.00013805
40  13  0.00006475
41  13  0.00015998
42  13  0.00037973
43  13  0.00013597
44  13  0.00026780
45  13  0.00025126
46  13  0.00021146
47  13  0.00012370
48  13  0.00023809
49  13  0.00015874
50  13  0.00032951
51  13  0.00036934
52  13  0.00034880
53  13  0.00011513
54  13  0.00009724
55  13  0.00027294
56  13  0.00015561
57  13  0.00029774
58  13  0.00010043
59  13  0.00021450
60  13  0.00017686
61  13  0.00025013
62  13  0.00040174
63  13  0.00013621
0  14  0.00014890
1  14  0.00022700
2  14  0.00014749
3  14  0.00019757
4  14  0.00025613
5  14  0.00020583
6  14  0.00044237
7  14  0.00025643
8  14  0.00012302
9  14  0.00009001
10  14  0.00019878
11  14  0.00023028
12  14  0.00045375
13  14  0.00010942
14  14  0.00033360
15  14  0.00022568
16  14  0.00013561
17  14  0.00021210
18  14  0.00025412
19  14  0.00026538
20  14  0.00025232
21  14  0.00021828
22  14  0.00011469
23  14  0.00015308
24  14  0.00035245
25  14  0.00011333
26  14  0.00012761
27  14  0.00012814
28  14  0.00030338
29  14  0.00020515
30  14  0.00016599
31  14  0.00031223
32  14  0.00035003
33  14  0.00026848
34  14  0.00030975
35  14  0.00019532
36  14  0.00014243
37  14  0.00008723
38  14  0.00052643
39  14  0.00032899
40  14  0.00011946
41  14  0.00025276
42  14  0.00010512
43  14  0.00044385
44  14  0.00014579
45  14  0.00050193
46  14  0.00025449
47  14  0.00013077
48  14  0.00009713
49  14  0.00036947
50  14  0.00025518
51  14  0.00036362
52  14  0.00037876
53  14  0.00016208
54  14  0.00043655
55  14  0.00008650
56  14  0.00030970
57  14  0.00018588
58  14  0.00033723
59  14  0.00037260
60  14  0.00006771
61  14  0.00013424
62  14  0.00025343
63  14  0.00022280
0  15  0.00021254
1  15  0.00016274
2  15  0.00021209
3  15  0.00031277
4  15  0.00040544
5  15  0.00012334
6  15  0.00038684
7  15  0.00037216
8  15  0.00027725
9  15  0.00024547
10  15  0.00030711
11  15  0.00008402
12  15  0.00054223
13  15  0.00020927
14  15  0.00014462
15  15  0.00051335
16  15  0.00014953
17  15  0.00020159
18  15  0.00008362
19  15  0.00034766
20  15  0.00029359
21  15  0.00037002
22  15  0.00018016
23  15  0.00022605
24  15  0.00016628
25  15  0.00034451
26  15  0.00014575
27  15  0.00020121
28  15  0.00014329
29  15  0.00023192
30  15  0.00039118
31  15  0.00040810
32  15  0.00015771
33  15  0.00026014
34  15  0.00023977
35  15  0.00014103
36  15  0.00032020
37  15  0.00030379
38  15  0.00036533
39  15  0.00021592
40  15  0.00020898
41  15  0.00014257
42  15  0.00006364
43  15  0.00033888
44  15  0.00012635
45  15  0.00016421
46  15  0.00025027
47  15  0.00029167
48  15  0.00032466
49  15  0.00020725
50  15  0.00035430
51  15  0.00028267
52  15  0.00017867
53  15  0.00043838
54  15  0.00017992
55  15  0.00011843
56  15  0.00014409
57  15  0.00019053
58  15  0.00017997
59  15  0.00021741
60  15  0.00034189
61  15  0.00015480
62  15  0.00037052
63  15  0.00044085
0  16  0.00011871
1  16  0.00011384
2  16  0.00060836
3  16  0.00015429
4  16  0.00017005
5  16  0.00029621
6  16  0.00023886
7  16  0.00016685
8  16  0.00030906
9  16  0.00023516
10  16  0.00020613
11  16  0.00022072
12  16  0.00019099
13  16  0.00032274
14  16  0.00036630
15  16  0.00015254
16  16  0.00029206
17  16  0.00012140
18  16  0.00012132
19  16  0.00008300
20  16  0.00023672
21  16  0.00044617
22  16  0.00032640
23  16  0.00026002
24  16  0.00011812
25  16  0.00013979
26  16  0.00013371
27  16  0.00008565
28  16  0.00017917
29  16  0.00031800
30  16  0.00019496
31  16  0.00009615
32  16  0.00035938
33  16  0.00034717
34  16  0.00018847
35  16  0.00029789
36  16  0.00015017
37  16  0.00032991
38  16  0.00020785
39  16  0.00025244
40  16  0.00040425
41  16  0.00036926
42  16  0.00020291
43  16  0.00011192
44  16  0.00023869
45  16  0.00006608
46  16  0.00043945
47  16  0.00019697
48  16  0.00013420
49  16  0.00012473
50  16  0.00009285
51  16  0.00009866
52  16  0.00010633
53  16  0.00016574
54  16  0.00039665
55  16  0.00033347
56  16  0.00017111
57  16  0.00032415
58  16  0.00011727
59  16  0.00029523
60  16  0.00023785
61  16  0.00027504
62  16  0.00010735
63  16  0.00016191
0  17  0.00018482
1  17  0.00014430
2  17  0.00059978
3  17  0.00012484
4  17  0.00021047
5  17  0.00046901
6  17  0.00022808
7  17  0.00019848
8  17  0.00026611
9  17  0.00025356
10  17  0.00031840
11  17  0.00021086
12  17  0.00003453
13  17  0.00012691
14  17  0.00022719
15  17  0.00016652
16  17  0.00048085
17  17  0.00027008
18  17  0.00028159
19  17  0.00017834
20  17  0.00034338
21  17  0.00007815
22  17  0.00024341
23  17  0.00024626
24  17  0.00011981
25  17  0.00017150
26  17  0.00007873
27  17  0.00016707
28  17  0.00011976
29  17  0.00018633
30  17  0.00030106
31  17  0.00024593
32  17  0.00018464
33  17  0.00016052
34  17  0.00031661
35  17  0.00027319
36  17  0.00020973
37  17  0.00013598
38  17  0.00072228
39  17  0.00031750
40  17  0.00040411
41  17  0.00013631
42  17  0.00033460
43  17  0.00013224
44  17  0.00033770
45  17  0.00017121
46  17  0.00020491
47  17  0.00027429
48  17  0.00021902
49  17  0.00024574
50  17  0.00012087
51  17  0.00020689
52  17  0.00011213
53  17  0.00012244
54  17  0.00026436
55  17  0.00013498
56  17  0.00029099
57  17  0.00015609
58  17  0.00009977
59  17  0.00007152
60  17  0.00020573
61  17  0.00012079
62  17  0.00008848
63  17  0.00018493
0  18  0.00007227
1  18  0.00034998
2  18  0.00028362
3  18  0.00036692
4  18  0.00013554
5  18  0.00017358
6  18  0.00015515
7  18  0.00018048
8  18  0.00012322
9  18  0.00013589
10  18  0.00013650
11  18  0.00017209
12  18  0.00014138
13  18  0.00013904
14  18  0.00005955
15  18  0.00011265
16  18  0.00015517
17  18  0.00021976
18  18  0.00026845
19  18  0.00032109
20  18  0.00013981
21  18  0.00035758
22  18  0.00025043
23  18  0.00040784
24  18  0.00010815
25  18  0.00019816
26  18  0.00012771
27  18  0.00025739
28  18  0.00013246
29  18  0.00023389
30  18  0.00011470
31  18  0.00035883
32  18  0.00015723
33  18  0.00004281
34  18  0.00008403
35  18  0.00033503
36  18  0.00012917
37  18  0.00009395
38  18  0.00017404
39  18  0.00033110
40  18  0.00032211
41  18  0.00018457
42  18  0.00026254
43  18  0.00010478
44  18  0.00009364
45  18  0.00012566
46  18  0.00003428
47  18  0.00021999
48  18  0.00027638
49  18  0.00038743
50  18  0.00018846
51  18  0.00025434
52  18  0.00047756
53  18  0.00007657
54  18  0.00012641
55  18  0.00021749
56  18  0.00015063
57  18  0.00010080
58  18  0.00028906
59  18  0.00022685
60  18  0.00024726
61  18  0.00014013
62  18  0.00030616
63  18  0.00041552
0  19  0.00037355
1  19  0.00015473
2  19  0.00017903
3  19  0.00018491
4  19  0.00025391
5  19  0.00020967
6  19  0.00024512
7  19  0.00024685
8  19  0.00023291
9  19  0.00029397
10  19  0.00004303
11  19  0.00005572
12  19  0.00021487
13  19  0.00028733
14  19  0.00027803
15  19  0.00018958
16  19  0.00021258
17  19  0.00032933
18  19  0.00022381
19  19  0.00013458
20  19  0.00020512
21  19  0.00013299
22  19  0.00043798
23  19  0.00022145
24  19  0.00024377
25  19  0.00016971
26  19  0.00021649
27  19  0.00037752
28  19  0.00055148
29  19  0.00030353
30  19  0.00016440
31  19  0.00026052
32  19  0.00016555
33  19  0.00019752
34  19  0.00021866
35  19  0.00007469
36  19  0.00012147
37  19  0.00014406
38  19  0.00014700
39  19  0.00026728
40  19  0.00043973
41  19  0.00013559
42  19  0.00026747
43  19  0.00042678
44  19  0.00033437
45  19  0.00007320
46  19  0.00026434
47  19  0.00021501
48  19  0.00010933
49  19  0.00028530
50  19  0.00029047
51  19  0.00014914
52  19  0.00026246
53  19  0.00030451
54  19  0.00019722
55  19  0.00013350
56  19  0.00022802
57  19  0.00006160
58  19  0.00024963
59  19  0.00020943
60  19  0.00033106
61  19  0.00020890
62  19  0.00017015
63  19  0.00036955
0  20  0.00013530
1  20  0.00022056
2  20  0.00025653
3  20  0.00028545
4  20  0.00021755
5  20  0.00013083
6  20  0.00023177
7  20  0.00012523
8  20  0.00011467
9  20  0.00011882
10  20  0.00017300
11  20  0.00026683
12  20  0.00022352
13  20  0.00024719
14  20  0.00030765
15  20  0.00027685
16  20  0.00029733
17  20  0.00016730
18  20  0.00014238
19  20  0.00045929
20  20  0.00015634
21  20  0.00012968
22  20  0.00037828
23  20  0.00016770
24  20  0.00038172
25  20  0.00015663
26  20  0.00013672
27  20  0.00018244
28  20  0.00021592
29  20  0.00019835
30  20  0.00015271
31  20  0.00014798
32  20  0.00007628
33  20  0.00020343
34  20  0.00041916
35  20  0.00031599
36  20  0.00018026
37  20  0.00006825
38  20  0.00014205
39  20  0.00016092
40  20  0.00008190
41  20  0.00008429
42  20  0.00048222
43  20  0.00036886
44  20  0.00021150
45  20  0.00042941
46  20  0.00032358
47  20  0.00015887
48  20  0.00009763
49  20  0.00011012
50  20  0.00010964
51  20  0.00027468
52  20  0.00022873
53  20  0.00017426
54  20  0.00019361
55  20  0.00036678
56  20  0.00017781
57  20  0.00027448
58  20  0.00008388
59  20  0.00011899
60  20  0.00025178
61  20  0.00019013
62  20  0.00014548
63  20  0.00022400
0  21  0.00022238
1  21  0.00019984
2  21  0.00035552
3  21  0.00011280
4  21  0.00018159
5  21  0.00012797
6  21  0.00017783
7  21  0.00009905
8  21  0.00035061
9  21  0.00008090
10  21  0.00027690
11  21  0.00045489
12  21  0.00010699
13  21  0.00039730
14  21  0.00014654
15  21  0.00025960
16  21  0.00019644
17  21  0.00029373
18  21  0.00018736
19  21  0.00041389
20  21  0.00040049
21  21  0.00015850
22  21  0.00012789
23  21  0.00020362
24  21  0.00015966
25  21  0.00017581
26  21  0.00008619
27  21  0.00032341
28  21  0.00032298
29  21  0.00031056
30  21  0.00016673
31  21  0.00016273
32  21  0.00041116
33  21  0.00022396
34  21  0.00031894
35  21  0.00035057
36  21  0.00036069
37  21  0.00013327
38  21  0.00027150
39  21  0.00020580
40  21  0.00024033
41  21  0.00015775
42  21  0.00028767
43  21  0.00014463
44  21  0.00040247
45  21  0.00008022
46  21  0.00015648
47  21  0.00018505
48  21  0.00011389
49  21  0.00033825
50  21  0.00022241
51  21  0.00023567
52  21  0.00006323
53  21  0.00017103
54  21  0.00012147
55  21  0.00050299
56  21  0.00014709
57  21  0.00036624
58  21  0.00018521
59  21  0.00023510
60  21  0.00029745
61  21  0.00011577
62  21  0.00018941
63  21  0.00014751
0  22  0.00010704
1  22  0.00028870
2  22  0.00011538
3  22  0.00023743
4  22  0.00024418
5  22  0.00022665
6  22  0.00009025
7  22  0.00017947
8  22  0.00023300
9  22  0.00012844
10  22  0.00007637
11  22  0.00016972
12  22  0.00026989
13  22  0.00008822
14  22  0.00012099
15  22  0.00036658
16  22  0.00015120
17  22  0.00054052
18  22  0.00032163
19  22  0.00015559
20  22  0.00025734
21  22  0.00064778
22  22  0.00011230
23  22  0.00025676
24  22  0.00020521
25  22  0.00015522
26  22  0.00046797
27  22  0.00044281
28  22  0.00013873
29  22  0.00046463
30  22  0.00033176
31  22  0.00026913
32  22  0.00027464
33  22  0.00026594
34  22  0.00029096
35  22  0.00050502
36  22  0.00015941
37  22  0.00021583
38  22  0.00031168
39  22  0.00015326
40  22  0.00022503
41  22  0.00024426
42  22  0.00027625
43  22  0.00018821
44  22  0.00031600
45  22  0.00040561
46  22  0.00014307
47  22  0.00006452
48  22  0.00013271
49  22  0.00044390
50  22  0.00042892
51  22  0.00017490
52  22  0.00010066
53  22  0.00020176
54  22  0.00031115
55  22  0.00045742
56  22  0.00016425
57  22  0.00014154
58  22  0.00036182
59  22  0.00027413
60  22  0.00018905
61  22  0.00023572
62  22  0.00023708
63  22  0.00014843
0  23  0.00012358
1  23  0.00020549
2  23  0.00036889
3  23  0.00043445
4  23  0.00027126
5  23  0.00016191
6  23  0.00026692
7  23  0.00012308
8  23  0.00012565
9  23  0.00014822
10  23  0.00033352
11  23  0.00045097
12  23  0.00017734
13  23  0.00027784
14  23  0.00023088
15  23  0.00026933
16  23  0.00020408
17  23  0.00025598
18  23  0.00008796
19  23  0.00018188
20  23  0.00012821
21  23  0.00013357
22  23  0.00023069
23  23  0.00023437
24  23  0.00024688
25  23  0.00012013
26  23  0.00022857
27  23  0.00016038
28  23  0.00014705
29  23  0.00031333
30  23  0.00022531
31  23  0.00036463
32  23  0.00041673
33  23  0.00026136
34  23  0.00043297
35  23  0.00006944
36  23  0.00017789
37  23  0.00004226
38  23  0.00014695
39  23  0.00042375
40  23  0.00031041
41  23  0.00034672
42  23  0.00018286
43  23  0.00018249
44  23  0.00029283
45  23  0.00013863
46  23  0.00018797
47  23  0.00017100
48  23  0.00023334
49  23  0.00051697
50  23  0.00029174
51  23  0.00025222
52  23  0.00015712
53  23  0.00016985
54  23  0.00010490
55  23  0.00009440
56  23  0.00026171
57  23  0.00016309
58  23  0.00013305
59  23  0.00021525
60  23  0.00008895
61  23  0.00021888
62  23  0.00025471
63  23  0.00012897
0  24  0.00019381
1  24  0.00014391
2  24  0.00027266
3  24  0.00023809
4  24  0.00028310
5  24  0.00005087
6  24  0.00021753
7  24  0.00023380
8  24  0.00014247
9  24  0.00026506
10  24  0.00023137
11  24  0.00047274
12  24  0.00012197
13  24  0.00016626
14  24  0.00019030
15  24  0.00024665
16  24  0.00024166
17  24  0.00033041
18  24  0.00005710
19  24  0.00011899
20  24  0.00022499
21  24  0.00020219
22  24  0.00019023
23  24  0.00010323
24  24  0.00042893
25  24  0.00013130
26  24  0.00029099
27  24  0.00006614
28  24  0.00044731
29  24  0.00023413
30  24  0.00025676
31  24  0.00012295
32  24  0.00046538
33  24  0.00019681
34  24  0.00027550
35  24  0.00031082
36  24  0.00071645
37  24  0.00030504
38  24  0.00020415
39  24  0.00010095
40  24  0.00011852
41  24  0.00022754
42  24  0.00017991
43  24  0.00018431
44  24  0.00018698
45  24  0.00032039
46  24  0.00013702
47  24  0.00035160
48  24  0.00025960
49  24  0.00009977
50  24  0.00014543
51  24  0.00028446
52  24  0.00032761
53  24  0.00039234
54  24  0.00029861
55  24  0.00013404
56  24  0.00005107
57  24  0.00009258
58  24  0.00023944
59  24  0.00018381
60  24  0.00023484
61  24  0.00014847
62  24  0.00026724
63  24  0.00018363
0  25  0.00023799
1  25  0.00012080
2  25  0.00030511
3  25  0.00023718
4  25  0.00021175
5  25  0.00008486
6  25  0.00025246
7  25  0.00027174
8  25  0.00015019
9  25  0.00016410
10  25  0.00020396
11  25  0.00019656
12  25  0.00034546
13  25  0.00028623
14  25  0.00024984
15  25  0.00008702
16  25  0.00029219
17  25  0.00028038
18  25  0.00014892
19  25  0.00025691
20  25  0.00039811
21  25  0.00033267
22  25  0.00017667
23  25  0.00026862
24  25  0.00034258
25  25  0.00004539
26  25  0.00022467
27  25  0.00020003
28  25  0.00045728
29  25  0.00035327
30  25  0.00044631
31  25  0.00031458
32  25  0.00031210
33  25  0.00071933
34  25  0.00030089
35  25  0.00025412
36  25  0.00034943
37  25  0.00043020
38  25  0.00011638
39  25  0.00012268
40  25  0.00038838
41  25  0.00019054
42  25  0.00014860
43  25  0.00028443
44  25  0.00014225
45  25  0.00014748
46  25  0.00024388
47  25  0.00090711
48  25  0.00031609
49  25  0.00011494
50  25  0.00056561
51  25  0.00012143
52  25  0.00030676
53  25  0.00020485
54  25  0.00017422
55  25  0.00028775
56  25  0.00012842
57  25  0.00017335
58  25  0.00030718
59  25  0.00009325
60  25  0.00027528
61  25  0.00006875
62  25  0.00031194
63  25  0.00032992
0  26  0.00043225
1  26  0.00018766
2  26  0.00020078
3  26  0.00032019
4  26  0.00045230
5  26  0.00013662
6  26  0.00023260
7  26  0.00022579
8  26  0.00030192
9  26  0.00030603
10  26  0.00009767
11  26  0.00033419
12  26  0.00027302
13  26  0.00025579
14  26  0.00013876
15  26  0.00033510
16  26  0.00021594
17  26  0.00004713
18  26  0.00048162
19  26  0.00037119
20  26  0.00033461
21  26  0.00023357
22  26  0.00020170
23  26  0.00015525
24  26  0.00025648
25  26  0.00005736
26  26  0.00020776
27  26  0.00013815
28  26  0.00034203
29  26  0.00024504
30  26  0.00036740
31  26  0.00039215
32  26  0.00028579
33  26  0.00013355
34  26  0.00026370
35  26  0.00039986
36  26  0.00051430
37  26  0.00011884
38  26  0.00013608
39  26  0.00019789
40  26  0.00029927
41  26  0.00020351
42  26  0.00008293
43  26  0.00018081
44  26  0.00010346
45  26  0.00027628
46  26  0.00029380
47  26  0.00011428
48  26  0.00037994
49  26  0.00017454
50  26  0.00018760
51  26  0.00015178
52  26  0.00019293
53  26  0.00007786
54  26  0.00013423
55  26  0.00017939
56  26  0.00040611
57  26  0.00019885
58  26  0.00020055
59  26  0.00028781
60  26  0.00005828
61  26  0.00020739
62  26  0.00015632
63  26  0.00005304
0  27  0.00034434
1  27  0.00017816
2  27  0.00022219
3  27  0.00006707
4  27  0.00010608
5  27  0.00024705
6  27  0.00057162
7  27  0.00013463
8  27  0.00018714
9  27  0.00022385
10  27  0.00015163
11  27  0.00025360
12  27  0.00038890
13  27  0.00039731
14  27  0.00010807
15  27  0.00018984
16  27  0.00013602
17  27  0.00047344
18  27  0.00013236
19  27  0.00058464
20  27  0.00012505
21  27  0.00044089
22  27  0.00010091
23  27  0.00014149
24  27  0.00026046
25  27  0.00013119
26  27  0.00026410
27  27  0.00051585
28  27  0.00057952
29  27  0.00035704
30  27  0.00025205
31  27  0.00062456
32  27  0.00010011
33  27  0.00017956
34  27  0.00021550
35  27  0.00043650
36  27  0.00025477
37  27  0.00038088
38  27  0.00032213
39  27  0.00034347
40  27  0.00017568
41  27  0.00033103
42  27  0.00016094
43  27  0.00031616
44  27  0.00027882
45  27  0.00019706
46  27  0.00028541
47  27  0.00015751
48  27  0.00032772
49  27  0.00003660
50  27  0.00025050
51  27  0.00015503
52  27  0.00009830
53  27  0.00024137
54  27  0.00013890
55  27  0.00023657
56  27  0.00016253
57  27  0.00019898
58  27  0.00028826
59  27  0.00014906
60  27  0.00024875
61  27  0.00038671
62  27  0.00038643
63  27  0.00021201
0  28  0.00026770
1  28  0.00036170
2  28  0.00020271
3  28  0.00033021
4  28  0.00018516
5  28  0.00019680
6  28  0.00027755
7  28  0.00023626
8  28  0.00036503
9  28  0.00042732
10  28  0.00020896
11  28  0.00013036
12  28  0.00033359
13  28  0.00009127
14  28  0.00017814
15  28  0.00039862
16  28  0.00013901
17  28  0.00012295
18  28  0.00009537
19  28  0.00022934
20  28  0.00026912
21  28  0.00032687
22  28  0.00023813
23  28  0.00017779
24  28  0.00029776
25  28  0.00021557
26  28  0.00033724
27  28  0.00016687
28  28  0.00066633
29  28  0.00047886
30  28  0.00088851
31  28  0.00023905
32  28  0.00014746
33  28  0.00041236
34  28  0.00044082
35  28  0.00043351
36  28  0.00012612
37  28  0.00028600
38  28  0.00069016
39  28  0.00025352
40  28  0.00019116
41  28  0.00007123
42  28  0.00029160
43  28  0.00011924
44  28  0.00044322
45  28  0.00022331
46  28  0.00018930
47  28  0.00031286
48  28  0.00013595
49  28  0.00017978
50  28  0.00019139
51  28  0.00030595
52  28  0.00022467
53  28  0.00049608
54  28  0.00019246
55  28  0.00009617
56  28  0.00026403
57  28  0.00026727
58  28  0.00014070
59  28  0.00038451
60  28  0.00055277
61  28  0.00031251
62  28  0.00031767
63  28  0.00013894
0  29  0.00017394
1  29  0.00008755
2  29  0.00031301
3  29  0.00014671
4  29  0.00005662
5  29  0.00022854
6  29  0.00023591
7  29  0.00009957
8  29  0.00018899
9  29  0.00015456
10  29  0.00015994
11  29  0.00019640
12  29  0.00026619
13  29  0.00029410
14  29  0.00010850
15  29  0.00022526
16  29  0.00010567
17  29  0.00018391
18  29  0.00013932
19  29  0.00027588
20  29  0.00009449
21  29  0.00019983
22  29  0.00023756
23  29  0.00022896
24  29  0.00027812
25  29  0.00026521
26  29  0.00017802
27  29  0.00036243
28  29  0.00085973
29  29  0.00076263
30  29  0.00045451
31  29  0.00023101
32  29  0.00059481
33  29  0.00055459
34  29  0.00052953
35  29  0.00077112
36  29  0.00023344
37  29  0.00019521
38  29  0.00064762
39  29  0.00019580
40  29  0.00012966
41  29  0.00019547
42  29  0.00014775
43  29  0.00011103
44  29  0.00014402
45  29  0.00008627
46  29  0.00023509
47  29  0.00019668
48  29  0.00014404
49  29  0.00020841
50  29  0.00031476
51  29  0.00017528
52  29  0.00014891
53  29  0.00027945
54  29  0.00008435
55  29  0.00020355
56  29  0.00027448
57  29  0.00013360
58  29  0.00017298
59  29  0.00015036
60  29  0.00031109
61  29  0.00017961
62  29  0.00032111
63  29  0.00014307
0  30  0.00012637
1  30  0.00036209
2  30  0.00035984
3  30  0.00024623
4  30  0.00010023
5  30  0.00022827
6  30  0.00015313
7  30  0.00019867
8  30  0.00026058
9  30  0.00023710
10  30  0.00018391
11  30  0.00019843
12  30  0.00027453
13  30  0.00031138
14  30  0.00016258
15  30  0.00010637
16  30  0.00018112
17  30  0.00038690
18  30  0.00010447
19  30  0.00033460
20  30  0.00011607
21  30  0.00013850
22  30  0.00016272
23  30  0.00016835
24  30  0.00030303
25  30  0.00034218
26  30  0.00038132
27  30  0.00047067
28  30  0.00014398
29  30  0.00042506
30  30  0.00066100
31  30  0.00051323
32  30  0.00080223
33  30  0.00041584
34  30  0.00090072
35  30  0.00091497
36  30  0.00076596
37  30  0.00019370
38  30  0.00011021
39  30  0.00033817
40  30  0.00022843
41  30  0.00014353
42  30  0.00026466
43  30  0.00037718
44  30  0.00040793
45  30  0.00033375
46  30  0.00032693
47  30  0.00037583
48  30  0.00024146
49  30  0.00019400
50  30  0.00009649
51  30  0.00033995
52  30  0.00017067
53  30  0.00010714
54  30  0.00005687
55  30  0.00031101
56  30  0.00043305
57  30  0.00047562
58  30  0.00028641
59  30  0.00004848
60  30  0.00021091
61  30  0.00008975
62  30  0.00042132
63  30  0.00015708
0  31  0.00017726
1  31  0.00015850
2  31  0.00040974
3  31  0.00016944
4  31  0.00043499
5  31  0.00036009
6  31  0.00003502
7  31  0.00020857
8  31  0.00025236
9  31  0.00031252
10  31  0.00027705
11  31  0.00031564
12  31  0.00011413
13  31  0.00053833
14  31  0.00040614
15  31  0.00014239
16  31  0.00026673
17  31  0.00028011
18  31  0.00015564
19  31  0.00018409
20  31  0.00031734
21  31  0.00022077
22  31  0.00015391
23  31  0.00032163
24  31  0.00040139
25  31  0.00040978
26  31  0.00027705
27  31  0.00028194
28  31  0.00074369
29  31  0.00056479
30  31  0.00058345
31  31  0.00102540
32  31  0.00081345
33  31  0.00066528
34  31  0.00067442
35  31  0.00032406
36  31  0.00048792
37  31  0.00048267
38  31  0.00024552
39  31  0.00020905
40  31  0.00029875
41  31  0.00032131
42  31  0.00019607
43  31  0.00014766
44  31  0.00039915
45  31  0.00013711
46  31  0.00032784
47  31  0.00019199
48  31  0.00022095
49  31  0.00030094
50  31  0.00024062
51  31  0.00035912
52  31  0.00072427
53  31  0.00014226
54  31  0.00063796
55  31  0.00014616
56  31  0.00041173
57  31  0.00009809
58  31  0.00022419
59  31  0.00005829
60  31  0.00018821
61  31  0.00019498
62  31  0.00022174
63  31  0.00025336
0  32  0.00004758
1  32  0.00010162
2  32  0.00010055
3  32  0.00041610
4  32  0.00023758
5  32  0.00026835
6  32  0.00040563
7  32  0.00029580
8  32  0.00012499
9  32  0.00063558
10  32  0.00039040
11  32  0.00022215
12  32  0.00013766
13  32  0.00044693
14  32  0.00024246
15  32  0.00035806
16  32  0.00028330
17  32  0.00020772
18  32  0.00020334
19  32  0.00019211
20  32  0.00020595
21  32  0.00019888
22  32  0.00021143
23  32  0.00018279
24  32  0.00039187
25  32  0.00037317
26  32  0.00019495
27  32  0.00055789
28  32  0.00080633
29  32  0.00055262
30  32  0.00110259
31  32  0.00082344
32  32  0.00059345
33  32  0.00047842
34  32  0.00033670
35  32  0.00058793
36  32  0.00086632
37  32  0.00051545
38  32  0.00027937
39  32  0.00006416
40  32  0.00043221
41  32  0.00029044
42  32  0.00009305
43  32  0.00020110
44  32  0.00031543
45  32  0.00024869
46  32  0.00019091
47  32  0.00005211
48  32  0.00037918
49  32  0.00017533
50  32  0.00020240
51  32  0.00012355
52  32  0.00019270
53  32  0.00021085
54  32  0.00022015
55  32  0.00017701
56  32  0.00035016
57  32  0.00027969
58  32  0.00015084
59  32  0.00039854
60  32  0.00024192
61  32  0.00009489
62  32  0.00059589
63  32  0.00004195
0  33  0.00015488
1  33  0.00033218
2  33  0.00021360
3  33  0.00017506
4  33  0.00033732
5  33  0.00010816
6  33  0.00026994
7  33  0.00036535
8  33  0.00026387
9  33  0.00019086
10  33  0.00017709
11  33  0.00015014
12  33  0.00023035
13  33  0.00039470
14  33  0.00020538
15  33  0.00032638
16  33  0.00030188
17  33  0.00016367
18  33  0.00028748
19  33  0.00006216
20  33  0.00032129
21  33  0.00024618
22  33  0.00011300
23  33  0.00031427
24  33  0.00026790
25  33  0.00013592
26  33  0.00025701
27  33  0.00053148
28  33  0.00024528
29  33  0.00060539
30  33  0.00107132
31  33  0.00044787
32  33  0.00102196
33  33  0.00027150
34  33  0.00053312
35  33  0.00014532
36  33  0.00026263
37  33  0.00039670
38  33  0.00007808
39  33  0.00017002
40  33  0.00035536
41  33  0.00034880
42  33  0.00028465
43  33  0.00016030
44  33  0.00009266
45  33  0.00037087
46  33  0.00020133
47  33  0.00033155
48  33  0.00020174
49  33  0.00014165
50  33  0.00015721
51  33  0.00029089
52  33  0.00040234
53  33  0.00020771
54  33  0.00016080
55  33  0.00032425
56  33  0.00006286
57  33  0.00018849
58  33  0.00010758
59  33  0.00007246
60  33  0.00011966
61  33  0.00019421
62  33  0.00027519
63  33  0.00056753
0  34  0.00019551
1  34  0.00020860
2  34  0.00023046
3  34  0.00049856
4  34  0.00024589
5  34  0.00023082
6  34  0.00041777
7  34  0.00005810
8  34  0.00014844
9  34  0.00023361
10  34  0.00021281
11  34  0.00015545
12  34  0.00014718
13  34  0.00042765
14  34  0.00017673
15  34  0.00016851
16  34  0.00016052
17  34  0.00009413
18  34  0.00012964
19  34  0.00022022
20  34  0.00024610
21  34  0.00012444
22  34  0.00036241
23  34  0.00014768
24  34  0.00040741
25  34  0.00019398
26  34  0.00020887
27  34  0.00016046
28  34  0.00053943
29  34  0.00024946
30  34  0.00029121
31  34  0.00062929
32  34  0.00010338
33  34  0.00033117
34  34  0.00046592
35  34  0.00075617
36  34  0.00079622
37  34  0.00040989
38  34  0.00038495
39  34  0.00033735
40  34  0.00057227
41  34  0.00051747
42  34  0.00041268
43  34  0.00032596
44  34  0.00017257
45  34  0.00020113
46  34  0.00035120
47  34  0.00007431
48  34  0.00027565
49  34  0.00014040
50  34  0.00017148
51  34  0.00029134
52  34  0.00021323
53  34  0.00023394
54  34  0.00031318
55  34  0.00038955
56  34  0.00034643
57  34  0.00018004
58  34  0.00022191
59  34  0.00009573
60  34  0.00028323
61  34  0.00014750
62  34  0.00030171
63  34  0.00024466
0  35  0.00021205
1  35  0.00010603
2  35  0.00054041
3  35  0.00017120
4  35  0.00027457
5  35  0.00020513
6  35  0.00012651
7  35  0.00037659
8  35  0.00029782
9  35  0.00029672
10  35  0.00009798
11  35  0.00022861
12  35  0.00017650
13  35  0.00016042
14  35  0.00068613
15  35  0.00012016
16  35  0.00029329
17  35  0.00020260
18  35  0.00008790
19  35  0.00023547
20  35  0.00005861
21  35  0.00033928
22  35  0.00015201
23  35  0.00016419
24  35  0.00053159
25  35  0.00017679
26  35  0.00017213
27  35  0.00013827
28  35  0.00018424
29  35  0.00020374
30  35  0.00067242
31  35  0.00044935
32  35  0.00084349
33  35  0.00034530
34  35  0.00087554
35  35  0.00038541
36  35  0.00022366
37  35  0.00056327
38  35  0.00034385
39  35  0.00030271
40  35  0.00029107
41  35  0.00028262
42  35  0.00018923
43  35  0.00020245
44  35  0.00023735
45  35  0.00017214
46  35  0.00037585
47  35  0.00024506
48  35  0.00022743
49  35  0.00029393
50  35  0.00024670
51  35  0.00001844
52  35  0.00016428
53  35  0.00016811
54  35  0.00026825
55  35  0.00019386
56  35  0.00020870
57  35  0.00030101
58  35  0.00012718
59  35  0.00017742
60  35  0.00010002
61  35  0.00013465
62  35  0.00035028
63  35  0.00026299
0  36  0.00017604
1  36  0.00020793
2  36  0.00026779
3  36  0.00020252
4  36  0.00012218
5  36  0.00018748
6  36  0.00006502
7  36  0.00011529
8  36  0.00012569
9  36  0.00040030
10  36  0.00019331
11  36  0.00012783
12  36  0.00029986
13  36  0.00032269
14  36  0.00018400
15  36  0.00024505
16  36  0.00007951
17  36  0.00023697
18  36  0.00024917
19  36  0.00009699
20  36  0.00022311
21  36  0.00032467
22  36  0.00007553
23  36  0.00039184
24  36  0.00040053
25  36  0.00032855
26  36  0.00012782
27  36  0.00016652
28  36  0.00030243
29  36  0.00025570
30  36  0.00037537
31  36  0.00043158
32  36  0.00049240
33  36  0.00067762
34  36  0.00013625
35  36  0.00025454
36  36  0.00046730
37  36  0.00014194
38  36  0.00018652
39  36  0.00031559
40  36  0.00030374
41  36  0.00012408
42  36  0.00029253
43  36  0.00016053
44  36  0.00034979
45  36  0.00024372
46  36  0.00023729
47  36  0.00030243
48  36  0.00022745
49  36  0.00040454
50  36  0.00013198
51  36  0.00037840
52  36  0.00041648
53  36  0.00003368
54  36  0.00019612
55  36  0.00019110
56  36  0.00009453
57  36  0.00013917
58  36  0.00015877
59  36  0.00015524
60  36  0.00034364
61  36  0.00018719
62  36  0.00017302
63  36  0.00014407
0  37  0.00026752
1  37  0.00034728
2  37  0.00039719
3  37  0.00021407
4  37  0.00022529
5  37  0.00020207
6  37  0.00029500
7  37  0.00043761
8  37  0.00044357
9  37  0.00025103
10  37  0.00015326
11  37  0.00026078
12  37  0.00032923
13  37  0.00029712
14  37  0.00036950
15  37  0.00017970
16  37  0.00029734
17  37  0.00019527
18  37  0.00030676
19  37  0.00005402
20  37  0.00015149
21  37  0.00009542
22  37  0.00042441
23  37  0.00022630
24  37  0.00025091
25  37  0.00029315
26  37  0.00020307
27  37  0.00048855
28  37  0.00009291
29  37  0.00026638
30  37  0.00031782
31  37  0.00102213
32  37  0.00034326
33  37  0.00045822
34  37  0.00034007
35  37  0.00028612
36  37  0.00031899
37  37  0.00019602
38  37  0.00005209
39  37  0.00020093
40  37  0.00039735
41  37  0.00031470
42  37  0.00011249
43  37  0.00024140
44  37  0.00028626
45  37  0.00040299
46  37  0.00017968
47  37  0.00025955
48  37  0.00029659
49  37  0.00051941
50  37  0.00035167
51  37  0.00025652
52  37  0.00046368
53  37  0.00031400
54  37  0.00040898
55  37  0.00035880
56  37  0.00014614
57  37  0.00023339
58  37  0.00015776
59  37  0.00023715
60  37  0.00022422
61  37  0.00009238
62  37  0.00040143
63  37  0.00041982
0  38  0.00021706
1  38  0.00034695
2  38  0.00045505
3  38  0.00014827
4  38  0.00015554
5  38  0.00014133
6  38  0.00023727
7  38  0.00026286
8  38  0.00018565
9  38  0.00019229
10  38  0.00041253
11  38  0.00017530
12  38  0.00026443
13  38  0.00017538
14  38  0.00021166
15  38  0.00021686
16  38  0.00032298
17  38  0.00027901
18  38  0.00009789
19  38  0.00024490
20  38  0.00015740
21  38  0.00038652
22  38  0.00027535
23  38  0.00018549
24  38  0.00027524
25  38  0.00019493
26  38  0.00036418
27  38  0.00014967
28  38  0.00039824
29  38  0.00009935
30  38  0.00030211
31  38  0.00025376
32  38  0.00011657
33  38  0.00018806
34  38  0.00044645
35  38  0.00033055
36  38  0.00011804
37  38  0.00006885
38  38  0.00038329
39  38  0.00040834
40  38  0.00018653
41  38  0.00041078
42  38  0.00026037
43  38  0.00006388
44  38  0.00011147
45  38  0.00016340
46  38  0.00035081
47  38  0.00022480
48  38  0.00023787
49  38  0.00015333
50  38  0.00048103
51  38  0.00054421
52  38  0.00037401
53  38  0.00020276
54  38  0.00032999
55  38  0.00023662
56  38  0.00033069
57  38  0.00052033
58  38  0.00024641
59  38  0.00067213
60  38  0.00043253
61  38  0.00028752
62  38  0.00012114
63  38  0.00027173
0  39  0.00027729
1  39  0.00020232
2  39  0.00019833
3  39  0.00008995
4  39  0.00024766
5  39  0.00017311
6  39  0.00013655
7  39  0.00018531
8  39  0.00042010
9  39  0.00022967
10  39  0.00018484
11  39  0.00024891
12  39  0.00007961
13  39  0.00017433
14  39  0.00017136
15  39  0.00004867
16  39  0.00029352
17  39  0.00017183
18  39  0.00015679
19  39  0.00031883
20  39  0.00035875
21  39  0.00016850
22  39  0.00021123
23  39  0.00041727
24  39  0.00031265
25  39  0.00017922
26  39  0.00037543
27  39  0.00021934
28  39  0.00042563
29  39  0.00022376
30  39  0.00018457
31  39  0.00023855
32  39  0.00029619
33  39  0.00056732
34  39  0.00039014
35  39  0.00013867
36  39  0.00031584
37  39  0.00015842
38  39  0.00029902
39  39  0.00029854
40  39  0.00045884
41  39  0.00014834
42  39  0.00014246
43  39  0.00024492
44  39  0.00032775
45  39  0.00012357
46  39  0.00052648
47  39  0.00014928
48  39  0.00012721
49  39  0.00016203
50  39  0.00013804
51  39  0.00031435
52  39  0.00036905
53  39  0.00019470
54  39  0.00018403
55  39  0.00033353
56  39  0.00044971
57  39  0.00031603
58  39  0.00019417
59  39  0.00018984
60  39  0.00049387
61  39  0.00019142
62  39  0.00022021
63  39  0.00074483
0  40  0.00031710
1  40  0.00014161
2  40  0.00029184
3  40  0.00011582
4  40  0.00014300
5  40  0.00009819
6  40  0.00030464
7  40  0.00018586
8  40  0.00021043
9  40  0.00028156
10  40  0.00008819
11  40  0.00019734
12  40  0.00010627
13  40  0.00004909
14  40  0.00041148
15  40  0.00048087
16  40  0.00023834
17  40  0.00042302
18  40  0.00024751
19  40  0.00014859
20  40  0.00022606
21  40  0.00016651
22  40  0.00018122
23  40  0.00016866
24  40  0.00016582
25  40  0.00024463
26  40  0.00026011
27  40  0.00023668
28  40  0.00034946
29  40  0.00031015
30  40  0.00042242
31  40  0.00021043
32  40  0.00020605
33  40  0.00021586
34  40  0.00030883
35  40  0.00021037
36  40  0.00028057
37  40  0.00042193
38  40  0.00012624
39  40  0.00028995
40  40  0.00020811
41  40  0.00038719
42  40  0.00005486
43  40  0.00024727
44  40  0.00021914
45  40  0.00026889
46  40  0.00040289
47  40  0.00006471
48  40  0.00031889
49  40  0.00014578
50  40  0.00014749
51  40  0.00026774
52  40  0.00029703
53  40  0.00018122
54  40  0.00021502
55  40  0.00030449
56  40  0.00018444
57  40  0.00027029
58  40  0.00006656
59  40  0.00028899
60  40  0.00020971
61  40  0.00029322
62  40  0.00057304
63  40  0.00025445
0  41  0.00026002
1  41  0.00029198
2  41  0.00025532
3  41  0.00015131
4  41  0.00029839
5  41  0.00019823
6  41  0.00039392
7  41  0.00012214
8  41  0.00010130
9  41  0.00025214
10  41  0.00027571
11  41  0.00015117
12  41  0.00036929
13  41  0.00015232
14  41  0.00006360
15  41  0.00010236
16  41  0.00033471
17  41  0.00067969
18  41  0.00015973
19  41  0.00028372
20  41  0.00016405
21  41  0.00019070
22  41  0.00013354
23  41  0.00023815
24  41  0.00020913
25  41  0.00032032
26  41  0.00023375
27  41  0.00022950
28  41  0.00021317
29  41  0.00047459
30  41  0.00006841
31  41  0.00034596
32  41  0.00028210
33  41  0.00029694
34  41  0.00014890
35  41  0.00016201
36  41  0.00023593
37  41  0.00022686
38  41  0.00010474
39  41  0.00032840
40  41  0.00046863
41  41  0.00004573
42  41  0.00060279
43  41  0.00045303
44  41  0.00024541
45  41  0.00045484
46  41  0.00026377
47  41  0.00045811
48  41  0.00033259
49  41  0.00038337
50  41  0.00012512
51  41  0.00025088
52  41  0.00018160
53  41  0.00007197
54  41  0.00026664
55  41  0.00020168
56  41  0.00014573
57  41  0.00012983
58  41  0.00024088
59  41  0.00031596
60  41  0.00014262
61  41  0.00030927
62  41  0.00026658
63  41  0.00021680
0  42  0.00035554
1  42  0.00012377
2  42  0.00020779
3  42  0.00025653
4  42  0.00033429
5  42  0.00035318
6  42  0.00028980
7  42  0.00015885
8  42  0.00014674
9  42  0.00025634
10  42  0.00027130
11  42  0.00019198
12  42  0.00022986
13  42  0.00022389
14  42  0.00011543
15  42  0.00006386
16  42  0.00013889
17  42  0.00015522
18  42  0.00005158
19  42  0.00030069
20  42  0.00021806
21  42  0.00017880
22  42  0.00044863
23  42  0.00020902
24  42  0.00021555
25  42  0.00015408
26  42  0.00049953
27  42  0.00020687
28  42  0.00015902
29  42  0.00036787
30  42  0.00007849
31  42  0.00064879
32  42  0.00013896
33  42  0.00020020
34  42  0.00018603
35  42  0.00022427
36  42  0.00023890
37  42  0.00045058
38  42  0.00038333
39  42  0.00025274
40  42  0.00010408
41  42  0.00013187
42  42  0.00029337
43  42  0.00009337
44  42  0.00008494
45  42  0.00012349
46  42  0.00024094
47  42  0.00014606
48  42  0.00021129
49  42  0.00032642
50  42  0.00020314
51  42  0.00030674
52  42  0.00025513
53  42  0.00031922
54  42  0.00022660
55  42  0.00011581
56  42  0.00012964
57  42  0.00023245
58  42  0.00026906
59  42  0.00017201
60  42  0.00030974
61  42  0.00035757
62  42  0.00024801
63  42  0.00034325
0  43  0.00055431
1  43  0.00009607
2  43  0.00027127
3  43  0.00048275
4  43  0.00035750
5  43  0.00006865
6  43  0.00012156
7  43  0.00053641
8  43  0.00009361
9  43  0.00034740
10  43  0.00042421
11  43  0.00014799
12  43  0.00017945
13  43  0.00033240
14  43  0.00044848
15  43  0.00019176
16  43  0.00030995
17  43  0.00027611
18  43  0.00046779
19  43  0.00019174
20  43  0.00010192
21  43  0.00024562
22  43  0.00008139
23  43  0.00020954
24  43  0.00029972
25  43  0.00012620
26  43  0.00034091
27  43  0.00049805
28  43  0.00025633
29  43  0.00033615
30  43  0.00021369
31  43  0.00034235
32  43  0.00036107
33  43  0.00028121
34  43  0.00057202
35  43  0.00006766
36  43  0.00025195
37  43  0.00018109
38  43  0.00042944
39  43  0.00015150
40  43  0.00013886
41  43  0.00025337
42  43  0.00021916
43  43  0.00023264
44  43  0.00028811
45  43  0.00013375
46  43  0.00024263
47  43  0.00042024
48  43  0.00041876
49  43  0.00012318
50  43  0.00015509
51  43  0.00006120
52  43  0.00021696
53  43  0.00030667
54  43  0.00028625
55  43  0.00011671
56  43  0.00023605
57  43  0.00027617
58  43  0.00014840
59  43  0.00025471
60  43  0.00014390
61  43  0.00032050
62  43  0.00043288
63  43  0.00051459
0  44  0.00029654
1  44  0.00026336
2  44  0.00040264
3  44  0.00023492
4  44  0.00017842
5  44  0.00035173
6  44  0.00013547
7  44  0.00041108
8  44  0.00014172
9  44  0.00021198
10  44  0.00009010
11  44  0.00018467
12  44  0.00016714
13  44  0.00024117
14  44  0.00016485
15  44  0.00009329
16  44  0.00017610
17  44  0.00026848
18  44  0.00036032
19  44  0.00010334
20  44  0.00023327
21  44  0.00028089
22  44  0.00032631
23  44  0.00035188
24  44  0.00025019
25  44  0.00025649
26  44  0.00032971
27  44  0.00015583
28  44  0.00012973
29  44  0.00014053
30  44  0.00025567
31  44  0.00029344
32  44  0.00012768
33  44  0.00064200
34  44  0.00021093
35  44  0.00012731
36  44  0.00021453
37  44  0.00016893
38  44  0.00045432
39  44  0.00008945
40  44  0.00015409
41  44  0.00022540
42  44  0.00029200
43  44  0.00034452
44  44  0.00011052
45  44  0.00019625
46  44  0.00034771
47  44  0.00030647
48  44  0.00007186
49  44  0.00031021
50  44  0.00037335
51  44  0.00013374
52  44  0.00034778
53  44  0.00054811
54  44  0.00020200
55  44  0.00012481
56  44  0.00005280
57  44  0.00044174
58  44  0.00016005
59  44  0.00037118
60  44  0.00011951
61  44  0.00020987
62  44  0.00029234
63  44  0.00029086
0  45  0.00028747
1  45  0.00031195
2  45  0.00014799
3  45  0.00019379
4  45  0.00006599
5  45  0.00011703
6  45  0.00009295
7  45  0.00033804
8  45  0.00009119
9  45  0.00018409
10  45  0.00023858
11  45  0.00013005
12  45  0.00014874
13  45  0.00019378
14  45  0.00025192
15  45  0.00040904
16  45  0.00024270
17  45  0.00015144
18  45  0.00018671
19  45  0.00025678
20  45  0.00012906
21  45  0.00023099
22  45  0.00024358
23  45  0.00012538
24  45  0.00043960
25  45  0.00017872
26  45  0.00017017
27  45  0.00016533
28  45  0.00027310
29  45  0.00016018
30  45  0.00031122
31  45  0.00024814
32  45  0.00066544
33  45  0.00036565
34  45  0.00025364
35  45  0.00023767
36  45  0.00022285
37  45  0.00012817
38  45  0.00017628
39  45  0.00052899
40  45  0.00036378
41  45  0.00006317
42  45  0.00026295
43  45  0.00019962
44  45  0.00046720
45  45  0.00016993
46  45  0.00022374
47  45  0.00030144
48  45  0.00016878
49  45  0.00010339
50  45  0.00032186
51  45  0.00021503
52  45  0.00025458
53  45  0.00017902
54  45  0.00039276
55  45  0.00032753
56  45  0.00022411
57  45  0.00014323
58  45  0.00022961
59  45  0.00028234
60  45  0.00016922
61  45  0.00033140
62  45  0.00013640
63  45  0.00055000
0  46  0.00028466
1  46  0.00023997
2  46  0.00030518
3  46  0.00003547
4  46  0.00027123
5  46  0.00046211
6  46  0.00042176
7  46  0.00032139
8  46  0.00017892
9  46  0.00033903
10  46  0.00030279
11  46  0.00016031
12  46  0.00016990
13  46  0.00007103
14  46  0.00007409
15  46  0.00006510
16  46  0.00019810
17  46  0.00017963
18  46  0.00003060
19  46  0.00006234
20  46  0.00025809
21  46  0.00020050
22  46  0.00030844
23  46  0.00033711
24  46  0.00018465
25  46  0.00064266
26  46  0.00035228
27  46  0.00007813
28  46  0.00034233
29  46  0.00041160
30  46  0.00014246
31  46  0.00013708
32  46  0.00007672
33  46  0.00013416
34  46  0.00008252
35  46  0.00031145
36  46  0.00014529
37  46  0.00043568
38  46  0.00039852
39  46  0.00032843
40  46  0.00013504
41  46  0.00012191
42  46  0.00026277
43  46  0.00035834
44  46  0.00009861
45  46  0.00011128
46  46  0.00028997
47  46  0.00013258
48  46  0.00027702
49  46  0.00016574
50  46  0.00029203
51  46  0.00029212
52  46  0.00030226
53  46  0.00020231
54  46  0.00012506
55  46  0.00042497
56  46  0.00043162
57  46  0.00009453
58  46  0.00024622
59  46  0.00039525
60  46  0.00024705
61  46  0.00026458
62  46  0.00028028
63  46  0.00027560
0  47  0.00014414
1  47  0.00015931
2  47  0.00012956
3  47  0.00013761
4  47  0.00042211
5  47  0.00019764
6  47  0.00006036
7  47  0.00035196
8  47  0.00037601
9  47  0.00027459
10  47  0.00013370
11  47  0.00040146
12  47  0.00032117
13  47  0.00034656
14  47  0.00023637
15  47  0.00017940
16  47  0.00010448
17  47  0.00028712
18  47  0.00019878
19  47  0.00017292
20  47  0.00035245
21  47  0.00015845
22  47  0.00016998
23  47  0.00017452
24  47  0.00038114
25  47  0.00027199
26  47  0.00039940
27  47  0.00037127
28  47  0.00031938
29  47  0.00066076
30  47  0.00007200
31  47  0.00017894
32  47  0.00050772
33  47  0.00006966
34  47  0.00023335
35  47  0.00032610
36  47  0.00032220
37  47  0.00013117
38  47  0.00020306
39  47  0.00052405
40  47  0.00024962
41  47  0.00010632
42  47  0.00042853
43  47  0.00009392
44  47  0.00020685
45  47  0.00012285
46  47  0.00046158
47  47  0.00015007
48  47  0.00018665
49  47  0.00049004
50  47  0.00019198
51  47  0.00023795
52  47  0.00031821
53  47  0.00010352
54  47  0.00020077
55  47  0.00026661
56  47  0.00022623
57  47  0.00015142
58  47  0.00026651
59  47  0.00033234
60  47  0.00015375
61  47  0.00015164
62  47  0.00029703
63  47  0.00003317
0  48  0.00015410
1  48  0.00018087
2  48  0.00015215
3  48  0.00021335
4  48  0.00013793
5  48  0.00043066
6  48  0.00036508
7  48  0.00022601
8  48  0.00017315
9  48  0.00032491
10  48  0.00018417
11  48  0.00022183
12  48  0.00016159
13  48  0.00021054
14  48  0.00017743
15  48  0.00012177
16  48  0.00033397
17  48  0.00012830
18  48  0.00028024
19  48  0.00027815
20  48  0.00015227
21  48  0.00029125
22  48  0.00021086
23  48  0.00053133
24  48  0.00031481
25  48  0.00054115
26  48  0.00023628
27  48  0.00022384
28  48  0.00003445
29  48  0.00021720
30  48  0.00014855
31  48  0.00024298
32  48  0.00012581
33  48  0.00011481
34  48  0.00025021
35  48  0.00024474
36  48  0.00019030
37  48  0.00007092
38  48  0.00011501
39  48  0.00026906
40  48  0.00029499
41  48  0.00003749
42  48  0.00049417
43  48  0.00013267
44  48  0.00020798
45  48  0.00004405
46  48  0.00046536
47  48  0.00022697
48  48  0.00021248
49  48  0.00010425
50  48  0.00017863
51  48  0.00014727
52  48  0.00011971
53  48  0.00017939
54  48  0.00024271
55  48  0.00017704
56  48  0.00014375
57  48  0.00026123
58  48  0.00061155
59  48  0.00032435
60  48  0.00018920
61  48  0.00015580
62  48  0.00025305
63  48  0.00035479
0  49  0.00011382
1  49  0.00010433
2  49  0.00026331
3  49  0.00018704
4  49  0.00022220
5  49  0.00020317
6  49  0.00008444
7  49  0.00031097
8  49  0.00039866
9  49  0.00007652
10  49  0.00032546
11  49  0.00044981
12  49  0.00033216
13  49  0.00009247
14  49  0.00015226
15  49  0.00024273
16  49  0.00019835
17  49  0.00011707
18  49  0.00021655
19  49  0.00020359
20  49  0.00025304
21  49  0.00008145
22  49  0.00019886
23  49  0.00013967
24  49  0.00031040
25  49  0.00018265
26  49  0.00041343
27  49  0.00027892
28  49  0.00014603
29  49  0.00023999
30  49  0.00018668
31  49  0.00007710
32  49  0.00010461
33  49  0.00017358
34  49  0.00022650
35  49  0.00014516
36  49  0.00037609
37  49  0.00005926
38  49  0.00027306
39  49  0.00027714
40  49  0.00018170
41  49  0.00025279
42  49  0.00026201
43  49  0.00020945
44  49  0.00018859
45  49  0.00032623
46  49  0.00064256
47  49  0.00027819
48  49  0.00011811
49  49  0.00015871
50  49  0.00013317
51  49  0.00034845
52  49  0.00017101
53  49  0.00033931
54  49  0.00028273
55  49  0.00022489
56  49  0.00021251
57  49  0.00015177
58  49  0.00018115
59  49  0.00033841
60  49  0.00005280
61  49  0.00011161
62  49  0.00016505
63  49  0.00014224
0  50  0.00013369
1  50  0.00018278
2  50  0.00023471
3  50  0.00023236
4  50  0.00033098
5  50  0.00021714
6  50  0.00033999
7  50  0.00029087
8  50  0.00028022
9  50  0.00007924
10  50  0.00056885
11  50  0.00028000
12  50  0.00031693
13  50  0.00034496
14  50  0.00020307
15  50  0.00023197
16  50  0.00025591
17  50  0.00010315
18  50  0.00012881
19  50  0.00030848
20  50  0.00029250
21  50  0.00035502
22  50  0.00032960
23  50  0.00043838
24  50  0.00054265
25  50  0.00022764
26  50  0.00040391
27  50  0.00024082
28  50  0.00007568
29  50  0.00029682
30  50  0.00034613
31  50  0.00016531
32  50  0.00060145
33  50  0.00008906
34  50  0.00014309
35  50  0.00024108
36  50  0.00027652
37  50  0.00021642
38  50  0.00035256
39  50  0.00012090
40  50  0.00012249
41  50  0.00011208
42  50  0.00028558
43  50  0.00013481
44  50  0.00012073
45  50  0.00011829
46  50  0.00047203
47  50  0.00047331
48  50  0.00032908
49  50  0.00024845
50  50  0.00036171
51  50  0.00023877
52  50  0.00017226
53  50  0.00020998
54  50  0.00031922
55  50  0.00010043
56  50  0.00014751
57  50  0.00013924
58  50  0.00013273
59  50  0.00027597
60  50  0.00027907
61  50  0.00034959
62  50  0.00018936
63  50  0.00031017
0  51  0.00005639
1  51  0.00026519
2  51  0.00034031
3  51  0.00019826
4  51  0.00018251
5  51  0.00018978
6  51  0.00043718
7  51  0.00019756
8  51  0.00006736
9  51  0.00030689
10  51  0.00011134
11  51  0.00062784
12  51  0.00019200
13  51  0.00022065
14  51  0.00009215
15  51  0.00013139
16  51  0.00016798
17  51  0.00018954
18  51  0.00025615
19  51  0.00033647
20  51  0.00011720
21  51  0.00050908
22  51  0.00040564
23  51  0.00011714
24  51  0.00022336
25  51  0.00039076
26  51  0.00012223
27  51  0.00017929
28  51  0.00026581
29  51  0.00023714
30  51  0.00013176
31  51  0.00026247
32  51  0.00015450
33  51  0.00005409
34  51  0.00026327
35  51  0.00020902
36  51  0.00012238
37  51  0.00047468
38  51  0.00023302
39  51  0.00009576
40  51  0.00014411
41  51  0.00015242
42  51  0.00014352
43  51  0.00044935
44  51  0.00031126
45  51  0.00025264
46  51  0.00042243
47  51  0.00033637
48  51  0.00010331
49  51  0.00017568
50  51  0.00007908
51  51  0.00017474
52  51  0.00020263
53  51  0.00020424
54  51  0.00015207
55  51  0.00011023
56  51  0.00040603
57  51  0.00019101
58  51  0.00010740
59  51  0.00015779
60  51  0.00012828
61  51  0.00008021
62  51  0.00031394
63  51  0.00006278
0  52  0.00021242
1  52  0.00021723
2  52  0.00032371
3  52  0.00012825
4  52  0.00025885
5  52  0.00017101
6  52  0.00021348
7  52  0.00022337
8  52  0.00022109
9  52  0.00025614
10  52  0.00023755
11  52  0.00033232
12  52  0.00017859
13  52  0.00035853
14  52  0.00012501
15  52  0.00019730
16  52  0.00013024
17  52  0.00011135
18  52  0.00013301
19  52  0.00009551
20  52  0.00007054
21  52  0.00020089
22  52  0.00026147
23  52  0.00033614
24  52  0.00036621
25  52  0.00021514
26  52  0.00022833
27  52  0.00025106
28  52  0.00044361
29  52  0.00023834
30  52  0.00048325
31  52  0.00012662
32  52  0.00006886
33  52  0.00023617
34  52  0.00026648
35  52  0.00019113
36  52  0.00013543
37  52  0.00022796
38  52  0.00004193
39  52  0.00015061
40  52  0.00009830
41  52  0.00011425
42  52  0.00024845
43  52  0.00017997
44  52  0.00025444
45  52  0.00010897
46  52  0.00005779
47  52  0.00019093
48  52  0.00026635
49  52  0.00017194
50  52  0.00014919
51  52  0.00010755
52  52  0.00036220
53  52  0.00025917
54  52  0.00020703
55  52  0.00033467
56  52  0.00036222
57  52  0.00040111
58  52  0.00012908
59  52  0.00016344
60  52  0.00019932
61  52  0.00010616
62  52  0.00018826
63  52  0.00038227
0  53  0.00028918
1  53  0.00028764
2  53  0.00023122
3  53  0.00011445
4  53  0.00025755
5  53  0.00025481
6  53  0.00023131
7  53  0.00027367
8  53  0.00010983
9  53  0.00022047
10  53  0.00009896
11  53  0.00023687
12  53  0.00039636
13  53  0.00013650
14  53  0.00026207
15  53  0.00013212
16  53  0.00037351
17  53  0.00009865
18  53  0.00052434
19  53  0.00025310
20  53  0.00011963
21  53  0.00008262
22  53  0.00023821
23  53  0.00027104
24  53  0.00028293
25  53  0.00004046
26  53  0.00047924
27  53  0.00035883
28  53  0.00020706
29  53  0.00020878
30  53  0.00020649
31  53  0.00021892
32  53  0.00058018
33  53  0.00021245
34  53  0.00028236
35  53  0.00021208
36  53  0.00043626
37  53  0.00009593
38  53  0.00013354
39  53  0.00063896
40  53  0.00032054
41  53  0.00033430
42  53  0.00004306
43  53  0.00021431
44  53  0.00035614
45  53  0.00014599
46  53  0.00023747
47  53  0.00016666
48  53  0.00035565
49  53  0.00017716
50  53  0.00020716
51  53  0.00022551
52  53  0.00022126
53  53  0.00035655
54  53  0.00026422
55  53  0.00030651
56  53  0.00027783
57  53  0.00013974
58  53  0.00034246
59  53  0.00023462
60  53  0.00043537
61  53  0.00016045
62  53  0.00017411
63  53  0.00033471
0  54  0.00009597
1  54  0.00031745
2  54  0.00020939
3  54  0.00022939
4  54  0.00049696
5  54  0.00022978
6  54  0.00036441
7  54  0.00050819
8  54  0.00014190
9  54  0.00007544
10  54  0.00007366
11  54  0.00025087
12  54  0.00019619
13  54  0.00032853
14  54  0.00028292
15  54  0.00008783
16  54  0.00015491
17  54  0.00022845
18  54  0.00048890
19  54  0.00022013
20  54  0.00039734
21  54  0.00026870
22  54  0.00021359
23  54  0.00033826
24  54  0.00065384
25  54  0.00021886
26  54  0.00009924
27  54  0.00034052
28  54  0.00034971
29  54  0.00041825
30  54  0.00033332
31  54  0.00036598
32  54  0.00022269
33  54  0.00036799
34  54  0.00027952
35  54  0.00041114
36  54  0.00009037
37  54  0.00037251
38  54  0.00030032
39  54  0.00023228
40  54  0.00014202
41  54  0.00045935
42  54  0.00015253
43  54  0.00038669
44  54  0.00045869
45  54  0.00036711
46  54  0.00015348
47  54  0.00011655
48  54  0.00024387
49  54  0.00013798
50  54  0.00040843
51  54  0.00038149
52  54  0.00009684
53  54  0.00013510
54  54  0.00014240
55  54  0.00009957
56  54  0.00024327
57  54  0.00008369
58  54  0.00017276
59  54  0.00025340
60  54  0.00033000
61  54  0.00023088
62  54  0.00013188
63  54  0.00033353
0  55  0.00028726
1  55  0.00028980
2  55  0.00020403
3  55  0.00019893
4  55  0.00009428
5  55  0.00052458
6  55  0.00016857
7  55  0.00023128
8  55  0.00031998
9  55  0.00042431
10  55  0.00031597
11  55  0.00014790
12  55  0.00016705
13  55  0.00038831
14  55  0.00017095
15  55  0.00005854
16  55  0.00019491
17  55  0.00008768
18  55  0.00013628
19  55  0.00027027
20  55  0.00022357
21  55  0.00029888
22  55  0.00034598
23  55  0.00029338
24  55  0.00037600
25  55  0.00016755
26  55  0.00023043
27  55  0.00032945
28  55  0.00039276
29  55  0.00018728
30  55  0.00038329
31  55  0.00026846
32  55  0.00019529
33  55  0.00012557
34  55  0.00032380
35  55  0.00025846
36  55  0.00027220
37  55  0.00034043
38  55  0.00009252
39  55  0.00026411
40  55  0.00012811
41  55  0.00021660
42  55  0.00006167
43  55  0.00024641
44  55  0.00029691
45  55  0.00023460
46  55  0.00027897
47  55  0.00007837
48  55  0.00013187
49  55  0.00047542
50  55  0.00039836
51  55  0.00012293
52  55  0.00028201
53  55  0.00036560
54  55  0.00049141
55  55  0.00015833
56  55  0.00008154
57  55  0.00033010
58  55  0.00011359
59  55  0.00009210
60  55  0.00018492
61  55  0.00019116
62  55  0.00017989
63  55  0.00043063
0  56  0.00018313
1  56  0.00053332
2  56  0.00028669
3  56  0.00034928
4  56  0.00014257
5  56  0.00015141
6  56  0.00019540
7  56  0.00027029
8  56  0.00018895
9  56  0.00008788
10  56  0.00020689
11  56  0.00017373
12  56  0.00033685
13  56  0.00010664
14  56  0.00007408
15  56  0.00021468
16  56  0.00021046
17  56  0.00021743
18  56  0.00038685
19  56  0.00036534
20  56  0.00009122
21  56  0.00005238
22  56  0.00023086
23  56  0.00024552
24  56  0.00012183
25  56  0.00029508
26  56  0.00032506
27  56  0.00043058
28  56  0.00032749
29  56  0.00047148
30  56  0.00015665
31  56  0.00005450
32  56  0.00022384
33  56  0.00014942
34  56  0.00013616
35  56  0.00020927
36  56  0.00024784
37  56  0.00024014
38  56  0.00020247
39  56  0.00007281
40  56  0.00016027
41  56  0.00026255
42  56  0.00019767
43  56  0.00021139
44  56  0.00039434
45  56  0.00012701
46  56  0.00027748
47  56  0.00011288
48  56  0.00039084
49  56  0.00020036
50  56  0.00014601
51  56  0.00042692
52  56  0.00027503
53  56  0.00008641
54  56  0.00044458
55  56  0.00032363
56  56  0.00008418
57  56  0.00020321
58  56  0.00016624
59  56  0.00016641
60  56  0.00029705
61  56  0.00025553
62  56  0.00021848
63  56  0.00009719
0  57  0.00032414
1  57  0.00024021
2  57  0.00013507
3  57  0.00018915
4  57  0.00026850
5  57  0.00043811
6  57  0.00047364
7  57  0.00031861
8  57  0.00023327
9  57  0.00026442
10  57  0.00008766
11  57  0.00014363
12  57  0.00009158
13  57  0.00011995
14  57  0.00046463
15  57  0.00056495
16  57  0.00020683
17  57  0.00014532
18  57  0.00024510
19  57  0.00016874
20  57  0.00026337
21  57  0.00016449
22  57  0.00014096
23  57  0.00003063
24  57  0.00032493
25  57  0.00011924
26  57  0.00024916
27  57  0.00020100
28  57  0.00011874
29  57  0.00049791
30  57  0.00017881
31  57  0.00018166
32  57  0.00019688
33  57  0.00014387
34  57  0.00039618
35  57  0.00007303
36  57  0.00014698
37  57  0.00013279
38  57  0.00030499
39  57  0.00008529
40  57  0.00007776
41  57  0.00025615
42  57  0.00025966
43  57  0.00025916
44  57  0.00022013
45  57  0.00013122
46  57  0.00010223
47  57  0.00009351
48  57  0.00017988
49  57  0.00021347
50  57  0.00026391
51  57  0.00019322
52  57  0.00023254
53  57  0.00026301
54  57  0.00018100
55  57  0.00018813
56  57  0.00010969
57  57  0.00027567
58  57  0.00014398
59  57  0.00021269
60  57  0.00022542
61  57  0.00025627
62  57  0.00012348
63  57  0.00003268
0  58  0.00024814
1  58  0.00019881
2  58  0.00010010
3  58  0.00027728
4  58  0.00024657
5  58  0.00043469
6  58  0.00012737
7  58  0.00031510
8  58  0.00016760
9  58  0.00015328
10  58  0.00036583
11  58  0.00073291
12  58  0.00036966
13  58  0.00009975
14  58  0.00067776
15  58  0.00031965
16  58  0.00030735
17  58  0.00014727
18  58  0.00016293
19  58  0.00029550
20  58  0.00015953
21  58  0.00039707
22  58  0.00032769
23  58  0.00022372
24  58  0.00021881
25  58  0.00009365
26  58  0.00045012
27  58  0.00023265
28  58  0.00049586
29  58  0.00013395
30  58  0.00019807
31  58  0.00022240
32  58  0.00012421
33  58  0.00020080
34  58  0.00029500
35  58  0.00016093
36  58  0.00020702
37  58  0.00017999
38  58  0.00022155
39  58  0.00034759
40  58  0.00036633
41  58  0.00005518
42  58  0.00042520
43  58  0.00011613
44  58  0.00047791
45  58  0.00043570
46  58  0.00026012
47  58  0.00026956
48  58  0.00014444
49  58  0.00038309
50  58  0.00012745
51  58  0.00023933
52  58  0.00011444
53  58  0.00002082
54  58  0.00011633
55  58  0.00022477
56  58  0.00015354
57  58  0.00024624
58  58  0.00006376
59  58  0.00032339
60  58  0.00029085
61  58  0.00013409
62  58  0.00004989
63  58  0.00019202
0  59  0.00012845
1  59  0.00021150
2  59  0.00039190
3  59  0.00018910
4  59  0.00026814
5  59  0.00025968
6  59  0.00039163
7  59  0.00013566
8  59  0.00014674
9  59  0.00038544
10  59  0.00018262
11  59  0.00028826
12  59  0.00022454
13  59  0.00024511
14  59  0.00031254
15  59  0.00025964
16  59  0.00009101
17  59  0.00047271
18  59  0.00018606
19  59  0.00020126
20  59  0.00016745
21  59  0.00014385
22  59  0.00025865
23  59  0.00011340
24  59  0.00021438
25  59  0.00017431
26  59  0.00045984
27  59  0.00019431
28  59  0.00016573
29  59  0.00014689
30  59  0.00053801
31  59  0.00015080
32  59  0.00008301
33  59  0.00021288
34  59  0.00012323
35  59  0.00021405
36  59  0.00030832
37  59  0.00016444
38  59  0.00034263
39  59  0.00041584
40  59  0.00021942
41  59  0.00012217
42  59  0.00016955
43  59  0.00020734
44  59  0.00009753
45  59  0.00044732
46  59  0.00024663
47  59  0.00031974
48  59  0.00015471
49  59  0.00020276
50  59  0.00013858
51  59  0.00030829
52  59  0.00013960
53  59  0.00042295
54  59  0.00018640
55  59  0.00012222
56  59  0.00011829
57  59  0.00039883
58  59  0.00021165
59  59  0.00012968
60  59  0.00031379
61  59  0.00028472
62  59  0.00018031
63  59  0.00013040
0  60  0.00038462
1  60  0.00029301
2  60  0.00016604
3  60  0.00026620
4  60  0.00024292
5  60  0.00017534
6  60  0.00013153
7  60  0.00014277
8  60  0.00044451
9  60  0.00034724
10  60  0.00021261
11  60  0.00012753
12  60  0.00021503
13  60  0.00019953
14  60  0.00022029
15  60  0.00033699
16  60  0.00029349
17  60  0.00035168
18  60  0.00004633
19  60  0.00020871
20  60  0.00043946
21  60  0.00013047
22  60  0.00048385
23  60  0.00010174
24  60  0.00050389
25  60  0.00041678
26  60  0.00031827
27  60  0.00041019
28  60  0.00018272
29  60  0.00020261
30  60  0.00035493
31  60  0.00021125
32  60  0.00018398
33  60  0.00014026
34  60  0.00028060
35  60  0.00033315
36  60  0.00011775
37  60  0.00029398
38  60  0.00034011
39  60  0.00033285
40  60  0.00030460
41  60  0.00028735
42  60  0.00021760
43  60  0.00016404
44  60  0.00013592
45  60  0.00017220
46  60  0.00016690
47  60  0.00012740
48  60  0.00021248
49  60  0.00022032
50  60  0.00009868
51  60  0.00017142
52  60  0.00024382
53  60  0.00038659
54  60  0.00044555
55  60  0.00012261
56  60  0.00018104
57  60  0.00024791
58  60  0.00013035
59  60  0.00031337
60  60  0.00013807
61  60  0.00046936
62  60  0.00021172
63  60  0.00034351
0  61  0.00035970
1  61  0.00023151
2  61  0.00038375
3  61  0.00016311
4  61  0.00033641
5  61  0.00012864
6  61  0.00008492
7  61  0.00004587
8  61  0.00038995
9  61  0.00004716
10  61  0.00043388
11  61  0.00022529
12  61  0.00044117
13  61  0.00019670
14  61  0.00028971
15  61  0.00014780
16  61  0.00012509
17  61  0.00025225
18  61  0.00030946
19  61  0.00006387
20  61  0.00018191
21  61  0.00029842
22  61  0.00032972
23  61  0.00013492
24  61  0.00041449
25  61  0.00026659
26  61  0.00026758
27  61  0.00021640
28  61  0.00017182
29  61  0.00025805
30  61  0.00023981
31  61  0.00019006
32  61  0.00008708
33  61  0.00014618
34  61  0.00036284
35  61  0.00013848
36  61  0.00041911
37  61  0.00019740
38  61  0.00038726
39  61  0.00034727
40  61  0.00036512
41  61  0.00021976
42  61  0.00016815
43  61  0.00021830
44  61  0.00070108
45  61  0.00012986
46  61  0.00021571
47  61  0.00047622
48  61  0.00004085
49  61  0.00013499
50  61  0.00057522
51  61  0.00015285
52  61  0.00020756
53  61  0.00015899
54  61  0.00006515
55  61  0.00012318
56  61  0.00027183
57  61  0.00027120
58  61  0.00015325
59  61  0.00013643
60  61  0.00027567
61  61  0.00084468
62  61  0.00032464
63  61  0.00032055
0  62  0.00031331
1  62  0.00017507
2  62  0.00020736
3  62  0.00004467
4  62  0.00021314
5  62  0.00009344
6  62  0.00008920
7  62  0.00035723
8  62  0.00030701
9  62  0.00017974
10  62  0.00011036
11  62  0.00034310
12  62  0.00036666
13  62  0.00034278
14  62  0.00008644
15  62  0.00012063
16  62  0.00034925
17  62  0.00030447
18  62  0.00022358
19  62  0.00016113
20  62  0.00015214
21  62  0.00021521
22  62  0.00028112
23  62  0.00029602
24  62  0.00029465
25  62  0.00008688
26  62  0.00045484
27  62  0.00016377
28  62  0.00008120
29  62  0.00023454
30  62  0.00031596
31  62  0.00010532
32  62  0.00013124
33  62  0.00025951
34  62  0.00023788
35  62  0.00013904
36  62  0.00016987
37  62  0.00040416
38  62  0.00025128
39  62  0.00008410
40  62  0.00015656
41  62  0.00033191
42  62  0.00017098
43  62  0.00013111
44  62  0.00011515
45  62  0.00020268
46  62  0.00006691
47  62  0.00013638
48  62  0.00027569
49  62  0.00017604
50  62  0.00011559
51  62  0.00009166
52  62  0.00006126
53  62  0.00014946
54  62  0.00014565
55  62  0.00016101
56  62  0.00027508
57  62  0.00024448
58  62  0.00021429
59  62  0.00017771
60  62  0.00006547
61  62  0.00059313
62  62  0.00037242
63  62  0.00025903
0  63  0.00028482
1  63  0.00023256
2  63  0.00011720
3  63  0.00031529
4  63  0.00004095
5  63  0.00023000
6  63  0.00022233
7  63  0.00005202
8  63  0.00009045
9  63  0.00013272
10  63  0.00020242
11  63  0.00042950
12  63  0.00051299
13  63  0.00019175
14  63  0.00018976
15  63  0.00026499
16  63  0.00035498
17  63  0.00039530
18  63  0.00025196
19  63  0.00024312
20  63  0.00019708
21  63  0.00020630
22  63  0.00034249
23  63  0.00008208
24  63  0.00032140
25  63  0.00013573
26  63  0.00010180
27  63  0.00024100
28  63  0.00036276
29  63  0.00018099
30  63  0.00024983
31  63  0.00051174
32  63  0.00010887
33  63  0.00011127
34  63  0.00038630
35  63  0.00036651
36  63  0.00009104
37  63  0.00009654
38  63  0.00042271
39  63  0.00016821
40  63  0.00018967
41  63  0.00016683
42  63  0.00044706
43  63  0.00024966
44  63  0.00027005
45  63  0.00021150
46  63  0.00016310
47  63  0.00022637
48  63  0.00010543
49  63  0.00023502
50  63  0.00020135
51  63  0.00022990
52  63  0.00010616
53  63  0.00031314
54  63  0.00009662
55  63  0.00007916
56  63  0.00022878
57  63  0.00025380
58  63  0.00026094
59  63  0.00027435
60  63  0.00006124
61  63  0.00020668
62  63  0.00034782
63  63  0.00030993
