# Spinor density |Psi|^2 at t = 3
# Grid: 64 x 64
# Columns: x  y  density
0  0  0.00009328
1  0  0.00056053
2  0  0.00020432
3  0  0.00014661
4  0  0.00022255
5  0  0.00015005
6  0  0.00015452
7  0  0.00014775
8  0  0.00025541
9  0  0.00033255
10  0  0.00028714
11  0  0.00046130
12  0  0.00018834
13  0  0.00007199
14  0  0.00037955
15  0  0.00024561
16  0  0.00037190
17  0  0.00024113
18  0  0.00008146
19  0  0.00017162
20  0  0.00008806
21  0  0.00023726
22  0  0.00035116
23  0  0.00009129
24  0  0.00027717
25  0  0.00024285
26  0  0.00023358
27  0  0.00024208
28  0  0.00027402
29  0  0.00034895
30  0  0.00005652
31  0  0.00043436
32  0  0.00015257
33  0  0.00009106
34  0  0.00009249
35  0  0.00028029
36  0  0.00031716
37  0  0.00038153
38  0  0.00007478
39  0  0.00028347
40  0  0.00042627
41  0  0.00008312
42  0  0.00016471
43  0  0.00013475
44  0  0.00013716
45  0  0.00011453
46  0  0.00031789
47  0  0.00017855
48  0  0.00023652
49  0  0.00024927
50  0  0.00017779
51  0  0.00021384
52  0  0.00015251
53  0  0.00012154
54  0  0.00019319
55  0  0.00018312
56  0  0.00031177
57  0  0.00022044
58  0  0.00028864
59  0  0.00009067
60  0  0.00036244
61  0  0.00023604
62  0  0.00009574
63  0  0.00034349
0  1  0.00018751
1  1  0.00014717
2  1  0.00023369
3  1  0.00034084
4  1  0.00019906
5  1  0.00033859
6  1  0.00038892
7  1  0.00046791
8  1  0.00031258
9  1  0.00027881
10  1  0.00015056
11  1  0.00024763
12  1  0.00014385
13  1  0.00009933
14  1  0.00009714
15  1  0.00029445
16  1  0.00018975
17  1  0.00039885
18  1  0.00033126
19  1  0.00023727
20  1  0.00010426
21  1  0.00021457
22  1  0.00019233
23  1  0.00012644
24  1  0.00026298
25  1  0.00011645
26  1  0.00055117
27  1  0.00033212
28  1  0.00015509
29  1  0.00018953
30  1  0.00014921
31  1  0.00019322
32  1  0.00012940
33  1  0.00036343
34  1  0.00024331
35  1  0.00042843
36  1  0.00072071
37  1  0.00039747
38  1  0.00020573
39  1  0.00022003
40  1  0.00016875
41  1  0.00023823
42  1  0.00023616
43  1  0.00016700
44  1  0.00025828
45  1  0.00031830
46  1  0.00031073
47  1  0.00039042
48  1  0.00035830
49  1  0.00017762
50  1  0.00018544
51  1  0.00028367
52  1  0.00035373
53  1  0.00013704
54  1  0.00026024
55  1  0.00023743
56  1  0.00009269
57  1  0.00022054
58  1  0.00007395
59  1  0.00025118
60  1  0.00011734
61  1  0.00039315
62  1  0.00032616
63  1  0.00033852
0  2  0.00023742
1  2  0.00017922
2  2  0.00008576
3  2  0.00042577
4  2  0.00020436
5  2  0.00020673
6  2  0.00021621
7  2  0.00020325
8  2  0.00013494
9  2  0.00022226
10  2  0.00038570
11  2  0.00006128
12  2  0.00019683
13  2  0.00024937
14  2  0.00018292
15  2  0.00026338
16  2  0.00017009
17  2  0.00015288
18  2  0.00007760
19  2  0.00036002
20  2  0.00033477
21  2  0.00026377
22  2  0.00005935
23  2  0.00016650
24  2  0.00017425
25  2  0.00026149
26  2  0.00010623
27  2  0.00013305
28  2  0.00019092
29  2  0.00018748
30  2  0.00024538
31  2  0.00030688
32  2  0.00012259
33  2  0.00011507
34  2  0.00031617
35  2  0.00020399
36  2  0.00030792
37  2  0.00004284
38  2  0.00021143
39  2  0.00019989
40  2  0.00011829
41  2  0.00022902
42  2  0.00014913
43  2  0.00026253
44  2  0.00018832
45  2  0.00039226
46  2  0.00015247
47  2  0.00026284
48  2  0.00015879
49  2  0.00012511
50  2  0.00010140
51  2  0.00020090
52  2  0.00017088
53  2  0.00018193
54  2  0.00004332
55  2  0.00023463
56  2  0.00027922
57  2  0.00015350
58  2  0.00020138
59  2  0.00038518
60  2  0.00014250
61  2  0.00022817
62  2  0.00029253
63  2  0.00020342
0  3  0.00013560
1  3  0.00015223
2  3  0.00043955
3  3  0.00033335
4  3  0.00028209
5  3  0.00026230
6  3  0.00020596
7  3  0.00023657
8  3  0.00029834
9  3  0.00015377
10  3  0.00004284
11  3  0.00018392
12  3  0.00015771
13  3  0.00028641
14  3  0.00022260
15  3  0.00002929
16  3  0.00016720
17  3  0.00013832
18  3  0.00039214
19  3  0.00018192
20  3  0.00042727
21  3  0.00032326
22  3  0.00021010
23  3  0.00030470
24  3  0.00034938
25  3  0.00035732
26  3  0.00031026
27  3  0.00030444
28  3  0.00007470
29  3  0.00014035
30  3  0.00025648
31  3  0.00015777
32  3  0.00024460
33  3  0.00037293
34  3  0.00015616
35  3  0.00027267
36  3  0.00015399
37  3  0.00010654
38  3  0.00010316
39  3  0.00018319
40  3  0.00017670
41  3  0.00018984
42  3  0.00032604
43  3  0.00012581
44  3  0.00008010
45  3  0.00026115
46  3  0.00012544
47  3  0.00013406
48  3  0.00027772
49  3  0.00030398
50  3  0.00023401
51  3  0.00029076
52  3  0.00033798
53  3  0.00013962
54  3  0.00033544
55  3  0.00029398
56  3  0.00023676
57  3  0.00013541
58  3  0.00005763
59  3  0.00021766
60  3  0.00028482
61  3  0.00052871
62  3  0.00022014
63  3  0.00018207
0  4  0.00009741
1  4  0.00033574
2  4  0.00027006
3  4  0.00026963
4  4  0.00011787
5  4  0.00010221
6  4  0.00030383
7  4  0.00030761
8  4  0.00025680
9  4  0.00014652
10  4  0.00031397
11  4  0.00017404
12  4  0.00029842
13  4  0.00011877
14  4  0.00031061
15  4  0.00010126
16  4  0.00004817
17  4  0.00017772
18  4  0.00019430
19  4  0.00024897
20  4  0.00024479
21  4  0.00015070
22  4  0.00017090
23  4  0.00009687
24  4  0.00033158
25  4  0.00009924
26  4  0.00013993
27  4  0.00015857
28  4  0.00041468
29  4  0.00022447
30  4  0.00027598
31  4  0.00007862
32  4  0.00028372
33  4  0.00009800
34  4  0.00018443
35  4  0.00036836
36  4  0.00015471
37  4  0.00024701
38  4  0.00009160
39  4  0.00019159
40  4  0.00017203
41  4  0.00043212
42  4  0.00027575
43  4  0.00018243
44  4  0.00043191
45  4  0.00037259
46  4  0.00038894
47  4  0.00018077
48  4  0.00007114
49  4  0.00011468
50  4  0.00017532
51  4  0.00018677
52  4  0.00030297
53  4  0.00011567
54  4  0.00017839
55  4  0.00021604
56  4  0.00021192
57  4  0.00030601
58  4  0.00017511
59  4  0.00046118
60  4  0.00015994
61  4  0.00009849
62  4  0.00041068
63  4  0.00011904
0  5  0.00029730
1  5  0.00027522
2  5  0.00021258
3  5  0.00043266
4  5  0.00021860
5  5  0.00020265
6  5  0.00020022
7  5  0.00044615
8  5  0.00009576
9  5  0.00048629
10  5  0.00056468
11  5  0.00021409
12  5  0.00016260
13  5  0.00038815
14  5  0.00015860
15  5  0.00016354
16  5  0.00018187
17  5  0.00024120
18  5  0.00021845
19  5  0.00003246
20  5  0.00027638
21  5  0.00011523
22  5  0.00013624
23  5  0.00059759
24  5  0.00045498
25  5  0.00036902
26  5  0.00007884
27  5  0.00020520
28  5  0.00023861
29  5  0.00012327
30  5  0.00030894
31  5  0.00010628
32  5  0.00050591
33  5  0.00032601
34  5  0.00020086
35  5  0.00012034
36  5  0.00014418
37  5  0.00004809
38  5  0.00019120
39  5  0.00017497
40  5  0.00013577
41  5  0.00005336
42  5  0.00008624
43  5  0.00056328
44  5  0.00015354
45  5  0.00028647
46  5  0.00042327
47  5  0.00034682
48  5  0.00022798
49  5  0.00008593
50  5  0.00021646
51  5  0.00022791
52  5  0.00027294
53  5  0.00024789
54  5  0.00019379
55  5  0.00050300
56  5  0.00018309
57  5  0.00018282
58  5  0.00007912
59  5  0.00018950
60  5  0.00007103
61  5  0.00012529
62  5  0.00019617
63  5  0.00029993
0  6  0.00008145
1  6  0.00028785
2  6  0.00019948
3  6  0.00029986
4  6  0.00003193
5  6  0.00019921
6  6  0.00019890
7  6  0.00024994
8  6  0.00040901
9  6  0.00020907
10  6  0.00027136
11  6  0.00014150
12  6  0.00030488
13  6  0.00027293
14  6  0.00023980
15  6  0.00013106
16  6  0.00008815
17  6  0.00013386
18  6  0.00011922
19  6  0.00010875
20  6  0.00028221
21  6  0.00020114
22  6  0.00025819
23  6  0.00020269
24  6  0.00035460
25  6  0.00030393
26  6  0.00029360
27  6  0.00016208
28  6  0.00014757
29  6  0.00021586
30  6  0.00007943
31  6  0.00025470
32  6  0.00019783
33  6  0.00043959
34  6  0.00016764
35  6  0.00025918
36  6  0.00008363
37  6  0.00024688
38  6  0.00019557
39  6  0.00024523
40  6  0.00041358
41  6  0.00014266
42  6  0.00026107
43  6  0.00010295
44  6  0.00013867
45  6  0.00023866
46  6  0.00014088
47  6  0.00016584
48  6  0.00023866
49  6  0.00016758
50  6  0.00008544
51  6  0.00018256
52  6  0.00012406
53  6  0.00011567
54  6  0.00010968
55  6  0.00009908
56  6  0.00020399
57  6  0.00017436
58  6  0.00030229
59  6  0.00034389
60  6  0.00020208
61  6  0.00022473
62  6  0.00015741
63  6  0.00012394
0  7  0.00020953
1  7  0.00006018
2  7  0.00017938
3  7  0.00034769
4  7  0.00052744
5  7  0.00017492
6  7  0.00020868
7  7  0.00010833
8  7  0.00058632
9  7  0.00011109
10  7  0.00013540
11  7  0.00038426
12  7  0.00037421
13  7  0.00016185
14  7  0.00016952
15  7  0.00030781
16  7  0.00008414
17  7  0.00022590
18  7  0.00011101
19  7  0.00008901
20  7  0.00012350
21  7  0.00021730
22  7  0.00036565
23  7  0.00022188
24  7  0.00008726
25  7  0.00029200
26  7  0.00011329
27  7  0.00006182
28  7  0.00032092
29  7  0.00011103
30  7  0.00019270
31  7  0.00007211
32  7  0.00030416
33  7  0.00012312
34  7  0.00037478
35  7  0.00022144
36  7  0.00016226
37  7  0.00016619
38  7  0.00046867
39  7  0.00016464
40  7  0.00016115
41  7  0.00027649
42  7  0.00019219
43  7  0.00020014
44  7  0.00017236
45  7  0.00037609
46  7  0.00006303
47  7  0.00028579
48  7  0.00036799
49  7  0.00017919
50  7  0.00025847
51  7  0.00012722
52  7  0.00018323
53  7  0.00017513
54  7  0.00024893
55  7  0.00044564
56  7  0.00031239
57  7  0.00013018
58  7  0.00013838
59  7  0.00023345
60  7  0.00006203
61  7  0.00021262
62  7  0.00023445
63  7  0.00043064
0  8  0.00029411
1  8  0.00005860
2  8  0.00025215
3  8  0.00008363
4  8  0.00029528
5  8  0.00021638
6  8  0.00015363
7  8  0.00031182
8  8  0.00045218
9  8  0.00019191
10  8  0.00021840
11  8  0.00009269
12  8  0.00023714
13  8  0.00024333
14  8  0.00020986
15  8  0.00034057
16  8  0.00017187
17  8  0.00017124
18  8  0.00024887
19  8  0.00044058
20  8  0.00013015
21  8  0.00019952
22  8  0.00038795
23  8  0.00012702
24  8  0.00019543
25  8  0.00024269
26  8  0.00019912
27  8  0.00031780
28  8  0.00032013
29  8  0.00020217
30  8  0.00035000
31  8  0.00049783
32  8  0.00024781
33  8  0.00014914
34  8  0.00030399
35  8  0.00037328
36  8  0.00017747
37  8  0.00025804
38  8  0.00028150
39  8  0.00018780
40  8  0.00025577
41  8  0.00036038
42  8  0.00021744
43  8  0.00033564
44  8  0.00014301
45  8  0.00003458
46  8  0.00023099
47  8  0.00009128
48  8  0.00009904
49  8  0.00016179
50  8  0.00006156
51  8  0.00025554
52  8  0.00034455
53  8  0.00015040
54  8  0.00023159
55  8  0.00018797
56  8  0.00026017
57  8  0.00014959
58  8  0.00006945
59  8  0.00016738
60  8  0.00035913
61  8  0.00007143
62  8  0.00022060
63  8  0.00034038
0  9  0.00028278
1  9  0.00028770
2  9  0.00011888
3  9  0.00055137
4  9  0.00024325
5  9  0.00046519
6  9  0.00037650
7  9  0.00015701
8  9  0.00014754
9  9  0.00000867
10  9  0.00040399
11  9  0.00020527
12  9  0.00015560
13  9  0.00036416
14  9  0.00033085
15  9  0.00029421
16  9  0.00021801
17  9  0.00009213
18  9  0.00006089
19  9  0.00016403
20  9  0.00006525
21  9  0.00024228
22  9  0.00032758
23  9  0.00049228
24  9  0.00040574
25  9  0.00023625
26  9  0.00025574
27  9  0.00017740
28  9  0.00009780
29  9  0.00024069
30  9  0.00006715
31  9  0.00032875
32  9  0.00020134
33  9  0.00019340
34  9  0.00016550
35  9  0.00014728
36  9  0.00008449
37  9  0.00012859
38  9  0.00007087
39  9  0.00025219
40  9  0.00015317
41  9  0.00018579
42  9  0.00033744
43  9  0.00029404
44  9  0.00023296
45  9  0.00024526
46  9  0.00012397
47  9  0.00007523
48  9  0.00020428
49  9  0.00029072
50  9  0.00014991
51  9  0.00030444
52  9  0.00020630
53  9  0.00016617
54  9  0.00010607
55  9  0.00033842
56  9  0.00019030
57  9  0.00022663
58  9  0.00032985
59  9  0.00029811
60  9  0.00008223
61  9  0.00038745
62  9  0.00012182
63  9  0.00019646
0  10  0.00019039
1  10  0.00022562
2  10  0.00036892
3  10  0.00045131
4  10  0.00025560
5  10  0.00015491
6  10  0.00017448
7  10  0.00013221
8  10  0.00040287
9  10  0.00021873
10  10  0.00007420
11  10  0.00039145
12  10  0.00021054
13  10  0.00012180
14  10  0.00022744
15  10  0.00047267
16  10  0.00015969
17  10  0.00005370
18  10  0.00015261
19  10  0.00061132
20  10  0.00028781
21  10  0.00008810
22  10  0.00011041
23  10  0.00027144
24  10  0.00023194
25  10  0.00019154
26  10  0.00045049
27  10  0.00052166
28  10  0.00029680
29  10  0.00012486
30  10  0.00042488
31  10  0.00035567
32  10  0.00021622
33  10  0.00011016
34  10  0.00008204
35  10  0.00008272
36  10  0.00018703
37  10  0.00013253
38  10  0.00028464
39  10  0.00019876
40  10  0.00055391
41  10  0.00022356
42  10  0.00017210
43  10  0.00014598
44  10  0.00012183
45  10  0.00020579
46  10  0.00007514
47  10  0.00017602
48  10  0.00012966
49  10  0.00016467
50  10  0.00025749
51  10  0.00043930
52  10  0.00008093
53  10  0.00013638
54  10  0.00042213
55  10  0.00030893
56  10  0.00009591
57  10  0.00026739
58  10  0.00010855
59  10  0.00005670
60  10  0.00014036
61  10  0.00011557
62  10  0.00055988
63  10  0.00007338
0  11  0.00007767
1  11  0.00019061
2  11  0.00039272
3  11  0.00026067
4  11  0.00008087
5  11  0.00075715
6  11  0.00033574
7  11  0.00007933
8  11  0.00019864
9  11  0.00015141
10  11  0.00007852
11  11  0.00007427
12  11  0.00026632
13  11  0.00017096
14  11  0.00025844
15  11  0.00019744
16  11  0.00015387
17  11  0.00025320
18  11  0.00026707
19  11  0.00020416
20  11  0.00007652
21  11  0.00010869
22  11  0.00021305
23  11  0.00028419
24  11  0.00013980
25  11  0.00013341
26  11  0.00052886
27  11  0.00018658
28  11  0.00033702
29  11  0.00022647
30  11  0.00031126
31  11  0.00016099
32  11  0.00023958
33  11  0.00025300
34  11  0.00021402
35  11  0.00025999
36  11  0.00014248
37  11  0.00019277
38  11  0.00030194
39  11  0.00017729
40  11  0.00033306
41  11  0.00020473
42  11  0.00006875
43  11  0.00019091
44  11  0.00014495
45  11  0.00022597
46  11  0.00008010
47  11  0.00028342
48  11  0.00050851
49  11  0.00029487
50  11  0.00019295
51  11  0.00034281
52  11  0.00012464
53  11  0.00045527
54  11  0.00013026
55  11  0.00013989
56  11  0.00019545
57  11  0.00024781
58  11  0.00024276
59  11  0.00006140
60  11  0.00021074
61  11  0.00029580
62  11  0.00012944
63  11  0.00033073
0  12  0.00037003
1  12  0.00044361
2  12  0.00009509
3  12  0.00028057
4  12  0.00025556
5  12  0.00018241
6  12  0.00021369
7  12  0.00018469
8  12  0.00023846
9  12  0.00011686
10  12  0.00016554
11  12  0.00014201
12  12  0.00024084
13  12  0.00046190
14  12  0.00010649
15  12  0.00030935
16  12  0.00026436
17  12  0.00022904
18  12  0.00011192
19  12  0.00020006
20  12  0.00012828
21  12  0.00012693
22  12  0.00011914
23  12  0.00014857
24  12  0.00030774
25  12  0.00010475
26  12  0.00035982
27  12  0.00020765
28  12  0.00014528
29  12  0.00020448
30  12  0.00030114
31  12  0.00018876
32  12  0.00036114
33  12  0.00036733
34  12  0.00016105
35  12  0.00019343
36  12  0.00055462
37  12  0.00031916
38  12  0.00023938
39  12  0.00012908
40  12  0.00019745
41  12  0.00041790
42  12  0.00020852
43  12  0.00041277
44  12  0.00011097
45  12  0.00034754
46  12  0.00014065
47  12  0.00008744
48  12  0.00017488
49  12  0.00016528
50  12  0.00019163
51  12  0.00026303
52  12  0.00005185
53  12  0.00010519
54  12  0.00026239
55  12  0.00008568
56  12  0.00011667
57  12  0.00003250
58  12  0.00013950
59  12  0.00031648
60  12  0.00022574
61  12  0.00009938
62  12  0.00034503
63  12  0.00022241
0  13  0.00015419
1  13  0.00018960
2  13  0.00029561
3  13  0.00025489
4  13  0.00032282
5  13  0.00006229
6  13  0.00005164
7  13  0.00018186
8  13  0.00018533
9  13  0.00040005
10  13  0.00022679
11  13  0.00039337
12  13  0.00023105
13  13  0.00004790
14  13  0.00012892
15  13  0.00025633
16  13  0.00029962
17  13  0.00031422
18  13  0.00012739
19  13  0.00019414
20  13  0.00027494
21  13  0.00009674
22  13  0.00032555
23  13  0.00021959
24  13  0.00035001
25  13  0.00018327
26  13  0.00025300
27  13  0.00040794
28  13  0.00036755
29  13  0.00012617
30  13  0.00019561
31  13  0.00007865
32  13  0.00020255
33  13  0.00024978
34  13  0.00034886
35  13  0.00030155
36  13  0.00035313
37  13  0.00043290
38  13  0.00032997
39  13  0.00012171
40  13  0.00023377
41  13  0.00034002
42  13  0.00017149
43  13  0.00013694
44  13  0.00031767
45  13  0.00009762
46  13  0.00031736
47  13  0.00011101
48  13  0.00019593
49  13  0.00012731
50  13  0.00054965
51  13  0.00022666
52  13  0.00027290
53  13  0.00024313
54  13  0.00033767
55  13  0.00019370
56  13  0.00007247
57  13  0.00033144
58  13  0.00025126
59  13  0.00022023
60  13  0.00005352
61  13  0.00034029
62  13  0.00042925
63  13  0.00019666
0  14  0.00006683
1  14  0.00045234
2  14  0.00047455
3  14  0.00008732
4  14  0.00035603
5  14  0.00020032
6  14  0.00011048
7  14  0.00041771
8  14  0.00025734
9  14  0.00010732
10  14  0.00009348
11  14  0.00018527
12  14  0.00021477
13  14  0.00024250
14  14  0.00012207
15  14  0.00016654
16  14  0.00025828
17  14  0.00027250
18  14  0.00024266
19  14  0.00015880
20  14  0.00025785
21  14  0.00020876
22  14  0.00026992
23  14  0.00006116
24  14  0.00036960
25  14  0.00010126
26  14  0.00012662
27  14  0.00008749
28  14  0.00027784
29  14  0.00025515
30  14  0.00031344
31  14  0.00007946
32  14  0.00014816
33  14  0.00008662
34  14  0.00030926
35  14  0.00021587
36  14  0.00016825
37  14  0.00023234
38  14  0.00012423
39  14  0.00025689
40  14  0.00020717
41  14  0.00014103
42  14  0.00015991
43  14  0.00027657
44  14  0.00012411
45  14  0.00023304
46  14  0.00032284
47  14  0.00032229
48  14  0.00019165
49  14  0.00048197
50  14  0.00019977
51  14  0.00018830
52  14  0.00032485
53  14  0.00023079
54  14  0.00039832
55  14  0.00029651
56  14  0.00043457
57  14  0.00034143
58  14  0.00013926
59  14  0.00014214
60  14  0.00019406
61  14  0.00013279
62  14  0.00022270
63  14  0.00013089
0  15  0.00022178
1  15  0.00017165
2  15  0.00013763
3  15  0.00017922
4  15  0.00030343
5  15  0.00020608
6  15  0.00032169
7  15  0.00027993
8  15  0.00024125
9  15  0.00028793
10  15  0.00025283
11  15  0.00017914
12  15  0.00049458
13  15  0.00022263
14  15  0.00007467
15  15  0.00016059
16  15  0.00009544
17  15  0.00040899
18  15  0.00023663
19  15  0.00021313
20  15  0.00023208
21  15  0.00019996
22  15  0.00016060
23  15  0.00010992
24  15  0.00019116
25  15  0.00015279
26  15  0.00040204
27  15  0.00022468
28  15  0.00036924
29  15  0.00036564
30  15  0.00016323
31  15  0.00017868
32  15  0.00015186
33  15  0.00011999
34  15  0.00028821
35  15  0.00019361
36  15  0.00019806
37  15  0.00030459
38  15  0.00014294
39  15  0.00007675
40  15  0.00031097
41  15  0.00013911
42  15  0.00023028
43  15  0.00030878
44  15  0.00028081
45  15  0.00015155
46  15  0.00027565
47  15  0.00034309
48  15  0.00018877
49  15  0.00018036
50  15  0.00007324
51  15  0.00010779
52  15  0.00010076
53  15  0.00019125
54  15  0.00018341
55  15  0.00008810
56  15  0.00028555
57  15  0.00022617
58  15  0.00018976
59  15  0.00035344
60  15  0.00009829
61  15  0.00008236
62  15  0.00024821
63  15  0.00047208
0  16  0.00012933
1  16  0.00010537
2  16  0.00071201
3  16  0.00022692
4  16  0.00004460
5  16  0.00031082
6  16  0.00034291
7  16  0.00029493
8  16  0.00025494
9  16  0.00015844
10  16  0.00030400
11  16  0.00031434
12  16  0.00040611
13  16  0.00023581
14  16  0.00041568
15  16  0.00013345
16  16  0.00026891
17  16  0.00020567
18  16  0.00014334
19  16  0.00009727
20  16  0.00008002
21  16  0.00024581
22  16  0.00026133
23  16  0.00033863
24  16  0.00019479
25  16  0.00037458
26  16  0.00023003
27  16  0.00007451
28  16  0.00006332
29  16  0.00031600
30  16  0.00019702
31  16  0.00005608
32  16  0.00036019
33  16  0.00015352
34  16  0.00039118
35  16  0.00016930
36  16  0.00028517
37  16  0.00029098
38  16  0.00018341
39  16  0.00014351
40  16  0.00010492
41  16  0.00016347
42  16  0.00014376
43  16  0.00023225
44  16  0.00040827
45  16  0.00008275
46  16  0.00025466
47  16  0.00008060
48  16  0.00015401
49  16  0.00008196
50  16  0.00018920
51  16  0.00022504
52  16  0.00031587
53  16  0.00015196
54  16  0.00023575
55  16  0.00006592
56  16  0.00009489
57  16  0.00050954
58  16  0.00027113
59  16  0.00013896
60  16  0.00010643
61  16  0.00014017
62  16  0.00009263
63  16  0.00025578
0  17  0.00005369
1  17  0.00010535
2  17  0.00026005
3  17  0.00028647
4  17  0.00017636
5  17  0.00040387
6  17  0.00020976
7  17  0.00013771
8  17  0.00014110
9  17  0.00017162
10  17  0.00012276
11  17  0.00030333
12  17  0.00011013
13  17  0.00010500
14  17  0.00006345
15  17  0.00018870
16  17  0.00043964
17  17  0.00022251
18  17  0.00023223
19  17  0.00005691
20  17  0.00017090
21  17  0.00022836
22  17  0.00011871
23  17  0.00017811
24  17  0.00005896
25  17  0.00007655
26  17  0.00011284
27  17  0.00018595
28  17  0.00018586
29  17  0.00027369
30  17  0.00025658
31  17  0.00027216
32  17  0.00044322
33  17  0.00002935
34  17  0.00018373
35  17  0.00062814
36  17  0.00008578
37  17  0.00017407
38  17  0.00068195
39  17  0.00017638
40  17  0.00033807
41  17  0.00016655
42  17  0.00021464
43  17  0.00012741
44  17  0.00029810
45  17  0.00011969
46  17  0.00016010
47  17  0.00016574
48  17  0.00008954
49  17  0.00040838
50  17  0.00025864
51  17  0.00019103
52  17  0.00005354
53  17  0.00006145
54  17  0.00031510
55  17  0.00033048
56  17  0.00020351
57  17  0.00019070
58  17  0.00008665
59  17  0.00017151
60  17  0.00036857
61  17  0.00011041
62  17  0.00008127
63  17  0.00019345
0  18  0.00022507
1  18  0.00030681
2  18  0.00031340
3  18  0.00039624
4  18  0.00021847
5  18  0.00013691
6  18  0.00016733
7  18  0.00015114
8  18  0.00039349
9  18  0.00018364
10  18  0.00014402
11  18  0.00016846
12  18  0.00008225
13  18  0.00014750
14  18  0.00008134
15  18  0.00013611
16  18  0.00030027
17  18  0.00046035
18  18  0.00012444
19  18  0.00023353
20  18  0.00019541
21  18  0.00049346
22  18  0.00014111
23  18  0.00021529
24  18  0.00009741
25  18  0.00010979
26  18  0.00028113
27  18  0.00011278
28  18  0.00018190
29  18  0.00012697
30  18  0.00010586
31  18  0.00034580
32  18  0.00014684
33  18  0.00005150
34  18  0.00016855
35  18  0.00044462
36  18  0.00019173
37  18  0.00028338
38  18  0.00004635
39  18  0.00043870
40  18  0.00012579
41  18  0.00021205
42  18  0.00040065
43  18  0.00006220
44  18  0.00012108
45  18  0.00014563
46  18  0.00003118
47  18  0.00017290
48  18  0.00020127
49  18  0.00017525
50  18  0.00031046
51  18  0.00032599
52  18  0.00047067
53  18  0.00012200
54  18  0.00018725
55  18  0.00008055
56  18  0.00009142
57  18  0.00014340
58  18  0.00023632
59  18  0.00008443
60  18  0.00030999
61  18  0.00022590
62  18  0.00019745
63  18  0.00055764
0  19  0.00013707
1  19  0.00021263
2  19  0.00016196
3  19  0.00013471
4  19  0.00021260
5  19  0.00016974
6  19  0.00016182
7  19  0.00019927
8  19  0.00025200
9  19  0.00022444
10  19  0.00013919
11  19  0.00013373
12  19  0.00030498
13  19  0.00026421
14  19  0.00024645
15  19  0.00031313
16  19  0.00023122
17  19  0.00038746
18  19  0.00006669
19  19  0.00024638
20  19  0.00034106
21  19  0.00007825
22  19  0.00025922
23  19  0.00018588
24  19  0.00017793
25  19  0.00022847
26  19  0.00012911
27  19  0.00042964
28  19  0.00021972
29  19  0.00025504
30  19  0.00029316
31  19  0.00027974
32  19  0.00012713
33  19  0.00002082
34  19  0.00011375
35  19  0.00013060
36  19  0.00041058
37  19  0.00022567
38  19  0.00031527
39  19  0.00038332
40  19  0.00030854
41  19  0.00013346
42  19  0.00019557
43  19  0.00022015
44  19  0.00022513
45  19  0.00022646
46  19  0.00023796
47  19  0.00018947
48  19  0.00030350
49  19  0.00022376
50  19  0.00013253
51  19  0.00008886
52  19  0.00011773
53  19  0.00019877
54  19  0.00028403
55  19  0.00022527
56  19  0.00019802
57  19  0.00012003
58  19  0.00018424
59  19  0.00028348
60  19  0.00018377
61  19  0.00021986
62  19  0.00022516
63  19  0.00057637
0  20  0.00030227
1  20  0.00020176
2  20  0.00012331
3  20  0.00019247
4  20  0.00017773
5  20  0.00033823
6  20  0.00029678
7  20  0.00014462
8  20  0.00024071
9  20  0.00010299
10  20  0.00016981
11  20  0.00023731
12  20  0.00029473
13  20  0.00008562
14  20  0.00023417
15  20  0.00014327
16  20  0.00030462
17  20  0.00036024
18  20  0.00032246
19  20  0.00015802
20  20  0.00021187
21  20  0.00031517
22  20  0.00048127
23  20  0.00010493
24  20  0.00028203
25  20  0.00012388
26  20  0.00017511
27  20  0.00009438
28  20  0.00011071
29  20  0.00016529
30  20  0.00011425
31  20  0.00018548
32  20  0.00004991
33  20  0.00022262
34  20  0.00035893
35  20  0.00035712
36  20  0.00016368
37  20  0.00016329
38  20  0.00012784
39  20  0.00010155
40  20  0.00027642
41  20  0.00007113
42  20  0.00043518
43  20  0.00021723
44  20  0.00037455
45  20  0.00044301
46  20  0.00033271
47  20  0.00009285
48  20  0.00023932
49  20  0.00018727
50  20  0.00023082
51  20  0.00032935
52  20  0.00055968
53  20  0.00028894
54  20  0.00020964
55  20  0.00020979
56  20  0.00025889
57  20  0.00022988
58  20  0.00019800
59  20  0.00024979
60  20  0.00015868
61  20  0.00019404
62  20  0.00014090
63  20  0.00008160
0  21  0.00014590
1  21  0.00029697
2  21  0.00023274
3  21  0.00038900
4  21  0.00028145
5  21  0.00017768
6  21  0.00004837
7  21  0.00016304
8  21  0.00030029
9  21  0.00020306
10  21  0.00041092
11  21  0.00032958
12  21  0.00018642
13  21  0.00010643
14  21  0.00017377
15  21  0.00018653
16  21  0.00017737
17  21  0.00014254
18  21  0.00029143
19  21  0.00043466
20  21  0.00065375
21  21  0.00004521
22  21  0.00007545
23  21  0.00032285
24  21  0.00036373
25  21  0.00017862
26  21  0.00004567
27  21  0.00026335
28  21  0.00016994
29  21  0.00024920
30  21  0.00013998
31  21  0.00046090
32  21  0.00038247
33  21  0.00007861
34  21  0.00016617
35  21  0.00014739
36  21  0.00017097
37  21  0.00026621
38  21  0.00016120
39  21  0.00013312
40  21  0.00068196
41  21  0.00035285
42  21  0.00035027
43  21  0.00031537
44  21  0.00008984
45  21  0.00008268
46  21  0.00008647
47  21  0.00005735
48  21  0.00022615
49  21  0.00021478
50  21  0.00016466
51  21  0.00032922
52  21  0.00010247
53  21  0.00011047
54  21  0.00010647
55  21  0.00023567
56  21  0.00015643
57  21  0.00023277
58  21  0.00020758
59  21  0.00030379
60  21  0.00045992
61  21  0.00030496
62  21  0.00009804
63  21  0.00013759
0  22  0.00009050
1  22  0.00016868
2  22  0.00016897
3  22  0.00018292
4  22  0.00034156
5  22  0.00035577
6  22  0.00009148
7  22  0.00024067
8  22  0.00035955
9  22  0.00010687
10  22  0.00012083
11  22  0.00019458
12  22  0.00021284
13  22  0.00021805
14  22  0.00023468
15  22  0.00036927
16  22  0.00015832
17  22  0.00030550
18  22  0.00019570
19  22  0.00005895
20  22  0.00019589
21  22  0.00045258
22  22  0.00020576
23  22  0.00017991
24  22  0.00020203
25  22  0.00014272
26  22  0.00032567
27  22  0.00042382
28  22  0.00036199
29  22  0.00031848
30  22  0.00027792
31  22  0.00016440
32  22  0.00041956
33  22  0.00019858
34  22  0.00022320
35  22  0.00047760
36  22  0.00013452
37  22  0.00008770
38  22  0.00018734
39  22  0.00014982
40  22  0.00025022
41  22  0.00010739
42  22  0.00027375
43  22  0.00027745
44  22  0.00019835
45  22  0.00030571
46  22  0.00046840
47  22  0.00009650
48  22  0.00021404
49  22  0.00024370
50  22  0.00016737
51  22  0.00014642
52  22  0.00014797
53  22  0.00015554
54  22  0.00038418
55  22  0.00044840
56  22  0.00026542
57  22  0.00010599
58  22  0.00022286
59  22  0.00006576
60  22  0.00011509
61  22  0.00016668
62  22  0.00022148
63  22  0.00016849
0  23  0.00013435
1  23  0.00033192
2  23  0.00030250
3  23  0.00025090
4  23  0.00013660
5  23  0.00017287
6  23  0.00038975
7  23  0.00030940
8  23  0.00024943
9  23  0.00004544
10  23  0.00018493
11  23  0.00045550
12  23  0.00013982
13  23  0.00012946
14  23  0.00007223
15  23  0.00028057
16  23  0.00033037
17  23  0.00020138
18  23  0.00008879
19  23  0.00027030
20  23  0.00003755
21  23  0.00025268
22  23  0.00017136
23  23  0.00018276
24  23  0.00010866
25  23  0.00038141
26  23  0.00044466
27  23  0.00027945
28  23  0.00006845
29  23  0.00030916
30  23  0.00047635
31  23  0.00037373
32  23  0.00031540
33  23  0.00014597
34  23  0.00053952
35  23  0.00016773
36  23  0.00018531
37  23  0.00015762
38  23  0.00017473
39  23  0.00033864
40  23  0.00035196
41  23  0.00020286
42  23  0.00031179
43  23  0.00035380
44  23  0.00015635
45  23  0.00022369
46  23  0.00039934
47  23  0.00013693
48  23  0.00029130
49  23  0.00019857
50  23  0.00024120
51  23  0.00007137
52  23  0.00011782
53  23  0.00020937
54  23  0.00019763
55  23  0.00009284
56  23  0.00028576
57  23  0.00017925
58  23  0.00005313
59  23  0.00016854
60  23  0.00025777
61  23  0.00017319
62  23  0.00026177
63  23  0.00013802
0  24  0.00007263
1  24  0.00018019
2  24  0.00023859
3  24  0.00016924
4  24  0.00023717
5  24  0.00015247
6  24  0.00025213
7  24  0.00018724
8  24  0.00017887
9  24  0.00012284
10  24  0.00057424
11  24  0.00019053
12  24  0.00024988
13  24  0.00031188
14  24  0.00018902
15  24  0.00013596
16  24  0.00012798
17  24  0.00041848
18  24  0.00023216
19  24  0.00012331
20  24  0.00017986
21  24  0.00029738
22  24  0.00038815
23  24  0.00013005
24  24  0.00032863
25  24  0.00013508
26  24  0.00066391
27  24  0.00036422
28  24  0.00035839
29  24  0.00029744
30  24  0.00039839
31  24  0.00018033
32  24  0.00047623
33  24  0.00023705
34  24  0.00010206
35  24  0.00026664
36  24  0.00050907
37  24  0.00021350
38  24  0.00022413
39  24  0.00022366
40  24  0.00014773
41  24  0.00017821
42  24  0.00019344
43  24  0.00014233
44  24  0.00014876
45  24  0.00017864
46  24  0.00012695
47  24  0.00013526
48  24  0.00034560
49  24  0.00016778
50  24  0.00018053
51  24  0.00017346
52  24  0.00029118
53  24  0.00015383
54  24  0.00030883
55  24  0.00031979
56  24  0.00004497
57  24  0.00011541
58  24  0.00040965
59  24  0.00022422
60  24  0.00021622
61  24  0.00007966
62  24  0.00011085
63  24  0.00017187
0  25  0.00044465
1  25  0.00010160
2  25  0.00034027
3  25  0.00029841
4  25  0.00017123
5  25  0.00016913
6  25  0.00022359
7  25  0.00023235
8  25  0.00023409
9  25  0.00009195
10  25  0.00005166
11  25  0.00023914
12  25  0.00045468
13  25  0.00033038
14  25  0.00004586
15  25  0.00013264
16  25  0.00010307
17  25  0.00010292
18  25  0.00007884
19  25  0.00015929
20  25  0.00010642
21  25  0.00026921
22  25  0.00022658
23  25  0.00007383
24  25  0.00037698
25  25  0.00008507
26  25  0.00023720
27  25  0.00040110
28  25  0.00023238
29  25  0.00010629
30  25  0.00054855
31  25  0.00030368
32  25  0.00032291
33  25  0.00069932
34  25  0.00011092
35  25  0.00014579
36  25  0.00047710
37  25  0.00040689
38  25  0.00005071
39  25  0.00018134
40  25  0.00030242
41  25  0.00023289
42  25  0.00028043
43  25  0.00014222
44  25  0.00011953
45  25  0.00022928
46  25  0.00006940
47  25  0.00034783
48  25  0.00022176
49  25  0.00010652
50  25  0.00047063
51  25  0.00016097
52  25  0.00027167
53  25  0.00028539
54  25  0.00014626
55  25  0.00025050
56  25  0.00009586
57  25  0.00031511
58  25  0.00055333
59  25  0.00007939
60  25  0.00031791
61  25  0.00019924
62  25  0.00049230
63  25  0.00021323
0  26  0.00016695
1  26  0.00020598
2  26  0.00009350
3  26  0.00021756
4  26  0.00018726
5  26  0.00011768
6  26  0.00024210
7  26  0.00022392
8  26  0.00012638
9  26  0.00044819
10  26  0.00018242
11  26  0.00007569
12  26  0.00029443
13  26  0.00016501
14  26  0.00024581
15  26  0.00038697
16  26  0.00017790
17  26  0.00016076
18  26  0.00035268
19  26  0.00013730
20  26  0.00067013
21  26  0.00013988
22  26  0.00027094
23  26  0.00010585
24  26  0.00019916
25  26  0.00010156
26  26  0.00017316
27  26  0.00014834
28  26  0.00074908
29  26  0.00030507
30  26  0.00047092
31  26  0.00006320
32  26  0.00045408
33  26  0.00052713
34  26  0.00043593
35  26  0.00055328
36  26  0.00038269
37  26  0.00016848
38  26  0.00024138
39  26  0.00026315
40  26  0.00018031
41  26  0.00008710
42  26  0.00018379
43  26  0.00014509
44  26  0.00020093
45  26  0.00026173
46  26  0.00028731
47  26  0.00011844
48  26  0.00022282
49  26  0.00019308
50  26  0.00039615
51  26  0.00017006
52  26  0.00018459
53  26  0.00018559
54  26  0.00014055
55  26  0.00028515
56  26  0.00021863
57  26  0.00014458
58  26  0.00014629
59  26  0.00023845
60  26  0.00017230
61  26  0.00022063
62  26  0.00019445
63  26  0.00007376
0  27  0.00022257
1  27  0.00015380
2  27  0.00015138
3  27  0.00034987
4  27  0.00011611
5  27  0.00038911
6  27  0.00026553
7  27  0.00008403
8  27  0.00014668
9  27  0.00055798
10  27  0.00013914
11  27  0.00009557
12  27  0.00015383
13  27  0.00026572
14  27  0.00041890
15  27  0.00016097
16  27  0.00053504
17  27  0.00065733
18  27  0.00021336
19  27  0.00039672
20  27  0.00034630
21  27  0.00053137
22  27  0.00014778
23  27  0.00034840
24  27  0.00017657
25  27  0.00019980
26  27  0.00019388
27  27  0.00048704
28  27  0.00099742
29  27  0.00030737
30  27  0.00021809
31  27  0.00073808
32  27  0.00032289
33  27  0.00034602
34  27  0.00042372
35  27  0.00055178
36  27  0.00019807
37  27  0.00009992
38  27  0.00035783
39  27  0.00019331
40  27  0.00008770
41  27  0.00044761
42  27  0.00036469
43  27  0.00020763
44  27  0.00032534
45  27  0.00019715
46  27  0.00040052
47  27  0.00015736
48  27  0.00031288
49  27  0.00009982
50  27  0.00039473
51  27  0.00014853
52  27  0.00006891
53  27  0.00010491
54  27  0.00022323
55  27  0.00009764
56  27  0.00010203
57  27  0.00018033
58  27  0.00009635
59  27  0.00012495
60  27  0.00020870
61  27  0.00024631
62  27  0.00017051
63  27  0.00005443
0  28  0.00056566
1  28  0.00009263
2  28  0.00018828
3  28  0.00040004
4  28  0.00021347
5  28  0.00013419
6  28  0.00029628
7  28  0.00029290
8  28  0.00019006
9  28  0.00031551
10  28  0.00022298
11  28  0.00015227
12  28  0.00013235
13  28  0.00030942
14  28  0.00021980
15  28  0.00032660
16  28  0.00018360
17  28  0.00025835
18  28  0.00017968
19  28  0.00033944
20  28  0.00021141
21  28  0.00029619
22  28  0.00025855
23  28  0.00034742
24  28  0.00030651
25  28  0.00053432
26  28  0.00071863
27  28  0.00038001
28  28  0.00103481
29  28  0.00085659
30  28  0.00075798
31  28  0.00077508
32  28  0.00038883
33  28  0.00086738
34  28  0.00094338
35  28  0.00038265
36  28  0.00028722
37  28  0.00049276
38  28  0.00056301
39  28  0.00033389
40  28  0.00042840
41  28  0.00016864
42  28  0.00008644
43  28  0.00015464
44  28  0.00027097
45  28  0.00019411
46  28  0.00006236
47  28  0.00009502
48  28  0.00049431
49  28  0.00021487
50  28  0.00016537
51  28  0.00013823
52  28  0.00023991
53  28  0.00013967
54  28  0.00027039
55  28  0.00028529
56  28  0.00010985
57  28  0.00033108
58  28  0.00007820
59  28  0.00039079
60  28  0.00063278
61  28  0.00013834
62  28  0.00024081
63  28  0.00012313
0  29  0.00025611
1  29  0.00019457
2  29  0.00018827
3  29  0.00025107
4  29  0.00014222
5  29  0.00013453
6  29  0.00033034
7  29  0.00040170
8  29  0.00028019
9  29  0.00008673
10  29  0.00011085
11  29  0.00020476
12  29  0.00019559
13  29  0.00025931
14  29  0.00038093
15  29  0.00035990
16  29  0.00019160
17  29  0.00015505
18  29  0.00018642
19  29  0.00033492
20  29  0.00016004
21  29  0.00005397
22  29  0.00019902
23  29  0.00020945
24  29  0.00025908
25  29  0.00028632
26  29  0.00038018
27  29  0.00056206
28  29  0.00129788
29  29  0.00099994
30  29  0.00045286
31  29  0.00060998
32  29  0.00102803
33  29  0.00093151
34  29  0.00069939
35  29  0.00133139
36  29  0.00042180
37  29  0.00060558
38  29  0.00046645
39  29  0.00026673
40  29  0.00016795
41  29  0.00028646
42  29  0.00045201
43  29  0.00007454
44  29  0.00026230
45  29  0.00026334
46  29  0.00017123
47  29  0.00024955
48  29  0.00020825
49  29  0.00027117
50  29  0.00034994
51  29  0.00018916
52  29  0.00012716
53  29  0.00010173
54  29  0.00012280
55  29  0.00021525
56  29  0.00012060
57  29  0.00008589
58  29  0.00026623
59  29  0.00011797
60  29  0.00004715
61  29  0.00021619
62  29  0.00019479
63  29  0.00028433
0  30  0.00006535
1  30  0.00043766
2  30  0.00024218
3  30  0.00012904
4  30  0.00030306
5  30  0.00033396
6  30  0.00028508
7  30  0.00012610
8  30  0.00017248
9  30  0.00038532
10  30  0.00008713
11  30  0.00019893
12  30  0.00028425
13  30  0.00016948
14  30  0.00012924
15  30  0.00019261
16  30  0.00022614
17  30  0.00017054
18  30  0.00021509
19  30  0.00018601
20  30  0.00016101
21  30  0.00019193
22  30  0.00004296
23  30  0.00024865
24  30  0.00068157
25  30  0.00032474
26  30  0.00068203
27  30  0.00037711
28  30  0.00054952
29  30  0.00082687
30  30  0.00109794
31  30  0.00084334
32  30  0.00143333
33  30  0.00081220
34  30  0.00180568
35  30  0.00133331
36  30  0.00067841
37  30  0.00033520
38  30  0.00054617
39  30  0.00022602
40  30  0.00016079
41  30  0.00019262
42  30  0.00016323
43  30  0.00020866
44  30  0.00018234
45  30  0.00033964
46  30  0.00025739
47  30  0.00035881
48  30  0.00042427
49  30  0.00021268
50  30  0.00012371
51  30  0.00028603
52  30  0.00015619
53  30  0.00017293
54  30  0.00035252
55  30  0.00023155
56  30  0.00045936
57  30  0.00024330
58  30  0.00022241
59  30  0.00010425
60  30  0.00011260
61  30  0.00020772
62  30  0.00036994
63  30  0.00010147
0  31  0.00005283
1  31  0.00026020
2  31  0.00031202
3  31  0.00014195
4  31  0.00013233
5  31  0.00045888
6  31  0.00022019
7  31  0.00009575
8  31  0.00045997
9  31  0.00019732
10  31  0.00021100
11  31  0.00036796
12  31  0.00012762
13  31  0.00065071
14  31  0.00015962
15  31  0.00008236
16  31  0.00020644
17  31  0.00023351
18  31  0.00007677
19  31  0.00029821
20  31  0.00026348
21  31  0.00031186
22  31  0.00008979
23  31  0.00025497
24  31  0.00032503
25  31  0.00075438
26  31  0.00040806
27  31  0.00056310
28  31  0.00123482
29  31  0.00066102
30  31  0.00093253
31  31  0.00093366
32  31  0.00142177
33  31  0.00109523
34  31  0.00160898
35  31  0.00091959
36  31  0.00098558
37  31  0.00073159
38  31  0.00061134
39  31  0.00009351
40  31  0.00068553
41  31  0.00033591
42  31  0.00014384
43  31  0.00009960
44  31  0.00023811
45  31  0.00007953
46  31  0.00022726
47  31  0.00006681
48  31  0.00006807
49  31  0.00022868
50  31  0.00022028
51  31  0.00048999
52  31  0.00018035
53  31  0.00014751
54  31  0.00017478
55  31  0.00020412
56  31  0.00035514
57  31  0.00015719
58  31  0.00037560
59  31  0.00035148
60  31  0.00018207
61  31  0.00029840
62  31  0.00035858
63  31  0.00033998
0  32  0.00008148
1  32  0.00008563
2  32  0.00013797
3  32  0.00039952
4  32  0.00030767
5  32  0.00036610
6  32  0.00008884
7  32  0.00028071
8  32  0.00015121
9  32  0.00042178
10  32  0.00016144
11  32  0.00019237
12  32  0.00022794
13  32  0.00025752
14  32  0.00032504
15  32  0.00034630
16  32  0.00046647
17  32  0.00041637
18  32  0.00014463
19  32  0.00015430
20  32  0.00024634
21  32  0.00016187
22  32  0.00021161
23  32  0.00019373
24  32  0.00029184
25  32  0.00070638
26  32  0.00055118
27  32  0.00086814
28  32  0.00085435
29  32  0.00072520
30  32  0.00146732
31  32  0.00194604
32  32  0.00146549
33  32  0.00101807
34  32  0.00093377
35  32  0.00066192
36  32  0.00075687
37  32  0.00095548
38  32  0.00029406
39  32  0.00025047
40  32  0.00032067
41  32  0.00018692
42  32  0.00012252
43  32  0.00025394
44  32  0.00010030
45  32  0.00009322
46  32  0.00016670
47  32  0.00006050
48  32  0.00051524
49  32  0.00011360
50  32  0.00014879
51  32  0.00013222
52  32  0.00013465
53  32  0.00029163
54  32  0.00033814
55  32  0.00006192
56  32  0.00029169
57  32  0.00025207
58  32  0.00004493
59  32  0.00022897
60  32  0.00014951
61  32  0.00020022
62  32  0.00035201
63  32  0.00029759
0  33  0.00007560
1  33  0.00025511
2  33  0.00025705
3  33  0.00007682
4  33  0.00039886
5  33  0.00005586
6  33  0.00012899
7  33  0.00025383
8  33  0.00038588
9  33  0.00020340
10  33  0.00023919
11  33  0.00033333
12  33  0.00014164
13  33  0.00023300
14  33  0.00027879
15  33  0.00017321
16  33  0.00026768
17  33  0.00013392
18  33  0.00010436
19  33  0.00008618
20  33  0.00024163
21  33  0.00018898
22  33  0.00018650
23  33  0.00013296
24  33  0.00018607
25  33  0.00013361
26  33  0.00039943
27  33  0.00053595
28  33  0.00061718
29  33  0.00098795
30  33  0.00151316
31  33  0.00101779
32  33  0.00100261
33  33  0.00051544
34  33  0.00158916
35  33  0.00041242
36  33  0.00057698
37  33  0.00072616
38  33  0.00041767
39  33  0.00028686
40  33  0.00014408
41  33  0.00028645
42  33  0.00007517
43  33  0.00038901
44  33  0.00006988
45  33  0.00020249
46  33  0.00028548
47  33  0.00003025
48  33  0.00028942
49  33  0.00033411
50  33  0.00026307
51  33  0.00009295
52  33  0.00025694
53  33  0.00017122
54  33  0.00016413
55  33  0.00009632
56  33  0.00023162
57  33  0.00007201
58  33  0.00010309
59  33  0.00013960
60  33  0.00021768
61  33  0.00012292
62  33  0.00034602
63  33  0.00030159
0  34  0.00028360
1  34  0.00034818
2  34  0.00044901
3  34  0.00038557
4  34  0.00015603
5  34  0.00035294
6  34  0.00019101
7  34  0.00006005
8  34  0.00034148
9  34  0.00028630
10  34  0.00038847
11  34  0.00022764
12  34  0.00021513
13  34  0.00031962
14  34  0.00012951
15  34  0.00015437
16  34  0.00012196
17  34  0.00011195
18  34  0.00022439
19  34  0.00027839
20  34  0.00018650
21  34  0.00019907
22  34  0.00020024
23  34  0.00019988
24  34  0.00017968
25  34  0.00018235
26  34  0.00023043
27  34  0.00031078
28  34  0.00089310
29  34  0.00092524
30  34  0.00083949
31  34  0.00144805
32  34  0.00130838
33  34  0.00104248
34  34  0.00092317
35  34  0.00088121
36  34  0.00133486
37  34  0.00059052
38  34  0.00042150
39  34  0.00038889
40  34  0.00039834
41  34  0.00044153
42  34  0.00052203
43  34  0.00026218
44  34  0.00024172
45  34  0.00012905
46  34  0.00027254
47  34  0.00009403
48  34  0.00021549
49  34  0.00017219
50  34  0.00006844
51  34  0.00006260
52  34  0.00028228
53  34  0.00014892
54  34  0.00013854
55  34  0.00013266
56  34  0.00012557
57  34  0.00010921
58  34  0.00030844
59  34  0.00019440
60  34  0.00018705
61  34  0.00031524
62  34  0.00044099
63  34  0.00035211
0  35  0.00046508
1  35  0.00009172
2  35  0.00043841
3  35  0.00008399
4  35  0.00019534
5  35  0.00026879
6  35  0.00011782
7  35  0.00020692
8  35  0.00020068
9  35  0.00048741
10  35  0.00011034
11  35  0.00020747
12  35  0.00014860
13  35  0.00007516
14  35  0.00044534
15  35  0.00013020
16  35  0.00024827
17  35  0.00014364
18  35  0.00014324
19  35  0.00043502
20  35  0.00017686
21  35  0.00031550
22  35  0.00025628
23  35  0.00008335
24  35  0.00074306
25  35  0.00016225
26  35  0.00044719
27  35  0.00033625
28  35  0.00037690
29  35  0.00063775
30  35  0.00139052
31  35  0.00099388
32  35  0.00126552
33  35  0.00043773
34  35  0.00131927
35  35  0.00080327
36  35  0.00059790
37  35  0.00045064
38  35  0.00081573
39  35  0.00022756
40  35  0.00062278
41  35  0.00031631
42  35  0.00037442
43  35  0.00007878
44  35  0.00020435
45  35  0.00026387
46  35  0.00036334
47  35  0.00014184
48  35  0.00029401
49  35  0.00012670
50  35  0.00029080
51  35  0.00018074
52  35  0.00039795
53  35  0.00024423
54  35  0.00019734
55  35  0.00016178
56  35  0.00053524
57  35  0.00027962
58  35  0.00023908
59  35  0.00022152
60  35  0.00029352
61  35  0.00010931
62  35  0.00021841
63  35  0.00017397
0  36  0.00012668
1  36  0.00019905
2  36  0.00019621
3  36  0.00020051
4  36  0.00011478
5  36  0.00012202
6  36  0.00010724
7  36  0.00020491
8  36  0.00015837
9  36  0.00072451
10  36  0.00017165
11  36  0.00045428
12  36  0.00015779
13  36  0.00019890
14  36  0.00026414
15  36  0.00039665
16  36  0.00009954
17  36  0.00031083
18  36  0.00011549
19  36  0.00035699
20  36  0.00010596
21  36  0.00013149
22  36  0.00019137
23  36  0.00054278
24  36  0.00021702
25  36  0.00018635
26  36  0.00041620
27  36  0.00028689
28  36  0.00040007
29  36  0.00051904
30  36  0.00047828
31  36  0.00089668
32  36  0.00051411
33  36  0.00065217
34  36  0.00041347
35  36  0.00065099
36  36  0.00056230
37  36  0.00024958
38  36  0.00044460
39  36  0.00051670
40  36  0.00031408
41  36  0.00008553
42  36  0.00029828
43  36  0.00020997
44  36  0.00028205
45  36  0.00021116
46  36  0.00022257
47  36  0.00017039
48  36  0.00014284
49  36  0.00022890
50  36  0.00007251
51  36  0.00031936
52  36  0.00017685
53  36  0.00018937
54  36  0.00014980
55  36  0.00028293
56  36  0.00013320
57  36  0.00038187
58  36  0.00010723
59  36  0.00022025
60  36  0.00020714
61  36  0.00009651
62  36  0.00029643
63  36  0.00016674
0  37  0.00036906
1  37  0.00021610
2  37  0.00023732
3  37  0.00023845
4  37  0.00042892
5  37  0.00032625
6  37  0.00022314
7  37  0.00006263
8  37  0.00040683
9  37  0.00026938
10  37  0.00017093
11  37  0.00025137
12  37  0.00040939
13  37  0.00017586
14  37  0.00027153
15  37  0.00034122
16  37  0.00053255
17  37  0.00016041
18  37  0.00011489
19  37  0.00019435
20  37  0.00031975
21  37  0.00029135
22  37  0.00030587
23  37  0.00017870
24  37  0.00010161
25  37  0.00012254
26  37  0.00033643
27  37  0.00027288
28  37  0.00048025
29  37  0.00046831
30  37  0.00064657
31  37  0.00207409
32  37  0.00087089
33  37  0.00040681
34  37  0.00049531
35  37  0.00014180
36  37  0.00065217
37  37  0.00048784
38  37  0.00007042
39  37  0.00019465
40  37  0.00032768
41  37  0.00025393
42  37  0.00013305
43  37  0.00025825
44  37  0.00012484
45  37  0.00061398
46  37  0.00022499
47  37  0.00035585
48  37  0.00027217
49  37  0.00011794
50  37  0.00030910
51  37  0.00028930
52  37  0.00042622
53  37  0.00010754
54  37  0.00031710
55  37  0.00026459
56  37  0.00017880
57  37  0.00005845
58  37  0.00004364
59  37  0.00021299
60  37  0.00024582
61  37  0.00015485
62  37  0.00035998
63  37  0.00019723
0  38  0.00023315
1  38  0.00034487
2  38  0.00028399
3  38  0.00028999
4  38  0.00010815
5  38  0.00019957
6  38  0.00032861
7  38  0.00029534
8  38  0.00010183
9  38  0.00031709
10  38  0.00003827
11  38  0.00033275
12  38  0.00027073
13  38  0.00017827
14  38  0.00006835
15  38  0.00014044
16  38  0.00055899
17  38  0.00047037
18  38  0.00008399
19  38  0.00025677
20  38  0.00024338
21  38  0.00033238
22  38  0.00011685
23  38  0.00014008
24  38  0.00016985
25  38  0.00016564
26  38  0.00033914
27  38  0.00020094
28  38  0.00055515
29  38  0.00041262
30  38  0.00032327
31  38  0.00041524
32  38  0.00039470
33  38  0.00047567
34  38  0.00050115
35  38  0.00033577
36  38  0.00017902
37  38  0.00015325
38  38  0.00005864
39  38  0.00044516
40  38  0.00021830
41  38  0.00027293
42  38  0.00061102
43  38  0.00008599
44  38  0.00015807
45  38  0.00004607
46  38  0.00032854
47  38  0.00034642
48  38  0.00016173
49  38  0.00015155
50  38  0.00022829
51  38  0.00033441
52  38  0.00016078
53  38  0.00015188
54  38  0.00012164
55  38  0.00025406
56  38  0.00034813
57  38  0.00029521
58  38  0.00036767
59  38  0.00033142
60  38  0.00020089
61  38  0.00027766
62  38  0.00038674
63  38  0.00009298
0  39  0.00029205
1  39  0.00042094
2  39  0.00034229
3  39  0.00014564
4  39  0.00020162
5  39  0.00022022
6  39  0.00002892
7  39  0.00003767
8  39  0.00012213
9  39  0.00007206
10  39  0.00014768
11  39  0.00013974
12  39  0.00037096
13  39  0.00022096
14  39  0.00033856
15  39  0.00018783
16  39  0.00026574
17  39  0.00022582
18  39  0.00016811
19  39  0.00029159
20  39  0.00030640
21  39  0.00020092
22  39  0.00018404
23  39  0.00042286
24  39  0.00021028
25  39  0.00022671
26  39  0.00014988
27  39  0.00056373
28  39  0.00072569
29  39  0.00035255
30  39  0.00031417
31  39  0.00034255
32  39  0.00039369
33  39  0.00070499
34  39  0.00054464
35  39  0.00026865
36  39  0.00045934
37  39  0.00018300
38  39  0.00028701
39  39  0.00024068
40  39  0.00045800
41  39  0.00013785
42  39  0.00044455
43  39  0.00009301
44  39  0.00024399
45  39  0.00030436
46  39  0.00023828
47  39  0.00023706
48  39  0.00037766
49  39  0.00012117
50  39  0.00007487
51  39  0.00025247
52  39  0.00021873
53  39  0.00020153
54  39  0.00021568
55  39  0.00020298
56  39  0.00044251
57  39  0.00012918
58  39  0.00021559
59  39  0.00028825
60  39  0.00051641
61  39  0.00010597
62  39  0.00012034
63  39  0.00029174
0  40  0.00020918
1  40  0.00014402
2  40  0.00028244
3  40  0.00006894
4  40  0.00010560
5  40  0.00015173
6  40  0.00050531
7  40  0.00024719
8  40  0.00008218
9  40  0.00022131
10  40  0.00015423
11  40  0.00027259
12  40  0.00016090
13  40  0.00008087
14  40  0.00023727
15  40  0.00037668
16  40  0.00016211
17  40  0.00031331
18  40  0.00025832
19  40  0.00009693
20  40  0.00027112
21  40  0.00013116
22  40  0.00035182
23  40  0.00037498
24  40  0.00019754
25  40  0.00018283
26  40  0.00032126
27  40  0.00011414
28  40  0.00040263
29  40  0.00034065
30  40  0.00022943
31  40  0.00009246
32  40  0.00024650
33  40  0.00013915
34  40  0.00030228
35  40  0.00022317
36  40  0.00027563
37  40  0.00031115
38  40  0.00007522
39  40  0.00024731
40  40  0.00014446
41  40  0.00026391
42  40  0.00020216
43  40  0.00045466
44  40  0.00027735
45  40  0.00042527
46  40  0.00022218
47  40  0.00027384
48  40  0.00024304
49  40  0.00021459
50  40  0.00008840
51  40  0.00008244
52  40  0.00016919
53  40  0.00016195
54  40  0.00025453
55  40  0.00017292
56  40  0.00022536
57  40  0.00036103
58  40  0.00012586
59  40  0.00013120
60  40  0.00024919
61  40  0.00034401
62  40  0.00059931
63  40  0.00030921
0  41  0.00017865
1  41  0.00023195
2  41  0.00031896
3  41  0.00020662
4  41  0.00030070
5  41  0.00019673
6  41  0.00035382
7  41  0.00019676
8  41  0.00010937
9  41  0.00027666
10  41  0.00025484
11  41  0.00018446
12  41  0.00041131
13  41  0.00004171
14  41  0.00008862
15  41  0.00043243
16  41  0.00008789
17  41  0.00046153
18  41  0.00025874
19  41  0.00034109
20  41  0.00014598
21  41  0.00017356
22  41  0.00013786
23  41  0.00013602
24  41  0.00015470
25  41  0.00041656
26  41  0.00019815
27  41  0.00014695
28  41  0.00020041
29  41  0.00027980
30  41  0.00016669
31  41  0.00026136
32  41  0.00033731
33  41  0.00034006
34  41  0.00029710
35  41  0.00020949
36  41  0.00019833
37  41  0.00027134
38  41  0.00008462
39  41  0.00044079
40  41  0.00025733
41  41  0.00009837
42  41  0.00032871
43  41  0.00026199
44  41  0.00013346
45  41  0.00019819
46  41  0.00041003
47  41  0.00026269
48  41  0.00023030
49  41  0.00045013
50  41  0.00016301
51  41  0.00019866
52  41  0.00013347
53  41  0.00015137
54  41  0.00033121
55  41  0.00022016
56  41  0.00007107
57  41  0.00023908
58  41  0.00025389
59  41  0.00030522
60  41  0.00018832
61  41  0.00011666
62  41  0.00038080
63  41  0.00015000
0  42  0.00033142
1  42  0.00019748
2  42  0.00026088
3  42  0.00011689
4  42  0.00014140
5  42  0.00022738
6  42  0.00026332
7  42  0.00005028
8  42  0.00004512
9  42  0.00017788
10  42  0.00029969
11  42  0.00029796
12  42  0.00011055
13  42  0.00043244
14  42  0.00011201
15  42  0.00005405
16  42  0.00015490
17  42  0.00034672
18  42  0.00013985
19  42  0.00058612
20  42  0.00013395
21  42  0.00013859
22  42  0.00035904
23  42  0.00026030
24  42  0.00019323
25  42  0.00014092
26  42  0.00017809
27  42  0.00011869
28  42  0.00035653
29  42  0.00021720
30  42  0.00014349
31  42  0.00046867
32  42  0.00023321
33  42  0.00028775
34  42  0.00024409
35  42  0.00024597
36  42  0.00017644
37  42  0.00011753
38  42  0.00029329
39  42  0.00014715
40  42  0.00023683
41  42  0.00018346
42  42  0.00022271
43  42  0.00004475
44  42  0.00016075
45  42  0.00014503
46  42  0.00012377
47  42  0.00037813
48  42  0.00012918
49  42  0.00023486
50  42  0.00005535
51  42  0.00045273
52  42  0.00016624
53  42  0.00022171
54  42  0.00024593
55  42  0.00019761
56  42  0.00016053
57  42  0.00038370
58  42  0.00014983
59  42  0.00021990
60  42  0.00020745
61  42  0.00007291
62  42  0.00018198
63  42  0.00028018
0  43  0.00020948
1  43  0.00020798
2  43  0.00025451
3  43  0.00045230
4  43  0.00031645
5  43  0.00013857
6  43  0.00008180
7  43  0.00071903
8  43  0.00011956
9  43  0.00049521
10  43  0.00033654
11  43  0.00013760
12  43  0.00027754
13  43  0.00023122
14  43  0.00039365
15  43  0.00032791
16  43  0.00005272
17  43  0.00027752
18  43  0.00024727
19  43  0.00024657
20  43  0.00009402
21  43  0.00018904
22  43  0.00012738
23  43  0.00015910
24  43  0.00022937
25  43  0.00015194
26  43  0.00044165
27  43  0.00017482
28  43  0.00027296
29  43  0.00036257
30  43  0.00019206
31  43  0.00022545
32  43  0.00015582
33  43  0.00013797
34  43  0.00056957
35  43  0.00007284
36  43  0.00018078
37  43  0.00021970
38  43  0.00040952
39  43  0.00021257
40  43  0.00015763
41  43  0.00016361
42  43  0.00013743
43  43  0.00021189
44  43  0.00013353
45  43  0.00014221
46  43  0.00015531
47  43  0.00043493
48  43  0.00026877
49  43  0.00008455
50  43  0.00015891
51  43  0.00026237
52  43  0.00007004
53  43  0.00030779
54  43  0.00038550
55  43  0.00009581
56  43  0.00021659
57  43  0.00024227
58  43  0.00019796
59  43  0.00019608
60  43  0.00011927
61  43  0.00037717
62  43  0.00036736
63  43  0.00035284
0  44  0.00013350
1  44  0.00022106
2  44  0.00042667
3  44  0.00017133
4  44  0.00015791
5  44  0.00029396
6  44  0.00011425
7  44  0.00038188
8  44  0.00011322
9  44  0.00026325
10  44  0.00019782
11  44  0.00017558
12  44  0.00024070
13  44  0.00031066
14  44  0.00006277
15  44  0.00027205
16  44  0.00026940
17  44  0.00016423
18  44  0.00039122
19  44  0.00017749
20  44  0.00034141
21  44  0.00010336
22  44  0.00026701
23  44  0.00017687
24  44  0.00024052
25  44  0.00017605
26  44  0.00016419
27  44  0.00005116
28  44  0.00019262
29  44  0.00014254
30  44  0.00026390
31  44  0.00028967
32  44  0.00007526
33  44  0.00031012
34  44  0.00014924
35  44  0.00032759
36  44  0.00010140
37  44  0.00023781
38  44  0.00022088
39  44  0.00008615
40  44  0.00013163
41  44  0.00026484
42  44  0.00040973
43  44  0.00015611
44  44  0.00019260
45  44  0.00014517
46  44  0.00025427
47  44  0.00041918
48  44  0.00011794
49  44  0.00012289
50  44  0.00016848
51  44  0.00032292
52  44  0.00030538
53  44  0.00042385
54  44  0.00027704
55  44  0.00022157
56  44  0.00022825
57  44  0.00026247
58  44  0.00039334
59  44  0.00025961
60  44  0.00011840
61  44  0.00007036
62  44  0.00010090
63  44  0.00039429
0  45  0.00020164
1  45  0.00016342
2  45  0.00025156
3  45  0.00021296
4  45  0.00009071
5  45  0.00012063
6  45  0.00036294
7  45  0.00012957
8  45  0.00008421
9  45  0.00012357
10  45  0.00020866
11  45  0.00010651
12  45  0.00026885
13  45  0.00025323
14  45  0.00012766
15  45  0.00037760
16  45  0.00022499
17  45  0.00013438
18  45  0.00029239
19  45  0.00009858
20  45  0.00018890
21  45  0.00012096
22  45  0.00027992
23  45  0.00024793
24  45  0.00022131
25  45  0.00016529
26  45  0.00019371
27  45  0.00031268
28  45  0.00015749
29  45  0.00016900
30  45  0.00025635
31  45  0.00009638
32  45  0.00045064
33  45  0.00007864
34  45  0.00018463
35  45  0.00044551
36  45  0.00006633
37  45  0.00031216
38  45  0.00019047
39  45  0.00031047
40  45  0.00035518
41  45  0.00025274
42  45  0.00021631
43  45  0.00016463
44  45  0.00031181
45  45  0.00014035
46  45  0.00021135
47  45  0.00020284
48  45  0.00005924
49  45  0.00025244
50  45  0.00015410
51  45  0.00009817
52  45  0.00023744
53  45  0.00021423
54  45  0.00024558
55  45  0.00026803
56  45  0.00036016
57  45  0.00024269
58  45  0.00035138
59  45  0.00011649
60  45  0.00013770
61  45  0.00018997
62  45  0.00018038
63  45  0.00025071
0  46  0.00035991
1  46  0.00007335
2  46  0.00025922
3  46  0.00011754
4  46  0.00038879
5  46  0.00017065
6  46  0.00030351
7  46  0.00029800
8  46  0.00023381
9  46  0.00022427
10  46  0.00033560
11  46  0.00005800
12  46  0.00019650
13  46  0.00010403
14  46  0.00027035
15  46  0.00018292
16  46  0.00016344
17  46  0.00018705
18  46  0.00016041
19  46  0.00014286
20  46  0.00008681
21  46  0.00023370
22  46  0.00024964
23  46  0.00009413
24  46  0.00028071
25  46  0.00020684
26  46  0.00016398
27  46  0.00007674
28  46  0.00023099
29  46  0.00042888
30  46  0.00020377
31  46  0.00020950
32  46  0.00022931
33  46  0.00027504
34  46  0.00024335
35  46  0.00029041
36  46  0.00015291
37  46  0.00026988
38  46  0.00034611
39  46  0.00025267
40  46  0.00022166
41  46  0.00015974
42  46  0.00022434
43  46  0.00019454
44  46  0.00010091
45  46  0.00011700
46  46  0.00019231
47  46  0.00007166
48  46  0.00016500
49  46  0.00008080
50  46  0.00030575
51  46  0.00037692
52  46  0.00023837
53  46  0.00027160
54  46  0.00032582
55  46  0.00044436
56  46  0.00017180
57  46  0.00013684
58  46  0.00029022
59  46  0.00031077
60  46  0.00013290
61  46  0.00016280
62  46  0.00028429
63  46  0.00037531
0  47  0.00029219
1  47  0.00011652
2  47  0.00024878
3  47  0.00015736
4  47  0.00058305
5  47  0.00007554
6  47  0.00012077
7  47  0.00021321
8  47  0.00025463
9  47  0.00017000
10  47  0.00038619
11  47  0.00043885
12  47  0.00011531
13  47  0.00023016
14  47  0.00007229
15  47  0.00014956
16  47  0.00016653
17  47  0.00012862
18  47  0.00023844
19  47  0.00028102
20  47  0.00037276
21  47  0.00021975
22  47  0.00008459
23  47  0.00010488
24  47  0.00043193
25  47  0.00030788
26  47  0.00022144
27  47  0.00016890
28  47  0.00037640
29  47  0.00032122
30  47  0.00016097
31  47  0.00017882
32  47  0.00014218
33  47  0.00031757
34  47  0.00014440
35  47  0.00027457
36  47  0.00038067
37  47  0.00020121
38  47  0.00019508
39  47  0.00015616
40  47  0.00020353
41  47  0.00016110
42  47  0.00036050
43  47  0.00020251
44  47  0.00012975
45  47  0.00017204
46  47  0.00016152
47  47  0.00013915
48  47  0.00022269
49  47  0.00031662
50  47  0.00025158
51  47  0.00022758
52  47  0.00021611
53  47  0.00018408
54  47  0.00020563
55  47  0.00023097
56  47  0.00020694
57  47  0.00017458
58  47  0.00033287
59  47  0.00034622
60  47  0.00013459
61  47  0.00017076
62  47  0.00010281
63  47  0.00009988
0  48  0.00017705
1  48  0.00013725
2  48  0.00015891
3  48  0.00013137
4  48  0.00022596
5  48  0.00027780
6  48  0.00043795
7  48  0.00022027
8  48  0.00028936
9  48  0.00035024
10  48  0.00017924
11  48  0.00024383
12  48  0.00016889
13  48  0.00028059
14  48  0.00014969
15  48  0.00018655
16  48  0.00012611
17  48  0.00014469
18  48  0.00053366
19  48  0.00032035
20  48  0.00029538
21  48  0.00046352
22  48  0.00007161
23  48  0.00048705
24  48  0.00012386
25  48  0.00078946
26  48  0.00015139
27  48  0.00018002
28  48  0.00021524
29  48  0.00036139
30  48  0.00024981
31  48  0.00022158
32  48  0.00026941
33  48  0.00021097
34  48  0.00011349
35  48  0.00020823
36  48  0.00006667
37  48  0.00039923
38  48  0.00013363
39  48  0.00009816
40  48  0.00039604
41  48  0.00012245
42  48  0.00021780
43  48  0.00016269
44  48  0.00016369
45  48  0.00010639
46  48  0.00025007
47  48  0.00012349
48  48  0.00009008
49  48  0.00019187
50  48  0.00008538
51  48  0.00024127
52  48  0.00021813
53  48  0.00031674
54  48  0.00011805
55  48  0.00011867
56  48  0.00032631
57  48  0.00027640
58  48  0.00021151
59  48  0.00016127
60  48  0.00012149
61  48  0.00019132
62  48  0.00004827
63  48  0.00024477
0  49  0.00023623
1  49  0.00020571
2  49  0.00024475
3  49  0.00024172
4  49  0.00013213
5  49  0.00016719
6  49  0.00019798
7  49  0.00021097
8  49  0.00020089
9  49  0.00015870
10  49  0.00021703
11  49  0.00023494
12  49  0.00007954
13  49  0.00038098
14  49  0.00027469
15  49  0.00022701
16  49  0.00015092
17  49  0.00011984
18  49  0.00028121
19  49  0.00037071
20  49  0.00017154
21  49  0.00019027
22  49  0.00017222
23  49  0.00016402
24  49  0.00025472
25  49  0.00013951
26  49  0.00035102
27  49  0.00022889
28  49  0.00026385
29  49  0.00016900
30  49  0.00022058
31  49  0.00010572
32  49  0.00014060
33  49  0.00025332
34  49  0.00030331
35  49  0.00007006
36  49  0.00012787
37  49  0.00008178
38  49  0.00009413
39  49  0.00023585
40  49  0.00037727
41  49  0.00037198
42  49  0.00020934
43  49  0.00016761
44  49  0.00015293
45  49  0.00024331
46  49  0.00038261
47  49  0.00010562
48  49  0.00008029
49  49  0.00005185
50  49  0.00008855
51  49  0.00020844
52  49  0.00028295
53  49  0.00039923
54  49  0.00005434
55  49  0.00021793
56  49  0.00032695
57  49  0.00013576
58  49  0.00010818
59  49  0.00013315
60  49  0.00015882
61  49  0.00020103
62  49  0.00003622
63  49  0.00022805
0  50  0.00016186
1  50  0.00011421
2  50  0.00026990
3  50  0.00037911
4  50  0.00021801
5  50  0.00018636
6  50  0.00018083
7  50  0.00021013
8  50  0.00033494
9  50  0.00020228
10  50  0.00032219
11  50  0.00031099
12  50  0.00034317
13  50  0.00006301
14  50  0.00009944
15  50  0.00023723
16  50  0.00036014
17  50  0.00004556
18  50  0.00006682
19  50  0.00017448
20  50  0.00025227
21  50  0.00020720
22  50  0.00019469
23  50  0.00011933
24  50  0.00041100
25  50  0.00022668
26  50  0.00020701
27  50  0.00038666
28  50  0.00032847
29  50  0.00038665
30  50  0.00030588
31  50  0.00030981
32  50  0.00037262
33  50  0.00006928
34  50  0.00018206
35  50  0.00016886
36  50  0.00013922
37  50  0.00014413
38  50  0.00015875
39  50  0.00014857
40  50  0.00022550
41  50  0.00016827
42  50  0.00019366
43  50  0.00009845
44  50  0.00027586
45  50  0.00013608
46  50  0.00024765
47  50  0.00050653
48  50  0.00012617
49  50  0.00016117
50  50  0.00019674
51  50  0.00010817
52  50  0.00015865
53  50  0.00037109
54  50  0.00037336
55  50  0.00005273
56  50  0.00032417
57  50  0.00011691
58  50  0.00008041
59  50  0.00014321
60  50  0.00023169
61  50  0.00038207
62  50  0.00018464
63  50  0.00053347
0  51  0.00026162
1  51  0.00034748
2  51  0.00032241
3  51  0.00021733
4  51  0.00033383
5  51  0.00010670
6  51  0.00014442
7  51  0.00023093
8  51  0.00013436
9  51  0.00020599
10  51  0.00018965
11  51  0.00064312
12  51  0.00011358
13  51  0.00013412
14  51  0.00020789
15  51  0.00020443
16  51  0.00015684
17  51  0.00023608
18  51  0.00012015
19  51  0.00019498
20  51  0.00015397
21  51  0.00031569
22  51  0.00037156
23  51  0.00014393
24  51  0.00010394
25  51  0.00020949
26  51  0.00014733
27  51  0.00015228
28  51  0.00016423
29  51  0.00037954
30  51  0.00012048
31  51  0.00025553
32  51  0.00011707
33  51  0.00018557
34  51  0.00014128
35  51  0.00031253
36  51  0.00023666
37  51  0.00035368
38  51  0.00017911
39  51  0.00021191
40  51  0.00022283
41  51  0.00016489
42  51  0.00030623
43  51  0.00036547
44  51  0.00016286
45  51  0.00019409
46  51  0.00025391
47  51  0.00020283
48  51  0.00022566
49  51  0.00028148
50  51  0.00020909
51  51  0.00025280
52  51  0.00016001
53  51  0.00012411
54  51  0.00029820
55  51  0.00017791
56  51  0.00026725
57  51  0.00026198
58  51  0.00025922
59  51  0.00010755
60  51  0.00008568
61  51  0.00008480
62  51  0.00028751
63  51  0.00010674
0  52  0.00032601
1  52  0.00031650
2  52  0.00017700
3  52  0.00028572
4  52  0.00046667
5  52  0.00029102
6  52  0.00008179
7  52  0.00008717
8  52  0.00026666
9  52  0.00008598
10  52  0.00044100
11  52  0.00019741
12  52  0.00009966
13  52  0.00046288
14  52  0.00019944
15  52  0.00005840
16  52  0.00043479
17  52  0.00004720
18  52  0.00011195
19  52  0.00012256
20  52  0.00023044
21  52  0.00040087
22  52  0.00035406
23  52  0.00044538
24  52  0.00031560
25  52  0.00023816
26  52  0.00036244
27  52  0.00014752
28  52  0.00023237
29  52  0.00014907
30  52  0.00022935
31  52  0.00012962
32  52  0.00020428
33  52  0.00021626
34  52  0.00020549
35  52  0.00019230
36  52  0.00035841
37  52  0.00035439
38  52  0.00012849
39  52  0.00011103
40  52  0.00019822
41  52  0.00011675
42  52  0.00012698
43  52  0.00018941
44  52  0.00010199
45  52  0.00026112
46  52  0.00005479
47  52  0.00024222
48  52  0.00014793
49  52  0.00017495
50  52  0.00010752
51  52  0.00015889
52  52  0.00024437
53  52  0.00020146
54  52  0.00018841
55  52  0.00035706
56  52  0.00014257
57  52  0.00021915
58  52  0.00013002
59  52  0.00015201
60  52  0.00027981
61  52  0.00025503
62  52  0.00022092
63  52  0.00036674
0  53  0.00025397
1  53  0.00047833
2  53  0.00011008
3  53  0.00011294
4  53  0.00040155
5  53  0.00009629
6  53  0.00020524
7  53  0.00043083
8  53  0.00014401
9  53  0.00014356
10  53  0.00012242
11  53  0.00023436
12  53  0.00027470
13  53  0.00015461
14  53  0.00011444
15  53  0.00011849
16  53  0.00018956
17  53  0.00011740
18  53  0.00034296
19  53  0.00018913
20  53  0.00024045
21  53  0.00016418
22  53  0.00016123
23  53  0.00013611
24  53  0.00020242
25  53  0.00004066
26  53  0.00040535
27  53  0.00017013
28  53  0.00013016
29  53  0.00008890
30  53  0.00021436
31  53  0.00017869
32  53  0.00024952
33  53  0.00022383
34  53  0.00012550
35  53  0.00011963
36  53  0.00057241
37  53  0.00021719
38  53  0.00006122
39  53  0.00020527
40  53  0.00016400
41  53  0.00013399
42  53  0.00014437
43  53  0.00010171
44  53  0.00049677
45  53  0.00016393
46  53  0.00005562
47  53  0.00019472
48  53  0.00027018
49  53  0.00028840
50  53  0.00036072
51  53  0.00022354
52  53  0.00032738
53  53  0.00016003
54  53  0.00020833
55  53  0.00026128
56  53  0.00015159
57  53  0.00017938
58  53  0.00036982
59  53  0.00017224
60  53  0.00010594
61  53  0.00017125
62  53  0.00010127
63  53  0.00039108
0  54  0.00027043
1  54  0.00041594
2  54  0.00018956
3  54  0.00023506
4  54  0.00024208
5  54  0.00014909
6  54  0.00027738
7  54  0.00009311
8  54  0.00011825
9  54  0.00005044
10  54  0.00005302
11  54  0.00017225
12  54  0.00020295
13  54  0.00027017
14  54  0.00028069
15  54  0.00035008
16  54  0.00018010
17  54  0.00025348
18  54  0.00054819
19  54  0.00022196
20  54  0.00027805
21  54  0.00013058
22  54  0.00028087
23  54  0.00037003
24  54  0.00031469
25  54  0.00034465
26  54  0.00043116
27  54  0.00013315
28  54  0.00023586
29  54  0.00047917
30  54  0.00022518
31  54  0.00008266
32  54  0.00021655
33  54  0.00034231
34  54  0.00046150
35  54  0.00034189
36  54  0.00023215
37  54  0.00050498
38  54  0.00035396
39  54  0.00015913
40  54  0.00022069
41  54  0.00036691
42  54  0.00047287
43  54  0.00006909
44  54  0.00020387
45  54  0.00035625
46  54  0.00037809
47  54  0.00042226
48  54  0.00008870
49  54  0.00016153
50  54  0.00037371
51  54  0.00037284
52  54  0.00027502
53  54  0.00008309
54  54  0.00015433
55  54  0.00010490
56  54  0.00021943
57  54  0.00012473
58  54  0.00012115
59  54  0.00028104
60  54  0.00004369
61  54  0.00020983
62  54  0.00009456
63  54  0.00007343
0  55  0.00018937
1  55  0.00038312
2  55  0.00010676
3  55  0.00030131
4  55  0.00016819
5  55  0.00007536
6  55  0.00024563
7  55  0.00028101
8  55  0.00020573
9  55  0.00035003
10  55  0.00027301
11  55  0.00032007
12  55  0.00006465
13  55  0.00046480
14  55  0.00013485
15  55  0.00006574
16  55  0.00017161
17  55  0.00012497
18  55  0.00024482
19  55  0.00030947
20  55  0.00024111
21  55  0.00025769
22  55  0.00008827
23  55  0.00039763
24  55  0.00034409
25  55  0.00020631
26  55  0.00025036
27  55  0.00035590
28  55  0.00051330
29  55  0.00030284
30  55  0.00045148
31  55  0.00033000
32  55  0.00004763
33  55  0.00012953
34  55  0.00021288
35  55  0.00011501
36  55  0.00010709
37  55  0.00024623
38  55  0.00017470
39  55  0.00020440
40  55  0.00020964
41  55  0.00024581
42  55  0.00014614
43  55  0.00029668
44  55  0.00029911
45  55  0.00014405
46  55  0.00058334
47  55  0.00012101
48  55  0.00036795
49  55  0.00029361
50  55  0.00017825
51  55  0.00058303
52  55  0.00031085
53  55  0.00045030
54  55  0.00024828
55  55  0.00019835
56  55  0.00006890
57  55  0.00032676
58  55  0.00017672
59  55  0.00015195
60  55  0.00019509
61  55  0.00023695
62  55  0.00018151
63  55  0.00045719
0  56  0.00029580
1  56  0.00012115
2  56  0.00014908
3  56  0.00036873
4  56  0.00015261
5  56  0.00009631
6  56  0.00030059
7  56  0.00011331
8  56  0.00017539
9  56  0.00010434
10  56  0.00017119
11  56  0.00019274
12  56  0.00021498
13  56  0.00017905
14  56  0.00009255
15  56  0.00020088
16  56  0.00009990
17  56  0.00011754
18  56  0.00015805
19  56  0.00016982
20  56  0.00021771
21  56  0.00016068
22  56  0.00013797
23  56  0.00019020
24  56  0.00022033
25  56  0.00018699
26  56  0.00005883
27  56  0.00043037
28  56  0.00034485
29  56  0.00035723
30  56  0.00016655
31  56  0.00009649
32  56  0.00014289
33  56  0.00022256
34  56  0.00014298
35  56  0.00023781
36  56  0.00012780
37  56  0.00033086
38  56  0.00029630
39  56  0.00020757
40  56  0.00014374
41  56  0.00018405
42  56  0.00025460
43  56  0.00026447
44  56  0.00026364
45  56  0.00010077
46  56  0.00043299
47  56  0.00041314
48  56  0.00021369
49  56  0.00021208
50  56  0.00006735
51  56  0.00016136
52  56  0.00016197
53  56  0.00018873
54  56  0.00046095
55  56  0.00008576
56  56  0.00012544
57  56  0.00016938
58  56  0.00016535
59  56  0.00010500
60  56  0.00013847
61  56  0.00010383
62  56  0.00008505
63  56  0.00015531
0  57  0.00031404
1  57  0.00027512
2  57  0.00013448
3  57  0.00030813
4  57  0.00017544
5  57  0.00008779
6  57  0.00038397
7  57  0.00014931
8  57  0.00012119
9  57  0.00039103
10  57  0.00013917
11  57  0.00019814
12  57  0.00019499
13  57  0.00005215
14  57  0.00030644
15  57  0.00023093
16  57  0.00014680
17  57  0.00015632
18  57  0.00015709
19  57  0.00027406
20  57  0.00017820
21  57  0.00025314
22  57  0.00018953
23  57  0.00022901
24  57  0.00029924
25  57  0.00017076
26  57  0.00032005
27  57  0.00022856
28  57  0.00041596
29  57  0.00012205
30  57  0.00018735
31  57  0.00016356
32  57  0.00018991
33  57  0.00005150
34  57  0.00060991
35  57  0.00025363
36  57  0.00006534
37  57  0.00012876
38  57  0.00022280
39  57  0.00021928
40  57  0.00012808
41  57  0.00017059
42  57  0.00053814
43  57  0.00024338
44  57  0.00006855
45  57  0.00023593
46  57  0.00026062
47  57  0.00068458
48  57  0.00007151
49  57  0.00039647
50  57  0.00013454
51  57  0.00037076
52  57  0.00063009
53  57  0.00041218
54  57  0.00013722
55  57  0.00013444
56  57  0.00012035
57  57  0.00013696
58  57  0.00004920
59  57  0.00034000
60  57  0.00013280
61  57  0.00006908
62  57  0.00013701
63  57  0.00018259
0  58  0.00016936
1  58  0.00013794
2  58  0.00006840
3  58  0.00037717
4  58  0.00016896
5  58  0.00029085
6  58  0.00012329
7  58  0.00037955
8  58  0.00023465
9  58  0.00019658
10  58  0.00018222
11  58  0.00038005
12  58  0.00020137
13  58  0.00026773
14  58  0.00034104
15  58  0.00009109
16  58  0.00018195
17  58  0.00013225
18  58  0.00014020
19  58  0.00050227
20  58  0.00028447
21  58  0.00044288
22  58  0.00023724
23  58  0.00009540
24  58  0.00017104
25  58  0.00010414
26  58  0.00019590
27  58  0.00027418
28  58  0.00042831
29  58  0.00011988
30  58  0.00014088
31  58  0.00014492
32  58  0.00015944
33  58  0.00008375
34  58  0.00020198
35  58  0.00019499
36  58  0.00028700
37  58  0.00029603
38  58  0.00021602
39  58  0.00030527
40  58  0.00037402
41  58  0.00013570
42  58  0.00025400
43  58  0.00021371
44  58  0.00032985
45  58  0.00013473
46  58  0.00033347
47  58  0.00033840
48  58  0.00022258
49  58  0.00018599
50  58  0.00018660
51  58  0.00021023
52  58  0.00006445
53  58  0.00011628
54  58  0.00010634
55  58  0.00011029
56  58  0.00030072
57  58  0.00008590
58  58  0.00019035
59  58  0.00024322
60  58  0.00029128
61  58  0.00007015
62  58  0.00007819
63  58  0.00022587
0  59  0.00017374
1  59  0.00010410
2  59  0.00048770
3  59  0.00033634
4  59  0.00040847
5  59  0.00012278
6  59  0.00024585
7  59  0.00020371
8  59  0.00009065
9  59  0.00018493
10  59  0.00012186
11  59  0.00022185
12  59  0.00029414
13  59  0.00011557
14  59  0.00029685
15  59  0.00031719
16  59  0.00018850
17  59  0.00022966
18  59  0.00016812
19  59  0.00006317
20  59  0.00031080
21  59  0.00003184
22  59  0.00015638
23  59  0.00016012
24  59  0.00030828
25  59  0.00006317
26  59  0.00038166
27  59  0.00014834
28  59  0.00022643
29  59  0.00014039
30  59  0.00033916
31  59  0.00017559
32  59  0.00010549
33  59  0.00026442
34  59  0.00016133
35  59  0.00026168
36  59  0.00048241
37  59  0.00032771
38  59  0.00033813
39  59  0.00044427
40  59  0.00043536
41  59  0.00012980
42  59  0.00016301
43  59  0.00031166
44  59  0.00015311
45  59  0.00019669
46  59  0.00024737
47  59  0.00018947
48  59  0.00021803
49  59  0.00009637
50  59  0.00047481
51  59  0.00031773
52  59  0.00036364
53  59  0.00030763
54  59  0.00017203
55  59  0.00026219
56  59  0.00021777
57  59  0.00019891
58  59  0.00019276
59  59  0.00008090
60  59  0.00019018
61  59  0.00009682
62  59  0.00015530
63  59  0.00010127
0  60  0.00049645
1  60  0.00014503
2  60  0.00019298
3  60  0.00013503
4  60  0.00012665
5  60  0.00025770
6  60  0.00018497
7  60  0.00006039
8  60  0.00036759
9  60  0.00037626
10  60  0.00036550
11  60  0.00022342
12  60  0.00019884
13  60  0.00010821
14  60  0.00023799
15  60  0.00008444
16  60  0.00025561
17  60  0.00019169
18  60  0.00017719
19  60  0.00018258
20  60  0.00043314
21  60  0.00041846
22  60  0.00053682
23  60  0.00009957
24  60  0.00010585
25  60  0.00043522
26  60  0.00020351
27  60  0.00037562
28  60  0.00050450
29  60  0.00015218
30  60  0.00031186
31  60  0.00005255
32  60  0.00020693
33  60  0.00010241
34  60  0.00010694
35  60  0.00022759
36  60  0.00017432
37  60  0.00011813
38  60  0.00021015
39  60  0.00011465
40  60  0.00022985
41  60  0.00007494
42  60  0.00016472
43  60  0.00011539
44  60  0.00008441
45  60  0.00035859
46  60  0.00016302
47  60  0.00009802
48  60  0.00035315
49  60  0.00026234
50  60  0.00005313
51  60  0.00015830
52  60  0.00049736
53  60  0.00023776
54  60  0.00053968
55  60  0.00019203
56  60  0.00018488
57  60  0.00029259
58  60  0.00036734
59  60  0.00017497
60  60  0.00017280
61  60  0.00020571
62  60  0.00017693
63  60  0.00049672
0  61  0.00035300
1  61  0.00025071
2  61  0.00015264
3  61  0.00023565
4  61  0.00044398
5  61  0.00005383
6  61  0.00003673
7  61  0.00019876
8  61  0.00023575
9  61  0.00015563
10  61  0.00030114
11  61  0.00014767
12  61  0.00024221
13  61  0.00011305
14  61  0.00014273
15  61  0.00016008
16  61  0.00035519
17  61  0.00016048
18  61  0.00034368
19  61  0.00016547
20  61  0.00021846
21  61  0.00011624
22  61  0.00021171
23  61  0.00024896
24  61  0.00029172
25  61  0.00049602
26  61  0.00027501
27  61  0.00007937
28  61  0.00010797
29  61  0.00012437
30  61  0.00030476
31  61  0.00027585
32  61  0.00013654
33  61  0.00026676
34  61  0.00014224
35  61  0.00012356
36  61  0.00040449
37  61  0.00013904
38  61  0.00011946
39  61  0.00041966
40  61  0.00026475
41  61  0.00019454
42  61  0.00018549
43  61  0.00020275
44  61  0.00034528
45  61  0.00017200
46  61  0.00017902
47  61  0.00033355
48  61  0.00013314
49  61  0.00013312
50  61  0.00019521
51  61  0.00032506
52  61  0.00027120
53  61  0.00012022
54  61  0.00018343
55  61  0.00029993
56  61  0.00019386
57  61  0.00018803
58  61  0.00009035
59  61  0.00026487
60  61  0.00027356
61  61  0.00045307
62  61  0.00006837
63  61  0.00021645
0  62  0.00019827
1  62  0.00034655
2  62  0.00031071
3  62  0.00008199
4  62  0.00015070
5  62  0.00013380
6  62  0.00008895
7  62  0.00034391
8  62  0.00012734
9  62  0.00028601
10  62  0.00021464
11  62  0.00016281
12  62  0.00029870
13  62  0.00034814
14  62  0.00026950
15  62  0.00021431
16  62  0.00042640
17  62  0.00016390
18  62  0.00020771
19  62  0.00022601
20  62  0.00009591
21  62  0.00017617
22  62  0.00037053
23  62  0.00027494
24  62  0.00029202
25  62  0.00012650
26  62  0.00029216
27  62  0.00008020
28  62  0.00007285
29  62  0.00014373
30  62  0.00017523
31  62  0.00007010
32  62  0.00008781
33  62  0.00027619
34  62  0.00034455
35  62  0.00022357
36  62  0.00008125
37  62  0.00023299
38  62  0.00020138
39  62  0.00025229
40  62  0.00015102
41  62  0.00010848
42  62  0.00014546
43  62  0.00009773
44  62  0.00007553
45  62  0.00011495
46  62  0.00016683
47  62  0.00014955
48  62  0.00017218
49  62  0.00011566
50  62  0.00017172
51  62  0.00019330
52  62  0.00019010
53  62  0.00018340
54  62  0.00020338
55  62  0.00026531
56  62  0.00041073
57  62  0.00006519
58  62  0.00020505
59  62  0.00013610
60  62  0.00022851
61  62  0.00069539
62  62  0.00052916
63  62  0.00028797
0  63  0.00033791
1  63  0.00030436
2  63  0.00015113
3  63  0.00027295
4  63  0.00017633
5  63  0.00015443
6  63  0.00011009
7  63  0.00008749
8  63  0.00004240
9  63  0.00017539
10  63  0.00009673
11  63  0.00020332
12  63  0.00021273
13  63  0.00022115
14  63  0.00032547
15  63  0.00016009
16  63  0.00043195
17  63  0.00040923
18  63  0.00015372
19  63  0.00040722
20  63  0.00020176
21  63  0.00033488
22  63  0.00026572
23  63  0.00012097
24  63  0.00023990
25  63  0.00021811
26  63  0.00020132
27  63  0.00034680
28  63  0.00008335
29  63  0.00010506
30  63  0.00018879
31  63  0.00035329
32  63  0.00033356
33  63  0.00004904
34  63  0.00032907
35  63  0.00016150
36  63  0.00014549
37  63  0.00037800
38  63  0.00017658
39  63  0.00013804
40  63  0.00003562
41  63  0.00007375
42  63  0.00030298
43  63  0.00032419
44  63  0.00018320
45  63  0.00013036
46  63  0.00012702
47  63  0.00007702
48  63  0.00020897
49  63  0.00023778
50  63  0.00010913
51  63  0.00014718
52  63  0.00013233
53  63  0.00014054
54  63  0.00026986
55  63  0.00017877
56  63  0.00027489
57  63  0.00011505
58  63  0.00017344
59  63  0.00031071
60  63  0.00005371
61  63  0.00023738
62  63  0.00054885
63  63  0.00015904
