# Spinor density |Psi|^2 at t = 2
# Grid: 64 x 64
# Columns: x  y  density
0  0  0.00018942
1  0  0.00022426
2  0  0.00012255
3  0  0.00014923
4  0  0.00011132
5  0  0.00011451
6  0  0.00018124
7  0  0.00015410
8  0  0.00017098
9  0  0.00012363
10  0  0.00018335
11  0  0.00031396
12  0  0.00013355
13  0  0.00014396
14  0  0.00043196
15  0  0.00007736
16  0  0.00040885
17  0  0.00009562
18  0  0.00016201
19  0  0.00011234
20  0  0.00015114
21  0  0.00021277
22  0  0.00022664
23  0  0.00009847
24  0  0.00009888
25  0  0.00028939
26  0  0.00026000
27  0  0.00009742
28  0  0.00024760
29  0  0.00010187
30  0  0.00014407
31  0  0.00021102
32  0  0.00010738
33  0  0.00012266
34  0  0.00014397
35  0  0.00014663
36  0  0.00008500
37  0  0.00018539
38  0  0.00006061
39  0  0.00027885
40  0  0.00033021
41  0  0.00019402
42  0  0.00031615
43  0  0.00013450
44  0  0.00018446
45  0  0.00025490
46  0  0.00023541
47  0  0.00016874
48  0  0.00014457
49  0  0.00013906
50  0  0.00004270
51  0  0.00020697
52  0  0.00004579
53  0  0.00016385
54  0  0.00012842
55  0  0.00023606
56  0  0.00019661
57  0  0.00021161
58  0  0.00019620
59  0  0.00013242
60  0  0.00037328
61  0  0.00016235
62  0  0.00025678
63  0  0.00029803
0  1  0.00024730
1  1  0.00029063
2  1  0.00033143
3  1  0.00017174
4  1  0.00009532
5  1  0.00008200
6  1  0.00043403
7  1  0.00005752
8  1  0.00024061
9  1  0.00026785
10  1  0.00035466
11  1  0.00005719
12  1  0.00007662
13  1  0.00014508
14  1  0.00005514
15  1  0.00011736
16  1  0.00018940
17  1  0.00029966
18  1  0.00026528
19  1  0.00007805
20  1  0.00032215
21  1  0.00014820
22  1  0.00016918
23  1  0.00011695
24  1  0.00033732
25  1  0.00023272
26  1  0.00045698
27  1  0.00042489
28  1  0.00018405
29  1  0.00012104
30  1  0.00016795
31  1  0.00022252
32  1  0.00032352
33  1  0.00017698
34  1  0.00019001
35  1  0.00020300
36  1  0.00055179
37  1  0.00026554
38  1  0.00015566
39  1  0.00023502
40  1  0.00015831
41  1  0.00035859
42  1  0.00024419
43  1  0.00012159
44  1  0.00059769
45  1  0.00014599
46  1  0.00024736
47  1  0.00018438
48  1  0.00032459
49  1  0.00030566
50  1  0.00015039
51  1  0.00015867
52  1  0.00025840
53  1  0.00019792
54  1  0.00013934
55  1  0.00009775
56  1  0.00015558
57  1  0.00022526
58  1  0.00004231
59  1  0.00021570
60  1  0.00023086
61  1  0.00038601
62  1  0.00010399
63  1  0.00009007
0  2  0.00031942
1  2  0.00012469
2  2  0.00014043
3  2  0.00036442
4  2  0.00032916
5  2  0.00020366
6  2  0.00012469
7  2  0.00033083
8  2  0.00009049
9  2  0.00021211
10  2  0.00018953
11  2  0.00018839
12  2  0.00039417
13  2  0.00009712
14  2  0.00015788
15  2  0.00015984
16  2  0.00049673
17  2  0.00015979
18  2  0.00016443
19  2  0.00007563
20  2  0.00023567
21  2  0.00023102
22  2  0.00047301
23  2  0.00009684
24  2  0.00014477
25  2  0.00035051
26  2  0.00030076
27  2  0.00017115
28  2  0.00017579
29  2  0.00023223
30  2  0.00019730
31  2  0.00031874
32  2  0.00012923
33  2  0.00007220
34  2  0.00031082
35  2  0.00012440
36  2  0.00014456
37  2  0.00021440
38  2  0.00035741
39  2  0.00005688
40  2  0.00011810
41  2  0.00009234
42  2  0.00009084
43  2  0.00015192
44  2  0.00025748
45  2  0.00035171
46  2  0.00019153
47  2  0.00028997
48  2  0.00013613
49  2  0.00016976
50  2  0.00005107
51  2  0.00020590
52  2  0.00017550
53  2  0.00006304
54  2  0.00013619
55  2  0.00020135
56  2  0.00025159
57  2  0.00025380
58  2  0.00015546
59  2  0.00007837
60  2  0.00005641
61  2  0.00017376
62  2  0.00026968
63  2  0.00026042
0  3  0.00018848
1  3  0.00006658
2  3  0.00038814
3  3  0.00020785
4  3  0.00013943
5  3  0.00008465
6  3  0.00027647
7  3  0.00034736
8  3  0.00028343
9  3  0.00016522
10  3  0.00009561
11  3  0.00011197
12  3  0.00008522
13  3  0.00006681
14  3  0.00022831
15  3  0.00015413
16  3  0.00007939
17  3  0.00024378
18  3  0.00028956
19  3  0.00016719
20  3  0.00022592
21  3  0.00025364
22  3  0.00015945
23  3  0.00033520
24  3  0.00026697
25  3  0.00046209
26  3  0.00004495
27  3  0.00010843
28  3  0.00026356
29  3  0.00016955
30  3  0.00011788
31  3  0.00012324
32  3  0.00031509
33  3  0.00017891
34  3  0.00020312
35  3  0.00014193
36  3  0.00017555
37  3  0.00023441
38  3  0.00011637
39  3  0.00022946
40  3  0.00017712
41  3  0.00016882
42  3  0.00031776
43  3  0.00011493
44  3  0.00008285
45  3  0.00022655
46  3  0.00014093
47  3  0.00012249
48  3  0.00019757
49  3  0.00024992
50  3  0.00027863
51  3  0.00005812
52  3  0.00019024
53  3  0.00013109
54  3  0.00010167
55  3  0.00017120
56  3  0.00015803
57  3  0.00018151
58  3  0.00003017
59  3  0.00034194
60  3  0.00010379
61  3  0.00044013
62  3  0.00033881
63  3  0.00010354
0  4  0.00009067
1  4  0.00019924
2  4  0.00031306
3  4  0.00014730
4  4  0.00005842
5  4  0.00012006
6  4  0.00019094
7  4  0.00023508
8  4  0.00021362
9  4  0.00011995
10  4  0.00037392
11  4  0.00013793
12  4  0.00029389
13  4  0.00021339
14  4  0.00018116
15  4  0.00011860
16  4  0.00017999
17  4  0.00020698
18  4  0.00013364
19  4  0.00029993
20  4  0.00015531
21  4  0.00011778
22  4  0.00016921
23  4  0.00013351
24  4  0.00019722
25  4  0.00010103
26  4  0.00012814
27  4  0.00021702
28  4  0.00024241
29  4  0.00015245
30  4  0.00013823
31  4  0.00005655
32  4  0.00033902
33  4  0.00014854
34  4  0.00035200
35  4  0.00037790
36  4  0.00024109
37  4  0.00030480
38  4  0.00016962
39  4  0.00013581
40  4  0.00019120
41  4  0.00009476
42  4  0.00025716
43  4  0.00043827
44  4  0.00025527
45  4  0.00013925
46  4  0.00014207
47  4  0.00025835
48  4  0.00006810
49  4  0.00010790
50  4  0.00005065
51  4  0.00012838
52  4  0.00012670
53  4  0.00010347
54  4  0.00016326
55  4  0.00029200
56  4  0.00021452
57  4  0.00009260
58  4  0.00019907
59  4  0.00033780
60  4  0.00010769
61  4  0.00014337
62  4  0.00022130
63  4  0.00013758
0  5  0.00022948
1  5  0.00022821
2  5  0.00006631
3  5  0.00022709
4  5  0.00022718
5  5  0.00025189
6  5  0.00011372
7  5  0.00023110
8  5  0.00029314
9  5  0.00017727
10  5  0.00022459
11  5  0.00014253
12  5  0.00032582
13  5  0.00017626
14  5  0.00005278
15  5  0.00007605
16  5  0.00012815
17  5  0.00008935
18  5  0.00031795
19  5  0.00007212
20  5  0.00021109
21  5  0.00004070
22  5  0.00014999
23  5  0.00010589
24  5  0.00066092
25  5  0.00028922
26  5  0.00005148
27  5  0.00018022
28  5  0.00024688
29  5  0.00017258
30  5  0.00028260
31  5  0.00006380
32  5  0.00007111
33  5  0.00018753
34  5  0.00010015
35  5  0.00013235
36  5  0.00005723
37  5  0.00013744
38  5  0.00034840
39  5  0.00022268
40  5  0.00009334
41  5  0.00016821
42  5  0.00017414
43  5  0.00036011
44  5  0.00017607
45  5  0.00025021
46  5  0.00044270
47  5  0.00023227
48  5  0.00027832
49  5  0.00011027
50  5  0.00005528
51  5  0.00006522
52  5  0.00004753
53  5  0.00014140
54  5  0.00008243
55  5  0.00016869
56  5  0.00018170
57  5  0.00021296
58  5  0.00015650
59  5  0.00011745
60  5  0.00016822
61  5  0.00008155
62  5  0.00009254
63  5  0.00020813
0  6  0.00022761
1  6  0.00015147
2  6  0.00003514
3  6  0.00021461
4  6  0.00009679
5  6  0.00022110
6  6  0.00012192
7  6  0.00022977
8  6  0.00030334
9  6  0.00037718
10  6  0.00024823
11  6  0.00011058
12  6  0.00028307
13  6  0.00011796
14  6  0.00025107
15  6  0.00023106
16  6  0.00013017
17  6  0.00015706
18  6  0.00008624
19  6  0.00024095
20  6  0.00010760
21  6  0.00027291
22  6  0.00019367
23  6  0.00020292
24  6  0.00005698
25  6  0.00016678
26  6  0.00034529
27  6  0.00009791
28  6  0.00013808
29  6  0.00023356
30  6  0.00004418
31  6  0.00009377
32  6  0.00015063
33  6  0.00013456
34  6  0.00024270
35  6  0.00039676
36  6  0.00015829
37  6  0.00019747
38  6  0.00012593
39  6  0.00032881
40  6  0.00034930
41  6  0.00022296
42  6  0.00014029
43  6  0.00012856
44  6  0.00019939
45  6  0.00038074
46  6  0.00020479
47  6  0.00007253
48  6  0.00032845
49  6  0.00022471
50  6  0.00006422
51  6  0.00022681
52  6  0.00018856
53  6  0.00015276
54  6  0.00007027
55  6  0.00025037
56  6  0.00004176
57  6  0.00017270
58  6  0.00016355
59  6  0.00019783
60  6  0.00034762
61  6  0.00022888
62  6  0.00015093
63  6  0.00024837
0  7  0.00017607
1  7  0.00019105
2  7  0.00020514
3  7  0.00021528
4  7  0.00033530
5  7  0.00052405
6  7  0.00035292
7  7  0.00015968
8  7  0.00018777
9  7  0.00004165
10  7  0.00023058
11  7  0.00033521
12  7  0.00025915
13  7  0.00009750
14  7  0.00005976
15  7  0.00009796
16  7  0.00006623
17  7  0.00006988
18  7  0.00013395
19  7  0.00022560
20  7  0.00010651
21  7  0.00020216
22  7  0.00019345
23  7  0.00030535
24  7  0.00013077
25  7  0.00025098
26  7  0.00014225
27  7  0.00010545
28  7  0.00037443
29  7  0.00018386
30  7  0.00022074
31  7  0.00018014
32  7  0.00025791
33  7  0.00016321
34  7  0.00020044
35  7  0.00031190
36  7  0.00016244
37  7  0.00020690
38  7  0.00014295
39  7  0.00012461
40  7  0.00022109
41  7  0.00017173
42  7  0.00024366
43  7  0.00010984
44  7  0.00009854
45  7  0.00033078
46  7  0.00008340
47  7  0.00034655
48  7  0.00008496
49  7  0.00010024
50  7  0.00018949
51  7  0.00008270
52  7  0.00008147
53  7  0.00016284
54  7  0.00013779
55  7  0.00024627
56  7  0.00007896
57  7  0.00016520
58  7  0.00004744
59  7  0.00011897
60  7  0.00014853
61  7  0.00015927
62  7  0.00033173
63  7  0.00013562
0  8  0.00024686
1  8  0.00010736
2  8  0.00018823
3  8  0.00031723
4  8  0.00028170
5  8  0.00030307
6  8  0.00008234
7  8  0.00008790
8  8  0.00059682
9  8  0.00027154
10  8  0.00022026
11  8  0.00019399
12  8  0.00036938
13  8  0.00013699
14  8  0.00013179
15  8  0.00014500
16  8  0.00012640
17  8  0.00012192
18  8  0.00029682
19  8  0.00039131
20  8  0.00008553
21  8  0.00031143
22  8  0.00036166
23  8  0.00020070
24  8  0.00013048
25  8  0.00013282
26  8  0.00005249
27  8  0.00020465
28  8  0.00023841
29  8  0.00010579
30  8  0.00016052
31  8  0.00030362
32  8  0.00009991
33  8  0.00019071
34  8  0.00015408
35  8  0.00031934
36  8  0.00005857
37  8  0.00010773
38  8  0.00024134
39  8  0.00021632
40  8  0.00016221
41  8  0.00024175
42  8  0.00008120
43  8  0.00038068
44  8  0.00027414
45  8  0.00005000
46  8  0.00021494
47  8  0.00016265
48  8  0.00013657
49  8  0.00009970
50  8  0.00005985
51  8  0.00021199
52  8  0.00044635
53  8  0.00020781
54  8  0.00033393
55  8  0.00014285
56  8  0.00009362
57  8  0.00014752
58  8  0.00025712
59  8  0.00009550
60  8  0.00022338
61  8  0.00013452
62  8  0.00041900
63  8  0.00029381
0  9  0.00044106
1  9  0.00033623
2  9  0.00011636
3  9  0.00031593
4  9  0.00006081
5  9  0.00029241
6  9  0.00032696
7  9  0.00005921
8  9  0.00011255
9  9  0.00020575
10  9  0.00019148
11  9  0.00017379
12  9  0.00012015
13  9  0.00023134
14  9  0.00013614
15  9  0.00027522
16  9  0.00018980
17  9  0.00005542
18  9  0.00010150
19  9  0.00023841
20  9  0.00016508
21  9  0.00012922
22  9  0.00021943
23  9  0.00024016
24  9  0.00026574
25  9  0.00016047
26  9  0.00020811
27  9  0.00019932
28  9  0.00019051
29  9  0.00023168
30  9  0.00012281
31  9  0.00003041
32  9  0.00020407
33  9  0.00015939
34  9  0.00022726
35  9  0.00037318
36  9  0.00003670
37  9  0.00009661
38  9  0.00006655
39  9  0.00010584
40  9  0.00045903
41  9  0.00011684
42  9  0.00017834
43  9  0.00013530
44  9  0.00019177
45  9  0.00011533
46  9  0.00004057
47  9  0.00014767
48  9  0.00005446
49  9  0.00031559
50  9  0.00020267
51  9  0.00027521
52  9  0.00012428
53  9  0.00023729
54  9  0.00014419
55  9  0.00013689
56  9  0.00018193
57  9  0.00010683
58  9  0.00030219
59  9  0.00027133
60  9  0.00014770
61  9  0.00020270
62  9  0.00009667
63  9  0.00023241
0  10  0.00008131
1  10  0.00010383
2  10  0.00027625
3  10  0.00038119
4  10  0.00016840
5  10  0.00027063
6  10  0.00019468
7  10  0.00006096
8  10  0.00035319
9  10  0.00016513
10  10  0.00032373
11  10  0.00017740
12  10  0.00027885
13  10  0.00017759
14  10  0.00029210
15  10  0.00042052
16  10  0.00020914
17  10  0.00006191
18  10  0.00016438
19  10  0.00027927
20  10  0.00015145
21  10  0.00010844
22  10  0.00030726
23  10  0.00028731
24  10  0.00015748
25  10  0.00004597
26  10  0.00056804
27  10  0.00031310
28  10  0.00016337
29  10  0.00013700
30  10  0.00014117
31  10  0.00023694
32  10  0.00015369
33  10  0.00012717
34  10  0.00024857
35  10  0.00005958
36  10  0.00007342
37  10  0.00009546
38  10  0.00022432
39  10  0.00020813
40  10  0.00032263
41  10  0.00030496
42  10  0.00012870
43  10  0.00018875
44  10  0.00015845
45  10  0.00042091
46  10  0.00009809
47  10  0.00018295
48  10  0.00009715
49  10  0.00012956
50  10  0.00015183
51  10  0.00052420
52  10  0.00030136
53  10  0.00014602
54  10  0.00020734
55  10  0.00020743
56  10  0.00011818
57  10  0.00041699
58  10  0.00003530
59  10  0.00004685
60  10  0.00012722
61  10  0.00018839
62  10  0.00025938
63  10  0.00022246
0  11  0.00011234
1  11  0.00014947
2  11  0.00026022
3  11  0.00016982
4  11  0.00005570
5  11  0.00018632
6  11  0.00027846
7  11  0.00024125
8  11  0.00018098
9  11  0.00030520
10  11  0.00010899
11  11  0.00012404
12  11  0.00012681
13  11  0.00005052
14  11  0.00013859
15  11  0.00014930
16  11  0.00008354
17  11  0.00012827
18  11  0.00028233
19  11  0.00011032
20  11  0.00018281
21  11  0.00036334
22  11  0.00013917
23  11  0.00007389
24  11  0.00012310
25  11  0.00029514
26  11  0.00023772
27  11  0.00015624
28  11  0.00025230
29  11  0.00011404
30  11  0.00022085
31  11  0.00003970
32  11  0.00024228
33  11  0.00012934
34  11  0.00015046
35  11  0.00008134
36  11  0.00017137
37  11  0.00025383
38  11  0.00016789
39  11  0.00024009
40  11  0.00010861
41  11  0.00005097
42  11  0.00023827
43  11  0.00002847
44  11  0.00026080
45  11  0.00013250
46  11  0.00028923
47  11  0.00033823
48  11  0.00016361
49  11  0.00032918
50  11  0.00018709
51  11  0.00034555
52  11  0.00011025
53  11  0.00025549
54  11  0.00009328
55  11  0.00013220
56  11  0.00010147
57  11  0.00016366
58  11  0.00029232
59  11  0.00009392
60  11  0.00019316
61  11  0.00017630
62  11  0.00013251
63  11  0.00018604
0  12  0.00014518
1  12  0.00022958
2  12  0.00017579
3  12  0.00027839
4  12  0.00020863
5  12  0.00017375
6  12  0.00016949
7  12  0.00012412
8  12  0.00012542
9  12  0.00026472
10  12  0.00003398
11  12  0.00012922
12  12  0.00015367
13  12  0.00033425
14  12  0.00006021
15  12  0.00022820
16  12  0.00012800
17  12  0.00014410
18  12  0.00050893
19  12  0.00013206
20  12  0.00014017
21  12  0.00019422
22  12  0.00025798
23  12  0.00022405
24  12  0.00012178
25  12  0.00014187
26  12  0.00040036
27  12  0.00009670
28  12  0.00007659
29  12  0.00005951
30  12  0.00015907
31  12  0.00012466
32  12  0.00007620
33  12  0.00009078
34  12  0.00022491
35  12  0.00028400
36  12  0.00036103
37  12  0.00010201
38  12  0.00011927
39  12  0.00025702
40  12  0.00019955
41  12  0.00055975
42  12  0.00014821
43  12  0.00028260
44  12  0.00005060
45  12  0.00009611
46  12  0.00020655
47  12  0.00008509
48  12  0.00009277
49  12  0.00003546
50  12  0.00015631
51  12  0.00012280
52  12  0.00009400
53  12  0.00018400
54  12  0.00034799
55  12  0.00019672
56  12  0.00010124
57  12  0.00006962
58  12  0.00024444
59  12  0.00026877
60  12  0.00017908
61  12  0.00023661
62  12  0.00031261
63  12  0.00012753
0  13  0.00006571
1  13  0.00020502
2  13  0.00017344
3  13  0.00029486
4  13  0.00019263
5  13  0.00013421
6  13  0.00005710
7  13  0.00021988
8  13  0.00014783
9  13  0.00025387
10  13  0.00020938
11  13  0.00015931
12  13  0.00008877
13  13  0.00016877
14  13  0.00023250
15  13  0.00025493
16  13  0.00026915
17  13  0.00020384
18  13  0.00005892
19  13  0.00028930
20  13  0.00032021
21  13  0.00027694
22  13  0.00015733
23  13  0.00007819
24  13  0.00025213
25  13  0.00006841
26  13  0.00030169
27  13  0.00033218
28  13  0.00016594
29  13  0.00018932
30  13  0.00023844
31  13  0.00020542
32  13  0.00027390
33  13  0.00041492
34  13  0.00011927
35  13  0.00029689
36  13  0.00050950
37  13  0.00025795
38  13  0.00026784
39  13  0.00014037
40  13  0.00017827
41  13  0.00015311
42  13  0.00020704
43  13  0.00029800
44  13  0.00034067
45  13  0.00015175
46  13  0.00039963
47  13  0.00013675
48  13  0.00015749
49  13  0.00009708
50  13  0.00035153
51  13  0.00026625
52  13  0.00037871
53  13  0.00015054
54  13  0.00013276
55  13  0.00010051
56  13  0.00004392
57  13  0.00053927
58  13  0.00019098
59  13  0.00014243
60  13  0.00012734
61  13  0.00030672
62  13  0.00052443
63  13  0.00011643
0  14  0.00005912
1  14  0.00022096
2  14  0.00026728
3  14  0.00015946
4  14  0.00020426
5  14  0.00016235
6  14  0.00011443
7  14  0.00040706
8  14  0.00026819
9  14  0.00026221
10  14  0.00018935
11  14  0.00012035
12  14  0.00019835
13  14  0.00035526
14  14  0.00025270
15  14  0.00022889
16  14  0.00016237
17  14  0.00023153
18  14  0.00020716
19  14  0.00026200
20  14  0.00024529
21  14  0.00021346
22  14  0.00021519
23  14  0.00008712
24  14  0.00027387
25  14  0.00027427
26  14  0.00020012
27  14  0.00013783
28  14  0.00037992
29  14  0.00031516
30  14  0.00011383
31  14  0.00011939
32  14  0.00028351
33  14  0.00018560
34  14  0.00038789
35  14  0.00021163
36  14  0.00021615
37  14  0.00041855
38  14  0.00016792
39  14  0.00018480
40  14  0.00009260
41  14  0.00026667
42  14  0.00011373
43  14  0.00026069
44  14  0.00009592
45  14  0.00014613
46  14  0.00024768
47  14  0.00010565
48  14  0.00016218
49  14  0.00031409
50  14  0.00011144
51  14  0.00019856
52  14  0.00018453
53  14  0.00038193
54  14  0.00020664
55  14  0.00013383
56  14  0.00011281
57  14  0.00015889
58  14  0.00016528
59  14  0.00037238
60  14  0.00024193
61  14  0.00020647
62  14  0.00030042
63  14  0.00005394
0  15  0.00015242
1  15  0.00010501
2  15  0.00016787
3  15  0.00026776
4  15  0.00025675
5  15  0.00031822
6  15  0.00019838
7  15  0.00020986
8  15  0.00014424
9  15  0.00030160
10  15  0.00016511
11  15  0.00021724
12  15  0.00033471
13  15  0.00018241
14  15  0.00012124
15  15  0.00023215
16  15  0.00023473
17  15  0.00028772
18  15  0.00017784
19  15  0.00014918
20  15  0.00044056
21  15  0.00022516
22  15  0.00033792
23  15  0.00031854
24  15  0.00025987
25  15  0.00012884
26  15  0.00025375
27  15  0.00009683
28  15  0.00025658
29  15  0.00030038
30  15  0.00008572
31  15  0.00017244
32  15  0.00017387
33  15  0.00015050
34  15  0.00030221
35  15  0.00046033
36  15  0.00025584
37  15  0.00030320
38  15  0.00016078
39  15  0.00015313
40  15  0.00033225
41  15  0.00025168
42  15  0.00014608
43  15  0.00028780
44  15  0.00015545
45  15  0.00005524
46  15  0.00018892
47  15  0.00028367
48  15  0.00007776
49  15  0.00024541
50  15  0.00023692
51  15  0.00008714
52  15  0.00010330
53  15  0.00013949
54  15  0.00010224
55  15  0.00005309
56  15  0.00015248
57  15  0.00011658
58  15  0.00011236
59  15  0.00023216
60  15  0.00017083
61  15  0.00012819
62  15  0.00026582
63  15  0.00016803
0  16  0.00039884
1  16  0.00005999
2  16  0.00033668
3  16  0.00036532
4  16  0.00025501
5  16  0.00003232
6  16  0.00014423
7  16  0.00019455
8  16  0.00002318
9  16  0.00017928
10  16  0.00007070
11  16  0.00033568
12  16  0.00019953
13  16  0.00031381
14  16  0.00012296
15  16  0.00011494
16  16  0.00013387
17  16  0.00010574
18  16  0.00024431
19  16  0.00011055
20  16  0.00022524
21  16  0.00021937
22  16  0.00005875
23  16  0.00019237
24  16  0.00020716
25  16  0.00023787
26  16  0.00013762
27  16  0.00014460
28  16  0.00015997
29  16  0.00032984
30  16  0.00034516
31  16  0.00023269
32  16  0.00015673
33  16  0.00008984
34  16  0.00007269
35  16  0.00009818
36  16  0.00015301
37  16  0.00017689
38  16  0.00018251
39  16  0.00013290
40  16  0.00023000
41  16  0.00011863
42  16  0.00007640
43  16  0.00010634
44  16  0.00027389
45  16  0.00010454
46  16  0.00019781
47  16  0.00014211
48  16  0.00012171
49  16  0.00019214
50  16  0.00034610
51  16  0.00015946
52  16  0.00035191
53  16  0.00024516
54  16  0.00008703
55  16  0.00012283
56  16  0.00020542
57  16  0.00042735
58  16  0.00022678
59  16  0.00014256
60  16  0.00002708
61  16  0.00035836
62  16  0.00006562
63  16  0.00005821
0  17  0.00023983
1  17  0.00028076
2  17  0.00010259
3  17  0.00016627
4  17  0.00009823
5  17  0.00025977
6  17  0.00016108
7  17  0.00020659
8  17  0.00018199
9  17  0.00032342
10  17  0.00012063
11  17  0.00028034
12  17  0.00007639
13  17  0.00008326
14  17  0.00027510
15  17  0.00009077
16  17  0.00015195
17  17  0.00020656
18  17  0.00008069
19  17  0.00017316
20  17  0.00016472
21  17  0.00005691
22  17  0.00026207
23  17  0.00022888
24  17  0.00013528
25  17  0.00016504
26  17  0.00025028
27  17  0.00014032
28  17  0.00022268
29  17  0.00014191
30  17  0.00022591
31  17  0.00024520
32  17  0.00010384
33  17  0.00037785
34  17  0.00015862
35  17  0.00056520
36  17  0.00012035
37  17  0.00017499
38  17  0.00036954
39  17  0.00011748
40  17  0.00015944
41  17  0.00016841
42  17  0.00027764
43  17  0.00039418
44  17  0.00017137
45  17  0.00012265
46  17  0.00010410
47  17  0.00015175
48  17  0.00008462
49  17  0.00024700
50  17  0.00021102
51  17  0.00009660
52  17  0.00020181
53  17  0.00014050
54  17  0.00018187
55  17  0.00020278
56  17  0.00005786
57  17  0.00005516
58  17  0.00012917
59  17  0.00011613
60  17  0.00018482
61  17  0.00015083
62  17  0.00017201
63  17  0.00018886
0  18  0.00031920
1  18  0.00017483
2  18  0.00043126
3  18  0.00017589
4  18  0.00034649
5  18  0.00025536
6  18  0.00012959
7  18  0.00015263
8  18  0.00040442
9  18  0.00007009
10  18  0.00021143
11  18  0.00016072
12  18  0.00021880
13  18  0.00022168
14  18  0.00042307
15  18  0.00012033
16  18  0.00024127
17  18  0.00036344
18  18  0.00005837
19  18  0.00008903
20  18  0.00017532
21  18  0.00033567
22  18  0.00013461
23  18  0.00021516
24  18  0.00014315
25  18  0.00014598
26  18  0.00008263
27  18  0.00005077
28  18  0.00011588
29  18  0.00029877
30  18  0.00011888
31  18  0.00016985
32  18  0.00033570
33  18  0.00003094
34  18  0.00014352
35  18  0.00041569
36  18  0.00021415
37  18  0.00042488
38  18  0.00013349
39  18  0.00011807
40  18  0.00012882
41  18  0.00018602
42  18  0.00019072
43  18  0.00014701
44  18  0.00008229
45  18  0.00012814
46  18  0.00007587
47  18  0.00017521
48  18  0.00032661
49  18  0.00005708
50  18  0.00021296
51  18  0.00029473
52  18  0.00052721
53  18  0.00014914
54  18  0.00023764
55  18  0.00014923
56  18  0.00027642
57  18  0.00023647
58  18  0.00011133
59  18  0.00010052
60  18  0.00040369
61  18  0.00019909
62  18  0.00011999
63  18  0.00029185
0  19  0.00016080
1  19  0.00032300
2  19  0.00031565
3  19  0.00008442
4  19  0.00032761
5  19  0.00010774
6  19  0.00025352
7  19  0.00024091
8  19  0.00034495
9  19  0.00014936
10  19  0.00029618
11  19  0.00019070
12  19  0.00023544
13  19  0.00039040
14  19  0.00031815
15  19  0.00053330
16  19  0.00026049
17  19  0.00020320
18  19  0.00024138
19  19  0.00019344
20  19  0.00011183
21  19  0.00016076
22  19  0.00018171
23  19  0.00019182
24  19  0.00024206
25  19  0.00050376
26  19  0.00008963
27  19  0.00023672
28  19  0.00008127
29  19  0.00031567
30  19  0.00012250
31  19  0.00016744
32  19  0.00016210
33  19  0.00009095
34  19  0.00018027
35  19  0.00022689
36  19  0.00015602
37  19  0.00014186
38  19  0.00027977
39  19  0.00013508
40  19  0.00007916
41  19  0.00037305
42  19  0.00022401
43  19  0.00016900
44  19  0.00015355
45  19  0.00043822
46  19  0.00027680
47  19  0.00027192
48  19  0.00021659
49  19  0.00005548
50  19  0.00016090
51  19  0.00011353
52  19  0.00009647
53  19  0.00016712
54  19  0.00021576
55  19  0.00019938
56  19  0.00018819
57  19  0.00024335
58  19  0.00005241
59  19  0.00013716
60  19  0.00015546
61  19  0.00019567
62  19  0.00029832
63  19  0.00032736
0  20  0.00034562
1  20  0.00018498
2  20  0.00011074
3  20  0.00009948
4  20  0.00028303
5  20  0.00036935
6  20  0.00019351
7  20  0.00021881
8  20  0.00024948
9  20  0.00007925
10  20  0.00025682
11  20  0.00018968
12  20  0.00018669
13  20  0.00009900
14  20  0.00032964
15  20  0.00011846
16  20  0.00040846
17  20  0.00030877
18  20  0.00019936
19  20  0.00008496
20  20  0.00025382
21  20  0.00014353
22  20  0.00031078
23  20  0.00015672
24  20  0.00032165
25  20  0.00025134
26  20  0.00028215
27  20  0.00012714
28  20  0.00007620
29  20  0.00016057
30  20  0.00015827
31  20  0.00025783
32  20  0.00034042
33  20  0.00020104
34  20  0.00049195
35  20  0.00019666
36  20  0.00013909
37  20  0.00015149
38  20  0.00013270
39  20  0.00017699
40  20  0.00014132
41  20  0.00012789
42  20  0.00027551
43  20  0.00007483
44  20  0.00012791
45  20  0.00033482
46  20  0.00030763
47  20  0.00015021
48  20  0.00029183
49  20  0.00028702
50  20  0.00030838
51  20  0.00017599
52  20  0.00025745
53  20  0.00022743
54  20  0.00023385
55  20  0.00020954
56  20  0.00034497
57  20  0.00029334
58  20  0.00009461
59  20  0.00007127
60  20  0.00008161
61  20  0.00035717
62  20  0.00006143
63  20  0.00014933
0  21  0.00009196
1  21  0.00033505
2  21  0.00018575
3  21  0.00059072
4  21  0.00019431
5  21  0.00009441
6  21  0.00009156
7  21  0.00005992
8  21  0.00007364
9  21  0.00032551
10  21  0.00019921
11  21  0.00021403
12  21  0.00027745
13  21  0.00011054
14  21  0.00017180
15  21  0.00009299
16  21  0.00015030
17  21  0.00014646
18  21  0.00028499
19  21  0.00015788
20  21  0.00069151
21  21  0.00011940
22  21  0.00009927
23  21  0.00017260
24  21  0.00018426
25  21  0.00013396
26  21  0.00002864
27  21  0.00007455
28  21  0.00021595
29  21  0.00033048
30  21  0.00021351
31  21  0.00019935
32  21  0.00034817
33  21  0.00008168
34  21  0.00036994
35  21  0.00024573
36  21  0.00013870
37  21  0.00018118
38  21  0.00008196
39  21  0.00005050
40  21  0.00030386
41  21  0.00027314
42  21  0.00030259
43  21  0.00021122
44  21  0.00005349
45  21  0.00017080
46  21  0.00005682
47  21  0.00010305
48  21  0.00019068
49  21  0.00026508
50  21  0.00013386
51  21  0.00016548
52  21  0.00015566
53  21  0.00015591
54  21  0.00008273
55  21  0.00017491
56  21  0.00011864
57  21  0.00014382
58  21  0.00011988
59  21  0.00018995
60  21  0.00034355
61  21  0.00023670
62  21  0.00011874
63  21  0.00014622
0  22  0.00010433
1  22  0.00021039
2  22  0.00019243
3  22  0.00023977
4  22  0.00012940
5  22  0.00032101
6  22  0.00014629
7  22  0.00027105
8  22  0.00015613
9  22  0.00014874
10  22  0.00033452
11  22  0.00023711
12  22  0.00018346
13  22  0.00021954
14  22  0.00033994
15  22  0.00041010
16  22  0.00010677
17  22  0.00014221
18  22  0.00016655
19  22  0.00025661
20  22  0.00016604
21  22  0.00012633
22  22  0.00022763
23  22  0.00020368
24  22  0.00016408
25  22  0.00011147
26  22  0.00036569
27  22  0.00038285
28  22  0.00025318
29  22  0.00014170
30  22  0.00049499
31  22  0.00011686
32  22  0.00041091
33  22  0.00019897
34  22  0.00012407
35  22  0.00026099
36  22  0.00022804
37  22  0.00011171
38  22  0.00013430
39  22  0.00022199
40  22  0.00015954
41  22  0.00016392
42  22  0.00023798
43  22  0.00029130
44  22  0.00027864
45  22  0.00040719
46  22  0.00007950
47  22  0.00014246
48  22  0.00027928
49  22  0.00027850
50  22  0.00013870
51  22  0.00006612
52  22  0.00009311
53  22  0.00016417
54  22  0.00009909
55  22  0.00019683
56  22  0.00011577
57  22  0.00026647
58  22  0.00011364
59  22  0.00004850
60  22  0.00017092
61  22  0.00011239
62  22  0.00008228
63  22  0.00007117
0  23  0.00020565
1  23  0.00011972
2  23  0.00029488
3  23  0.00051917
4  23  0.00015080
5  23  0.00011562
6  23  0.00026306
7  23  0.00023006
8  23  0.00026485
9  23  0.00002919
10  23  0.00006744
11  23  0.00025507
12  23  0.00019436
13  23  0.00024617
14  23  0.00026220
15  23  0.00027445
16  23  0.00015515
17  23  0.00018893
18  23  0.00023290
19  23  0.00045845
20  23  0.00025452
21  23  0.00013611
22  23  0.00015359
23  23  0.00007095
24  23  0.00012744
25  23  0.00022003
26  23  0.00024482
27  23  0.00016363
28  23  0.00014553
29  23  0.00017762
30  23  0.00035347
31  23  0.00029197
32  23  0.00052324
33  23  0.00038790
34  23  0.00058322
35  23  0.00019560
36  23  0.00026628
37  23  0.00030992
38  23  0.00021975
39  23  0.00027139
40  23  0.00027526
41  23  0.00010571
42  23  0.00019362
43  23  0.00013364
44  23  0.00022880
45  23  0.00029077
46  23  0.00009437
47  23  0.00008937
48  23  0.00011214
49  23  0.00027096
50  23  0.00028338
51  23  0.00008800
52  23  0.00022068
53  23  0.00010571
54  23  0.00016582
55  23  0.00015342
56  23  0.00027340
57  23  0.00017111
58  23  0.00009593
59  23  0.00007329
60  23  0.00012162
61  23  0.00017704
62  23  0.00031864
63  23  0.00011345
0  24  0.00019624
1  24  0.00026840
2  24  0.00014326
3  24  0.00029507
4  24  0.00031768
5  24  0.00018650
6  24  0.00030028
7  24  0.00025041
8  24  0.00021447
9  24  0.00011442
10  24  0.00038008
11  24  0.00016826
12  24  0.00014422
13  24  0.00019229
14  24  0.00014547
15  24  0.00042304
16  24  0.00021604
17  24  0.00025111
18  24  0.00014366
19  24  0.00007321
20  24  0.00023857
21  24  0.00009071
22  24  0.00020847
23  24  0.00013041
24  24  0.00018090
25  24  0.00040785
26  24  0.00024816
27  24  0.00030015
28  24  0.00062983
29  24  0.00029061
30  24  0.00048443
31  24  0.00030155
32  24  0.00051208
33  24  0.00027552
34  24  0.00024439
35  24  0.00026225
36  24  0.00053502
37  24  0.00020378
38  24  0.00008327
39  24  0.00020540
40  24  0.00016591
41  24  0.00010588
42  24  0.00024919
43  24  0.00014147
44  24  0.00017813
45  24  0.00007995
46  24  0.00018440
47  24  0.00014635
48  24  0.00013811
49  24  0.00037422
50  24  0.00019340
51  24  0.00008009
52  24  0.00006156
53  24  0.00015881
54  24  0.00032393
55  24  0.00010266
56  24  0.00014348
57  24  0.00012454
58  24  0.00018428
59  24  0.00007790
60  24  0.00016028
61  24  0.00023249
62  24  0.00015785
63  24  0.00020158
0  25  0.00013660
1  25  0.00011299
2  25  0.00012248
3  25  0.00012917
4  25  0.00006855
5  25  0.00024157
6  25  0.00029733
7  25  0.00015923
8  25  0.00025831
9  25  0.00004298
10  25  0.00016641
11  25  0.00047219
12  25  0.00010702
13  25  0.00011641
14  25  0.00005305
15  25  0.00013930
16  25  0.00008894
17  25  0.00004602
18  25  0.00020746
19  25  0.00019917
20  25  0.00017851
21  25  0.00006328
22  25  0.00022080
23  25  0.00005036
24  25  0.00010941
25  25  0.00006356
26  25  0.00043361
27  25  0.00025738
28  25  0.00061243
29  25  0.00046543
30  25  0.00060182
31  25  0.00019396
32  25  0.00062837
33  25  0.00066037
34  25  0.00028386
35  25  0.00052857
36  25  0.00062449
37  25  0.00048932
38  25  0.00005371
39  25  0.00025465
40  25  0.00042275
41  25  0.00018745
42  25  0.00012880
43  25  0.00014720
44  25  0.00018340
45  25  0.00006579
46  25  0.00014888
47  25  0.00016688
48  25  0.00028420
49  25  0.00023833
50  25  0.00026790
51  25  0.00008855
52  25  0.00024050
53  25  0.00021927
54  25  0.00010401
55  25  0.00022850
56  25  0.00006514
57  25  0.00014532
58  25  0.00034965
59  25  0.00011394
60  25  0.00016940
61  25  0.00007260
62  25  0.00009318
63  25  0.00027146
0  26  0.00017354
1  26  0.00011721
2  26  0.00027623
3  26  0.00015819
4  26  0.00019643
5  26  0.00019160
6  26  0.00012825
7  26  0.00013162
8  26  0.00008734
9  26  0.00028759
10  26  0.00027089
11  26  0.00014247
12  26  0.00027111
13  26  0.00018903
14  26  0.00014122
15  26  0.00017274
16  26  0.00007594
17  26  0.00022050
18  26  0.00018047
19  26  0.00016476
20  26  0.00033975
21  26  0.00020009
22  26  0.00036233
23  26  0.00044329
24  26  0.00018722
25  26  0.00020659
26  26  0.00019638
27  26  0.00023717
28  26  0.00091509
29  26  0.00044792
30  26  0.00091844
31  26  0.00052309
32  26  0.00095482
33  26  0.00069226
34  26  0.00060395
35  26  0.00062646
36  26  0.00064888
37  26  0.00028004
38  26  0.00037705
39  26  0.00026833
40  26  0.00027044
41  26  0.00018320
42  26  0.00021052
43  26  0.00012432
44  26  0.00017177
45  26  0.00018479
46  26  0.00021654
47  26  0.00033609
48  26  0.00029206
49  26  0.00016280
50  26  0.00030558
51  26  0.00007251
52  26  0.00012921
53  26  0.00024877
54  26  0.00012754
55  26  0.00017666
56  26  0.00034112
57  26  0.00013029
58  26  0.00019895
59  26  0.00036128
60  26  0.00008595
61  26  0.00006606
62  26  0.00008340
63  26  0.00006852
0  27  0.00022394
1  27  0.00006456
2  27  0.00010485
3  27  0.00023361
4  27  0.00019012
5  27  0.00025372
6  27  0.00003953
7  27  0.00011512
8  27  0.00017117
9  27  0.00024645
10  27  0.00024938
11  27  0.00010814
12  27  0.00008429
13  27  0.00005769
14  27  0.00041422
15  27  0.00016560
16  27  0.00025053
17  27  0.00018984
18  27  0.00009158
19  27  0.00007883
20  27  0.00027271
21  27  0.00060024
22  27  0.00023463
23  27  0.00034456
24  27  0.00013516
25  27  0.00015168
26  27  0.00033796
27  27  0.00102885
28  27  0.00096146
29  27  0.00061697
30  27  0.00036742
31  27  0.00088819
32  27  0.00145679
33  27  0.00100659
34  27  0.00083411
35  27  0.00107428
36  27  0.00059052
37  27  0.00029483
38  27  0.00049944
39  27  0.00027169
40  27  0.00015604
41  27  0.00025384
42  27  0.00013469
43  27  0.00016323
44  27  0.00048972
45  27  0.00016589
46  27  0.00036081
47  27  0.00019146
48  27  0.00031609
49  27  0.00005658
50  27  0.00033540
51  27  0.00015783
52  27  0.00010121
53  27  0.00013282
54  27  0.00017523
55  27  0.00022195
56  27  0.00007626
57  27  0.00013427
58  27  0.00039015
59  27  0.00012416
60  27  0.00016741
61  27  0.00037488
62  27  0.00025556
63  27  0.00007948
0  28  0.00027430
1  28  0.00011613
2  28  0.00006133
3  28  0.00058909
4  28  0.00018609
5  28  0.00016224
6  28  0.00028073
7  28  0.00016347
8  28  0.00020591
9  28  0.00041193
10  28  0.00007587
11  28  0.00009084
12  28  0.00011705
13  28  0.00011904
14  28  0.00045842
15  28  0.00025030
16  28  0.00020631
17  28  0.00016343
18  28  0.00006006
19  28  0.00012109
20  28  0.00028398
21  28  0.00023100
22  28  0.00022850
23  28  0.00017902
24  28  0.00045060
25  28  0.00052334
26  28  0.00045726
27  28  0.00063069
28  28  0.00120564
29  28  0.00121530
30  28  0.00169381
31  28  0.00129995
32  28  0.00114035
33  28  0.00169169
34  28  0.00144869
35  28  0.00074502
36  28  0.00051424
37  28  0.00084251
38  28  0.00043205
39  28  0.00055301
40  28  0.00031791
41  28  0.00031293
42  28  0.00029653
43  28  0.00020924
44  28  0.00023736
45  28  0.00016084
46  28  0.00014803
47  28  0.00016560
48  28  0.00023409
49  28  0.00010825
50  28  0.00020251
51  28  0.00015481
52  28  0.00027614
53  28  0.00009536
54  28  0.00045734
55  28  0.00008373
56  28  0.00028554
57  28  0.00005557
58  28  0.00012288
59  28  0.00014660
60  28  0.00033456
61  28  0.00018503
62  28  0.00034888
63  28  0.00012093
0  29  0.00023944
1  29  0.00041662
2  29  0.00020985
3  29  0.00028224
4  29  0.00012536
5  29  0.00019827
6  29  0.00024079
7  29  0.00021904
8  29  0.00017901
9  29  0.00017866
10  29  0.00005198
11  29  0.00010734
12  29  0.00006166
13  29  0.00020772
14  29  0.00044458
15  29  0.00020486
16  29  0.00014241
17  29  0.00013572
18  29  0.00008591
19  29  0.00030617
20  29  0.00007009
21  29  0.00009038
22  29  0.00035416
23  29  0.00044822
24  29  0.00052486
25  29  0.00022656
26  29  0.00058191
27  29  0.00068708
28  29  0.00162015
29  29  0.00118402
30  29  0.00121972
31  29  0.00177565
32  29  0.00223797
33  29  0.00205157
34  29  0.00128096
35  29  0.00279860
36  29  0.00115077
37  29  0.00083811
38  29  0.00050607
39  29  0.00045671
40  29  0.00023379
41  29  0.00020127
42  29  0.00026060
43  29  0.00018736
44  29  0.00011593
45  29  0.00011704
46  29  0.00006458
47  29  0.00021655
48  29  0.00027024
49  29  0.00007660
50  29  0.00026612
51  29  0.00016519
52  29  0.00021673
53  29  0.00020802
54  29  0.00012630
55  29  0.00022711
56  29  0.00024264
57  29  0.00023407
58  29  0.00020832
59  29  0.00015474
60  29  0.00010283
61  29  0.00013782
62  29  0.00010272
63  29  0.00012715
0  30  0.00018792
1  30  0.00047764
2  30  0.00021137
3  30  0.00026922
4  30  0.00031258
5  30  0.00019241
6  30  0.00035520
7  30  0.00022473
8  30  0.00005896
9  30  0.00018090
10  30  0.00007293
11  30  0.00011421
12  30  0.00008852
13  30  0.00015888
14  30  0.00005107
15  30  0.00026419
16  30  0.00009780
17  30  0.00006721
18  30  0.00006871
19  30  0.00009612
20  30  0.00051236
21  30  0.00028406
22  30  0.00006829
23  30  0.00041109
24  30  0.00034046
25  30  0.00045848
26  30  0.00059011
27  30  0.00104622
28  30  0.00134525
29  30  0.00140719
30  30  0.00178845
31  30  0.00148996
32  30  0.00169201
33  30  0.00189760
34  30  0.00226575
35  30  0.00167837
36  30  0.00135069
37  30  0.00048612
38  30  0.00084911
39  30  0.00044071
40  30  0.00018353
41  30  0.00020731
42  30  0.00025083
43  30  0.00019374
44  30  0.00010409
45  30  0.00061151
46  30  0.00032629
47  30  0.00022434
48  30  0.00021529
49  30  0.00018293
50  30  0.00013919
51  30  0.00016176
52  30  0.00014964
53  30  0.00016656
54  30  0.00037034
55  30  0.00037715
56  30  0.00071969
57  30  0.00019257
58  30  0.00014775
59  30  0.00049488
60  30  0.00016798
61  30  0.00018819
62  30  0.00021546
63  30  0.00016096
0  31  0.00023402
1  31  0.00015430
2  31  0.00025824
3  31  0.00016504
4  31  0.00005546
5  31  0.00064302
6  31  0.00008188
7  31  0.00009311
8  31  0.00027904
9  31  0.00010994
10  31  0.00014225
11  31  0.00038164
12  31  0.00011127
13  31  0.00022159
14  31  0.00031064
15  31  0.00016319
16  31  0.00005766
17  31  0.00016207
18  31  0.00012376
19  31  0.00036780
20  31  0.00028703
21  31  0.00027176
22  31  0.00009075
23  31  0.00022836
24  31  0.00038805
25  31  0.00086299
26  31  0.00055047
27  31  0.00080245
28  31  0.00187874
29  31  0.00150011
30  31  0.00157319
31  31  0.00215384
32  31  0.00256256
33  31  0.00194540
34  31  0.00227047
35  31  0.00189609
36  31  0.00145585
37  31  0.00125090
38  31  0.00085896
39  31  0.00042865
40  31  0.00072411
41  31  0.00029540
42  31  0.00018320
43  31  0.00012666
44  31  0.00018339
45  31  0.00011045
46  31  0.00011333
47  31  0.00014085
48  31  0.00028747
49  31  0.00017954
50  31  0.00017830
51  31  0.00028213
52  31  0.00025754
53  31  0.00031042
54  31  0.00019351
55  31  0.00030097
56  31  0.00031659
57  31  0.00017810
58  31  0.00013399
59  31  0.00029906
60  31  0.00023067
61  31  0.00020975
62  31  0.00013161
63  31  0.00020605
0  32  0.00028161
1  32  0.00010786
2  32  0.00015493
3  32  0.00045765
4  32  0.00009628
5  32  0.00017024
6  32  0.00021737
7  32  0.00025667
8  32  0.00016386
9  32  0.00027938
10  32  0.00036480
11  32  0.00015561
12  32  0.00018711
13  32  0.00012559
14  32  0.00037073
15  32  0.00014596
16  32  0.00021212
17  32  0.00015064
18  32  0.00014043
19  32  0.00019056
20  32  0.00044520
21  32  0.00032893
22  32  0.00014589
23  32  0.00026337
24  32  0.00015354
25  32  0.00059246
26  32  0.00084471
27  32  0.00103552
28  32  0.00164574
29  32  0.00185300
30  32  0.00320227
31  32  0.00344171
32  32  0.00328683
33  32  0.00286733
34  32  0.00216544
35  32  0.00132210
36  32  0.00135970
37  32  0.00131495
38  32  0.00068287
39  32  0.00040741
40  32  0.00055110
41  32  0.00031499
42  32  0.00007013
43  32  0.00014456
44  32  0.00016372
45  32  0.00021374
46  32  0.00015792
47  32  0.00014014
48  32  0.00060957
49  32  0.00028702
50  32  0.00017800
51  32  0.00021543
52  32  0.00012235
53  32  0.00026061
54  32  0.00033477
55  32  0.00010428
56  32  0.00045951
57  32  0.00009310
58  32  0.00013932
59  32  0.00020728
60  32  0.00006659
61  32  0.00016254
62  32  0.00038872
63  32  0.00022400
0  33  0.00016451
1  33  0.00014371
2  33  0.00027620
3  33  0.00005218
4  33  0.00016120
5  33  0.00007035
6  33  0.00006122
7  33  0.00017765
8  33  0.00018207
9  33  0.00010862
10  33  0.00024502
11  33  0.00040316
12  33  0.00029596
13  33  0.00031415
14  33  0.00011660
15  33  0.00013867
16  33  0.00026185
17  33  0.00019614
18  33  0.00018796
19  33  0.00026802
20  33  0.00023508
21  33  0.00020009
22  33  0.00004482
23  33  0.00011923
24  33  0.00032406
25  33  0.00056606
26  33  0.00032952
27  33  0.00056830
28  33  0.00115536
29  33  0.00191162
30  33  0.00220476
31  33  0.00155490
32  33  0.00254010
33  33  0.00207417
34  33  0.00266283
35  33  0.00083054
36  33  0.00114311
37  33  0.00154923
38  33  0.00077130
39  33  0.00050931
40  33  0.00026062
41  33  0.00032680
42  33  0.00015765
43  33  0.00030622
44  33  0.00018455
45  33  0.00025122
46  33  0.00022138
47  33  0.00006378
48  33  0.00036642
49  33  0.00017754
50  33  0.00011504
51  33  0.00019640
52  33  0.00022771
53  33  0.00035607
54  33  0.00019958
55  33  0.00016242
56  33  0.00031514
57  33  0.00017051
58  33  0.00010959
59  33  0.00017645
60  33  0.00014835
61  33  0.00018046
62  33  0.00010673
63  33  0.00015750
0  34  0.00030621
1  34  0.00022897
2  34  0.00020325
3  34  0.00016808
4  34  0.00017059
5  34  0.00012204
6  34  0.00007583
7  34  0.00026085
8  34  0.00017218
9  34  0.00040223
10  34  0.00007385
11  34  0.00021054
12  34  0.00022295
13  34  0.00008991
14  34  0.00012470
15  34  0.00012513
16  34  0.00026466
17  34  0.00034385
18  34  0.00028301
19  34  0.00014604
20  34  0.00017826
21  34  0.00015463
22  34  0.00007254
23  34  0.00019115
24  34  0.00028790
25  34  0.00024136
26  34  0.00082270
27  34  0.00086609
28  34  0.00137194
29  34  0.00168155
30  34  0.00197464
31  34  0.00195713
32  34  0.00207577
33  34  0.00289982
34  34  0.00227276
35  34  0.00192715
36  34  0.00203624
37  34  0.00074886
38  34  0.00059911
39  34  0.00078739
40  34  0.00033078
41  34  0.00047351
42  34  0.00058831
43  34  0.00014317
44  34  0.00005271
45  34  0.00015610
46  34  0.00026333
47  34  0.00006776
48  34  0.00018158
49  34  0.00013193
50  34  0.00012562
51  34  0.00013906
52  34  0.00030483
53  34  0.00026732
54  34  0.00027238
55  34  0.00025491
56  34  0.00020313
57  34  0.00012280
58  34  0.00016328
59  34  0.00016487
60  34  0.00008791
61  34  0.00028767
62  34  0.00021149
63  34  0.00023650
0  35  0.00028781
1  35  0.00009982
2  35  0.00014886
3  35  0.00021964
4  35  0.00016964
5  35  0.00020062
6  35  0.00014568
7  35  0.00016634
8  35  0.00032130
9  35  0.00033143
10  35  0.00013264
11  35  0.00006874
12  35  0.00022737
13  35  0.00008103
14  35  0.00040685
15  35  0.00013752
16  35  0.00024399
17  35  0.00012733
18  35  0.00055640
19  35  0.00019930
20  35  0.00021110
21  35  0.00031837
22  35  0.00013549
23  35  0.00017661
24  35  0.00079866
25  35  0.00050543
26  35  0.00106541
27  35  0.00082353
28  35  0.00080629
29  35  0.00105115
30  35  0.00234503
31  35  0.00212577
32  35  0.00201713
33  35  0.00129952
34  35  0.00236429
35  35  0.00178667
36  35  0.00105328
37  35  0.00088297
38  35  0.00079330
39  35  0.00042547
40  35  0.00046016
41  35  0.00025674
42  35  0.00026005
43  35  0.00005357
44  35  0.00009970
45  35  0.00020028
46  35  0.00034298
47  35  0.00018015
48  35  0.00040319
49  35  0.00012252
50  35  0.00023714
51  35  0.00010454
52  35  0.00013488
53  35  0.00013068
54  35  0.00010339
55  35  0.00026041
56  35  0.00021089
57  35  0.00019181
58  35  0.00013848
59  35  0.00020602
60  35  0.00018669
61  35  0.00018704
62  35  0.00024960
63  35  0.00009283
0  36  0.00011267
1  36  0.00019247
2  36  0.00027504
3  36  0.00016843
4  36  0.00038563
5  36  0.00013481
6  36  0.00009746
7  36  0.00008400
8  36  0.00013780
9  36  0.00072052
10  36  0.00016574
11  36  0.00019357
12  36  0.00039695
13  36  0.00026872
14  36  0.00022732
15  36  0.00016776
16  36  0.00013003
17  36  0.00035274
18  36  0.00021947
19  36  0.00019396
20  36  0.00019970
21  36  0.00014302
22  36  0.00028918
23  36  0.00024163
24  36  0.00049635
25  36  0.00028849
26  36  0.00043400
27  36  0.00047054
28  36  0.00093190
29  36  0.00102166
30  36  0.00140796
31  36  0.00181881
32  36  0.00112684
33  36  0.00165935
34  36  0.00107976
35  36  0.00166891
36  36  0.00068230
37  36  0.00034380
38  36  0.00025827
39  36  0.00033142
40  36  0.00033069
41  36  0.00011298
42  36  0.00008070
43  36  0.00018054
44  36  0.00027176
45  36  0.00005454
46  36  0.00032552
47  36  0.00015462
48  36  0.00011015
49  36  0.00010741
50  36  0.00018974
51  36  0.00008030
52  36  0.00014921
53  36  0.00012754
54  36  0.00014111
55  36  0.00015008
56  36  0.00017605
57  36  0.00047123
58  36  0.00022262
59  36  0.00040104
60  36  0.00014617
61  36  0.00027016
62  36  0.00009698
63  36  0.00031326
0  37  0.00027791
1  37  0.00020329
2  37  0.00016912
3  37  0.00011304
4  37  0.00013585
5  37  0.00019394
6  37  0.00011225
7  37  0.00009572
8  37  0.00020836
9  37  0.00006117
10  37  0.00012524
11  37  0.00030193
12  37  0.00022713
13  37  0.00022735
14  37  0.00027770
15  37  0.00036942
16  37  0.00037323
17  37  0.00017487
18  37  0.00011264
19  37  0.00007095
20  37  0.00025952
21  37  0.00021922
22  37  0.00029993
23  37  0.00008722
24  37  0.00012074
25  37  0.00029647
26  37  0.00038860
27  37  0.00061178
28  37  0.00052465
29  37  0.00066315
30  37  0.00064466
31  37  0.00187054
32  37  0.00172167
33  37  0.00114899
34  37  0.00091954
35  37  0.00067781
36  37  0.00107067
37  37  0.00115603
38  37  0.00065717
39  37  0.00024608
40  37  0.00041710
41  37  0.00029407
42  37  0.00012412
43  37  0.00031324
44  37  0.00010810
45  37  0.00034062
46  37  0.00030276
47  37  0.00034412
48  37  0.00036450
49  37  0.00023565
50  37  0.00011361
51  37  0.00034756
52  37  0.00032107
53  37  0.00021399
54  37  0.00013803
55  37  0.00018573
56  37  0.00016868
57  37  0.00010000
58  37  0.00025866
59  37  0.00024844
60  37  0.00011360
61  37  0.00004198
62  37  0.00028225
63  37  0.00023585
0  38  0.00013262
1  38  0.00012404
2  38  0.00012583
3  38  0.00037738
4  38  0.00011801
5  38  0.00021426
6  38  0.00035655
7  38  0.00017000
8  38  0.00018344
9  38  0.00018157
10  38  0.00011414
11  38  0.00019145
12  38  0.00021171
13  38  0.00019205
14  38  0.00017870
15  38  0.00030337
16  38  0.00025307
17  38  0.00021508
18  38  0.00014865
19  38  0.00018471
20  38  0.00015352
21  38  0.00010532
22  38  0.00018382
23  38  0.00026686
24  38  0.00033989
25  38  0.00017388
26  38  0.00055248
27  38  0.00057348
28  38  0.00061440
29  38  0.00074113
30  38  0.00062587
31  38  0.00049062
32  38  0.00064869
33  38  0.00103428
34  38  0.00033503
35  38  0.00034749
36  38  0.00010423
37  38  0.00019962
38  38  0.00027586
39  38  0.00071257
40  38  0.00016667
41  38  0.00027647
42  38  0.00038904
43  38  0.00009844
44  38  0.00007667
45  38  0.00019372
46  38  0.00034175
47  38  0.00035261
48  38  0.00020828
49  38  0.00025446
50  38  0.00016879
51  38  0.00012744
52  38  0.00034659
53  38  0.00015454
54  38  0.00014829
55  38  0.00024672
56  38  0.00030264
57  38  0.00017205
58  38  0.00030270
59  38  0.00028469
60  38  0.00018833
61  38  0.00032932
62  38  0.00044181
63  38  0.00046554
0  39  0.00032242
1  39  0.00016394
2  39  0.00031503
3  39  0.00016348
4  39  0.00040862
5  39  0.00013795
6  39  0.00017902
7  39  0.00009297
8  39  0.00030028
9  39  0.00011877
10  39  0.00018467
11  39  0.00015527
12  39  0.00044308
13  39  0.00028361
14  39  0.00018807
15  39  0.00012004
16  39  0.00010090
17  39  0.00012247
18  39  0.00027722
19  39  0.00037023
20  39  0.00049030
21  39  0.00021944
22  39  0.00022930
23  39  0.00037362
24  39  0.00027221
25  39  0.00029811
26  39  0.00018816
27  39  0.00079845
28  39  0.00058382
29  39  0.00053697
30  39  0.00044135
31  39  0.00027258
32  39  0.00050460
33  39  0.00036139
34  39  0.00087718
35  39  0.00047071
36  39  0.00053050
37  39  0.00024799
38  39  0.00036901
39  39  0.00020870
40  39  0.00045903
41  39  0.00009404
42  39  0.00033160
43  39  0.00022279
44  39  0.00023147
45  39  0.00007100
46  39  0.00033430
47  39  0.00016630
48  39  0.00013488
49  39  0.00017033
50  39  0.00017260
51  39  0.00005632
52  39  0.00029315
53  39  0.00030224
54  39  0.00008721
55  39  0.00006650
56  39  0.00023619
57  39  0.00013910
58  39  0.00018275
59  39  0.00012469
60  39  0.00030525
61  39  0.00023359
62  39  0.00016211
63  39  0.00036264
0  40  0.00030030
1  40  0.00013508
2  40  0.00037171
3  40  0.00011340
4  40  0.00015209
5  40  0.00013017
6  40  0.00023690
7  40  0.00015936
8  40  0.00024103
9  40  0.00015167
10  40  0.00014243
11  40  0.00006080
12  40  0.00027442
13  40  0.00012176
14  40  0.00043807
15  40  0.00036000
16  40  0.00012858
17  40  0.00023291
18  40  0.00029503
19  40  0.00023430
20  40  0.00022113
21  40  0.00011328
22  40  0.00039043
23  40  0.00036045
24  40  0.00034009
25  40  0.00015094
26  40  0.00005297
27  40  0.00019660
28  40  0.00060337
29  40  0.00035422
30  40  0.00019032
31  40  0.00020553
32  40  0.00025257
33  40  0.00026829
34  40  0.00030661
35  40  0.00030116
36  40  0.00038566
37  40  0.00018660
38  40  0.00028276
39  40  0.00017196
40  40  0.00012489
41  40  0.00043311
42  40  0.00028493
43  40  0.00033080
44  40  0.00012001
45  40  0.00023617
46  40  0.00009984
47  40  0.00015224
48  40  0.00016077
49  40  0.00013241
50  40  0.00014004
51  40  0.00028252
52  40  0.00013633
53  40  0.00024654
54  40  0.00017967
55  40  0.00008277
56  40  0.00009571
57  40  0.00014975
58  40  0.00006109
59  40  0.00011529
60  40  0.00016140
61  40  0.00036236
62  40  0.00035288
63  40  0.00016861
0  41  0.00018889
1  41  0.00012045
2  41  0.00034172
3  41  0.00014980
4  41  0.00016736
5  41  0.00013841
6  41  0.00040232
7  41  0.00011827
8  41  0.00015647
9  41  0.00006625
10  41  0.00014150
11  41  0.00015356
12  41  0.00020814
13  41  0.00015147
14  41  0.00022475
15  41  0.00012264
16  41  0.00023746
17  41  0.00032466
18  41  0.00017785
19  41  0.00028810
20  41  0.00009042
21  41  0.00029854
22  41  0.00007758
23  41  0.00007124
24  41  0.00019425
25  41  0.00017449
26  41  0.00012451
27  41  0.00015665
28  41  0.00023875
29  41  0.00032794
30  41  0.00029079
31  41  0.00017566
32  41  0.00044493
33  41  0.00034004
34  41  0.00019115
35  41  0.00018271
36  41  0.00028213
37  41  0.00045951
38  41  0.00015509
39  41  0.00024389
40  41  0.00027206
41  41  0.00029926
42  41  0.00026440
43  41  0.00028256
44  41  0.00009704
45  41  0.00007602
46  41  0.00038894
47  41  0.00032101
48  41  0.00025489
49  41  0.00031446
50  41  0.00013574
51  41  0.00022188
52  41  0.00010654
53  41  0.00016126
54  41  0.00032658
55  41  0.00009790
56  41  0.00012539
57  41  0.00022761
58  41  0.00030804
59  41  0.00011968
60  41  0.00006514
61  41  0.00016089
62  41  0.00023075
63  41  0.00015345
0  42  0.00021418
1  42  0.00015710
2  42  0.00006478
3  42  0.00010132
4  42  0.00021721
5  42  0.00012930
6  42  0.00014832
7  42  0.00008898
8  42  0.00015793
9  42  0.00029007
10  42  0.00023862
11  42  0.00042021
12  42  0.00005826
13  42  0.00033948
14  42  0.00015021
15  42  0.00010348
16  42  0.00020532
17  42  0.00045848
18  42  0.00039526
19  42  0.00024263
20  42  0.00012657
21  42  0.00018516
22  42  0.00019416
23  42  0.00017758
24  42  0.00010895
25  42  0.00004037
26  42  0.00018584
27  42  0.00029743
28  42  0.00019386
29  42  0.00014911
30  42  0.00004064
31  42  0.00022257
32  42  0.00019191
33  42  0.00020739
34  42  0.00009753
35  42  0.00009826
36  42  0.00022159
37  42  0.00015444
38  42  0.00026046
39  42  0.00021153
40  42  0.00056782
41  42  0.00003944
42  42  0.00015968
43  42  0.00014573
44  42  0.00011012
45  42  0.00013175
46  42  0.00006824
47  42  0.00025769
48  42  0.00012840
49  42  0.00024677
50  42  0.00008719
51  42  0.00048998
52  42  0.00025300
53  42  0.00030137
54  42  0.00012934
55  42  0.00016009
56  42  0.00009579
57  42  0.00025448
58  42  0.00028455
59  42  0.00020185
60  42  0.00010101
61  42  0.00012470
62  42  0.00022862
63  42  0.00026536
0  43  0.00010176
1  43  0.00015896
2  43  0.00014643
3  43  0.00008862
4  43  0.00012399
5  43  0.00020248
6  43  0.00020595
7  43  0.00019918
8  43  0.00031127
9  43  0.00023624
10  43  0.00029635
11  43  0.00021832
12  43  0.00026037
13  43  0.00011386
14  43  0.00017236
15  43  0.00015688
16  43  0.00015132
17  43  0.00045605
18  43  0.00021098
19  43  0.00011999
20  43  0.00015639
21  43  0.00015822
22  43  0.00011685
23  43  0.00015727
24  43  0.00032178
25  43  0.00040382
26  43  0.00030290
27  43  0.00011126
28  43  0.00021746
29  43  0.00045145
30  43  0.00054613
31  43  0.00016902
32  43  0.00010410
33  43  0.00032056
34  43  0.00040023
35  43  0.00019961
36  43  0.00013512
37  43  0.00031032
38  43  0.00022963
39  43  0.00028486
40  43  0.00014848
41  43  0.00030345
42  43  0.00008337
43  43  0.00008735
44  43  0.00032864
45  43  0.00002462
46  43  0.00021540
47  43  0.00032891
48  43  0.00009404
49  43  0.00017064
50  43  0.00019026
51  43  0.00029041
52  43  0.00012123
53  43  0.00019961
54  43  0.00024563
55  43  0.00020664
56  43  0.00021742
57  43  0.00013007
58  43  0.00037509
59  43  0.00018856
60  43  0.00008164
61  43  0.00045710
62  43  0.00029907
63  43  0.00013617
0  44  0.00024919
1  44  0.00019704
2  44  0.00048456
3  44  0.00008971
4  44  0.00020553
5  44  0.00026596
6  44  0.00024415
7  44  0.00019338
8  44  0.00015825
9  44  0.00023865
10  44  0.00006539
11  44  0.00022899
12  44  0.00030304
13  44  0.00012152
14  44  0.00009493
15  44  0.00020273
16  44  0.00025009
17  44  0.00008901
18  44  0.00018092
19  44  0.00007597
20  44  0.00016972
21  44  0.00004454
22  44  0.00015611
23  44  0.00013019
24  44  0.00031872
25  44  0.00033945
26  44  0.00025234
27  44  0.00004155
28  44  0.00018539
29  44  0.00023600
30  44  0.00013379
31  44  0.00030645
32  44  0.00037317
33  44  0.00016452
34  44  0.00019128
35  44  0.00024388
36  44  0.00012076
37  44  0.00019506
38  44  0.00014135
39  44  0.00010908
40  44  0.00011929
41  44  0.00015409
42  44  0.00016329
43  44  0.00022533
44  44  0.00047800
45  44  0.00017649
46  44  0.00020859
47  44  0.00049145
48  44  0.00020480
49  44  0.00012818
50  44  0.00005180
51  44  0.00015378
52  44  0.00018052
53  44  0.00046039
54  44  0.00008056
55  44  0.00009767
56  44  0.00028536
57  44  0.00016027
58  44  0.00028922
59  44  0.00018974
60  44  0.00022659
61  44  0.00010240
62  44  0.00020485
63  44  0.00029037
0  45  0.00043672
1  45  0.00009944
2  45  0.00008857
3  45  0.00011382
4  45  0.00017434
5  45  0.00025338
6  45  0.00009762
7  45  0.00031398
8  45  0.00003996
9  45  0.00007772
10  45  0.00030016
11  45  0.00016977
12  45  0.00005057
13  45  0.00016388
14  45  0.00013703
15  45  0.00025688
16  45  0.00012527
17  45  0.00008546
18  45  0.00013476
19  45  0.00023051
20  45  0.00017961
21  45  0.00021146
22  45  0.00025375
23  45  0.00021605
24  45  0.00015728
25  45  0.00013447
26  45  0.00004347
27  45  0.00044603
28  45  0.00017331
29  45  0.00014889
30  45  0.00033181
31  45  0.00014896
32  45  0.00018260
33  45  0.00008035
34  45  0.00032543
35  45  0.00040261
36  45  0.00017689
37  45  0.00038602
38  45  0.00017759
39  45  0.00019606
40  45  0.00011025
41  45  0.00009201
42  45  0.00033629
43  45  0.00012150
44  45  0.00011528
45  45  0.00016311
46  45  0.00019479
47  45  0.00027954
48  45  0.00018083
49  45  0.00010629
50  45  0.00032203
51  45  0.00009203
52  45  0.00032026
53  45  0.00006161
54  45  0.00021895
55  45  0.00026872
56  45  0.00015651
57  45  0.00021373
58  45  0.00044766
59  45  0.00028937
60  45  0.00014943
61  45  0.00012678
62  45  0.00015226
63  45  0.00025969
0  46  0.00044592
1  46  0.00009441
2  46  0.00019627
3  46  0.00019772
4  46  0.00016591
5  46  0.00013448
6  46  0.00041884
7  46  0.00024201
8  46  0.00036539
9  46  0.00005497
10  46  0.00020577
11  46  0.00007942
12  46  0.00014033
13  46  0.00007132
14  46  0.00021937
15  46  0.00025227
16  46  0.00014959
17  46  0.00011650
18  46  0.00021191
19  46  0.00025468
20  46  0.00021587
21  46  0.00017888
22  46  0.00021061
23  46  0.00030872
24  46  0.00016610
25  46  0.00021424
26  46  0.00030812
27  46  0.00007331
28  46  0.00011069
29  46  0.00016143
30  46  0.00010244
31  46  0.00014324
32  46  0.00024440
33  46  0.00013527
34  46  0.00030616
35  46  0.00023009
36  46  0.00009355
37  46  0.00042207
38  46  0.00029728
39  46  0.00020003
40  46  0.00003508
41  46  0.00007661
42  46  0.00012056
43  46  0.00013018
44  46  0.00014090
45  46  0.00003090
46  46  0.00016542
47  46  0.00026839
48  46  0.00011547
49  46  0.00010944
50  46  0.00025980
51  46  0.00017106
52  46  0.00025929
53  46  0.00022063
54  46  0.00017327
55  46  0.00039559
56  46  0.00013834
57  46  0.00011156
58  46  0.00015400
59  46  0.00036225
60  46  0.00033945
61  46  0.00012966
62  46  0.00022375
63  46  0.00017948
0  47  0.00024625
1  47  0.00017845
2  47  0.00009725
3  47  0.00009476
4  47  0.00023787
5  47  0.00008384
6  47  0.00008967
7  47  0.00027312
8  47  0.00013259
9  47  0.00013088
10  47  0.00005149
11  47  0.00039140
12  47  0.00021739
13  47  0.00028375
14  47  0.00012877
15  47  0.00012704
16  47  0.00013346
17  47  0.00025595
18  47  0.00021450
19  47  0.00022407
20  47  0.00022581
21  47  0.00021625
22  47  0.00013241
23  47  0.00010302
24  47  0.00015365
25  47  0.00021318
26  47  0.00018432
27  47  0.00005392
28  47  0.00026325
29  47  0.00033051
30  47  0.00029004
31  47  0.00008971
32  47  0.00011685
33  47  0.00028582
34  47  0.00018400
35  47  0.00028123
36  47  0.00016290
37  47  0.00033806
38  47  0.00016311
39  47  0.00027423
40  47  0.00019347
41  47  0.00015494
42  47  0.00020685
43  47  0.00024574
44  47  0.00016195
45  47  0.00010924
46  47  0.00023310
47  47  0.00017746
48  47  0.00031013
49  47  0.00014580
50  47  0.00004716
51  47  0.00028428
52  47  0.00027433
53  47  0.00021694
54  47  0.00016395
55  47  0.00028337
56  47  0.00016959
57  47  0.00012301
58  47  0.00028941
59  47  0.00012541
60  47  0.00023285
61  47  0.00012773
62  47  0.00011533
63  47  0.00015422
0  48  0.00015107
1  48  0.00014032
2  48  0.00005179
3  48  0.00008174
4  48  0.00017220
5  48  0.00010580
6  48  0.00027728
7  48  0.00005293
8  48  0.00021016
9  48  0.00017949
10  48  0.00034269
11  48  0.00019682
12  48  0.00023602
13  48  0.00047408
14  48  0.00008180
15  48  0.00039660
16  48  0.00014828
17  48  0.00024195
18  48  0.00028902
19  48  0.00022094
20  48  0.00015263
21  48  0.00050658
22  48  0.00018874
23  48  0.00016081
24  48  0.00023401
25  48  0.00035912
26  48  0.00024410
27  48  0.00052885
28  48  0.00023910
29  48  0.00023943
30  48  0.00009525
31  48  0.00015595
32  48  0.00027128
33  48  0.00016993
34  48  0.00016967
35  48  0.00003988
36  48  0.00015023
37  48  0.00029554
38  48  0.00012171
39  48  0.00010093
40  48  0.00016257
41  48  0.00019448
42  48  0.00028527
43  48  0.00028483
44  48  0.00011798
45  48  0.00004820
46  48  0.00019736
47  48  0.00023059
48  48  0.00020414
49  48  0.00013128
50  48  0.00013091
51  48  0.00012524
52  48  0.00020689
53  48  0.00034445
54  48  0.00014560
55  48  0.00008147
56  48  0.00014714
57  48  0.00019385
58  48  0.00010971
59  48  0.00015399
60  48  0.00010752
61  48  0.00019085
62  48  0.00003970
63  48  0.00015634
0  49  0.00005612
1  49  0.00023852
2  49  0.00025509
3  49  0.00015072
4  49  0.00006622
5  49  0.00027766
6  49  0.00011865
7  49  0.00007676
8  49  0.00014653
9  49  0.00030871
10  49  0.00016485
11  49  0.00023616
12  49  0.00032094
13  49  0.00017216
14  49  0.00017868
15  49  0.00019290
16  49  0.00015228
17  49  0.00020084
18  49  0.00022938
19  49  0.00041308
20  49  0.00013925
21  49  0.00008776
22  49  0.00011061
23  49  0.00023084
24  49  0.00029164
25  49  0.00011686
26  49  0.00024534
27  49  0.00022035
28  49  0.00019057
29  49  0.00023753
30  49  0.00052418
31  49  0.00015674
32  49  0.00019907
33  49  0.00029558
34  49  0.00019908
35  49  0.00018945
36  49  0.00020769
37  49  0.00009205
38  49  0.00021811
39  49  0.00043304
40  49  0.00024444
41  49  0.00026876
42  49  0.00021955
43  49  0.00012908
44  49  0.00012791
45  49  0.00035740
46  49  0.00042676
47  49  0.00017522
48  49  0.00008070
49  49  0.00011946
50  49  0.00015329
51  49  0.00026386
52  49  0.00020870
53  49  0.00032093
54  49  0.00019843
55  49  0.00018504
56  49  0.00020621
57  49  0.00006813
58  49  0.00014764
59  49  0.00016568
60  49  0.00041172
61  49  0.00010041
62  49  0.00004147
63  49  0.00026482
0  50  0.00019735
1  50  0.00029262
2  50  0.00020862
3  50  0.00029386
4  50  0.00015864
5  50  0.00019834
6  50  0.00015616
7  50  0.00012249
8  50  0.00039101
9  50  0.00009423
10  50  0.00027467
11  50  0.00008706
12  50  0.00010835
13  50  0.00012266
14  50  0.00014852
15  50  0.00013292
16  50  0.00014206
17  50  0.00020272
18  50  0.00007313
19  50  0.00012984
20  50  0.00022838
21  50  0.00032631
22  50  0.00007078
23  50  0.00009809
24  50  0.00025908
25  50  0.00040132
26  50  0.00017609
27  50  0.00013994
28  50  0.00049693
29  50  0.00020897
30  50  0.00017778
31  50  0.00033528
32  50  0.00025638
33  50  0.00019596
34  50  0.00027137
35  50  0.00024425
36  50  0.00016090
37  50  0.00015263
38  50  0.00025142
39  50  0.00015766
40  50  0.00027422
41  50  0.00015509
42  50  0.00009515
43  50  0.00014889
44  50  0.00026564
45  50  0.00007155
46  50  0.00028553
47  50  0.00050852
48  50  0.00032587
49  50  0.00021173
50  50  0.00027471
51  50  0.00016112
52  50  0.00014191
53  50  0.00018649
54  50  0.00040365
55  50  0.00004844
56  50  0.00013553
57  50  0.00010582
58  50  0.00010325
59  50  0.00016383
60  50  0.00017055
61  50  0.00019903
62  50  0.00017133
63  50  0.00023967
0  51  0.00023782
1  51  0.00016224
2  51  0.00016247
3  51  0.00015333
4  51  0.00018103
5  51  0.00012493
6  51  0.00011890
7  51  0.00019143
8  51  0.00015521
9  51  0.00015725
10  51  0.00005876
11  51  0.00044392
12  51  0.00018024
13  51  0.00022953
14  51  0.00011051
15  51  0.00016300
16  51  0.00018404
17  51  0.00032460
18  51  0.00043072
19  51  0.00027413
20  51  0.00032251
21  51  0.00034261
22  51  0.00024659
23  51  0.00020554
24  51  0.00028756
25  51  0.00012605
26  51  0.00024568
27  51  0.00011367
28  51  0.00011741
29  51  0.00031976
30  51  0.00010111
31  51  0.00008577
32  51  0.00009867
33  51  0.00016167
34  51  0.00006410
35  51  0.00021944
36  51  0.00022873
37  51  0.00007933
38  51  0.00016966
39  51  0.00018882
40  51  0.00013618
41  51  0.00015588
42  51  0.00025760
43  51  0.00018089
44  51  0.00022579
45  51  0.00006210
46  51  0.00021011
47  51  0.00028451
48  51  0.00031262
49  51  0.00016472
50  51  0.00030311
51  51  0.00034681
52  51  0.00016775
53  51  0.00019444
54  51  0.00021842
55  51  0.00011603
56  51  0.00025755
57  51  0.00019700
58  51  0.00034152
59  51  0.00010140
60  51  0.00020281
61  51  0.00034268
62  51  0.00021941
63  51  0.00019902
0  52  0.00020502
1  52  0.00018508
2  52  0.00015837
3  52  0.00015681
4  52  0.00036495
5  52  0.00010046
6  52  0.00008566
7  52  0.00007087
8  52  0.00018579
9  52  0.00011531
10  52  0.00015715
11  52  0.00031934
12  52  0.00021446
13  52  0.00026960
14  52  0.00009844
15  52  0.00020907
16  52  0.00028350
17  52  0.00011917
18  52  0.00016902
19  52  0.00016316
20  52  0.00019747
21  52  0.00028167
22  52  0.00014264
23  52  0.00021020
24  52  0.00018875
25  52  0.00012364
26  52  0.00019036
27  52  0.00017451
28  52  0.00034156
29  52  0.00010080
30  52  0.00007365
31  52  0.00017092
32  52  0.00014818
33  52  0.00022071
34  52  0.00016316
35  52  0.00027421
36  52  0.00031817
37  52  0.00041011
38  52  0.00007885
39  52  0.00017480
40  52  0.00016682
41  52  0.00013249
42  52  0.00014922
43  52  0.00021850
44  52  0.00014505
45  52  0.00019335
46  52  0.00015804
47  52  0.00018442
48  52  0.00008535
49  52  0.00014544
50  52  0.00021282
51  52  0.00013628
52  52  0.00029097
53  52  0.00017349
54  52  0.00019930
55  52  0.00017102
56  52  0.00027761
57  52  0.00008374
58  52  0.00029264
59  52  0.00014677
60  52  0.00032044
61  52  0.00023389
62  52  0.00034537
63  52  0.00026459
0  53  0.00029444
1  53  0.00029408
2  53  0.00020948
3  53  0.00028403
4  53  0.00031860
5  53  0.00016009
6  53  0.00009169
7  53  0.00046055
8  53  0.00033028
9  53  0.00010879
10  53  0.00026175
11  53  0.00024244
12  53  0.00020099
13  53  0.00014536
14  53  0.00011644
15  53  0.00011364
16  53  0.00018983
17  53  0.00006031
18  53  0.00017862
19  53  0.00015154
20  53  0.00013709
21  53  0.00034629
22  53  0.00022153
23  53  0.00006894
24  53  0.00016692
25  53  0.00018133
26  53  0.00002841
27  53  0.00020609
28  53  0.00020484
29  53  0.00006522
30  53  0.00020362
31  53  0.00023401
32  53  0.00011535
33  53  0.00020509
34  53  0.00019817
35  53  0.00012885
36  53  0.00040695
37  53  0.00006645
38  53  0.00010170
39  53  0.00018275
40  53  0.00024601
41  53  0.00018328
42  53  0.00008335
43  53  0.00016166
44  53  0.00022925
45  53  0.00015811
46  53  0.00016198
47  53  0.00004695
48  53  0.00009408
49  53  0.00008554
50  53  0.00018432
51  53  0.00010325
52  53  0.00011876
53  53  0.00025926
54  53  0.00017228
55  53  0.00021045
56  53  0.00011316
57  53  0.00020857
58  53  0.00007529
59  53  0.00027460
60  53  0.00026771
61  53  0.00013217
62  53  0.00008930
63  53  0.00017124
0  54  0.00017002
1  54  0.00012793
2  54  0.00025693
3  54  0.00019238
4  54  0.00010622
5  54  0.00035146
6  54  0.00025618
7  54  0.00012361
8  54  0.00009068
9  54  0.00015699
10  54  0.00006777
11  54  0.00021704
12  54  0.00017141
13  54  0.00033171
14  54  0.00009538
15  54  0.00016584
16  54  0.00012521
17  54  0.00029490
18  54  0.00018881
19  54  0.00005467
20  54  0.00040085
21  54  0.00003903
22  54  0.00031423
23  54  0.00022844
24  54  0.00015274
25  54  0.00039564
26  54  0.00021916
27  54  0.00013357
28  54  0.00006709
29  54  0.00030649
30  54  0.00007692
31  54  0.00007140
32  54  0.00025345
33  54  0.00038089
34  54  0.00035764
35  54  0.00026145
36  54  0.00018569
37  54  0.00014392
38  54  0.00028283
39  54  0.00023205
40  54  0.00006801
41  54  0.00027671
42  54  0.00014412
43  54  0.00012100
44  54  0.00031441
45  54  0.00024854
46  54  0.00017206
47  54  0.00043587
48  54  0.00016058
49  54  0.00016542
50  54  0.00019565
51  54  0.00030517
52  54  0.00043219
53  54  0.00015565
54  54  0.00025063
55  54  0.00006987
56  54  0.00022195
57  54  0.00008238
58  54  0.00019388
59  54  0.00020504
60  54  0.00005639
61  54  0.00013272
62  54  0.00038930
63  54  0.00008557
0  55  0.00033135
1  55  0.00021884
2  55  0.00022368
3  55  0.00020555
4  55  0.00025085
5  55  0.00011123
6  55  0.00005762
7  55  0.00007809
8  55  0.00017423
9  55  0.00010221
10  55  0.00023475
11  55  0.00032517
12  55  0.00019787
13  55  0.00024594
14  55  0.00015602
15  55  0.00016936
16  55  0.00048811
17  55  0.00015815
18  55  0.00007583
19  55  0.00016348
20  55  0.00017343
21  55  0.00021975
22  55  0.00022230
23  55  0.00026631
24  55  0.00006801
25  55  0.00045900
26  55  0.00009078
27  55  0.00018429
28  55  0.00064218
29  55  0.00011319
30  55  0.00017328
31  55  0.00014550
32  55  0.00012752
33  55  0.00020076
34  55  0.00013667
35  55  0.00012060
36  55  0.00017792
37  55  0.00029792
38  55  0.00010557
39  55  0.00030845
40  55  0.00021532
41  55  0.00014978
42  55  0.00028474
43  55  0.00024399
44  55  0.00021749
45  55  0.00019964
46  55  0.00041002
47  55  0.00003751
48  55  0.00024585
49  55  0.00027672
50  55  0.00023383
51  55  0.00049485
52  55  0.00012116
53  55  0.00014414
54  55  0.00014943
55  55  0.00019859
56  55  0.00016136
57  55  0.00030041
58  55  0.00013699
59  55  0.00014507
60  55  0.00014018
61  55  0.00014871
62  55  0.00017446
63  55  0.00031799
0  56  0.00031262
1  56  0.00007447
2  56  0.00015500
3  56  0.00018924
4  56  0.00023563
5  56  0.00010561
6  56  0.00039234
7  56  0.00009642
8  56  0.00028701
9  56  0.00010933
10  56  0.00031410
11  56  0.00028216
12  56  0.00022503
13  56  0.00023784
14  56  0.00009950
15  56  0.00032688
16  56  0.00017899
17  56  0.00015332
18  56  0.00014857
19  56  0.00018234
20  56  0.00027117
21  56  0.00020462
22  56  0.00031515
23  56  0.00027384
24  56  0.00006731
25  56  0.00024064
26  56  0.00004804
27  56  0.00025637
28  56  0.00025099
29  56  0.00011693
30  56  0.00038223
31  56  0.00008443
32  56  0.00010932
33  56  0.00033748
34  56  0.00003060
35  56  0.00020777
36  56  0.00015200
37  56  0.00031736
38  56  0.00019990
39  56  0.00023536
40  56  0.00024212
41  56  0.00024308
42  56  0.00011859
43  56  0.00008364
44  56  0.00015972
45  56  0.00021135
46  56  0.00012803
47  56  0.00025747
48  56  0.00013637
49  56  0.00015848
50  56  0.00007001
51  56  0.00014329
52  56  0.00011132
53  56  0.00009886
54  56  0.00036118
55  56  0.00023609
56  56  0.00017598
57  56  0.00012012
58  56  0.00008630
59  56  0.00011359
60  56  0.00015631
61  56  0.00020019
62  56  0.00013365
63  56  0.00009652
0  57  0.00019615
1  57  0.00010795
2  57  0.00013763
3  57  0.00024963
4  57  0.00011680
5  57  0.00010988
6  57  0.00016937
7  57  0.00008101
8  57  0.00014914
9  57  0.00035524
10  57  0.00018531
11  57  0.00012608
12  57  0.00005788
13  57  0.00019994
14  57  0.00014285
15  57  0.00004866
16  57  0.00018700
17  57  0.00027262
18  57  0.00006108
19  57  0.00009259
20  57  0.00010220
21  57  0.00012781
22  57  0.00021761
23  57  0.00019469
24  57  0.00024190
25  57  0.00016930
26  57  0.00026671
27  57  0.00018315
28  57  0.00033760
29  57  0.00023593
30  57  0.00017588
31  57  0.00021195
32  57  0.00017512
33  57  0.00004602
34  57  0.00026732
35  57  0.00019310
36  57  0.00021526
37  57  0.00022930
38  57  0.00014492
39  57  0.00021336
40  57  0.00007702
41  57  0.00040186
42  57  0.00018708
43  57  0.00011745
44  57  0.00017864
45  57  0.00014489
46  57  0.00013269
47  57  0.00049193
48  57  0.00008453
49  57  0.00021358
50  57  0.00020054
51  57  0.00054415
52  57  0.00023267
53  57  0.00003111
54  57  0.00005611
55  57  0.00015747
56  57  0.00016801
57  57  0.00010887
58  57  0.00010315
59  57  0.00034229
60  57  0.00011877
61  57  0.00017895
62  57  0.00031710
63  57  0.00026670
0  58  0.00013005
1  58  0.00016114
2  58  0.00007206
3  58  0.00021736
4  58  0.00010586
5  58  0.00032209
6  58  0.00024913
7  58  0.00014851
8  58  0.00013626
9  58  0.00023832
10  58  0.00017714
11  58  0.00037127
12  58  0.00022589
13  58  0.00017176
14  58  0.00008650
15  58  0.00014116
16  58  0.00011602
17  58  0.00011969
18  58  0.00018036
19  58  0.00011502
20  58  0.00012029
21  58  0.00028417
22  58  0.00024813
23  58  0.00014652
24  58  0.00009618
25  58  0.00011105
26  58  0.00029512
27  58  0.00012386
28  58  0.00028466
29  58  0.00031625
30  58  0.00020415
31  58  0.00012466
32  58  0.00007988
33  58  0.00016414
34  58  0.00024084
35  58  0.00016428
36  58  0.00029341
37  58  0.00037108
38  58  0.00028299
39  58  0.00010834
40  58  0.00025353
41  58  0.00007586
42  58  0.00007345
43  58  0.00027329
44  58  0.00009126
45  58  0.00011059
46  58  0.00014322
47  58  0.00008212
48  58  0.00015364
49  58  0.00022193
50  58  0.00024330
51  58  0.00014012
52  58  0.00011281
53  58  0.00013735
54  58  0.00019992
55  58  0.00007309
56  58  0.00020436
57  58  0.00020646
58  58  0.00014115
59  58  0.00013041
60  58  0.00018858
61  58  0.00012706
62  58  0.00025221
63  58  0.00015427
0  59  0.00018831
1  59  0.00010580
2  59  0.00034703
3  59  0.00019002
4  59  0.00014837
5  59  0.00014011
6  59  0.00013080
7  59  0.00011281
8  59  0.00019302
9  59  0.00012521
10  59  0.00017044
11  59  0.00034425
12  59  0.00035334
13  59  0.00015301
14  59  0.00015537
15  59  0.00019900
16  59  0.00021608
17  59  0.00012644
18  59  0.00025020
19  59  0.00017471
20  59  0.00030434
21  59  0.00014382
22  59  0.00039885
23  59  0.00017392
24  59  0.00018672
25  59  0.00024032
26  59  0.00021392
27  59  0.00028489
28  59  0.00035103
29  59  0.00010882
30  59  0.00021118
31  59  0.00005593
32  59  0.00021629
33  59  0.00021520
34  59  0.00019717
35  59  0.00026496
36  59  0.00040079
37  59  0.00013871
38  59  0.00035469
39  59  0.00025670
40  59  0.00029053
41  59  0.00015687
42  59  0.00010302
43  59  0.00018138
44  59  0.00020283
45  59  0.00008210
46  59  0.00034383
47  59  0.00016171
48  59  0.00016108
49  59  0.00007206
50  59  0.00017388
51  59  0.00009100
52  59  0.00010177
53  59  0.00023576
54  59  0.00034452
55  59  0.00026113
56  59  0.00029902
57  59  0.00012124
58  59  0.00012958
59  59  0.00004686
60  59  0.00016950
61  59  0.00016096
62  59  0.00021997
63  59  0.00011759
0  60  0.00035552
1  60  0.00006522
2  60  0.00007167
3  60  0.00012676
4  60  0.00010053
5  60  0.00032930
6  60  0.00047056
7  60  0.00009198
8  60  0.00012242
9  60  0.00017871
10  60  0.00018154
11  60  0.00014332
12  60  0.00009511
13  60  0.00009344
14  60  0.00025600
15  60  0.00008793
16  60  0.00013341
17  60  0.00023271
18  60  0.00008049
19  60  0.00023431
20  60  0.00031048
21  60  0.00027734
22  60  0.00029368
23  60  0.00019136
24  60  0.00005725
25  60  0.00033235
26  60  0.00020641
27  60  0.00017136
28  60  0.00006261
29  60  0.00004869
30  60  0.00027105
31  60  0.00009682
32  60  0.00007810
33  60  0.00004803
34  60  0.00005315
35  60  0.00009716
36  60  0.00009484
37  60  0.00011039
38  60  0.00008370
39  60  0.00026708
40  60  0.00028238
41  60  0.00009984
42  60  0.00029801
43  60  0.00004590
44  60  0.00021753
45  60  0.00021852
46  60  0.00035164
47  60  0.00022609
48  60  0.00011324
49  60  0.00023204
50  60  0.00015669
51  60  0.00014467
52  60  0.00041843
53  60  0.00014477
54  60  0.00036823
55  60  0.00020718
56  60  0.00009465
57  60  0.00011083
58  60  0.00019826
59  60  0.00016159
60  60  0.00015293
61  60  0.00027107
62  60  0.00012705
63  60  0.00023603
0  61  0.00011403
1  61  0.00014304
2  61  0.00014141
3  61  0.00017239
4  61  0.00037206
5  61  0.00004943
6  61  0.00012352
7  61  0.00014404
8  61  0.00018310
9  61  0.00013780
10  61  0.00026247
11  61  0.00004051
12  61  0.00020222
13  61  0.00005935
14  61  0.00022517
15  61  0.00018936
16  61  0.00009471
17  61  0.00022371
18  61  0.00020166
19  61  0.00009319
20  61  0.00031446
21  61  0.00019749
22  61  0.00007382
23  61  0.00015983
24  61  0.00042766
25  61  0.00042111
26  61  0.00017970
27  61  0.00012148
28  61  0.00041245
29  61  0.00038111
30  61  0.00031826
31  61  0.00013169
32  61  0.00020974
33  61  0.00028460
34  61  0.00014107
35  61  0.00021971
36  61  0.00013903
37  61  0.00005039
38  61  0.00011163
39  61  0.00021228
40  61  0.00022021
41  61  0.00014858
42  61  0.00014726
43  61  0.00018184
44  61  0.00007696
45  61  0.00007563
46  61  0.00014600
47  61  0.00026055
48  61  0.00029288
49  61  0.00017606
50  61  0.00009798
51  61  0.00024105
52  61  0.00009704
53  61  0.00007326
54  61  0.00017118
55  61  0.00035686
56  61  0.00015911
57  61  0.00007884
58  61  0.00018747
59  61  0.00016528
60  61  0.00023860
61  61  0.00030832
62  61  0.00018647
63  61  0.00015479
0  62  0.00013140
1  62  0.00027640
2  62  0.00024123
3  62  0.00014950
4  62  0.00014963
5  62  0.00008853
6  62  0.00013072
7  62  0.00004521
8  62  0.00038702
9  62  0.00018978
10  62  0.00011702
11  62  0.00040990
12  62  0.00006372
13  62  0.00026098
14  62  0.00029457
15  62  0.00007320
16  62  0.00017016
17  62  0.00007544
18  62  0.00033293
19  62  0.00021665
20  62  0.00021876
21  62  0.00026277
22  62  0.00015939
23  62  0.00029938
24  62  0.00012211
25  62  0.00015840
26  62  0.00017800
27  62  0.00012072
28  62  0.00013653
29  62  0.00018982
30  62  0.00036149
31  62  0.00022708
32  62  0.00007980
33  62  0.00020241
34  62  0.00030812
35  62  0.00018845
36  62  0.00005676
37  62  0.00010658
38  62  0.00009431
39  62  0.00008619
40  62  0.00022282
41  62  0.00010461
42  62  0.00019377
43  62  0.00015146
44  62  0.00002087
45  62  0.00031084
46  62  0.00027022
47  62  0.00014763
48  62  0.00022333
49  62  0.00011102
50  62  0.00016968
51  62  0.00017491
52  62  0.00030962
53  62  0.00017428
54  62  0.00036356
55  62  0.00007980
56  62  0.00022038
57  62  0.00009679
58  62  0.00008952
59  62  0.00011900
60  62  0.00015663
61  62  0.00053989
62  62  0.00043623
63  62  0.00009773
0  63  0.00030721
1  63  0.00004913
2  63  0.00004884
3  63  0.00019878
4  63  0.00012244
5  63  0.00023921
6  63  0.00008327
7  63  0.00008141
8  63  0.00007056
9  63  0.00012298
10  63  0.00008481
11  63  0.00049742
12  63  0.00008409
13  63  0.00018012
14  63  0.00013628
15  63  0.00035356
16  63  0.00006775
17  63  0.00038153
18  63  0.00011522
19  63  0.00036879
20  63  0.00015671
21  63  0.00015114
22  63  0.00022967
23  63  0.00017654
24  63  0.00012327
25  63  0.00025906
26  63  0.00013199
27  63  0.00018943
28  63  0.00004718
29  63  0.00006129
30  63  0.00030122
31  63  0.00021737
32  63  0.00011031
33  63  0.00022079
34  63  0.00012563
35  63  0.00016520
36  63  0.00026983
37  63  0.00034962
38  63  0.00012746
39  63  0.00020440
40  63  0.00025944
41  63  0.00008629
42  63  0.00036136
43  63  0.00031669
44  63  0.00011027
45  63  0.00013177
46  63  0.00030364
47  63  0.00008748
48  63  0.00019823
49  63  0.00033862
50  63  0.00015345
51  63  0.00015352
52  63  0.00005814
53  63  0.00021739
54  63  0.00022312
55  63  0.00017065
56  63  0.00023627
57  63  0.00012978
58  63  0.00007471
59  63  0.00023100
60  63  0.00017750
61  63  0.00020100
62  63  0.00034562
63  63  0.00011544
