# Mass field m(x,y) = Delta * R(x,y) at t = 0
# Grid: 64 x 64
# Columns: x  y  mass
0  0  2.499997
1  0  2.499990
2  0  2.499992
3  0  2.499995
4  0  2.499991
5  0  2.499986
6  0  2.499959
7  0  2.499924
8  0  2.499933
9  0  2.499964
10  0  2.499981
11  0  2.499988
12  0  2.499995
13  0  2.499999
14  0  2.500000
15  0  2.499999
16  0  2.499999
17  0  2.499995
18  0  2.499992
19  0  2.499989
20  0  2.499978
21  0  2.499963
22  0  2.499981
23  0  2.499987
24  0  2.499962
25  0  2.499960
26  0  2.499974
27  0  2.499982
28  0  2.499983
29  0  2.499981
30  0  2.499977
31  0  2.499971
32  0  2.499972
33  0  2.499981
34  0  2.499992
35  0  2.499995
36  0  2.499994
37  0  2.499994
38  0  2.499994
39  0  2.499994
40  0  2.499992
41  0  2.499990
42  0  2.499980
43  0  2.499974
44  0  2.499982
45  0  2.499985
46  0  2.499970
47  0  2.499982
48  0  2.499997
49  0  2.499997
50  0  2.499998
51  0  2.499999
52  0  2.499994
53  0  2.499984
54  0  2.499979
55  0  2.499986
56  0  2.499993
57  0  2.499991
58  0  2.499996
59  0  2.499998
60  0  2.499999
61  0  2.499998
62  0  2.499994
63  0  2.499995
0  1  2.499997
1  1  2.499987
2  1  2.499988
3  1  2.499984
4  1  2.499972
5  1  2.499959
6  1  2.499937
7  1  2.499929
8  1  2.499963
9  1  2.499989
10  1  2.499990
11  1  2.499991
12  1  2.499997
13  1  2.500000
14  1  2.500000
15  1  2.499999
16  1  2.499998
17  1  2.499994
18  1  2.499993
19  1  2.499996
20  1  2.499990
21  1  2.499973
22  1  2.499985
23  1  2.499991
24  1  2.499976
25  1  2.499976
26  1  2.499986
27  1  2.499989
28  1  2.499988
29  1  2.499985
30  1  2.499976
31  1  2.499964
32  1  2.499969
33  1  2.499976
34  1  2.499984
35  1  2.499996
36  1  2.499999
37  1  2.499999
38  1  2.499999
39  1  2.499999
40  1  2.499998
41  1  2.499995
42  1  2.499981
43  1  2.499967
44  1  2.499977
45  1  2.499981
46  1  2.499963
47  1  2.499974
48  1  2.499993
49  1  2.499997
50  1  2.499999
51  1  2.499998
52  1  2.499989
53  1  2.499984
54  1  2.499990
55  1  2.499997
56  1  2.499995
57  1  2.499990
58  1  2.499996
59  1  2.499998
60  1  2.499999
61  1  2.499997
62  1  2.499992
63  1  2.499995
0  2  2.499998
1  2  2.499991
2  2  2.499987
3  2  2.499977
4  2  2.499966
5  2  2.499960
6  2  2.499958
7  2  2.499967
8  2  2.499989
9  2  2.499984
10  2  2.499977
11  2  2.499985
12  2  2.499994
13  2  2.499997
14  2  2.499999
15  2  2.499998
16  2  2.499998
17  2  2.499995
18  2  2.499995
19  2  2.499998
20  2  2.499994
21  2  2.499981
22  2  2.499988
23  2  2.499994
24  2  2.499985
25  2  2.499985
26  2  2.499995
27  2  2.499998
28  2  2.499997
29  2  2.499995
30  2  2.499984
31  2  2.499975
32  2  2.499986
33  2  2.499983
34  2  2.499979
35  2  2.499994
36  2  2.499998
37  2  2.499999
38  2  2.499999
39  2  2.499999
40  2  2.499997
41  2  2.499994
42  2  2.499978
43  2  2.499963
44  2  2.499984
45  2  2.499992
46  2  2.499972
47  2  2.499978
48  2  2.499993
49  2  2.499997
50  2  2.499997
51  2  2.499993
52  2  2.499984
53  2  2.499988
54  2  2.499995
55  2  2.499994
56  2  2.499988
57  2  2.499985
58  2  2.499991
59  2  2.499995
60  2  2.499995
61  2  2.499997
62  2  2.499994
63  2  2.499994
0  3  2.499994
1  3  2.499997
2  3  2.499997
3  3  2.499994
4  3  2.499993
5  3  2.499993
6  3  2.499990
7  3  2.499987
8  3  2.499978
9  3  2.499961
10  3  2.499970
11  3  2.499987
12  3  2.499994
13  3  2.499996
14  3  2.499996
15  3  2.499993
16  3  2.499989
17  3  2.499988
18  3  2.499993
19  3  2.499998
20  3  2.499995
21  3  2.499986
22  3  2.499990
23  3  2.499995
24  3  2.499990
25  3  2.499987
26  3  2.499995
27  3  2.499999
28  3  2.499999
29  3  2.499998
30  3  2.499988
31  3  2.499982
32  3  2.499995
33  3  2.499988
34  3  2.499984
35  3  2.499994
36  3  2.499992
37  3  2.499991
38  3  2.499991
39  3  2.499994
40  3  2.499994
41  3  2.499992
42  3  2.499971
43  3  2.499946
44  3  2.499974
45  3  2.499994
46  3  2.499979
47  3  2.499983
48  3  2.499996
49  3  2.499999
50  3  2.499996
51  3  2.499988
52  3  2.499984
53  3  2.499993
54  3  2.499996
55  3  2.499991
56  3  2.499985
57  3  2.499985
58  3  2.499992
59  3  2.499995
60  3  2.499995
61  3  2.499996
62  3  2.499994
63  3  2.499988
0  4  2.499986
1  4  2.499988
2  4  2.499988
3  4  2.499984
4  4  2.499984
5  4  2.499986
6  4  2.499980
7  4  2.499963
8  4  2.499940
9  4  2.499935
10  4  2.499960
11  4  2.499979
12  4  2.499988
13  4  2.499991
14  4  2.499991
15  4  2.499985
16  4  2.499981
17  4  2.499982
18  4  2.499988
19  4  2.499995
20  4  2.499998
21  4  2.499993
22  4  2.499993
23  4  2.499998
24  4  2.499992
25  4  2.499984
26  4  2.499993
27  4  2.499996
28  4  2.499997
29  4  2.499996
30  4  2.499988
31  4  2.499986
32  4  2.499993
33  4  2.499986
34  4  2.499990
35  4  2.499995
36  4  2.499990
37  4  2.499989
38  4  2.499985
39  4  2.499986
40  4  2.499990
41  4  2.499996
42  4  2.499984
43  4  2.499952
44  4  2.499968
45  4  2.499990
46  4  2.499985
47  4  2.499987
48  4  2.499996
49  4  2.499999
50  4  2.499996
51  4  2.499989
52  4  2.499988
53  4  2.499996
54  4  2.499994
55  4  2.499991
56  4  2.499990
57  4  2.499992
58  4  2.499997
59  4  2.499998
60  4  2.499993
61  4  2.499990
62  4  2.499994
63  4  2.499987
0  5  2.499987
1  5  2.499985
2  5  2.499984
3  5  2.499981
4  5  2.499980
5  5  2.499984
6  5  2.499979
7  5  2.499954
8  5  2.499929
9  5  2.499931
10  5  2.499953
11  5  2.499967
12  5  2.499979
13  5  2.499987
14  5  2.499984
15  5  2.499978
16  5  2.499980
17  5  2.499984
18  5  2.499987
19  5  2.499990
20  5  2.499995
21  5  2.499996
22  5  2.499995
23  5  2.499999
24  5  2.499989
25  5  2.499979
26  5  2.499991
27  5  2.499996
28  5  2.499994
29  5  2.499992
30  5  2.499987
31  5  2.499992
32  5  2.499997
33  5  2.499993
34  5  2.499997
35  5  2.499994
36  5  2.499993
37  5  2.499997
38  5  2.499989
39  5  2.499984
40  5  2.499981
41  5  2.499984
42  5  2.499988
43  5  2.499975
44  5  2.499976
45  5  2.499990
46  5  2.499992
47  5  2.499993
48  5  2.499995
49  5  2.499997
50  5  2.499996
51  5  2.499991
52  5  2.499989
53  5  2.499996
54  5  2.499993
55  5  2.499990
56  5  2.499987
57  5  2.499992
58  5  2.499997
59  5  2.499997
60  5  2.499990
61  5  2.499982
62  5  2.499991
63  5  2.499993
0  6  2.499996
1  6  2.499994
2  6  2.499993
3  6  2.499990
4  6  2.499987
5  6  2.499993
6  6  2.499993
7  6  2.499969
8  6  2.499957
9  6  2.499974
10  6  2.499980
11  6  2.499975
12  6  2.499985
13  6  2.499995
14  6  2.499990
15  6  2.499988
16  6  2.499992
17  6  2.499993
18  6  2.499992
19  6  2.499989
20  6  2.499992
21  6  2.499997
22  6  2.499997
23  6  2.499995
24  6  2.499982
25  6  2.499978
26  6  2.499993
27  6  2.499995
28  6  2.499991
29  6  2.499988
30  6  2.499984
31  6  2.499992
32  6  2.499994
33  6  2.499989
34  6  2.499993
35  6  2.499994
36  6  2.499995
37  6  2.499998
38  6  2.499995
39  6  2.499994
40  6  2.499990
41  6  2.499986
42  6  2.499990
43  6  2.499991
44  6  2.499989
45  6  2.499994
46  6  2.499997
47  6  2.499996
48  6  2.499994
49  6  2.499994
50  6  2.499995
51  6  2.499990
52  6  2.499980
53  6  2.499981
54  6  2.499984
55  6  2.499986
56  6  2.499985
57  6  2.499988
58  6  2.499995
59  6  2.499995
60  6  2.499987
61  6  2.499974
62  6  2.499981
63  6  2.499995
0  7  2.499997
1  7  2.499998
2  7  2.499997
3  7  2.499991
4  7  2.499982
5  7  2.499987
6  7  2.499988
7  7  2.499957
8  7  2.499958
9  7  2.499990
10  7  2.499987
11  7  2.499970
12  7  2.499983
13  7  2.499995
14  7  2.499992
15  7  2.499994
16  7  2.499999
17  7  2.499999
18  7  2.499998
19  7  2.499994
20  7  2.499993
21  7  2.499998
22  7  2.499997
23  7  2.499988
24  7  2.499975
25  7  2.499981
26  7  2.499996
27  7  2.499992
28  7  2.499989
29  7  2.499988
30  7  2.499985
31  7  2.499992
32  7  2.499995
33  7  2.499989
34  7  2.499990
35  7  2.499993
36  7  2.499992
37  7  2.499987
38  7  2.499988
39  7  2.499994
40  7  2.499998
41  7  2.499995
42  7  2.499993
43  7  2.499997
44  7  2.499995
45  7  2.499994
46  7  2.499995
47  7  2.499996
48  7  2.499997
49  7  2.499997
50  7  2.499993
51  7  2.499993
52  7  2.499988
53  7  2.499984
54  7  2.499984
55  7  2.499985
56  7  2.499983
57  7  2.499988
58  7  2.499996
59  7  2.499998
60  7  2.499993
61  7  2.499979
62  7  2.499977
63  7  2.499990
0  8  2.499994
1  8  2.499998
2  8  2.499998
3  8  2.499988
4  8  2.499975
5  8  2.499984
6  8  2.499989
7  8  2.499954
8  8  2.499953
9  8  2.499987
10  8  2.499983
11  8  2.499972
12  8  2.499987
13  8  2.499997
14  8  2.499991
15  8  2.499994
16  8  2.499993
17  8  2.499990
18  8  2.499992
19  8  2.499994
20  8  2.499993
21  8  2.499997
22  8  2.499996
23  8  2.499985
24  8  2.499978
25  8  2.499989
26  8  2.499997
27  8  2.499990
28  8  2.499989
29  8  2.499991
30  8  2.499986
31  8  2.499985
32  8  2.499992
33  8  2.499997
34  8  2.499993
35  8  2.499986
36  8  2.499978
37  8  2.499972
38  8  2.499974
39  8  2.499979
40  8  2.499989
41  8  2.499994
42  8  2.499990
43  8  2.499994
44  8  2.499993
45  8  2.499988
46  8  2.499985
47  8  2.499984
48  8  2.499985
49  8  2.499991
50  8  2.499992
51  8  2.499997
52  8  2.499998
53  8  2.499997
54  8  2.499995
55  8  2.499993
56  8  2.499990
57  8  2.499994
58  8  2.499996
59  8  2.499993
60  8  2.499990
61  8  2.499984
62  8  2.499982
63  8  2.499989
0  9  2.499990
1  9  2.499991
2  9  2.499993
3  9  2.499987
4  9  2.499980
5  9  2.499988
6  9  2.499988
7  9  2.499961
8  9  2.499966
9  9  2.499994
10  9  2.499992
11  9  2.499979
12  9  2.499985
13  9  2.499990
14  9  2.499992
15  9  2.499995
16  9  2.499987
17  9  2.499984
18  9  2.499984
19  9  2.499990
20  9  2.499994
21  9  2.499998
22  9  2.499997
23  9  2.499987
24  9  2.499983
25  9  2.499994
26  9  2.499996
27  9  2.499988
28  9  2.499991
29  9  2.499995
30  9  2.499991
31  9  2.499982
32  9  2.499980
33  9  2.499986
34  9  2.499979
35  9  2.499963
36  9  2.499959
37  9  2.499966
38  9  2.499972
39  9  2.499970
40  9  2.499981
41  9  2.499993
42  9  2.499991
43  9  2.499991
44  9  2.499992
45  9  2.499988
46  9  2.499988
47  9  2.499988
48  9  2.499990
49  9  2.499994
50  9  2.499996
51  9  2.499995
52  9  2.499994
53  9  2.499993
54  9  2.499993
55  9  2.499995
56  9  2.499996
57  9  2.499992
58  9  2.499979
59  9  2.499970
60  9  2.499972
61  9  2.499980
62  9  2.499989
63  9  2.499992
0  10  2.499993
1  10  2.499992
2  10  2.499995
3  10  2.499994
4  10  2.499990
5  10  2.499985
6  10  2.499973
7  10  2.499960
8  10  2.499972
9  10  2.499992
10  10  2.499991
11  10  2.499979
12  10  2.499976
13  10  2.499982
14  10  2.499991
15  10  2.499991
16  10  2.499987
17  10  2.499991
18  10  2.499993
19  10  2.499994
20  10  2.499994
21  10  2.499990
22  10  2.499981
23  10  2.499966
24  10  2.499961
25  10  2.499973
26  10  2.499975
27  10  2.499969
28  10  2.499977
29  10  2.499988
30  10  2.499994
31  10  2.499991
32  10  2.499982
33  10  2.499977
34  10  2.499967
35  10  2.499956
36  10  2.499965
37  10  2.499982
38  10  2.499988
39  10  2.499979
40  10  2.499979
41  10  2.499993
42  10  2.499994
43  10  2.499991
44  10  2.499995
45  10  2.499995
46  10  2.499993
47  10  2.499993
48  10  2.499997
49  10  2.499999
50  10  2.499999
51  10  2.499995
52  10  2.499994
53  10  2.499989
54  10  2.499981
55  10  2.499980
56  10  2.499980
57  10  2.499972
58  10  2.499959
59  10  2.499962
60  10  2.499972
61  10  2.499983
62  10  2.499993
63  10  2.499996
0  11  2.499996
1  11  2.499996
2  11  2.499999
3  11  2.499999
4  11  2.499997
5  11  2.499992
6  11  2.499982
7  11  2.499976
8  11  2.499984
9  11  2.499995
10  11  2.499996
11  11  2.499994
12  11  2.499994
13  11  2.499993
14  11  2.499989
15  11  2.499985
16  11  2.499990
17  11  2.499998
18  11  2.499999
19  11  2.499996
20  11  2.499987
21  11  2.499980
22  11  2.499979
23  11  2.499964
24  11  2.499958
25  11  2.499967
26  11  2.499965
27  11  2.499957
28  11  2.499964
29  11  2.499973
30  11  2.499979
31  11  2.499990
32  11  2.499995
33  11  2.499992
34  11  2.499986
35  11  2.499980
36  11  2.499986
37  11  2.499994
38  11  2.499996
39  11  2.499991
40  11  2.499984
41  11  2.499989
42  11  2.499994
43  11  2.499984
44  11  2.499992
45  11  2.499998
46  11  2.499990
47  11  2.499989
48  11  2.499996
49  11  2.499999
50  11  2.499998
51  11  2.499992
52  11  2.499988
53  11  2.499981
54  11  2.499962
55  11  2.499949
56  11  2.499952
57  11  2.499957
58  11  2.499959
59  11  2.499974
60  11  2.499985
61  11  2.499987
62  11  2.499990
63  11  2.499995
0  12  2.499996
1  12  2.499995
2  12  2.499998
3  12  2.500000
4  12  2.499999
5  12  2.499996
6  12  2.499989
7  12  2.499988
8  12  2.499995
9  12  2.499999
10  12  2.499995
11  12  2.499990
12  12  2.499991
13  12  2.499990
14  12  2.499984
15  12  2.499985
16  12  2.499994
17  12  2.500000
18  12  2.500000
19  12  2.499996
20  12  2.499983
21  12  2.499983
22  12  2.499996
23  12  2.499989
24  12  2.499984
25  12  2.499992
26  12  2.499988
27  12  2.499981
28  12  2.499990
29  12  2.499990
30  12  2.499981
31  12  2.499985
32  12  2.499995
33  12  2.499998
34  12  2.499996
35  12  2.499991
36  12  2.499988
37  12  2.499984
38  12  2.499982
39  12  2.499986
40  12  2.499983
41  12  2.499979
42  12  2.499988
43  12  2.499973
44  12  2.499976
45  12  2.499987
46  12  2.499985
47  12  2.499990
48  12  2.499998
49  12  2.499999
50  12  2.499998
51  12  2.499988
52  12  2.499976
53  12  2.499976
54  12  2.499969
55  12  2.499957
56  12  2.499963
57  12  2.499975
58  12  2.499978
59  12  2.499988
60  12  2.499988
61  12  2.499978
62  12  2.499980
63  12  2.499994
0  13  2.499998
1  13  2.499996
2  13  2.499997
3  13  2.499998
4  13  2.499998
5  13  2.499994
6  13  2.499989
7  13  2.499991
8  13  2.499996
9  13  2.499997
10  13  2.499990
11  13  2.499984
12  13  2.499988
13  13  2.499990
14  13  2.499989
15  13  2.499990
16  13  2.499997
17  13  2.499999
18  13  2.500000
19  13  2.499997
20  13  2.499984
21  13  2.499980
22  13  2.499988
23  13  2.499981
24  13  2.499982
25  13  2.499992
26  13  2.499990
27  13  2.499987
28  13  2.499993
29  13  2.499991
30  13  2.499984
31  13  2.499987
32  13  2.499995
33  13  2.499997
34  13  2.499998
35  13  2.499994
36  13  2.499987
37  13  2.499975
38  13  2.499968
39  13  2.499970
40  13  2.499974
41  13  2.499974
42  13  2.499986
43  13  2.499976
44  13  2.499968
45  13  2.499969
46  13  2.499974
47  13  2.499988
48  13  2.499995
49  13  2.499996
50  13  2.499995
51  13  2.499983
52  13  2.499963
53  13  2.499972
54  13  2.499991
55  13  2.499989
56  13  2.499987
57  13  2.499996
58  13  2.499993
59  13  2.499997
60  13  2.499989
61  13  2.499970
62  13  2.499974
63  13  2.499994
0  14  2.499994
1  14  2.499997
2  14  2.499998
3  14  2.499996
4  14  2.499992
5  14  2.499985
6  14  2.499979
7  14  2.499982
8  14  2.499989
9  14  2.499995
10  14  2.499994
11  14  2.499989
12  14  2.499995
13  14  2.499998
14  14  2.499995
15  14  2.499993
16  14  2.499993
17  14  2.499995
18  14  2.499997
19  14  2.499998
20  14  2.499991
21  14  2.499990
22  14  2.499990
23  14  2.499976
24  14  2.499974
25  14  2.499978
26  14  2.499970
27  14  2.499965
28  14  2.499970
29  14  2.499968
30  14  2.499965
31  14  2.499974
32  14  2.499986
33  14  2.499994
34  14  2.499996
35  14  2.499990
36  14  2.499978
37  14  2.499964
38  14  2.499957
39  14  2.499955
40  14  2.499965
41  14  2.499977
42  14  2.499992
43  14  2.499992
44  14  2.499983
45  14  2.499974
46  14  2.499972
47  14  2.499978
48  14  2.499984
49  14  2.499991
50  14  2.499992
51  14  2.499975
52  14  2.499946
53  14  2.499949
54  14  2.499977
55  14  2.499991
56  14  2.499988
57  14  2.499995
58  14  2.499991
59  14  2.499993
60  14  2.499991
61  14  2.499976
62  14  2.499972
63  14  2.499987
0  15  2.499987
1  15  2.499994
2  15  2.499994
3  15  2.499988
4  15  2.499980
5  15  2.499967
6  15  2.499958
7  15  2.499964
8  15  2.499977
9  15  2.499989
10  15  2.499994
11  15  2.499987
12  15  2.499988
13  15  2.499993
14  15  2.499994
15  15  2.499993
16  15  2.499992
17  15  2.499992
18  15  2.499995
19  15  2.499996
20  15  2.499993
21  15  2.499996
22  15  2.499995
23  15  2.499981
24  15  2.499977
25  15  2.499979
26  15  2.499967
27  15  2.499960
28  15  2.499969
29  15  2.499974
30  15  2.499974
31  15  2.499982
32  15  2.499990
33  15  2.499993
34  15  2.499987
35  15  2.499979
36  15  2.499974
37  15  2.499971
38  15  2.499972
39  15  2.499969
40  15  2.499974
41  15  2.499985
42  15  2.499995
43  15  2.499998
44  15  2.499997
45  15  2.499992
46  15  2.499991
47  15  2.499983
48  15  2.499973
49  15  2.499979
50  15  2.499991
51  15  2.499979
52  15  2.499944
53  15  2.499927
54  15  2.499944
55  15  2.499970
56  15  2.499978
57  15  2.499985
58  15  2.499983
59  15  2.499984
60  15  2.499991
61  15  2.499987
62  15  2.499975
63  15  2.499978
0  16  2.499994
1  16  2.499996
2  16  2.499990
3  16  2.499981
4  16  2.499981
5  16  2.499975
6  16  2.499964
7  16  2.499964
8  16  2.499967
9  16  2.499975
10  16  2.499992
11  16  2.499995
12  16  2.499992
13  16  2.499995
14  16  2.499998
15  16  2.499999
16  16  2.499998
17  16  2.499996
18  16  2.499997
19  16  2.499998
20  16  2.499996
21  16  2.499998
22  16  2.499992
23  16  2.499978
24  16  2.499979
25  16  2.499991
26  16  2.499990
27  16  2.499983
28  16  2.499990
29  16  2.499996
30  16  2.499994
31  16  2.499997
32  16  2.499996
33  16  2.499989
34  16  2.499978
35  16  2.499977
36  16  2.499985
37  16  2.499991
38  16  2.499995
39  16  2.499995
40  16  2.499994
41  16  2.499995
42  16  2.499996
43  16  2.499997
44  16  2.499996
45  16  2.499993
46  16  2.499995
47  16  2.499990
48  16  2.499974
49  16  2.499970
50  16  2.499987
51  16  2.499990
52  16  2.499966
53  16  2.499942
54  16  2.499940
55  16  2.499960
56  16  2.499968
57  16  2.499974
58  16  2.499976
59  16  2.499975
60  16  2.499982
61  16  2.499994
62  16  2.499990
63  16  2.499989
0  17  2.499982
1  17  2.499989
2  17  2.499989
3  17  2.499980
4  17  2.499990
5  17  2.499995
6  17  2.499987
7  17  2.499979
8  17  2.499968
9  17  2.499963
10  17  2.499981
11  17  2.499994
12  17  2.499992
13  17  2.499993
14  17  2.499995
15  17  2.499994
16  17  2.499992
17  17  2.499990
18  17  2.499992
19  17  2.499993
20  17  2.499991
21  17  2.499994
22  17  2.499991
23  17  2.499982
24  17  2.499982
25  17  2.499991
26  17  2.499995
27  17  2.499988
28  17  2.499989
29  17  2.499995
30  17  2.499991
31  17  2.499993
32  17  2.499992
33  17  2.499985
34  17  2.499980
35  17  2.499982
36  17  2.499994
37  17  2.499997
38  17  2.499991
39  17  2.499983
40  17  2.499979
41  17  2.499981
42  17  2.499984
43  17  2.499990
44  17  2.499991
45  17  2.499988
46  17  2.499989
47  17  2.499986
48  17  2.499974
49  17  2.499966
50  17  2.499979
51  17  2.499992
52  17  2.499984
53  17  2.499966
54  17  2.499960
55  17  2.499968
56  17  2.499969
57  17  2.499970
58  17  2.499971
59  17  2.499964
60  17  2.499962
61  17  2.499977
62  17  2.499979
63  17  2.499975
0  18  2.499976
1  18  2.499987
2  18  2.499991
3  18  2.499984
4  18  2.499991
5  18  2.499998
6  18  2.499992
7  18  2.499990
8  18  2.499981
9  18  2.499968
10  18  2.499976
11  18  2.499991
12  18  2.499993
13  18  2.499993
14  18  2.499993
15  18  2.499993
16  18  2.499991
17  18  2.499990
18  18  2.499993
19  18  2.499994
20  18  2.499993
21  18  2.499995
22  18  2.499994
23  18  2.499983
24  18  2.499969
25  18  2.499964
26  18  2.499971
27  18  2.499978
28  18  2.499985
29  18  2.499995
30  18  2.499994
31  18  2.499996
32  18  2.499996
33  18  2.499992
34  18  2.499985
35  18  2.499986
36  18  2.499996
37  18  2.499995
38  18  2.499979
39  18  2.499967
40  18  2.499965
41  18  2.499972
42  18  2.499983
43  18  2.499992
44  18  2.499995
45  18  2.499997
46  18  2.499996
47  18  2.499988
48  18  2.499975
49  18  2.499969
50  18  2.499979
51  18  2.499994
52  18  2.499993
53  18  2.499983
54  18  2.499983
55  18  2.499986
56  18  2.499981
57  18  2.499979
58  18  2.499976
59  18  2.499964
60  18  2.499952
61  18  2.499960
62  18  2.499965
63  18  2.499963
0  19  2.499989
1  19  2.499991
2  19  2.499994
3  19  2.499991
4  19  2.499995
5  19  2.499992
6  19  2.499989
7  19  2.499994
8  19  2.499992
9  19  2.499982
10  19  2.499982
11  19  2.499993
12  19  2.499998
13  19  2.499995
14  19  2.499993
15  19  2.499995
16  19  2.499997
17  19  2.499997
18  19  2.499998
19  19  2.499999
20  19  2.499997
21  19  2.499990
22  19  2.499980
23  19  2.499963
24  19  2.499943
25  19  2.499935
26  19  2.499949
27  19  2.499973
28  19  2.499988
29  19  2.499997
30  19  2.499996
31  19  2.499996
32  19  2.499998
33  19  2.499996
34  19  2.499988
35  19  2.499986
36  19  2.499995
37  19  2.499993
38  19  2.499976
39  19  2.499978
40  19  2.499988
41  19  2.499992
42  19  2.499996
43  19  2.499996
44  19  2.499993
45  19  2.499996
46  19  2.499994
47  19  2.499983
48  19  2.499976
49  19  2.499978
50  19  2.499988
51  19  2.499998
52  19  2.499993
53  19  2.499988
54  19  2.499994
55  19  2.499998
56  19  2.499995
57  19  2.499995
58  19  2.499995
59  19  2.499987
60  19  2.499976
61  19  2.499980
62  19  2.499985
63  19  2.499982
0  20  2.499997
1  20  2.499997
2  20  2.499998
3  20  2.499996
4  20  2.499991
5  20  2.499979
6  20  2.499982
7  20  2.499991
8  20  2.499996
9  20  2.499991
10  20  2.499986
11  20  2.499991
12  20  2.499998
13  20  2.499996
14  20  2.499991
15  20  2.499993
16  20  2.499995
17  20  2.499993
18  20  2.499994
19  20  2.499997
20  20  2.499995
21  20  2.499977
22  20  2.499964
23  20  2.499960
24  20  2.499954
25  20  2.499949
26  20  2.499957
27  20  2.499978
28  20  2.499994
29  20  2.499995
30  20  2.499990
31  20  2.499987
32  20  2.499990
33  20  2.499996
34  20  2.499991
35  20  2.499984
36  20  2.499991
37  20  2.499993
38  20  2.499983
39  20  2.499987
40  20  2.499996
41  20  2.499995
42  20  2.499993
43  20  2.499991
44  20  2.499988
45  20  2.499993
46  20  2.499987
47  20  2.499970
48  20  2.499974
49  20  2.499988
50  20  2.499993
51  20  2.499993
52  20  2.499985
53  20  2.499983
54  20  2.499993
55  20  2.499996
56  20  2.499995
57  20  2.499995
58  20  2.499994
59  20  2.499992
60  20  2.499991
61  20  2.499995
62  20  2.499997
63  20  2.499991
0  21  2.499990
1  21  2.499993
2  21  2.499994
3  21  2.499994
4  21  2.499986
5  21  2.499978
6  21  2.499988
7  21  2.499991
8  21  2.499996
9  21  2.499995
10  21  2.499986
11  21  2.499985
12  21  2.499995
13  21  2.499997
14  21  2.499993
15  21  2.499996
16  21  2.499999
17  21  2.499997
18  21  2.499995
19  21  2.499996
20  21  2.499995
21  21  2.499974
22  21  2.499964
23  21  2.499981
24  21  2.499990
25  21  2.499982
26  21  2.499974
27  21  2.499984
28  21  2.499997
29  21  2.499992
30  21  2.499985
31  21  2.499980
32  21  2.499979
33  21  2.499988
34  21  2.499994
35  21  2.499986
36  21  2.499985
37  21  2.499991
38  21  2.499990
39  21  2.499987
40  21  2.499988
41  21  2.499987
42  21  2.499987
43  21  2.499988
44  21  2.499987
45  21  2.499991
46  21  2.499981
47  21  2.499956
48  21  2.499965
49  21  2.499984
50  21  2.499986
51  21  2.499986
52  21  2.499981
53  21  2.499983
54  21  2.499992
55  21  2.499993
56  21  2.499991
57  21  2.499985
58  21  2.499974
59  21  2.499969
60  21  2.499973
61  21  2.499980
62  21  2.499986
63  21  2.499982
0  22  2.499983
1  22  2.499987
2  22  2.499990
3  22  2.499992
4  22  2.499991
5  22  2.499990
6  22  2.499997
7  22  2.499990
8  22  2.499995
9  22  2.499996
10  22  2.499988
11  22  2.499984
12  22  2.499994
13  22  2.499996
14  22  2.499990
15  22  2.499993
16  22  2.499996
17  22  2.499996
18  22  2.499998
19  22  2.499998
20  22  2.499997
21  22  2.499979
22  22  2.499966
23  22  2.499979
24  22  2.499992
25  22  2.499990
26  22  2.499978
27  22  2.499983
28  22  2.499998
29  22  2.499993
30  22  2.499993
31  22  2.499994
32  22  2.499984
33  22  2.499982
34  22  2.499992
35  22  2.499993
36  22  2.499986
37  22  2.499985
38  22  2.499994
39  22  2.499995
40  22  2.499993
41  22  2.499991
42  22  2.499991
43  22  2.499993
44  22  2.499994
45  22  2.499997
46  22  2.499988
47  22  2.499964
48  22  2.499970
49  22  2.499984
50  22  2.499985
51  22  2.499986
52  22  2.499985
53  22  2.499987
54  22  2.499993
55  22  2.499991
56  22  2.499990
57  22  2.499981
58  22  2.499967
59  22  2.499962
60  22  2.499965
61  22  2.499972
62  22  2.499977
63  22  2.499973
0  23  2.499992
1  23  2.499996
2  23  2.499997
3  23  2.499998
4  23  2.499997
5  23  2.499993
6  23  2.499992
7  23  2.499986
8  23  2.499994
9  23  2.499997
10  23  2.499988
11  23  2.499984
12  23  2.499995
13  23  2.499997
14  23  2.499990
15  23  2.499990
16  23  2.499993
17  23  2.499991
18  23  2.499995
19  23  2.499999
20  23  2.499999
21  23  2.499990
22  23  2.499977
23  23  2.499976
24  23  2.499981
25  23  2.499987
26  23  2.499982
27  23  2.499984
28  23  2.499997
29  23  2.499991
30  23  2.499990
31  23  2.499994
32  23  2.499990
33  23  2.499985
34  23  2.499986
35  23  2.499992
36  23  2.499990
37  23  2.499979
38  23  2.499985
39  23  2.499995
40  23  2.499998
41  23  2.499998
42  23  2.499998
43  23  2.499997
44  23  2.499993
45  23  2.499989
46  23  2.499983
47  23  2.499976
48  23  2.499987
49  23  2.499992
50  23  2.499987
51  23  2.499986
52  23  2.499988
53  23  2.499990
54  23  2.499992
55  23  2.499988
56  23  2.499985
57  23  2.499980
58  23  2.499978
59  23  2.499985
60  23  2.499990
61  23  2.499993
62  23  2.499990
63  23  2.499983
0  24  2.499994
1  24  2.499998
2  24  2.499997
3  24  2.499995
4  24  2.499992
5  24  2.499985
6  24  2.499981
7  24  2.499984
8  24  2.499994
9  24  2.499995
10  24  2.499984
11  24  2.499983
12  24  2.499995
13  24  2.499997
14  24  2.499988
15  24  2.499985
16  24  2.499993
17  24  2.499992
18  24  2.499990
19  24  2.499996
20  24  2.499998
21  24  2.499996
22  24  2.499993
23  24  2.499990
24  24  2.499988
25  24  2.499993
26  24  2.499991
27  24  2.499986
28  24  2.499995
29  24  2.499991
30  24  2.499984
31  24  2.499982
32  24  2.499984
33  24  2.499986
34  24  2.499981
35  24  2.499984
36  24  2.499992
37  24  2.499981
38  24  2.499978
39  24  2.499987
40  24  2.499995
41  24  2.499998
42  24  2.499997
43  24  2.499991
44  24  2.499980
45  24  2.499970
46  24  2.499968
47  24  2.499978
48  24  2.499992
49  24  2.499989
50  24  2.499982
51  24  2.499979
52  24  2.499985
53  24  2.499991
54  24  2.499994
55  24  2.499988
56  24  2.499982
57  24  2.499983
58  24  2.499989
59  24  2.499996
60  24  2.499995
61  24  2.499993
62  24  2.499990
63  24  2.499987
0  25  2.499991
1  25  2.499994
2  25  2.499993
3  25  2.499989
4  25  2.499983
5  25  2.499981
6  25  2.499983
7  25  2.499990
8  25  2.499996
9  25  2.499992
10  25  2.499985
11  25  2.499985
12  25  2.499995
13  25  2.499997
14  25  2.499989
15  25  2.499983
16  25  2.499993
17  25  2.499995
18  25  2.499988
19  25  2.499992
20  25  2.499995
21  25  2.499996
22  25  2.499997
23  25  2.499998
24  25  2.499996
25  25  2.499996
26  25  2.499993
27  25  2.499984
28  25  2.499990
29  25  2.499991
30  25  2.499985
31  25  2.499980
32  25  2.499978
33  25  2.499979
34  25  2.499977
35  25  2.499981
36  25  2.499994
37  25  2.499988
38  25  2.499983
39  25  2.499986
40  25  2.499991
41  25  2.499997
42  25  2.499999
43  25  2.499992
44  25  2.499986
45  25  2.499983
46  25  2.499983
47  25  2.499989
48  25  2.499989
49  25  2.499978
50  25  2.499977
51  25  2.499976
52  25  2.499978
53  25  2.499989
54  25  2.499995
55  25  2.499993
56  25  2.499991
57  25  2.499993
58  25  2.499996
59  25  2.499993
60  25  2.499985
61  25  2.499984
62  25  2.499985
63  25  2.499985
0  26  2.499994
1  26  2.499996
2  26  2.499994
3  26  2.499986
4  26  2.499982
5  26  2.499988
6  26  2.499991
7  26  2.499991
8  26  2.499993
9  26  2.499992
10  26  2.499989
11  26  2.499990
12  26  2.499994
13  26  2.499995
14  26  2.499993
15  26  2.499987
16  26  2.499986
17  26  2.499979
18  26  2.499972
19  26  2.499981
20  26  2.499990
21  26  2.499995
22  26  2.499996
23  26  2.499998
24  26  2.499998
25  26  2.499996
26  26  2.499989
27  26  2.499977
28  26  2.499984
29  26  2.499991
30  26  2.499991
31  26  2.499989
32  26  2.499987
33  26  2.499986
34  26  2.499986
35  26  2.499990
36  26  2.499998
37  26  2.499991
38  26  2.499986
39  26  2.499985
40  26  2.499988
41  26  2.499995
42  26  2.499996
43  26  2.499988
44  26  2.499982
45  26  2.499987
46  26  2.499996
47  26  2.499997
48  26  2.499981
49  26  2.499964
50  26  2.499971
51  26  2.499982
52  26  2.499977
53  26  2.499983
54  26  2.499994
55  26  2.499996
56  26  2.499997
57  26  2.499994
58  26  2.499990
59  26  2.499989
60  26  2.499989
61  26  2.499992
62  26  2.499994
63  26  2.499992
0  27  2.499996
1  27  2.499998
2  27  2.499995
3  27  2.499988
4  27  2.499991
5  27  2.499995
6  27  2.499985
7  27  2.499980
8  27  2.499988
9  27  2.499994
10  27  2.499996
11  27  2.499996
12  27  2.499997
13  27  2.499998
14  27  2.499998
15  27  2.499993
16  27  2.499981
17  27  2.499964
18  27  2.499961
19  27  2.499975
20  27  2.499988
21  27  2.499995
22  27  2.499993
23  27  2.499995
24  27  2.499997
25  27  2.499993
26  27  2.499985
27  27  2.499979
28  27  2.499990
29  27  2.499997
30  27  2.499998
31  27  2.499998
32  27  2.499996
33  27  2.499996
34  27  2.499997
35  27  2.499997
36  27  2.499996
37  27  2.499986
38  27  2.499983
39  27  2.499984
40  27  2.499987
41  27  2.499993
42  27  2.499996
43  27  2.499988
44  27  2.499976
45  27  2.499977
46  27  2.499992
47  27  2.499995
48  27  2.499974
49  27  2.499954
50  27  2.499966
51  27  2.499990
52  27  2.499986
53  27  2.499985
54  27  2.499995
55  27  2.499994
56  27  2.499985
57  27  2.499971
58  27  2.499970
59  27  2.499982
60  27  2.499992
61  27  2.499998
62  27  2.499998
63  27  2.499995
0  28  2.499992
1  28  2.499997
2  28  2.499995
3  28  2.499992
4  28  2.499996
5  28  2.499987
6  28  2.499967
7  28  2.499969
8  28  2.499986
9  28  2.499994
10  28  2.499995
11  28  2.499996
12  28  2.499997
13  28  2.499999
14  28  2.500000
15  28  2.499999
16  28  2.499991
17  28  2.499980
18  28  2.499983
19  28  2.499991
20  28  2.499994
21  28  2.499993
22  28  2.499985
23  28  2.499989
24  28  2.499994
25  28  2.499992
26  28  2.499988
27  28  2.499989
28  28  2.499997
29  28  2.499996
30  28  2.499995
31  28  2.499994
32  28  2.499993
33  28  2.499997
34  28  2.499999
35  28  2.499996
36  28  2.499988
37  28  2.499979
38  28  2.499981
39  28  2.499986
40  28  2.499990
41  28  2.499995
42  28  2.499998
43  28  2.499994
44  28  2.499985
45  28  2.499983
46  28  2.499993
47  28  2.499994
48  28  2.499975
49  28  2.499959
50  28  2.499971
51  28  2.499995
52  28  2.499986
53  28  2.499978
54  28  2.499984
55  28  2.499982
56  28  2.499972
57  28  2.499962
58  28  2.499970
59  28  2.499984
60  28  2.499992
61  28  2.499997
62  28  2.499996
63  28  2.499990
0  29  2.499988
1  29  2.499996
2  29  2.499997
3  29  2.499995
4  29  2.499996
5  29  2.499978
6  29  2.499958
7  29  2.499970
8  29  2.499986
9  29  2.499988
10  29  2.499987
11  29  2.499986
12  29  2.499990
13  29  2.499994
14  29  2.499997
15  29  2.499998
16  29  2.499989
17  29  2.499981
18  29  2.499990
19  29  2.499997
20  29  2.499998
21  29  2.499992
22  29  2.499978
23  29  2.499980
24  29  2.499993
25  29  2.499996
26  29  2.499995
27  29  2.499996
28  29  2.499996
29  29  2.499991
30  29  2.499989
31  29  2.499988
32  29  2.499983
33  29  2.499985
34  29  2.499988
35  29  2.499984
36  29  2.499976
37  29  2.499975
38  29  2.499985
39  29  2.499993
40  29  2.499995
41  29  2.499996
42  29  2.499990
43  29  2.499983
44  29  2.499984
45  29  2.499990
46  29  2.499995
47  29  2.499993
48  29  2.499983
49  29  2.499974
50  29  2.499977
51  29  2.499987
52  29  2.499975
53  29  2.499966
54  29  2.499978
55  29  2.499986
56  29  2.499988
57  29  2.499987
58  29  2.499994
59  29  2.499996
60  29  2.499993
61  29  2.499997
62  29  2.499998
63  29  2.499988
0  30  2.499987
1  30  2.499995
2  30  2.499997
3  30  2.499994
4  30  2.499992
5  30  2.499975
6  30  2.499958
7  30  2.499973
8  30  2.499989
9  30  2.499989
10  30  2.499988
11  30  2.499991
12  30  2.499993
13  30  2.499991
14  30  2.499989
15  30  2.499988
16  30  2.499976
17  30  2.499961
18  30  2.499969
19  30  2.499985
20  30  2.499995
21  30  2.499996
22  30  2.499982
23  30  2.499979
24  30  2.499989
25  30  2.499992
26  30  2.499992
27  30  2.499993
28  30  2.499991
29  30  2.499987
30  30  2.499988
31  30  2.499986
32  30  2.499979
33  30  2.499976
34  30  2.499976
35  30  2.499974
36  30  2.499974
37  30  2.499982
38  30  2.499993
39  30  2.499998
40  30  2.499999
41  30  2.499995
42  30  2.499988
43  30  2.499986
44  30  2.499992
45  30  2.499995
46  30  2.499993
47  30  2.499990
48  30  2.499990
49  30  2.499987
50  30  2.499980
51  30  2.499979
52  30  2.499976
53  30  2.499976
54  30  2.499990
55  30  2.499995
56  30  2.499990
57  30  2.499982
58  30  2.499984
59  30  2.499990
60  30  2.499992
61  30  2.499997
62  30  2.499998
63  30  2.499989
0  31  2.499988
1  31  2.499991
2  31  2.499991
3  31  2.499987
4  31  2.499983
5  31  2.499972
6  31  2.499962
7  31  2.499976
8  31  2.499993
9  31  2.499995
10  31  2.499996
11  31  2.499994
12  31  2.499983
13  31  2.499972
14  31  2.499971
15  31  2.499976
16  31  2.499970
17  31  2.499955
18  31  2.499954
19  31  2.499968
20  31  2.499979
21  31  2.499983
22  31  2.499979
23  31  2.499983
24  31  2.499993
25  31  2.499996
26  31  2.499995
27  31  2.499994
28  31  2.499992
29  31  2.499990
30  31  2.499993
31  31  2.499995
32  31  2.499991
33  31  2.499992
34  31  2.499991
35  31  2.499989
36  31  2.499990
37  31  2.499995
38  31  2.499999
39  31  2.500000
40  31  2.500000
41  31  2.499996
42  31  2.499992
43  31  2.499997
44  31  2.499998
45  31  2.499992
46  31  2.499988
47  31  2.499990
48  31  2.499994
49  31  2.499992
50  31  2.499985
51  31  2.499982
52  31  2.499988
53  31  2.499990
54  31  2.499985
55  31  2.499974
56  31  2.499963
57  31  2.499957
58  31  2.499961
59  31  2.499978
60  31  2.499991
61  31  2.499998
62  31  2.499999
63  31  2.499993
0  32  2.499991
1  32  2.499990
2  32  2.499991
3  32  2.499984
4  32  2.499977
5  32  2.499972
6  32  2.499972
7  32  2.499983
8  32  2.499995
9  32  2.499999
10  32  2.499993
11  32  2.499973
12  32  2.499952
13  32  2.499947
14  32  2.499958
15  32  2.499973
16  32  2.499978
17  32  2.499965
18  32  2.499957
19  32  2.499969
20  32  2.499974
21  32  2.499970
22  32  2.499968
23  32  2.499976
24  32  2.499989
25  32  2.499996
26  32  2.499999
27  32  2.499998
28  32  2.499995
29  32  2.499994
30  32  2.499998
31  32  2.499997
32  32  2.499993
33  32  2.499995
34  32  2.499996
35  32  2.499995
36  32  2.499997
37  32  2.499999
38  32  2.499999
39  32  2.500000
40  32  2.500000
41  32  2.499996
42  32  2.499993
43  32  2.499996
44  32  2.499993
45  32  2.499989
46  32  2.499990
47  32  2.499996
48  32  2.499994
49  32  2.499988
50  32  2.499993
51  32  2.499990
52  32  2.499986
53  32  2.499981
54  32  2.499968
55  32  2.499962
56  32  2.499969
57  32  2.499972
58  32  2.499973
59  32  2.499983
60  32  2.499992
61  32  2.499997
62  32  2.500000
63  32  2.499996
0  33  2.499992
1  33  2.499989
2  33  2.499990
3  33  2.499981
4  33  2.499978
5  33  2.499982
6  33  2.499988
7  33  2.499992
8  33  2.499996
9  33  2.499999
10  33  2.499984
11  33  2.499954
12  33  2.499944
13  33  2.499958
14  33  2.499974
15  33  2.499985
16  33  2.499987
17  33  2.499972
18  33  2.499958
19  33  2.499978
20  33  2.499992
21  33  2.499990
22  33  2.499988
23  33  2.499991
24  33  2.499995
25  33  2.499996
26  33  2.499997
27  33  2.499995
28  33  2.499992
29  33  2.499993
30  33  2.499997
31  33  2.499994
32  33  2.499985
33  33  2.499987
34  33  2.499987
35  33  2.499985
36  33  2.499992
37  33  2.499997
38  33  2.499998
39  33  2.499998
40  33  2.499997
41  33  2.499995
42  33  2.499994
43  33  2.499996
44  33  2.499994
45  33  2.499993
46  33  2.499995
47  33  2.499999
48  33  2.499993
49  33  2.499987
50  33  2.499996
51  33  2.499988
52  33  2.499975
53  33  2.499982
54  33  2.499986
55  33  2.499990
56  33  2.499995
57  33  2.499994
58  33  2.499989
59  33  2.499990
60  33  2.499992
61  33  2.499997
62  33  2.499998
63  33  2.499995
0  34  2.499988
1  34  2.499981
2  34  2.499981
3  34  2.499979
4  34  2.499986
5  34  2.499995
6  34  2.499998
7  34  2.499997
8  34  2.499994
9  34  2.499998
10  34  2.499981
11  34  2.499947
12  34  2.499950
13  34  2.499980
14  34  2.499995
15  34  2.499997
16  34  2.499996
17  34  2.499981
18  34  2.499957
19  34  2.499976
20  34  2.499997
21  34  2.499999
22  34  2.499998
23  34  2.499997
24  34  2.499997
25  34  2.499995
26  34  2.499994
27  34  2.499991
28  34  2.499991
29  34  2.499995
30  34  2.499995
31  34  2.499985
32  34  2.499971
33  34  2.499978
34  34  2.499983
35  34  2.499976
36  34  2.499983
37  34  2.499990
38  34  2.499992
39  34  2.499994
40  34  2.499995
41  34  2.499993
42  34  2.499997
43  34  2.499999
44  34  2.499998
45  34  2.499996
46  34  2.499994
47  34  2.499996
48  34  2.499993
49  34  2.499991
50  34  2.499996
51  34  2.499987
52  34  2.499978
53  34  2.499990
54  34  2.499997
55  34  2.499996
56  34  2.499995
57  34  2.499993
58  34  2.499989
59  34  2.499988
60  34  2.499992
61  34  2.499997
62  34  2.499994
63  34  2.499990
0  35  2.499987
1  35  2.499983
2  35  2.499985
3  35  2.499990
4  35  2.499997
5  35  2.499998
6  35  2.499997
7  35  2.499995
8  35  2.499990
9  35  2.499996
10  35  2.499985
11  35  2.499949
12  35  2.499944
13  35  2.499965
14  35  2.499975
15  35  2.499979
16  35  2.499988
17  35  2.499989
18  35  2.499967
19  35  2.499975
20  35  2.499994
21  35  2.499993
22  35  2.499988
23  35  2.499983
24  35  2.499985
25  35  2.499988
26  35  2.499989
27  35  2.499990
28  35  2.499994
29  35  2.499994
30  35  2.499982
31  35  2.499965
32  35  2.499948
33  35  2.499963
34  35  2.499976
35  35  2.499965
36  35  2.499967
37  35  2.499977
38  35  2.499990
39  35  2.499998
40  35  2.499996
41  35  2.499992
42  35  2.499996
43  35  2.499997
44  35  2.499993
45  35  2.499989
46  35  2.499986
47  35  2.499991
48  35  2.499995
49  35  2.499997
50  35  2.499999
51  35  2.499993
52  35  2.499986
53  35  2.499986
54  35  2.499986
55  35  2.499989
56  35  2.499993
57  35  2.499995
58  35  2.499993
59  35  2.499990
60  35  2.499994
61  35  2.499998
62  35  2.499989
63  35  2.499986
0  36  2.499993
1  36  2.499995
2  36  2.499995
3  36  2.499996
4  36  2.499996
5  36  2.499993
6  36  2.499994
7  36  2.499994
8  36  2.499988
9  36  2.499990
10  36  2.499989
11  36  2.499972
12  36  2.499966
13  36  2.499966
14  36  2.499963
15  36  2.499963
16  36  2.499971
17  36  2.499987
18  36  2.499981
19  36  2.499983
20  36  2.499988
21  36  2.499984
22  36  2.499982
23  36  2.499980
24  36  2.499979
25  36  2.499984
26  36  2.499989
27  36  2.499992
28  36  2.499997
29  36  2.499985
30  36  2.499963
31  36  2.499950
32  36  2.499944
33  36  2.499967
34  36  2.499981
35  36  2.499962
36  36  2.499956
37  36  2.499968
38  36  2.499986
39  36  2.499998
40  36  2.499996
41  36  2.499991
42  36  2.499995
43  36  2.499997
44  36  2.499993
45  36  2.499991
46  36  2.499989
47  36  2.499990
48  36  2.499996
49  36  2.499999
50  36  2.499999
51  36  2.499998
52  36  2.499994
53  36  2.499990
54  36  2.499987
55  36  2.499989
56  36  2.499993
57  36  2.499996
58  36  2.499996
59  36  2.499990
60  36  2.499991
61  36  2.499996
62  36  2.499984
63  36  2.499984
0  37  2.499991
1  37  2.499999
2  37  2.499993
3  37  2.499991
4  37  2.499992
5  37  2.499990
6  37  2.499993
7  37  2.499992
8  37  2.499986
9  37  2.499979
10  37  2.499976
11  37  2.499980
12  37  2.499989
13  37  2.499991
14  37  2.499986
15  37  2.499979
16  37  2.499978
17  37  2.499990
18  37  2.499992
19  37  2.499991
20  37  2.499986
21  37  2.499978
22  37  2.499985
23  37  2.499995
24  37  2.499995
25  37  2.499996
26  37  2.499997
27  37  2.499997
28  37  2.499998
29  37  2.499973
30  37  2.499947
31  37  2.499948
32  37  2.499960
33  37  2.499986
34  37  2.499989
35  37  2.499963
36  37  2.499957
37  37  2.499969
38  37  2.499986
39  37  2.499997
40  37  2.499997
41  37  2.499993
42  37  2.499993
43  37  2.499993
44  37  2.499990
45  37  2.499994
46  37  2.499996
47  37  2.499993
48  37  2.499995
49  37  2.499996
50  37  2.499996
51  37  2.499998
52  37  2.499998
53  37  2.499997
54  37  2.499994
55  37  2.499990
56  37  2.499989
57  37  2.499991
58  37  2.499995
59  37  2.499985
60  37  2.499984
61  37  2.499992
62  37  2.499975
63  37  2.499976
0  38  2.499990
1  38  2.499999
2  38  2.499990
3  38  2.499988
4  38  2.499993
5  38  2.499992
6  38  2.499993
7  38  2.499990
8  38  2.499982
9  38  2.499975
10  38  2.499975
11  38  2.499982
12  38  2.499991
13  38  2.499996
14  38  2.499995
15  38  2.499987
16  38  2.499988
17  38  2.499997
18  38  2.499998
19  38  2.499995
20  38  2.499985
21  38  2.499973
22  38  2.499977
23  38  2.499989
24  38  2.499995
25  38  2.499999
26  38  2.499999
27  38  2.499999
28  38  2.499997
29  38  2.499966
30  38  2.499934
31  38  2.499949
32  38  2.499976
33  38  2.499995
34  38  2.499981
35  38  2.499959
36  38  2.499964
37  38  2.499976
38  38  2.499986
39  38  2.499997
40  38  2.499999
41  38  2.499996
42  38  2.499993
43  38  2.499989
44  38  2.499980
45  38  2.499980
46  38  2.499983
47  38  2.499983
48  38  2.499986
49  38  2.499991
50  38  2.499995
51  38  2.499997
52  38  2.499996
53  38  2.499995
54  38  2.499994
55  38  2.499991
56  38  2.499989
57  38  2.499989
58  38  2.499994
59  38  2.499985
60  38  2.499986
61  38  2.499994
62  38  2.499975
63  38  2.499974
0  39  2.499992
1  39  2.499999
2  39  2.499990
3  39  2.499988
4  39  2.499992
5  39  2.499992
6  39  2.499995
7  39  2.499993
8  39  2.499988
9  39  2.499986
10  39  2.499989
11  39  2.499992
12  39  2.499992
13  39  2.499992
14  39  2.499985
15  39  2.499978
16  39  2.499984
17  39  2.499993
18  39  2.499996
19  39  2.499995
20  39  2.499988
21  39  2.499982
22  39  2.499982
23  39  2.499989
24  39  2.499996
25  39  2.499999
26  39  2.499999
27  39  2.499998
28  39  2.499998
29  39  2.499968
30  39  2.499930
31  39  2.499951
32  39  2.499985
33  39  2.499995
34  39  2.499977
35  39  2.499966
36  39  2.499978
37  39  2.499982
38  39  2.499986
39  39  2.499996
40  39  2.499999
41  39  2.499999
42  39  2.499998
43  39  2.499994
44  39  2.499987
45  39  2.499985
46  39  2.499989
47  39  2.499991
48  39  2.499994
49  39  2.499997
50  39  2.499998
51  39  2.499997
52  39  2.499993
53  39  2.499990
54  39  2.499991
55  39  2.499995
56  39  2.499995
57  39  2.499992
58  39  2.499997
59  39  2.499991
60  39  2.499989
61  39  2.499983
62  39  2.499967
63  39  2.499975
0  40  2.499996
1  40  2.499999
2  40  2.499992
3  40  2.499989
4  40  2.499990
5  40  2.499990
6  40  2.499993
7  40  2.499998
8  40  2.499998
9  40  2.499999
10  40  2.499999
11  40  2.499997
12  40  2.499996
13  40  2.499998
14  40  2.499992
15  40  2.499988
16  40  2.499993
17  40  2.499998
18  40  2.499997
19  40  2.499992
20  40  2.499989
21  40  2.499989
22  40  2.499990
23  40  2.499992
24  40  2.499999
25  40  2.499999
26  40  2.499998
27  40  2.499997
28  40  2.499997
29  40  2.499976
30  40  2.499938
31  40  2.499952
32  40  2.499980
33  40  2.499990
34  40  2.499982
35  40  2.499979
36  40  2.499986
37  40  2.499984
38  40  2.499986
39  40  2.499996
40  40  2.499996
41  40  2.499996
42  40  2.499996
43  40  2.499998
44  40  2.499996
45  40  2.499994
46  40  2.499994
47  40  2.499992
48  40  2.499985
49  40  2.499982
50  40  2.499983
51  40  2.499982
52  40  2.499981
53  40  2.499981
54  40  2.499988
55  40  2.499996
56  40  2.499995
57  40  2.499993
58  40  2.499998
59  40  2.499995
60  40  2.499986
61  40  2.499972
62  40  2.499971
63  40  2.499985
0  41  2.499999
1  41  2.500000
2  41  2.499995
3  41  2.499990
4  41  2.499990
5  41  2.499990
6  41  2.499993
7  41  2.499997
8  41  2.499998
9  41  2.499998
10  41  2.499997
11  41  2.499994
12  41  2.499995
13  41  2.499996
14  41  2.499991
15  41  2.499988
16  41  2.499994
17  41  2.499999
18  41  2.499995
19  41  2.499985
20  41  2.499985
21  41  2.499990
22  41  2.499990
23  41  2.499992
24  41  2.499998
25  41  2.499997
26  41  2.499994
27  41  2.499991
28  41  2.499991
29  41  2.499986
30  41  2.499962
31  41  2.499964
32  41  2.499977
33  41  2.499985
34  41  2.499988
35  41  2.499989
36  41  2.499990
37  41  2.499984
38  41  2.499989
39  41  2.499998
40  41  2.499997
41  41  2.499995
42  41  2.499992
43  41  2.499996
44  41  2.499999
45  41  2.499994
46  41  2.499985
47  41  2.499980
48  41  2.499974
49  41  2.499964
50  41  2.499961
51  41  2.499966
52  41  2.499974
53  41  2.499982
54  41  2.499992
55  41  2.499996
56  41  2.499993
57  41  2.499993
58  41  2.499998
59  41  2.499996
60  41  2.499990
61  41  2.499984
62  41  2.499990
63  41  2.499997
0  42  2.499998
1  42  2.499998
2  42  2.499994
3  42  2.499987
4  42  2.499987
5  42  2.499988
6  42  2.499992
7  42  2.499998
8  42  2.499998
9  42  2.499998
10  42  2.499997
11  42  2.499992
12  42  2.499992
13  42  2.499992
14  42  2.499985
15  42  2.499979
16  42  2.499983
17  42  2.499996
18  42  2.499995
19  42  2.499984
20  42  2.499988
21  42  2.499995
22  42  2.499994
23  42  2.499993
24  42  2.499995
25  42  2.499990
26  42  2.499987
27  42  2.499984
28  42  2.499982
29  42  2.499986
30  42  2.499985
31  42  2.499985
32  42  2.499981
33  42  2.499978
34  42  2.499983
35  42  2.499991
36  42  2.499992
37  42  2.499985
38  42  2.499992
39  42  2.499999
40  42  2.499999
41  42  2.499997
42  42  2.499992
43  42  2.499994
44  42  2.499997
45  42  2.499993
46  42  2.499979
47  42  2.499979
48  42  2.499987
49  42  2.499984
50  42  2.499980
51  42  2.499982
52  42  2.499989
53  42  2.499995
54  42  2.499998
55  42  2.499994
56  42  2.499990
57  42  2.499992
58  42  2.499994
59  42  2.499995
60  42  2.499993
61  42  2.499994
62  42  2.499998
63  42  2.499998
0  43  2.499993
1  43  2.499995
2  43  2.499992
3  43  2.499986
4  43  2.499984
5  43  2.499986
6  43  2.499993
7  43  2.499996
8  43  2.499994
9  43  2.499995
10  43  2.499995
11  43  2.499991
12  43  2.499990
13  43  2.499991
14  43  2.499984
15  43  2.499971
16  43  2.499967
17  43  2.499986
18  43  2.499995
19  43  2.499984
20  43  2.499982
21  43  2.499987
22  43  2.499989
23  43  2.499990
24  43  2.499993
25  43  2.499989
26  43  2.499989
27  43  2.499990
28  43  2.499988
29  43  2.499990
30  43  2.499994
31  43  2.499990
32  43  2.499978
33  43  2.499969
34  43  2.499973
35  43  2.499985
36  43  2.499994
37  43  2.499988
38  43  2.499993
39  43  2.499999
40  43  2.499999
41  43  2.500000
42  43  2.499996
43  43  2.499992
44  43  2.499989
45  43  2.499988
46  43  2.499984
47  43  2.499983
48  43  2.499991
49  43  2.499995
50  43  2.499997
51  43  2.499998
52  43  2.499998
53  43  2.499997
54  43  2.499992
55  43  2.499984
56  43  2.499983
57  43  2.499986
58  43  2.499991
59  43  2.499995
60  43  2.499997
61  43  2.499996
62  43  2.499995
63  43  2.499993
0  44  2.499987
1  44  2.499990
2  44  2.499992
3  44  2.499990
4  44  2.499988
5  44  2.499991
6  44  2.499995
7  44  2.499986
8  44  2.499975
9  44  2.499978
10  44  2.499979
11  44  2.499981
12  44  2.499981
13  44  2.499983
14  44  2.499977
15  44  2.499959
16  44  2.499941
17  44  2.499959
18  44  2.499991
19  44  2.499991
20  44  2.499984
21  44  2.499985
22  44  2.499988
23  44  2.499992
24  44  2.499997
25  44  2.499996
26  44  2.499994
27  44  2.499995
28  44  2.499997
29  44  2.499994
30  44  2.499992
31  44  2.499989
32  44  2.499984
33  44  2.499982
34  44  2.499980
35  44  2.499984
36  44  2.499996
37  44  2.499992
38  44  2.499993
39  44  2.499995
40  44  2.499995
41  44  2.499995
42  44  2.499992
43  44  2.499988
44  44  2.499986
45  44  2.499990
46  44  2.499992
47  44  2.499986
48  44  2.499980
49  44  2.499979
50  44  2.499987
51  44  2.499992
52  44  2.499988
53  44  2.499978
54  44  2.499964
55  44  2.499956
56  44  2.499965
57  44  2.499979
58  44  2.499991
59  44  2.499997
60  44  2.499997
61  44  2.499993
62  44  2.499988
63  44  2.499988
0  45  2.499985
1  45  2.499987
2  45  2.499991
3  45  2.499995
4  45  2.499993
5  45  2.499991
6  45  2.499990
7  45  2.499973
8  45  2.499964
9  45  2.499973
10  45  2.499972
11  45  2.499974
12  45  2.499978
13  45  2.499985
14  45  2.499984
15  45  2.499971
16  45  2.499935
17  45  2.499935
18  45  2.499980
19  45  2.499997
20  45  2.499993
21  45  2.499992
22  45  2.499990
23  45  2.499991
24  45  2.499997
25  45  2.499998
26  45  2.499995
27  45  2.499990
28  45  2.499994
29  45  2.499990
30  45  2.499990
31  45  2.499994
32  45  2.499996
33  45  2.499998
34  45  2.499991
35  45  2.499983
36  45  2.499993
37  45  2.499992
38  45  2.499985
39  45  2.499980
40  45  2.499977
41  45  2.499977
42  45  2.499980
43  45  2.499987
44  45  2.499993
45  45  2.499994
46  45  2.499990
47  45  2.499985
48  45  2.499976
49  45  2.499971
50  45  2.499981
51  45  2.499991
52  45  2.499986
53  45  2.499971
54  45  2.499954
55  45  2.499954
56  45  2.499969
57  45  2.499984
58  45  2.499993
59  45  2.499995
60  45  2.499995
61  45  2.499992
62  45  2.499989
63  45  2.499988
0  46  2.499989
1  46  2.499987
2  46  2.499990
3  46  2.499996
4  46  2.499997
5  46  2.499997
6  46  2.499996
7  46  2.499983
8  46  2.499979
9  46  2.499992
10  46  2.499992
11  46  2.499993
12  46  2.499994
13  46  2.499996
14  46  2.499996
15  46  2.499993
16  46  2.499954
17  46  2.499933
18  46  2.499974
19  46  2.499996
20  46  2.499995
21  46  2.499996
22  46  2.499995
23  46  2.499992
24  46  2.499993
25  46  2.499995
26  46  2.499997
27  46  2.499995
28  46  2.499995
29  46  2.499994
30  46  2.499994
31  46  2.499996
32  46  2.499995
33  46  2.499996
34  46  2.499992
35  46  2.499983
36  46  2.499990
37  46  2.499993
38  46  2.499987
39  46  2.499982
40  46  2.499981
41  46  2.499984
42  46  2.499987
43  46  2.499991
44  46  2.499991
45  46  2.499983
46  46  2.499981
47  46  2.499988
48  46  2.499986
49  46  2.499979
50  46  2.499988
51  46  2.499998
52  46  2.499995
53  46  2.499981
54  46  2.499970
55  46  2.499983
56  46  2.499995
57  46  2.499994
58  46  2.499994
59  46  2.499994
60  46  2.499995
61  46  2.499993
62  46  2.499992
63  46  2.499993
0  47  2.499995
1  47  2.499992
2  47  2.499990
3  47  2.499995
4  47  2.499995
5  47  2.499995
6  47  2.499993
7  47  2.499981
8  47  2.499977
9  47  2.499990
10  47  2.499996
11  47  2.499995
12  47  2.499991
13  47  2.499985
14  47  2.499978
15  47  2.499979
16  47  2.499961
17  47  2.499949
18  47  2.499980
19  47  2.499993
20  47  2.499991
21  47  2.499995
22  47  2.499997
23  47  2.499996
24  47  2.499992
25  47  2.499988
26  47  2.499992
27  47  2.499997
28  47  2.499997
29  47  2.499996
30  47  2.499995
31  47  2.499997
32  47  2.499998
33  47  2.499999
34  47  2.499997
35  47  2.499988
36  47  2.499990
37  47  2.499995
38  47  2.499996
39  47  2.499997
40  47  2.499998
41  47  2.499998
42  47  2.499991
43  47  2.499985
44  47  2.499980
45  47  2.499976
46  47  2.499985
47  47  2.499995
48  47  2.499989
49  47  2.499982
50  47  2.499990
51  47  2.499999
52  47  2.499997
53  47  2.499980
54  47  2.499965
55  47  2.499983
56  47  2.499995
57  47  2.499988
58  47  2.499990
59  47  2.499994
60  47  2.499995
61  47  2.499993
62  47  2.499992
63  47  2.499995
0  48  2.499998
1  48  2.499998
2  48  2.499994
3  48  2.499995
4  48  2.499991
5  48  2.499988
6  48  2.499986
7  48  2.499975
8  48  2.499971
9  48  2.499985
10  48  2.499992
11  48  2.499990
12  48  2.499985
13  48  2.499981
14  48  2.499972
15  48  2.499967
16  48  2.499966
17  48  2.499972
18  48  2.499991
19  48  2.499994
20  48  2.499992
21  48  2.499995
22  48  2.499996
23  48  2.499996
24  48  2.499995
25  48  2.499989
26  48  2.499987
27  48  2.499991
28  48  2.499990
29  48  2.499990
30  48  2.499990
31  48  2.499995
32  48  2.499999
33  48  2.500000
34  48  2.499998
35  48  2.499994
36  48  2.499991
37  48  2.499989
38  48  2.499989
39  48  2.499994
40  48  2.499998
41  48  2.499998
42  48  2.499988
43  48  2.499981
44  48  2.499982
45  48  2.499985
46  48  2.499995
47  48  2.499993
48  48  2.499984
49  48  2.499985
50  48  2.499993
51  48  2.499999
52  48  2.499998
53  48  2.499986
54  48  2.499966
55  48  2.499977
56  48  2.499986
57  48  2.499981
58  48  2.499985
59  48  2.499992
60  48  2.499995
61  48  2.499994
62  48  2.499993
63  48  2.499995
0  49  2.499994
1  49  2.499994
2  49  2.499995
3  49  2.499997
4  49  2.499993
5  49  2.499993
6  49  2.499993
7  49  2.499981
8  49  2.499974
9  49  2.499985
10  49  2.499995
11  49  2.499996
12  49  2.499996
13  49  2.499996
14  49  2.499994
15  49  2.499991
16  49  2.499991
17  49  2.499993
18  49  2.499995
19  49  2.499994
20  49  2.499996
21  49  2.499998
22  49  2.499997
23  49  2.499995
24  49  2.499998
25  49  2.499996
26  49  2.499993
27  49  2.499993
28  49  2.499992
29  49  2.499991
30  49  2.499989
31  49  2.499991
32  49  2.499998
33  49  2.499999
34  49  2.499997
35  49  2.499997
36  49  2.499998
37  49  2.499994
38  49  2.499990
39  49  2.499991
40  49  2.499998
41  49  2.499998
42  49  2.499989
43  49  2.499983
44  49  2.499983
45  49  2.499983
46  49  2.499990
47  49  2.499987
48  49  2.499987
49  49  2.499994
50  49  2.499996
51  49  2.499996
52  49  2.499997
53  49  2.499992
54  49  2.499974
55  49  2.499982
56  49  2.499990
57  49  2.499987
58  49  2.499991
59  49  2.499996
60  49  2.499997
61  49  2.499997
62  49  2.499996
63  49  2.499995
0  50  2.499988
1  50  2.499985
2  50  2.499988
3  50  2.499992
4  50  2.499992
5  50  2.499995
6  50  2.499998
7  50  2.499990
8  50  2.499981
9  50  2.499989
10  50  2.499997
11  50  2.499997
12  50  2.499990
13  50  2.499980
14  50  2.499973
15  50  2.499974
16  50  2.499984
17  50  2.499990
18  50  2.499993
19  50  2.499996
20  50  2.499997
21  50  2.499995
22  50  2.499994
23  50  2.499994
24  50  2.499998
25  50  2.499999
26  50  2.499998
27  50  2.499996
28  50  2.499996
29  50  2.499994
30  50  2.499988
31  50  2.499989
32  50  2.499997
33  50  2.499999
34  50  2.499996
35  50  2.499997
36  50  2.499997
37  50  2.499998
38  50  2.499993
39  50  2.499989
40  50  2.499996
41  50  2.499998
42  50  2.499991
43  50  2.499988
44  50  2.499987
45  50  2.499984
46  50  2.499986
47  50  2.499985
48  50  2.499991
49  50  2.499997
50  50  2.499998
51  50  2.499993
52  50  2.499993
53  50  2.499995
54  50  2.499982
55  50  2.499990
56  50  2.499998
57  50  2.499995
58  50  2.499997
59  50  2.500000
60  50  2.500000
61  50  2.499999
62  50  2.499999
63  50  2.499995
0  51  2.499993
1  51  2.499993
2  51  2.499991
3  51  2.499991
4  51  2.499993
5  51  2.499995
6  51  2.499993
7  51  2.499989
8  51  2.499987
9  51  2.499993
10  51  2.499998
11  51  2.499995
12  51  2.499983
13  51  2.499977
14  51  2.499970
15  51  2.499963
16  51  2.499974
17  51  2.499989
18  51  2.499996
19  51  2.499997
20  51  2.499990
21  51  2.499988
22  51  2.499991
23  51  2.499995
24  51  2.499999
25  51  2.499999
26  51  2.499999
27  51  2.499996
28  51  2.499997
29  51  2.499994
30  51  2.499986
31  51  2.499987
32  51  2.499995
33  51  2.499998
34  51  2.499994
35  51  2.499996
36  51  2.499996
37  51  2.499996
38  51  2.499993
39  51  2.499983
40  51  2.499991
41  51  2.499996
42  51  2.499992
43  51  2.499992
44  51  2.499995
45  51  2.499992
46  51  2.499983
47  51  2.499979
48  51  2.499985
49  51  2.499992
50  51  2.499998
51  51  2.499992
52  51  2.499989
53  51  2.499997
54  51  2.499984
55  51  2.499990
56  51  2.499999
57  51  2.499995
58  51  2.499995
59  51  2.499998
60  51  2.499998
61  51  2.499999
62  51  2.499998
63  51  2.499995
0  52  2.499998
1  52  2.499995
2  52  2.499985
3  52  2.499984
4  52  2.499992
5  52  2.499995
6  52  2.499991
7  52  2.499988
8  52  2.499989
9  52  2.499995
10  52  2.499998
11  52  2.499994
12  52  2.499982
13  52  2.499987
14  52  2.499995
15  52  2.499985
16  52  2.499984
17  52  2.499993
18  52  2.499996
19  52  2.499993
20  52  2.499987
21  52  2.499991
22  52  2.499997
23  52  2.499997
24  52  2.499995
25  52  2.499995
26  52  2.499995
27  52  2.499992
28  52  2.499997
29  52  2.499996
30  52  2.499990
31  52  2.499986
32  52  2.499991
33  52  2.499992
34  52  2.499988
35  52  2.499992
36  52  2.499990
37  52  2.499987
38  52  2.499992
39  52  2.499980
40  52  2.499985
41  52  2.499992
42  52  2.499992
43  52  2.499994
44  52  2.499998
45  52  2.499994
46  52  2.499983
47  52  2.499981
48  52  2.499981
49  52  2.499981
50  52  2.499994
51  52  2.499994
52  52  2.499988
53  52  2.499997
54  52  2.499988
55  52  2.499988
56  52  2.499993
57  52  2.499988
58  52  2.499990
59  52  2.499994
60  52  2.499995
61  52  2.499997
62  52  2.499997
63  52  2.499996
0  53  2.499998
1  53  2.499990
2  53  2.499975
3  53  2.499973
4  53  2.499983
5  53  2.499984
6  53  2.499983
7  53  2.499990
8  53  2.499996
9  53  2.499999
10  53  2.499999
11  53  2.499993
12  53  2.499979
13  53  2.499979
14  53  2.499990
15  53  2.499986
16  53  2.499985
17  53  2.499990
18  53  2.499995
19  53  2.499995
20  53  2.499991
21  53  2.499992
22  53  2.499989
23  53  2.499980
24  53  2.499979
25  53  2.499982
26  53  2.499980
27  53  2.499974
28  53  2.499976
29  53  2.499985
30  53  2.499993
31  53  2.499993
32  53  2.499991
33  53  2.499987
34  53  2.499983
35  53  2.499989
36  53  2.499980
37  53  2.499977
38  53  2.499995
39  53  2.499988
40  53  2.499990
41  53  2.499998
42  53  2.499998
43  53  2.499997
44  53  2.499999
45  53  2.499994
46  53  2.499987
47  53  2.499994
48  53  2.499991
49  53  2.499984
50  53  2.499992
51  53  2.499995
52  53  2.499987
53  53  2.499993
54  53  2.499993
55  53  2.499992
56  53  2.499990
57  53  2.499985
58  53  2.499988
59  53  2.499993
60  53  2.499995
61  53  2.499993
62  53  2.499992
63  53  2.499997
0  54  2.499998
1  54  2.499988
2  54  2.499972
3  54  2.499972
4  54  2.499985
5  54  2.499975
6  54  2.499967
7  54  2.499983
8  54  2.499996
9  54  2.499998
10  54  2.499995
11  54  2.499989
12  54  2.499973
13  54  2.499964
14  54  2.499973
15  54  2.499983
16  54  2.499990
17  54  2.499993
18  54  2.499994
19  54  2.499993
20  54  2.499990
21  54  2.499986
22  54  2.499976
23  54  2.499973
24  54  2.499979
25  54  2.499983
26  54  2.499979
27  54  2.499968
28  54  2.499964
29  54  2.499969
30  54  2.499986
31  54  2.499997
32  54  2.499997
33  54  2.499993
34  54  2.499993
35  54  2.499995
36  54  2.499978
37  54  2.499972
38  54  2.499996
39  54  2.499991
40  54  2.499990
41  54  2.499997
42  54  2.499996
43  54  2.499994
44  54  2.499997
45  54  2.499994
46  54  2.499982
47  54  2.499981
48  54  2.499980
49  54  2.499976
50  54  2.499985
51  54  2.499990
52  54  2.499982
53  54  2.499982
54  54  2.499989
55  54  2.499994
56  54  2.499992
57  54  2.499991
58  54  2.499995
59  54  2.499998
60  54  2.499997
61  54  2.499988
62  54  2.499987
63  54  2.499997
0  55  2.499997
1  55  2.499984
2  55  2.499962
3  55  2.499968
4  55  2.499994
5  55  2.499981
6  55  2.499966
7  55  2.499983
8  55  2.499997
9  55  2.499993
10  55  2.499990
11  55  2.499986
12  55  2.499974
13  55  2.499965
14  55  2.499969
15  55  2.499984
16  55  2.499993
17  55  2.499990
18  55  2.499986
19  55  2.499987
20  55  2.499991
21  55  2.499993
22  55  2.499991
23  55  2.499993
24  55  2.499996
25  55  2.499997
26  55  2.499994
27  55  2.499989
28  55  2.499982
29  55  2.499969
30  55  2.499978
31  55  2.499995
32  55  2.499997
33  55  2.499997
34  55  2.499997
35  55  2.499992
36  55  2.499975
37  55  2.499978
38  55  2.499996
39  55  2.499989
40  55  2.499988
41  55  2.499994
42  55  2.499995
43  55  2.499992
44  55  2.499991
45  55  2.499993
46  55  2.499987
47  55  2.499979
48  55  2.499976
49  55  2.499977
50  55  2.499985
51  55  2.499990
52  55  2.499985
53  55  2.499980
54  55  2.499981
55  55  2.499984
56  55  2.499988
57  55  2.499995
58  55  2.500000
59  55  2.499999
60  55  2.499997
61  55  2.499987
62  55  2.499986
63  55  2.499996
0  56  2.499997
1  56  2.499985
2  56  2.499955
3  56  2.499951
4  56  2.499969
5  56  2.499956
6  56  2.499953
7  56  2.499979
8  56  2.499994
9  56  2.499988
10  56  2.499990
11  56  2.499992
12  56  2.499991
13  56  2.499987
14  56  2.499980
15  56  2.499979
16  56  2.499988
17  56  2.499991
18  56  2.499987
19  56  2.499988
20  56  2.499995
21  56  2.499998
22  56  2.499992
23  56  2.499984
24  56  2.499979
25  56  2.499980
26  56  2.499986
27  56  2.499993
28  56  2.499995
29  56  2.499969
30  56  2.499967
31  56  2.499990
32  56  2.499997
33  56  2.499998
34  56  2.499993
35  56  2.499982
36  56  2.499975
37  56  2.499987
38  56  2.499997
39  56  2.499991
40  56  2.499991
41  56  2.499996
42  56  2.499998
43  56  2.499996
44  56  2.499991
45  56  2.499990
46  56  2.499996
47  56  2.499996
48  56  2.499996
49  56  2.499993
50  56  2.499994
51  56  2.499996
52  56  2.499994
53  56  2.499989
54  56  2.499981
55  56  2.499974
56  56  2.499980
57  56  2.499992
58  56  2.499998
59  56  2.499998
60  56  2.499996
61  56  2.499990
62  56  2.499988
63  56  2.499994
0  57  2.499996
1  57  2.499993
2  57  2.499968
3  57  2.499957
4  57  2.499962
5  57  2.499951
6  57  2.499959
7  57  2.499984
8  57  2.499987
9  57  2.499978
10  57  2.499990
11  57  2.499998
12  57  2.499995
13  57  2.499984
14  57  2.499969
15  57  2.499969
16  57  2.499988
17  57  2.499996
18  57  2.499990
19  57  2.499988
20  57  2.499994
21  57  2.499996
22  57  2.499991
23  57  2.499985
24  57  2.499981
25  57  2.499977
26  57  2.499975
27  57  2.499982
28  57  2.499995
29  57  2.499971
30  57  2.499960
31  57  2.499985
32  57  2.499997
33  57  2.499997
34  57  2.499985
35  57  2.499976
36  57  2.499983
37  57  2.499995
38  57  2.499997
39  57  2.499993
40  57  2.499991
41  57  2.499990
42  57  2.499990
43  57  2.499993
44  57  2.499992
45  57  2.499991
46  57  2.499996
47  57  2.499999
48  57  2.500000
49  57  2.499997
50  57  2.499994
51  57  2.499996
52  57  2.499998
53  57  2.499998
54  57  2.499987
55  57  2.499976
56  57  2.499981
57  57  2.499993
58  57  2.499998
59  57  2.499999
60  57  2.499997
61  57  2.499994
62  57  2.499990
63  57  2.499990
0  58  2.499990
1  58  2.499997
2  58  2.499988
3  58  2.499988
4  58  2.499992
5  58  2.499985
6  58  2.499988
7  58  2.499997
8  58  2.499983
9  58  2.499970
10  58  2.499990
11  58  2.499995
12  58  2.499982
13  58  2.499971
14  58  2.499969
15  58  2.499981
16  58  2.499993
17  58  2.499988
18  58  2.499981
19  58  2.499985
20  58  2.499994
21  58  2.499997
22  58  2.499995
23  58  2.499994
24  58  2.499997
25  58  2.499993
26  58  2.499983
27  58  2.499979
28  58  2.499994
29  58  2.499980
30  58  2.499964
31  58  2.499978
32  58  2.499992
33  58  2.499996
34  58  2.499979
35  58  2.499975
36  58  2.499991
37  58  2.499998
38  58  2.499995
39  58  2.499996
40  58  2.499997
41  58  2.499994
42  58  2.499987
43  58  2.499982
44  58  2.499980
45  58  2.499983
46  58  2.499993
47  58  2.499998
48  58  2.500000
49  58  2.499997
50  58  2.499993
51  58  2.499990
52  58  2.499989
53  58  2.499991
54  58  2.499986
55  58  2.499981
56  58  2.499987
57  58  2.499993
58  58  2.499996
59  58  2.499997
60  58  2.499995
61  58  2.499993
62  58  2.499989
63  58  2.499983
0  59  2.499987
1  59  2.499993
2  59  2.499992
3  59  2.499996
4  59  2.499998
5  59  2.499994
6  59  2.499995
7  59  2.499999
8  59  2.499983
9  59  2.499971
10  59  2.499991
11  59  2.499990
12  59  2.499977
13  59  2.499980
14  59  2.499987
15  59  2.499989
16  59  2.499983
17  59  2.499975
18  59  2.499981
19  59  2.499992
20  59  2.499995
21  59  2.499991
22  59  2.499982
23  59  2.499978
24  59  2.499984
25  59  2.499993
26  59  2.499990
27  59  2.499977
28  59  2.499984
29  59  2.499985
30  59  2.499978
31  59  2.499979
32  59  2.499987
33  59  2.499995
34  59  2.499974
35  59  2.499970
36  59  2.499992
37  59  2.499997
38  59  2.499991
39  59  2.499994
40  59  2.499996
41  59  2.499995
42  59  2.499990
43  59  2.499981
44  59  2.499975
45  59  2.499978
46  59  2.499987
47  59  2.499995
48  59  2.499999
49  59  2.499999
50  59  2.499995
51  59  2.499989
52  59  2.499980
53  59  2.499976
54  59  2.499976
55  59  2.499982
56  59  2.499991
57  59  2.499995
58  59  2.499995
59  59  2.499997
60  59  2.499997
61  59  2.499995
62  59  2.499993
63  59  2.499985
0  60  2.499994
1  60  2.499996
2  60  2.499997
3  60  2.499996
4  60  2.499989
5  60  2.499987
6  60  2.499992
7  60  2.499996
8  60  2.499985
9  60  2.499978
10  60  2.499993
11  60  2.499990
12  60  2.499985
13  60  2.499989
14  60  2.499982
15  60  2.499972
16  60  2.499969
17  60  2.499977
18  60  2.499990
19  60  2.499990
20  60  2.499983
21  60  2.499976
22  60  2.499971
23  60  2.499969
24  60  2.499973
25  60  2.499986
26  60  2.499988
27  60  2.499968
28  60  2.499955
29  60  2.499961
30  60  2.499972
31  60  2.499976
32  60  2.499983
33  60  2.499994
34  60  2.499972
35  60  2.499967
36  60  2.499990
37  60  2.499997
38  60  2.499990
39  60  2.499994
40  60  2.499996
41  60  2.499990
42  60  2.499987
43  60  2.499990
44  60  2.499992
45  60  2.499994
46  60  2.499986
47  60  2.499987
48  60  2.499994
49  60  2.499996
50  60  2.499997
51  60  2.499993
52  60  2.499986
53  60  2.499981
54  60  2.499983
55  60  2.499991
56  60  2.499996
57  60  2.499995
58  60  2.499993
59  60  2.499995
60  60  2.499995
61  60  2.499994
62  60  2.499995
63  60  2.499992
0  61  2.499998
1  61  2.499999
2  61  2.499999
3  61  2.499992
4  61  2.499980
5  61  2.499983
6  61  2.499990
7  61  2.499990
8  61  2.499983
9  61  2.499984
10  61  2.499997
11  61  2.499995
12  61  2.499992
13  61  2.499986
14  61  2.499977
15  61  2.499974
16  61  2.499981
17  61  2.499990
18  61  2.499991
19  61  2.499980
20  61  2.499977
21  61  2.499979
22  61  2.499980
23  61  2.499974
24  61  2.499964
25  61  2.499969
26  61  2.499978
27  61  2.499969
28  61  2.499953
29  61  2.499951
30  61  2.499966
31  61  2.499978
32  61  2.499988
33  61  2.499995
34  61  2.499974
35  61  2.499970
36  61  2.499991
37  61  2.499997
38  61  2.499989
39  61  2.499992
40  61  2.499995
41  61  2.499984
42  61  2.499975
43  61  2.499980
44  61  2.499990
45  61  2.499990
46  61  2.499969
47  61  2.499972
48  61  2.499987
49  61  2.499992
50  61  2.499997
51  61  2.499996
52  61  2.499994
53  61  2.499995
54  61  2.499995
55  61  2.499995
56  61  2.499997
57  61  2.499995
58  61  2.499991
59  61  2.499993
60  61  2.499991
61  61  2.499990
62  61  2.499993
63  61  2.499996
0  62  2.499999
1  62  2.499999
2  62  2.499998
3  62  2.499990
4  62  2.499981
5  62  2.499992
6  62  2.499996
7  62  2.499985
8  62  2.499976
9  62  2.499985
10  62  2.499996
11  62  2.499996
12  62  2.499995
13  62  2.499991
14  62  2.499991
15  62  2.499995
16  62  2.499997
17  62  2.499997
18  62  2.499988
19  62  2.499977
20  62  2.499979
21  62  2.499987
22  62  2.499995
23  62  2.499982
24  62  2.499952
25  62  2.499952
26  62  2.499973
27  62  2.499987
28  62  2.499989
29  62  2.499986
30  62  2.499990
31  62  2.499995
32  62  2.499994
33  62  2.499987
34  62  2.499973
35  62  2.499975
36  62  2.499993
37  62  2.499996
38  62  2.499987
39  62  2.499988
40  62  2.499993
41  62  2.499984
42  62  2.499969
43  62  2.499969
44  62  2.499979
45  62  2.499981
46  62  2.499964
47  62  2.499976
48  62  2.499993
49  62  2.499994
50  62  2.499998
51  62  2.499998
52  62  2.499997
53  62  2.499998
54  62  2.499993
55  62  2.499988
56  62  2.499993
57  62  2.499992
58  62  2.499992
59  62  2.499994
60  62  2.499992
61  62  2.499994
62  62  2.499997
63  62  2.499999
0  63  2.499999
1  63  2.499995
2  63  2.499994
3  63  2.499990
4  63  2.499985
5  63  2.499994
6  63  2.499985
7  63  2.499957
8  63  2.499947
9  63  2.499964
10  63  2.499979
11  63  2.499986
12  63  2.499993
13  63  2.499996
14  63  2.499999
15  63  2.500000
16  63  2.500000
17  63  2.499997
18  63  2.499989
19  63  2.499979
20  63  2.499973
21  63  2.499971
22  63  2.499990
23  63  2.499985
24  63  2.499950
25  63  2.499948
26  63  2.499970
27  63  2.499987
28  63  2.499994
29  63  2.499992
30  63  2.499991
31  63  2.499988
32  63  2.499984
33  63  2.499981
34  63  2.499983
35  63  2.499987
36  63  2.499994
37  63  2.499993
38  63  2.499988
39  63  2.499990
40  63  2.499996
41  63  2.499995
42  63  2.499985
43  63  2.499982
44  63  2.499990
45  63  2.499994
46  63  2.499976
47  63  2.499986
48  63  2.499998
49  63  2.499995
50  63  2.499998
51  63  2.499999
52  63  2.499997
53  63  2.499991
54  63  2.499980
55  63  2.499980
56  63  2.499991
57  63  2.499991
58  63  2.499994
59  63  2.499995
60  63  2.499995
61  63  2.499997
62  63  2.499997
63  63  2.499997
