# Mass field m(x,y) = Delta * R(x,y) at t = 1
# Grid: 64 x 64
# Columns: x  y  mass
0  0  2.499023
1  0  2.499151
2  0  2.499396
3  0  2.499213
4  0  2.498264
5  0  2.498267
6  0  2.498159
7  0  2.499393
8  0  2.498409
9  0  2.498508
10  0  2.498745
11  0  2.498665
12  0  2.498609
13  0  2.498169
14  0  2.498578
15  0  2.498816
16  0  2.499278
17  0  2.499142
18  0  2.498970
19  0  2.498700
20  0  2.498431
21  0  2.498733
22  0  2.499117
23  0  2.499399
24  0  2.499269
25  0  2.498657
26  0  2.498572
27  0  2.498373
28  0  2.499268
29  0  2.499279
30  0  2.499368
31  0  2.499219
32  0  2.499325
33  0  2.499589
34  0  2.499178
35  0  2.499071
36  0  2.497649
37  0  2.497950
38  0  2.498020
39  0  2.498653
40  0  2.498555
41  0  2.498894
42  0  2.498883
43  0  2.498997
44  0  2.498626
45  0  2.498270
46  0  2.498372
47  0  2.498130
48  0  2.498380
49  0  2.498422
50  0  2.498018
51  0  2.498310
52  0  2.498095
53  0  2.499038
54  0  2.499512
55  0  2.499506
56  0  2.498749
57  0  2.498484
58  0  2.497695
59  0  2.498550
60  0  2.498417
61  0  2.498604
62  0  2.498422
63  0  2.498714
0  1  2.499342
1  1  2.499154
2  1  2.499198
3  1  2.498592
4  1  2.498477
5  1  2.498552
6  1  2.499252
7  1  2.499097
8  1  2.498878
9  1  2.499114
10  1  2.499134
11  1  2.498890
12  1  2.499040
13  1  2.498510
14  1  2.498893
15  1  2.498983
16  1  2.499418
17  1  2.499405
18  1  2.499397
19  1  2.497940
20  1  2.498074
21  1  2.498278
22  1  2.499088
23  1  2.499393
24  1  2.499299
25  1  2.498722
26  1  2.498642
27  1  2.499238
28  1  2.499610
29  1  2.499082
30  1  2.498722
31  1  2.498886
32  1  2.499312
33  1  2.499436
34  1  2.498549
35  1  2.498481
36  1  2.498157
37  1  2.498057
38  1  2.498075
39  1  2.499092
40  1  2.498363
41  1  2.498990
42  1  2.498692
43  1  2.499131
44  1  2.498551
45  1  2.498438
46  1  2.498699
47  1  2.499153
48  1  2.499291
49  1  2.499212
50  1  2.498802
51  1  2.498678
52  1  2.498338
53  1  2.499104
54  1  2.499324
55  1  2.499314
56  1  2.498869
57  1  2.499018
58  1  2.498900
59  1  2.499450
60  1  2.498811
61  1  2.498688
62  1  2.498346
63  1  2.498269
0  2  2.499531
1  2  2.499234
2  2  2.499539
3  2  2.499111
4  2  2.498751
5  2  2.498682
6  2  2.499659
7  2  2.499298
8  2  2.498971
9  2  2.498696
10  2  2.498981
11  2  2.498599
12  2  2.499202
13  2  2.498230
14  2  2.498743
15  2  2.498750
16  2  2.499065
17  2  2.499397
18  2  2.499412
19  2  2.498376
20  2  2.497581
21  2  2.497644
22  2  2.498798
23  2  2.499278
24  2  2.499273
25  2  2.499457
26  2  2.499390
27  2  2.499758
28  2  2.499633
29  2  2.499136
30  2  2.498617
31  2  2.498731
32  2  2.498475
33  2  2.499032
34  2  2.497570
35  2  2.498550
36  2  2.499667
37  2  2.499473
38  2  2.498541
39  2  2.498097
40  2  2.497406
41  2  2.498314
42  2  2.498940
43  2  2.498934
44  2  2.498588
45  2  2.499173
46  2  2.499706
47  2  2.499638
48  2  2.499670
49  2  2.499609
50  2  2.499818
51  2  2.499159
52  2  2.499128
53  2  2.499360
54  2  2.499551
55  2  2.499259
56  2  2.499112
57  2  2.499165
58  2  2.499187
59  2  2.499061
60  2  2.499029
61  2  2.498982
62  2  2.498698
63  2  2.498335
0  3  2.499385
1  3  2.498880
2  3  2.499352
3  3  2.499066
4  3  2.499268
5  3  2.499176
6  3  2.499192
7  3  2.498748
8  3  2.498836
9  3  2.498866
10  3  2.499037
11  3  2.498572
12  3  2.498992
13  3  2.498948
14  3  2.499287
15  3  2.499303
16  3  2.499352
17  3  2.499499
18  3  2.499194
19  3  2.498266
20  3  2.498290
21  3  2.498421
22  3  2.498991
23  3  2.499216
24  3  2.498935
25  3  2.498682
26  3  2.498460
27  3  2.499287
28  3  2.499223
29  3  2.498996
30  3  2.498723
31  3  2.498700
32  3  2.497444
33  3  2.498201
34  3  2.496590
35  3  2.497986
36  3  2.499331
37  3  2.499529
38  3  2.499325
39  3  2.498847
40  3  2.497782
41  3  2.498119
42  3  2.497695
43  3  2.498653
44  3  2.498541
45  3  2.499283
46  3  2.499645
47  3  2.499528
48  3  2.499427
49  3  2.499351
50  3  2.499629
51  3  2.498357
52  3  2.498470
53  3  2.498486
54  3  2.499691
55  3  2.498941
56  3  2.498652
57  3  2.498659
58  3  2.499012
59  3  2.498979
60  3  2.499101
61  3  2.499053
62  3  2.498873
63  3  2.498904
0  4  2.498956
1  4  2.498513
2  4  2.498807
3  4  2.498495
4  4  2.498936
5  4  2.498822
6  4  2.498104
7  4  2.498089
8  4  2.498024
9  4  2.498825
10  4  2.498954
11  4  2.498818
12  4  2.499004
13  4  2.499161
14  4  2.498718
15  4  2.498807
16  4  2.498767
17  4  2.499543
18  4  2.499218
19  4  2.499254
20  4  2.499041
21  4  2.498939
22  4  2.498918
23  4  2.498922
24  4  2.498730
25  4  2.498970
26  4  2.498992
27  4  2.499287
28  4  2.499173
29  4  2.499239
30  4  2.499017
31  4  2.498693
32  4  2.497202
33  4  2.498306
34  4  2.496843
35  4  2.498677
36  4  2.499359
37  4  2.499797
38  4  2.499691
39  4  2.499296
40  4  2.498252
41  4  2.498418
42  4  2.498356
43  4  2.498721
44  4  2.498628
45  4  2.499380
46  4  2.499661
47  4  2.499652
48  4  2.499474
49  4  2.499427
50  4  2.499537
51  4  2.498593
52  4  2.498733
53  4  2.498512
54  4  2.499498
55  4  2.499114
56  4  2.498069
57  4  2.497611
58  4  2.498110
59  4  2.499137
60  4  2.499328
61  4  2.499261
62  4  2.499411
63  4  2.498978
0  5  2.498826
1  5  2.498508
2  5  2.498899
3  5  2.498435
4  5  2.498841
5  5  2.498582
6  5  2.497880
7  5  2.498399
8  5  2.498460
9  5  2.499577
10  5  2.499064
11  5  2.499065
12  5  2.498602
13  5  2.498509
14  5  2.498095
15  5  2.498694
16  5  2.498574
17  5  2.499267
18  5  2.498886
19  5  2.499161
20  5  2.498979
21  5  2.498728
22  5  2.498465
23  5  2.498827
24  5  2.498741
25  5  2.498986
26  5  2.498887
27  5  2.499139
28  5  2.498564
29  5  2.498934
30  5  2.499028
31  5  2.498854
32  5  2.498476
33  5  2.498805
34  5  2.498348
35  5  2.499086
36  5  2.499278
37  5  2.499521
38  5  2.499020
39  5  2.498920
40  5  2.499065
41  5  2.499350
42  5  2.499055
43  5  2.498921
44  5  2.498919
45  5  2.499433
46  5  2.499364
47  5  2.499454
48  5  2.499109
49  5  2.499173
50  5  2.499410
51  5  2.499004
52  5  2.499141
53  5  2.498935
54  5  2.499074
55  5  2.498439
56  5  2.497581
57  5  2.497881
58  5  2.498011
59  5  2.498970
60  5  2.498762
61  5  2.498987
62  5  2.499412
63  5  2.498803
0  6  2.499212
1  6  2.498521
2  6  2.498725
3  6  2.498811
4  6  2.499207
5  6  2.498554
6  6  2.498004
7  6  2.499485
8  6  2.499514
9  6  2.497488
10  6  2.497644
11  6  2.498574
12  6  2.499101
13  6  2.498699
14  6  2.498474
15  6  2.498790
16  6  2.498505
17  6  2.499278
18  6  2.499466
19  6  2.499637
20  6  2.499069
21  6  2.498698
22  6  2.498536
23  6  2.498902
24  6  2.499396
25  6  2.499278
26  6  2.499542
27  6  2.499195
28  6  2.498139
29  6  2.498182
30  6  2.498894
31  6  2.499315
32  6  2.498506
33  6  2.498169
34  6  2.498164
35  6  2.499513
36  6  2.499462
37  6  2.499451
38  6  2.498983
39  6  2.498885
40  6  2.499302
41  6  2.499384
42  6  2.499146
43  6  2.499106
44  6  2.499085
45  6  2.499247
46  6  2.499068
47  6  2.499281
48  6  2.499185
49  6  2.498678
50  6  2.499207
51  6  2.498931
52  6  2.499446
53  6  2.498791
54  6  2.498550
55  6  2.498122
56  6  2.497843
57  6  2.497989
58  6  2.498304
59  6  2.498502
60  6  2.497634
61  6  2.497912
62  6  2.499094
63  6  2.499294
0  7  2.499045
1  7  2.499305
2  7  2.499303
3  7  2.499544
4  7  2.499189
5  7  2.499020
6  7  2.498199
7  7  2.498505
8  7  2.498384
9  7  2.497358
10  7  2.498124
11  7  2.498689
12  7  2.499233
13  7  2.498104
14  7  2.498185
15  7  2.498145
16  7  2.498630
17  7  2.498635
18  7  2.499430
19  7  2.499080
20  7  2.498363
21  7  2.497990
22  7  2.498478
23  7  2.499050
24  7  2.499630
25  7  2.498928
26  7  2.499357
27  7  2.499177
28  7  2.497984
29  7  2.498510
30  7  2.498750
31  7  2.498803
32  7  2.498586
33  7  2.498469
34  7  2.498849
35  7  2.499163
36  7  2.499329
37  7  2.499689
38  7  2.499072
39  7  2.498718
40  7  2.499282
41  7  2.499515
42  7  2.499330
43  7  2.499182
44  7  2.498679
45  7  2.498723
46  7  2.498414
47  7  2.498588
48  7  2.498736
49  7  2.498469
50  7  2.499082
51  7  2.498925
52  7  2.499219
53  7  2.498733
54  7  2.498488
55  7  2.498534
56  7  2.497876
57  7  2.497767
58  7  2.497528
59  7  2.497855
60  7  2.497472
61  7  2.498053
62  7  2.499029
63  7  2.499482
0  8  2.498675
1  8  2.498862
2  8  2.498705
3  8  2.499718
4  8  2.499338
5  8  2.498921
6  8  2.498070
7  8  2.498375
8  8  2.498827
9  8  2.498191
10  8  2.498299
11  8  2.498464
12  8  2.499061
13  8  2.498374
14  8  2.498558
15  8  2.498603
16  8  2.498723
17  8  2.498779
18  8  2.499609
19  8  2.499114
20  8  2.498791
21  8  2.498285
22  8  2.498799
23  8  2.498930
24  8  2.499547
25  8  2.498900
26  8  2.499421
27  8  2.499471
28  8  2.498600
29  8  2.498399
30  8  2.498524
31  8  2.498540
32  8  2.498786
33  8  2.498800
34  8  2.498658
35  8  2.498694
36  8  2.498849
37  8  2.499434
38  8  2.499752
39  8  2.498803
40  8  2.498176
41  8  2.498125
42  8  2.498764
43  8  2.499461
44  8  2.499020
45  8  2.498761
46  8  2.498527
47  8  2.498743
48  8  2.498898
49  8  2.498756
50  8  2.499191
51  8  2.499042
52  8  2.499280
53  8  2.498914
54  8  2.498843
55  8  2.498750
56  8  2.498126
57  8  2.497653
58  8  2.497730
59  8  2.497958
60  8  2.497951
61  8  2.497876
62  8  2.498610
63  8  2.499063
0  9  2.498826
1  9  2.499232
2  9  2.499345
3  9  2.499324
4  9  2.498537
5  9  2.497850
6  9  2.497571
7  9  2.498585
8  9  2.498542
9  9  2.498888
10  9  2.498648
11  9  2.498966
12  9  2.499251
13  9  2.498840
14  9  2.498823
15  9  2.498544
16  9  2.498916
17  9  2.498817
18  9  2.499539
19  9  2.499130
20  9  2.498811
21  9  2.498474
22  9  2.498892
23  9  2.499131
24  9  2.498701
25  9  2.498641
26  9  2.498858
27  9  2.499054
28  9  2.499054
29  9  2.498809
30  9  2.499129
31  9  2.498382
32  9  2.498570
33  9  2.498644
34  9  2.499036
35  9  2.498756
36  9  2.498567
37  9  2.498898
38  9  2.499518
39  9  2.497514
40  9  2.495780
41  9  2.495778
42  9  2.498898
43  9  2.499852
44  9  2.498941
45  9  2.498641
46  9  2.498410
47  9  2.498253
48  9  2.498395
49  9  2.499278
50  9  2.498883
51  9  2.498579
52  9  2.499155
53  9  2.499167
54  9  2.498531
55  9  2.498601
56  9  2.497158
57  9  2.497339
58  9  2.497085
59  9  2.498474
60  9  2.498766
61  9  2.498399
62  9  2.498164
63  9  2.498233
0  10  2.498750
1  10  2.498822
2  10  2.498966
3  10  2.499082
4  10  2.497983
5  10  2.497725
6  10  2.497022
7  10  2.497705
8  10  2.497699
9  10  2.498364
10  10  2.498803
11  10  2.499023
12  10  2.498390
13  10  2.498279
14  10  2.498146
15  10  2.498948
16  10  2.499389
17  10  2.499449
18  10  2.499430
19  10  2.499472
20  10  2.499480
21  10  2.499500
22  10  2.499475
23  10  2.499355
24  10  2.498855
25  10  2.497999
26  10  2.497981
27  10  2.498130
28  10  2.498793
29  10  2.498847
30  10  2.499385
31  10  2.499447
32  10  2.498302
33  10  2.498687
34  10  2.498441
35  10  2.498620
36  10  2.498543
37  10  2.498586
38  10  2.498958
39  10  2.497958
40  10  2.495654
41  10  2.495671
42  10  2.498460
43  10  2.499701
44  10  2.499392
45  10  2.499303
46  10  2.498893
47  10  2.498209
48  10  2.498290
49  10  2.499448
50  10  2.498932
51  10  2.498554
52  10  2.499491
53  10  2.499356
54  10  2.499007
55  10  2.498591
56  10  2.497895
57  10  2.498317
58  10  2.499131
59  10  2.499279
60  10  2.499274
61  10  2.498176
62  10  2.498075
63  10  2.498127
0  11  2.499292
1  11  2.499357
2  11  2.499264
3  11  2.498350
4  11  2.497333
5  11  2.497839
6  11  2.497511
7  11  2.498180
8  11  2.498159
9  11  2.498309
10  11  2.498852
11  11  2.499052
12  11  2.498565
13  11  2.498436
14  11  2.498343
15  11  2.499011
16  11  2.499311
17  11  2.499538
18  11  2.499477
19  11  2.499254
20  11  2.499144
21  11  2.499369
22  11  2.499597
23  11  2.499484
24  11  2.498737
25  11  2.497996
26  11  2.498147
27  11  2.498370
28  11  2.498673
29  11  2.498843
30  11  2.499574
31  11  2.499441
32  11  2.498265
33  11  2.498587
34  11  2.497952
35  11  2.499277
36  11  2.499516
37  11  2.499313
38  11  2.498934
39  11  2.498116
40  11  2.496973
41  11  2.497114
42  11  2.498945
43  11  2.499275
44  11  2.499118
45  11  2.499122
46  11  2.499022
47  11  2.498548
48  11  2.498416
49  11  2.499143
50  11  2.498141
51  11  2.498247
52  11  2.499364
53  11  2.499529
54  11  2.499361
55  11  2.499023
56  11  2.498209
57  11  2.498248
58  11  2.498682
59  11  2.498821
60  11  2.499337
61  11  2.498094
62  11  2.498250
63  11  2.498273
0  12  2.499141
1  12  2.499076
2  12  2.499081
3  12  2.497841
4  12  2.497790
5  12  2.498413
6  12  2.498468
7  12  2.497279
8  12  2.497664
9  12  2.497574
10  12  2.498634
11  12  2.498952
12  12  2.498762
13  12  2.498671
14  12  2.498514
15  12  2.498065
16  12  2.498030
17  12  2.499413
18  12  2.498919
19  12  2.499063
20  12  2.498999
21  12  2.499509
22  12  2.499616
23  12  2.499506
24  12  2.499491
25  12  2.499274
26  12  2.498480
27  12  2.498299
28  12  2.498793
29  12  2.499348
30  12  2.498743
31  12  2.498357
32  12  2.498025
33  12  2.498788
34  12  2.498483
35  12  2.499026
36  12  2.498977
37  12  2.498252
38  12  2.498150
39  12  2.498224
40  12  2.499088
41  12  2.499253
42  12  2.499620
43  12  2.499369
44  12  2.499146
45  12  2.498730
46  12  2.499184
47  12  2.498909
48  12  2.499259
49  12  2.498997
50  12  2.498431
51  12  2.498522
52  12  2.499212
53  12  2.499679
54  12  2.499976
55  12  2.499445
56  12  2.499383
57  12  2.498682
58  12  2.498866
59  12  2.498429
60  12  2.498771
61  12  2.498722
62  12  2.499052
63  12  2.499003
0  13  2.499470
1  13  2.499148
2  13  2.499168
3  13  2.498243
4  13  2.498481
5  13  2.498474
6  13  2.499130
7  13  2.498727
8  13  2.499047
9  13  2.498994
10  13  2.498879
11  13  2.499040
12  13  2.499164
13  13  2.498479
14  13  2.497944
15  13  2.497842
16  13  2.497698
17  13  2.499174
18  13  2.498724
19  13  2.499161
20  13  2.498866
21  13  2.499267
22  13  2.499196
23  13  2.499671
24  13  2.499557
25  13  2.499775
26  13  2.498849
27  13  2.498799
28  13  2.498681
29  13  2.499389
30  13  2.499159
31  13  2.498582
32  13  2.497990
33  13  2.498424
34  13  2.498792
35  13  2.498913
36  13  2.498869
37  13  2.499181
38  13  2.498883
39  13  2.499013
40  13  2.499424
41  13  2.499601
42  13  2.499353
43  13  2.499463
44  13  2.499040
45  13  2.498796
46  13  2.499137
47  13  2.499176
48  13  2.499471
49  13  2.499289
50  13  2.499029
51  13  2.499093
52  13  2.499263
53  13  2.499786
54  13  2.499793
55  13  2.499461
56  13  2.499454
57  13  2.498334
58  13  2.498026
59  13  2.497899
60  13  2.499145
61  13  2.499382
62  13  2.499438
63  13  2.499203
0  14  2.499454
1  14  2.499105
2  14  2.499093
3  14  2.498966
4  14  2.499395
5  14  2.498931
6  14  2.499241
7  14  2.498823
8  14  2.499129
9  14  2.499004
10  14  2.499327
11  14  2.499562
12  14  2.499538
13  14  2.498682
14  14  2.498371
15  14  2.497995
16  14  2.497925
17  14  2.498892
18  14  2.498400
19  14  2.498506
20  14  2.498895
21  14  2.499460
22  14  2.499401
23  14  2.499519
24  14  2.499374
25  14  2.499461
26  14  2.498708
27  14  2.498837
28  14  2.498662
29  14  2.499518
30  14  2.499013
31  14  2.498338
32  14  2.497775
33  14  2.497835
34  14  2.497864
35  14  2.498665
36  14  2.498750
37  14  2.498982
38  14  2.498864
39  14  2.499296
40  14  2.499399
41  14  2.499416
42  14  2.499280
43  14  2.499619
44  14  2.499181
45  14  2.498840
46  14  2.497994
47  14  2.498069
48  14  2.498640
49  14  2.499390
50  14  2.498705
51  14  2.498433
52  14  2.498383
53  14  2.499540
54  14  2.498652
55  14  2.498131
56  14  2.498103
57  14  2.498370
58  14  2.498392
59  14  2.498345
60  14  2.499340
61  14  2.499257
62  14  2.499205
63  14  2.499220
0  15  2.499161
1  15  2.499086
2  15  2.498567
3  15  2.498271
4  15  2.498275
5  15  2.499393
6  15  2.499515
7  15  2.499436
8  15  2.499162
9  15  2.498610
10  15  2.499043
11  15  2.499278
12  15  2.499009
13  15  2.498852
14  15  2.499091
15  15  2.499197
16  15  2.498953
17  15  2.498846
18  15  2.498409
19  15  2.498631
20  15  2.498794
21  15  2.499314
22  15  2.499424
23  15  2.499391
24  15  2.498815
25  15  2.499104
26  15  2.498782
27  15  2.499178
28  15  2.498983
29  15  2.499519
30  15  2.499732
31  15  2.498988
32  15  2.498462
33  15  2.497663
34  15  2.498212
35  15  2.499370
36  15  2.499060
37  15  2.498746
38  15  2.498779
39  15  2.499346
40  15  2.498921
41  15  2.498375
42  15  2.497627
43  15  2.498818
44  15  2.499491
45  15  2.499505
46  15  2.498997
47  15  2.498712
48  15  2.498787
49  15  2.499096
50  15  2.498292
51  15  2.497719
52  15  2.497858
53  15  2.499304
54  15  2.498427
55  15  2.497888
56  15  2.498086
57  15  2.498705
58  15  2.498697
59  15  2.498736
60  15  2.498920
61  15  2.498912
62  15  2.498857
63  15  2.499099
0  16  2.499133
1  16  2.499189
2  16  2.498536
3  16  2.498368
4  16  2.498588
5  16  2.499541
6  16  2.499547
7  16  2.499481
8  16  2.499257
9  16  2.498356
10  16  2.498507
11  16  2.498612
12  16  2.499029
13  16  2.498828
14  16  2.498962
15  16  2.499014
16  16  2.499151
17  16  2.498673
18  16  2.498720
19  16  2.498167
20  16  2.498702
21  16  2.499259
22  16  2.499467
23  16  2.499325
24  16  2.498671
25  16  2.498833
26  16  2.498679
27  16  2.498988
28  16  2.499389
29  16  2.499500
30  16  2.499606
31  16  2.499609
32  16  2.499261
33  16  2.497973
34  16  2.498068
35  16  2.498825
36  16  2.498619
37  16  2.498665
38  16  2.498632
39  16  2.499509
40  16  2.498782
41  16  2.498440
42  16  2.497798
43  16  2.498890
44  16  2.499526
45  16  2.499352
46  16  2.498953
47  16  2.498754
48  16  2.498795
49  16  2.499091
50  16  2.498198
51  16  2.497852
52  16  2.497993
53  16  2.499782
54  16  2.498561
55  16  2.498136
56  16  2.498677
57  16  2.499027
58  16  2.499212
59  16  2.499177
60  16  2.499050
61  16  2.498912
62  16  2.498777
63  16  2.499004
0  17  2.499130
1  17  2.499043
2  17  2.498320
3  17  2.498308
4  17  2.498547
5  17  2.499231
6  17  2.499108
7  17  2.499234
8  17  2.499354
9  17  2.498427
10  17  2.498095
11  17  2.497971
12  17  2.498691
13  17  2.498801
14  17  2.498551
15  17  2.498760
16  17  2.498842
17  17  2.498373
18  17  2.498584
19  17  2.498259
20  17  2.499306
21  17  2.499534
22  17  2.499062
23  17  2.499025
24  17  2.498466
25  17  2.499132
26  17  2.499556
27  17  2.499406
28  17  2.499423
29  17  2.499362
30  17  2.499512
31  17  2.499514
32  17  2.499159
33  17  2.498217
34  17  2.496657
35  17  2.497439
36  17  2.499185
37  17  2.499332
38  17  2.498827
39  17  2.498963
40  17  2.498669
41  17  2.498425
42  17  2.497741
43  17  2.498228
44  17  2.498158
45  17  2.498629
46  17  2.499202
47  17  2.499492
48  17  2.498838
49  17  2.498610
50  17  2.499341
51  17  2.498821
52  17  2.498968
53  17  2.498975
54  17  2.499503
55  17  2.499251
56  17  2.499623
57  17  2.498973
58  17  2.499036
59  17  2.498823
60  17  2.499369
61  17  2.499275
62  17  2.499270
63  17  2.499090
0  18  2.499561
1  18  2.499125
2  18  2.499287
3  18  2.499210
4  18  2.499388
5  18  2.499250
6  18  2.499223
7  18  2.499321
8  18  2.499485
9  18  2.499312
10  18  2.499014
11  18  2.498975
12  18  2.498655
13  18  2.498774
14  18  2.498612
15  18  2.498896
16  18  2.498840
17  18  2.498254
18  18  2.498482
19  18  2.498438
20  18  2.499507
21  18  2.499562
22  18  2.499392
23  18  2.499299
24  18  2.498963
25  18  2.499105
26  18  2.499685
27  18  2.499384
28  18  2.499373
29  18  2.499219
30  18  2.499125
31  18  2.499135
32  18  2.498979
33  18  2.498991
34  18  2.497049
35  18  2.497627
36  18  2.499414
37  18  2.499453
38  18  2.498395
39  18  2.498612
40  18  2.499271
41  18  2.499494
42  18  2.499318
43  18  2.499133
44  18  2.498657
45  18  2.498816
46  18  2.499278
47  18  2.499554
48  18  2.498596
49  18  2.498381
50  18  2.499187
51  18  2.498519
52  18  2.499011
53  18  2.499033
54  18  2.499462
55  18  2.499581
56  18  2.499730
57  18  2.498962
58  18  2.498729
59  18  2.498793
60  18  2.499048
61  18  2.499249
62  18  2.499537
63  18  2.499545
0  19  2.499607
1  19  2.499472
2  19  2.499452
3  19  2.499254
4  19  2.499219
5  19  2.499111
6  19  2.499073
7  19  2.499248
8  19  2.499507
9  19  2.499473
10  19  2.499264
11  19  2.499149
12  19  2.498971
13  19  2.499385
14  19  2.498971
15  19  2.499237
16  19  2.499019
17  19  2.498338
18  19  2.498176
19  19  2.498886
20  19  2.499639
21  19  2.499836
22  19  2.499175
23  19  2.498971
24  19  2.498101
25  19  2.498573
26  19  2.499056
27  19  2.499442
28  19  2.498847
29  19  2.499176
30  19  2.499056
31  19  2.499519
32  19  2.498850
33  19  2.498431
34  19  2.497392
35  19  2.497605
36  19  2.499429
37  19  2.499136
38  19  2.498051
39  19  2.498060
40  19  2.499260
41  19  2.499469
42  19  2.499570
43  19  2.499076
44  19  2.498603
45  19  2.498281
46  19  2.498798
47  19  2.499048
48  19  2.498692
49  19  2.498772
50  19  2.499309
51  19  2.498365
52  19  2.499046
53  19  2.498976
54  19  2.499317
55  19  2.499530
56  19  2.499622
57  19  2.499583
58  19  2.499071
59  19  2.498805
60  19  2.499037
61  19  2.499136
62  19  2.499307
63  19  2.499606
0  20  2.499235
1  20  2.499035
2  20  2.499169
3  20  2.499322
4  20  2.499561
5  20  2.499448
6  20  2.499506
7  20  2.499667
8  20  2.499790
9  20  2.499653
10  20  2.499856
11  20  2.499739
12  20  2.499437
13  20  2.499319
14  20  2.499464
15  20  2.499701
16  20  2.499694
17  20  2.499470
18  20  2.499044
19  20  2.499298
20  20  2.499651
21  20  2.499890
22  20  2.499570
23  20  2.499237
24  20  2.497471
25  20  2.497210
26  20  2.497088
27  20  2.498353
28  20  2.498582
29  20  2.498893
30  20  2.498983
31  20  2.499332
32  20  2.498927
33  20  2.498789
34  20  2.498970
35  20  2.498973
36  20  2.499480
37  20  2.499022
38  20  2.498467
39  20  2.498318
40  20  2.498942
41  20  2.499099
42  20  2.499613
43  20  2.499200
44  20  2.499369
45  20  2.499152
46  20  2.499241
47  20  2.499091
48  20  2.499189
49  20  2.498992
50  20  2.499275
51  20  2.498844
52  20  2.499588
53  20  2.499583
54  20  2.499709
55  20  2.499732
56  20  2.499654
57  20  2.499486
58  20  2.499388
59  20  2.499116
60  20  2.498880
61  20  2.498978
62  20  2.499072
63  20  2.499425
0  21  2.499017
1  21  2.499384
2  21  2.499573
3  21  2.499149
4  21  2.498904
5  21  2.498832
6  21  2.499655
7  21  2.499853
8  21  2.499893
9  21  2.499787
10  21  2.499770
11  21  2.498857
12  21  2.498821
13  21  2.498842
14  21  2.499521
15  21  2.498986
16  21  2.498964
17  21  2.498864
18  21  2.499252
19  21  2.498907
20  21  2.499339
21  21  2.499333
22  21  2.499435
23  21  2.498931
24  21  2.497375
25  21  2.497170
26  21  2.496961
27  21  2.498144
28  21  2.498392
29  21  2.499084
30  21  2.499237
31  21  2.499271
32  21  2.498401
33  21  2.497870
34  21  2.498297
35  21  2.498227
36  21  2.499212
37  21  2.499141
38  21  2.499485
39  21  2.498967
40  21  2.499408
41  21  2.498713
42  21  2.499256
43  21  2.498445
44  21  2.498977
45  21  2.498364
46  21  2.498703
47  21  2.498752
48  21  2.499005
49  21  2.498835
50  21  2.498858
51  21  2.499209
52  21  2.499650
53  21  2.499631
54  21  2.499563
55  21  2.499435
56  21  2.498821
57  21  2.498309
58  21  2.498475
59  21  2.498095
60  21  2.498509
61  21  2.498589
62  21  2.498507
63  21  2.498836
0  22  2.498150
1  22  2.498781
2  22  2.499097
3  22  2.499395
4  22  2.498874
5  22  2.498537
6  22  2.499594
7  22  2.499624
8  22  2.499697
9  22  2.499508
10  22  2.499354
11  22  2.498782
12  22  2.498811
13  22  2.498991
14  22  2.499110
15  22  2.498819
16  22  2.498179
17  22  2.498725
18  22  2.499371
19  22  2.498864
20  22  2.499390
21  22  2.498839
22  22  2.499218
23  22  2.498896
24  22  2.498457
25  22  2.498453
26  22  2.498705
27  22  2.499645
28  22  2.499638
29  22  2.499349
30  22  2.499372
31  22  2.499320
32  22  2.498609
33  22  2.498158
34  22  2.498878
35  22  2.499019
36  22  2.499037
37  22  2.498891
38  22  2.499585
39  22  2.499315
40  22  2.499543
41  22  2.498982
42  22  2.499094
43  22  2.499108
44  22  2.499042
45  22  2.498567
46  22  2.498964
47  22  2.498922
48  22  2.499101
49  22  2.498674
50  22  2.498642
51  22  2.498417
52  22  2.498762
53  22  2.499508
54  22  2.499597
55  22  2.499505
56  22  2.498394
57  22  2.498498
58  22  2.498432
59  22  2.498413
60  22  2.498878
61  22  2.498723
62  22  2.498215
63  22  2.498544
0  23  2.498154
1  23  2.498987
2  23  2.499220
3  23  2.499544
4  23  2.498945
5  23  2.498580
6  23  2.499363
7  23  2.499599
8  23  2.499743
9  23  2.499629
10  23  2.499385
11  23  2.499033
12  23  2.498933
13  23  2.499050
14  23  2.499029
15  23  2.498444
16  23  2.497848
17  23  2.498591
18  23  2.499348
19  23  2.499241
20  23  2.498747
21  23  2.498025
22  23  2.498375
23  23  2.498629
24  23  2.499171
25  23  2.499015
26  23  2.499304
27  23  2.499734
28  23  2.499666
29  23  2.499662
30  23  2.499676
31  23  2.499506
32  23  2.498581
33  23  2.497982
34  23  2.498603
35  23  2.499450
36  23  2.498745
37  23  2.498279
38  23  2.499331
39  23  2.498835
40  23  2.499109
41  23  2.498679
42  23  2.498443
43  23  2.499033
44  23  2.499516
45  23  2.498468
46  23  2.498818
47  23  2.498845
48  23  2.499215
49  23  2.499289
50  23  2.499461
51  23  2.498309
52  23  2.498132
53  23  2.498565
54  23  2.499588
55  23  2.499615
56  23  2.498904
57  23  2.499294
58  23  2.499040
59  23  2.498116
60  23  2.497838
61  23  2.498261
62  23  2.498244
63  23  2.498800
0  24  2.498622
1  24  2.498470
2  24  2.498798
3  24  2.499351
4  24  2.499288
5  24  2.499079
6  24  2.499139
7  24  2.499283
8  24  2.499369
9  24  2.499515
10  24  2.499547
11  24  2.499729
12  24  2.499788
13  24  2.499357
14  24  2.498866
15  24  2.498628
16  24  2.498126
17  24  2.499017
18  24  2.498703
19  24  2.499487
20  24  2.498948
21  24  2.498626
22  24  2.498556
23  24  2.498955
24  24  2.499377
25  24  2.499196
26  24  2.498996
27  24  2.499043
28  24  2.499124
29  24  2.499519
30  24  2.499517
31  24  2.499422
32  24  2.499174
33  24  2.499005
34  24  2.499137
35  24  2.499433
36  24  2.498958
37  24  2.498305
38  24  2.498905
39  24  2.498687
40  24  2.498997
41  24  2.499206
42  24  2.498409
43  24  2.498641
44  24  2.499009
45  24  2.499493
46  24  2.499395
47  24  2.499517
48  24  2.499509
49  24  2.499712
50  24  2.499307
51  24  2.498472
52  24  2.497878
53  24  2.498115
54  24  2.499035
55  24  2.499744
56  24  2.499046
57  24  2.499395
58  24  2.499295
59  24  2.499205
60  24  2.498410
61  24  2.498688
62  24  2.498799
63  24  2.499753
0  25  2.499440
1  25  2.498691
2  25  2.498822
3  25  2.499413
4  25  2.499607
5  25  2.499362
6  25  2.499174
7  25  2.499225
8  25  2.499410
9  25  2.499573
10  25  2.499583
11  25  2.499626
12  25  2.499618
13  25  2.499086
14  25  2.499345
15  25  2.499486
16  25  2.499285
17  25  2.499095
18  25  2.499346
19  25  2.499670
20  25  2.498833
21  25  2.498717
22  25  2.498700
23  25  2.498814
24  25  2.498601
25  25  2.498504
26  25  2.498508
27  25  2.499119
28  25  2.499016
29  25  2.498938
30  25  2.498455
31  25  2.498737
32  25  2.498572
33  25  2.498857
34  25  2.499089
35  25  2.499441
36  25  2.498993
37  25  2.498994
38  25  2.498019
39  25  2.497835
40  25  2.498371
41  25  2.499180
42  25  2.499152
43  25  2.499072
44  25  2.499239
45  25  2.498986
46  25  2.498757
47  25  2.498877
48  25  2.499299
49  25  2.499734
50  25  2.499589
51  25  2.498880
52  25  2.498671
53  25  2.499140
54  25  2.498981
55  25  2.499715
56  25  2.499478
57  25  2.499641
58  25  2.499403
59  25  2.499061
60  25  2.498865
61  25  2.499256
62  25  2.499412
63  25  2.499466
0  26  2.499541
1  26  2.499189
2  26  2.498638
3  26  2.498962
4  26  2.499179
5  26  2.499454
6  26  2.499260
7  26  2.499339
8  26  2.497637
9  26  2.497777
10  26  2.497669
11  26  2.499287
12  26  2.499339
13  26  2.499030
14  26  2.499316
15  26  2.498792
16  26  2.498745
17  26  2.498889
18  26  2.498970
19  26  2.499126
20  26  2.497839
21  26  2.497932
22  26  2.497792
23  26  2.498456
24  26  2.499059
25  26  2.497860
26  26  2.497984
27  26  2.498961
28  26  2.499578
29  26  2.498755
30  26  2.498195
31  26  2.498407
32  26  2.498684
33  26  2.499269
34  26  2.499742
35  26  2.499367
36  26  2.499412
37  26  2.499511
38  26  2.498963
39  26  2.498522
40  26  2.498891
41  26  2.499175
42  26  2.499427
43  26  2.499347
44  26  2.498960
45  26  2.498743
46  26  2.498103
47  26  2.498190
48  26  2.498594
49  26  2.499312
50  26  2.499532
51  26  2.499336
52  26  2.498906
53  26  2.499354
54  26  2.499117
55  26  2.499630
56  26  2.499602
57  26  2.499582
58  26  2.499545
59  26  2.499310
60  26  2.499213
61  26  2.499432
62  26  2.499511
63  26  2.499568
0  27  2.499411
1  27  2.499352
2  27  2.498558
3  27  2.498684
4  27  2.499150
5  27  2.499375
6  27  2.499128
7  27  2.499114
8  27  2.498172
9  27  2.498090
10  27  2.497443
11  27  2.498987
12  27  2.499151
13  27  2.499057
14  27  2.499401
15  27  2.498646
16  27  2.498657
17  27  2.498876
18  27  2.498998
19  27  2.499187
20  27  2.498133
21  27  2.497693
22  27  2.497566
23  27  2.498184
24  27  2.498815
25  27  2.498231
26  27  2.498309
27  27  2.498952
28  27  2.499580
29  27  2.498196
30  27  2.497866
31  27  2.498451
32  27  2.498712
33  27  2.499012
34  27  2.499314
35  27  2.499318
36  27  2.499393
37  27  2.499371
38  27  2.498810
39  27  2.498304
40  27  2.498392
41  27  2.498794
42  27  2.499274
43  27  2.499381
44  27  2.498833
45  27  2.498358
46  27  2.497489
47  27  2.497610
48  27  2.498024
49  27  2.498956
50  27  2.499768
51  27  2.499687
52  27  2.499389
53  27  2.499555
54  27  2.499126
55  27  2.499328
56  27  2.499206
57  27  2.499327
58  27  2.499121
59  27  2.499150
60  27  2.498727
61  27  2.498752
62  27  2.498975
63  27  2.499463
0  28  2.499389
1  28  2.499076
2  28  2.498593
3  28  2.498407
4  28  2.498506
5  28  2.499420
6  28  2.499166
7  28  2.499411
8  28  2.497797
9  28  2.497615
10  28  2.497167
11  28  2.498771
12  28  2.498978
13  28  2.498834
14  28  2.499191
15  28  2.498701
16  28  2.498857
17  28  2.499161
18  28  2.498905
19  28  2.499194
20  28  2.498059
21  28  2.498050
22  28  2.497890
23  28  2.498462
24  28  2.498687
25  28  2.497951
26  28  2.498581
27  28  2.498732
28  28  2.499490
29  28  2.498674
30  28  2.498620
31  28  2.498982
32  28  2.499058
33  28  2.499014
34  28  2.499223
35  28  2.499395
36  28  2.499633
37  28  2.499527
38  28  2.499032
39  28  2.498885
40  28  2.498982
41  28  2.499279
42  28  2.499002
43  28  2.499151
44  28  2.498747
45  28  2.498717
46  28  2.498237
47  28  2.498266
48  28  2.498282
49  28  2.498837
50  28  2.499753
51  28  2.499229
52  28  2.499184
53  28  2.498814
54  28  2.499079
55  28  2.499005
56  28  2.499193
57  28  2.499239
58  28  2.499334
59  28  2.499192
60  28  2.499220
61  28  2.499177
62  28  2.499435
63  28  2.499169
0  29  2.499153
1  29  2.498819
2  29  2.498841
3  29  2.498598
4  29  2.498718
5  29  2.499048
6  29  2.499225
7  29  2.499429
8  29  2.499543
9  29  2.498998
10  29  2.498913
11  29  2.498054
12  29  2.498823
13  29  2.498693
14  29  2.499473
15  29  2.498630
16  29  2.498725
17  29  2.499213
18  29  2.499435
19  29  2.499659
20  29  2.498993
21  29  2.498990
22  29  2.498868
23  29  2.499180
24  29  2.499266
25  29  2.498308
26  29  2.498752
27  29  2.498827
28  29  2.499299
29  29  2.499155
30  29  2.499149
31  29  2.499404
32  29  2.499540
33  29  2.499279
34  29  2.499240
35  29  2.499376
36  29  2.499557
37  29  2.499547
38  29  2.499218
39  29  2.499045
40  29  2.498931
41  29  2.499094
42  29  2.498942
43  29  2.498931
44  29  2.497803
45  29  2.498145
46  29  2.496930
47  29  2.497982
48  29  2.497866
49  29  2.499060
50  29  2.499629
51  29  2.499372
52  29  2.498956
53  29  2.498650
54  29  2.498940
55  29  2.499183
56  29  2.499169
57  29  2.499308
58  29  2.499027
59  29  2.498515
60  29  2.498945
61  29  2.499063
62  29  2.499379
63  29  2.498650
0  30  2.499367
1  30  2.498956
2  30  2.498715
3  30  2.498382
4  30  2.498259
5  30  2.498965
6  30  2.499218
7  30  2.499692
8  30  2.499787
9  30  2.499185
10  30  2.498972
11  30  2.498063
12  30  2.498309
13  30  2.498365
14  30  2.499111
15  30  2.499251
16  30  2.498192
17  30  2.498386
18  30  2.498719
19  30  2.499737
20  30  2.499047
21  30  2.499295
22  30  2.499317
23  30  2.499469
24  30  2.499108
25  30  2.498110
26  30  2.498389
27  30  2.498870
28  30  2.499218
29  30  2.499196
30  30  2.499409
31  30  2.499345
32  30  2.499240
33  30  2.498703
34  30  2.498603
35  30  2.498857
36  30  2.499553
37  30  2.499612
38  30  2.499525
39  30  2.499450
40  30  2.499223
41  30  2.498756
42  30  2.498580
43  30  2.498718
44  30  2.498367
45  30  2.499113
46  30  2.497232
47  30  2.498313
48  30  2.498650
49  30  2.498686
50  30  2.499082
51  30  2.499114
52  30  2.498821
53  30  2.498742
54  30  2.498660
55  30  2.498928
56  30  2.498909
57  30  2.499609
58  30  2.498973
59  30  2.498057
60  30  2.498283
61  30  2.498934
62  30  2.499448
63  30  2.499027
0  31  2.499204
1  31  2.499093
2  31  2.499137
3  31  2.498013
4  31  2.497574
5  31  2.497797
6  31  2.499331
7  31  2.499575
8  31  2.499035
9  31  2.498791
10  31  2.498553
11  31  2.498824
12  31  2.498702
13  31  2.498789
14  31  2.499137
15  31  2.499492
16  31  2.497945
17  31  2.498104
18  31  2.498148
19  31  2.499829
20  31  2.499767
21  31  2.499204
22  31  2.498954
23  31  2.498842
24  31  2.499038
25  31  2.498649
26  31  2.498519
27  31  2.499308
28  31  2.499198
29  31  2.499206
30  31  2.498597
31  31  2.498644
32  31  2.498040
33  31  2.498501
34  31  2.498792
35  31  2.498958
36  31  2.499591
37  31  2.499609
38  31  2.499787
39  31  2.499582
40  31  2.498724
41  31  2.498710
42  31  2.498605
43  31  2.498876
44  31  2.498310
45  31  2.498474
46  31  2.497076
47  31  2.498496
48  31  2.498631
49  31  2.498562
50  31  2.498511
51  31  2.498836
52  31  2.498998
53  31  2.499202
54  31  2.499015
55  31  2.499039
56  31  2.499183
57  31  2.499527
58  31  2.498947
59  31  2.498259
60  31  2.498250
61  31  2.498753
62  31  2.498513
63  31  2.498919
0  32  2.498768
1  32  2.498870
2  32  2.498986
3  32  2.498056
4  32  2.497669
5  32  2.497963
6  32  2.499086
7  32  2.498574
8  32  2.497735
9  32  2.498928
10  32  2.498920
11  32  2.499635
12  32  2.499101
13  32  2.499119
14  32  2.499303
15  32  2.499490
16  32  2.497584
17  32  2.497156
18  32  2.497777
19  32  2.499388
20  32  2.499734
21  32  2.499158
22  32  2.498241
23  32  2.498274
24  32  2.497687
25  32  2.498547
26  32  2.498367
27  32  2.499424
28  32  2.499174
29  32  2.499115
30  32  2.497483
31  32  2.497867
32  32  2.496976
33  32  2.498029
34  32  2.498760
35  32  2.499260
36  32  2.499743
37  32  2.499709
38  32  2.499552
39  32  2.499441
40  32  2.498776
41  32  2.498671
42  32  2.498001
43  32  2.498561
44  32  2.497609
45  32  2.498401
46  32  2.498495
47  32  2.499243
48  32  2.499075
49  32  2.498685
50  32  2.498577
51  32  2.498578
52  32  2.498932
53  32  2.499131
54  32  2.498815
55  32  2.498897
56  32  2.498984
57  32  2.499530
58  32  2.499063
59  32  2.498683
60  32  2.498234
61  32  2.498441
62  32  2.498443
63  32  2.498854
0  33  2.498661
1  33  2.499002
2  33  2.499697
3  33  2.498379
4  33  2.498240
5  33  2.498410
6  33  2.498738
7  33  2.498245
8  33  2.496908
9  33  2.498615
10  33  2.498864
11  33  2.499548
12  33  2.499045
13  33  2.499330
14  33  2.499359
15  33  2.499431
16  33  2.498398
17  33  2.497864
18  33  2.498156
19  33  2.499509
20  33  2.499691
21  33  2.499320
22  33  2.498998
23  33  2.499086
24  33  2.498073
25  33  2.498471
26  33  2.498083
27  33  2.499177
28  33  2.499398
29  33  2.499626
30  33  2.497559
31  33  2.497481
32  33  2.497759
33  33  2.498503
34  33  2.498699
35  33  2.499481
36  33  2.499581
37  33  2.499709
38  33  2.499565
39  33  2.499339
40  33  2.499047
41  33  2.498385
42  33  2.497612
43  33  2.497885
44  33  2.497854
45  33  2.498727
46  33  2.498801
47  33  2.499905
48  33  2.499869
49  33  2.499553
50  33  2.498419
51  33  2.498108
52  33  2.499110
53  33  2.499110
54  33  2.499100
55  33  2.499255
56  33  2.499394
57  33  2.499777
58  33  2.499691
59  33  2.499059
60  33  2.498597
61  33  2.498346
62  33  2.498231
63  33  2.498609
0  34  2.498671
1  34  2.498258
2  34  2.498115
3  34  2.498842
4  34  2.498882
5  34  2.499206
6  34  2.498679
7  34  2.498154
8  34  2.497571
9  34  2.498451
10  34  2.498958
11  34  2.499317
12  34  2.498839
13  34  2.499103
14  34  2.499450
15  34  2.499093
16  34  2.499060
17  34  2.499266
18  34  2.499284
19  34  2.499473
20  34  2.499630
21  34  2.499664
22  34  2.499066
23  34  2.499181
24  34  2.499211
25  34  2.499439
26  34  2.499418
27  34  2.498948
28  34  2.498525
29  34  2.498630
30  34  2.498142
31  34  2.497973
32  34  2.498376
33  34  2.499219
34  34  2.498880
35  34  2.498872
36  34  2.498927
37  34  2.499077
38  34  2.499574
39  34  2.499435
40  34  2.499434
41  34  2.498937
42  34  2.498245
43  34  2.498641
44  34  2.498584
45  34  2.499092
46  34  2.498940
47  34  2.499885
48  34  2.499827
49  34  2.499575
50  34  2.499090
51  34  2.498788
52  34  2.499791
53  34  2.499704
54  34  2.499320
55  34  2.499303
56  34  2.499068
57  34  2.499366
58  34  2.499733
59  34  2.499064
60  34  2.498746
61  34  2.498765
62  34  2.499004
63  34  2.499008
0  35  2.498914
1  35  2.498738
2  35  2.498411
3  35  2.499000
4  35  2.498953
5  35  2.499072
6  35  2.498627
7  35  2.498418
8  35  2.498774
9  35  2.499128
10  35  2.499423
11  35  2.499233
12  35  2.498754
13  35  2.498471
14  35  2.498788
15  35  2.498638
16  35  2.499010
17  35  2.499007
18  35  2.499426
19  35  2.499663
20  35  2.499400
21  35  2.499766
22  35  2.499735
23  35  2.499674
24  35  2.499661
25  35  2.499499
26  35  2.499451
27  35  2.498851
28  35  2.498407
29  35  2.497836
30  35  2.498364
31  35  2.499246
32  35  2.499292
33  35  2.499543
34  35  2.499084
35  35  2.499028
36  35  2.498935
37  35  2.499274
38  35  2.499650
39  35  2.499351
40  35  2.499155
41  35  2.498764
42  35  2.498408
43  35  2.498699
44  35  2.498978
45  35  2.499413
46  35  2.499411
47  35  2.499679
48  35  2.499583
49  35  2.499309
50  35  2.499260
51  35  2.498835
52  35  2.499222
53  35  2.498551
54  35  2.498656
55  35  2.498616
56  35  2.498464
57  35  2.498672
58  35  2.499041
59  35  2.499526
60  35  2.499577
61  35  2.499452
62  35  2.499506
63  35  2.499401
0  36  2.497207
1  36  2.497124
2  36  2.497481
3  36  2.498774
4  36  2.498858
5  36  2.498871
6  36  2.499017
7  36  2.498899
8  36  2.499230
9  36  2.499095
10  36  2.499644
11  36  2.499156
12  36  2.499174
13  36  2.499120
14  36  2.498996
15  36  2.498353
16  36  2.498376
17  36  2.498901
18  36  2.499599
19  36  2.499468
20  36  2.499299
21  36  2.499783
22  36  2.499617
23  36  2.499618
24  36  2.499547
25  36  2.499812
26  36  2.499413
27  36  2.498893
28  36  2.498915
29  36  2.497986
30  36  2.498270
31  36  2.498853
32  36  2.499473
33  36  2.499574
34  36  2.499729
35  36  2.499064
36  36  2.498932
37  36  2.498919
38  36  2.499692
39  36  2.499618
40  36  2.499616
41  36  2.499604
42  36  2.499276
43  36  2.499282
44  36  2.499083
45  36  2.499194
46  36  2.499445
47  36  2.498824
48  36  2.498920
49  36  2.497765
50  36  2.497953
51  36  2.498032
52  36  2.499510
53  36  2.498870
54  36  2.498397
55  36  2.498214
56  36  2.498457
57  36  2.498553
58  36  2.499076
59  36  2.498711
60  36  2.498788
61  36  2.498688
62  36  2.499605
63  36  2.498898
0  37  2.498714
1  37  2.498443
2  37  2.498345
3  37  2.498714
4  37  2.499420
5  37  2.499013
6  37  2.498807
7  37  2.498758
8  37  2.499028
9  37  2.499187
10  37  2.499472
11  37  2.499209
12  37  2.499058
13  37  2.498755
14  37  2.498775
15  37  2.498798
16  37  2.498723
17  37  2.499237
18  37  2.499236
19  37  2.499140
20  37  2.498934
21  37  2.499486
22  37  2.499370
23  37  2.499552
24  37  2.499285
25  37  2.499595
26  37  2.499191
27  37  2.499319
28  37  2.499210
29  37  2.498338
30  37  2.498395
31  37  2.498399
32  37  2.499077
33  37  2.498645
34  37  2.498897
35  37  2.498560
36  37  2.498985
37  37  2.499260
38  37  2.499444
39  37  2.499247
40  37  2.498682
41  37  2.498410
42  37  2.498307
43  37  2.498771
44  37  2.498747
45  37  2.498109
46  37  2.498736
47  37  2.498487
48  37  2.499010
49  37  2.497270
50  37  2.496862
51  37  2.496770
52  37  2.499361
53  37  2.498966
54  37  2.497737
55  37  2.498415
56  37  2.499220
57  37  2.498673
58  37  2.498576
59  37  2.497976
60  37  2.498273
61  37  2.498020
62  37  2.499105
63  37  2.498774
0  38  2.496713
1  38  2.496432
2  38  2.496670
3  38  2.499016
4  38  2.499637
5  38  2.499203
6  38  2.498966
7  38  2.498528
8  38  2.498703
9  38  2.499171
10  38  2.499342
11  38  2.499500
12  38  2.499241
13  38  2.499256
14  38  2.498837
15  38  2.499222
16  38  2.499119
17  38  2.499432
18  38  2.499581
19  38  2.499549
20  38  2.499314
21  38  2.499429
22  38  2.499346
23  38  2.499542
24  38  2.499236
25  38  2.499452
26  38  2.499052
27  38  2.499205
28  38  2.498438
29  38  2.498871
30  38  2.498991
31  38  2.499127
32  38  2.498918
33  38  2.498480
34  38  2.499130
35  38  2.498690
36  38  2.498753
37  38  2.498572
38  38  2.499174
39  38  2.499391
40  38  2.498428
41  38  2.498113
42  38  2.498012
43  38  2.498582
44  38  2.498176
45  38  2.497427
46  38  2.498137
47  38  2.498408
48  38  2.499007
49  38  2.497725
50  38  2.497633
51  38  2.497033
52  38  2.498076
53  38  2.498235
54  38  2.498496
55  38  2.499314
56  38  2.499214
57  38  2.499353
58  38  2.498875
59  38  2.496649
60  38  2.496672
61  38  2.498022
62  38  2.499137
63  38  2.499068
0  39  2.497684
1  39  2.497303
2  39  2.497481
3  39  2.498618
4  39  2.499544
5  39  2.499026
6  39  2.498677
7  39  2.497883
8  39  2.498259
9  39  2.498749
10  39  2.499141
11  39  2.499361
12  39  2.499392
13  39  2.499476
14  39  2.499373
15  39  2.499785
16  39  2.499613
17  39  2.499788
18  39  2.499548
19  39  2.499542
20  39  2.499232
21  39  2.499544
22  39  2.499484
23  39  2.498963
24  39  2.498660
25  39  2.498765
26  39  2.499124
27  39  2.499442
28  39  2.498991
29  39  2.499190
30  39  2.498995
31  39  2.498858
32  39  2.498445
33  39  2.497971
34  39  2.499198
35  39  2.498959
36  39  2.498575
37  39  2.498287
38  39  2.498702
39  39  2.499350
40  39  2.498505
41  39  2.498667
42  39  2.498742
43  39  2.499054
44  39  2.498546
45  39  2.498809
46  39  2.499061
47  39  2.499120
48  39  2.499032
49  39  2.497856
50  39  2.498355
51  39  2.498345
52  39  2.497452
53  39  2.498014
54  39  2.499011
55  39  2.498953
56  39  2.498218
57  39  2.498511
58  39  2.498960
59  39  2.497446
60  39  2.496650
61  39  2.497965
62  39  2.498548
63  39  2.499335
0  40  2.498750
1  40  2.498734
2  40  2.498820
3  40  2.499161
4  40  2.499640
5  40  2.499596
6  40  2.498462
7  40  2.497926
8  40  2.498027
9  40  2.498979
10  40  2.499224
11  40  2.499070
12  40  2.499264
13  40  2.499401
14  40  2.499705
15  40  2.499708
16  40  2.499608
17  40  2.499737
18  40  2.499570
19  40  2.499517
20  40  2.499562
21  40  2.499727
22  40  2.499676
23  40  2.499055
24  40  2.499010
25  40  2.498922
26  40  2.499354
27  40  2.499482
28  40  2.499096
29  40  2.499193
30  40  2.498891
31  40  2.499146
32  40  2.498742
33  40  2.498788
34  40  2.499389
35  40  2.499089
36  40  2.499003
37  40  2.499181
38  40  2.498602
39  40  2.498783
40  40  2.498337
41  40  2.498350
42  40  2.498827
43  40  2.498980
44  40  2.498727
45  40  2.498910
46  40  2.499199
47  40  2.499318
48  40  2.499244
49  40  2.498930
50  40  2.499283
51  40  2.499066
52  40  2.498047
53  40  2.498559
54  40  2.499581
55  40  2.499358
56  40  2.499133
57  40  2.499140
58  40  2.498864
59  40  2.498662
60  40  2.499003
61  40  2.499108
62  40  2.499305
63  40  2.499563
0  41  2.499341
1  41  2.499631
2  41  2.499521
3  41  2.498915
4  41  2.499694
5  41  2.499628
6  41  2.498574
7  41  2.498176
8  41  2.498522
9  41  2.499304
10  41  2.499424
11  41  2.498949
12  41  2.499161
13  41  2.499380
14  41  2.499733
15  41  2.499709
16  41  2.499469
17  41  2.499467
18  41  2.499057
19  41  2.499331
20  41  2.499404
21  41  2.499065
22  41  2.498861
23  41  2.498323
24  41  2.498668
25  41  2.498645
26  41  2.499388
27  41  2.499785
28  41  2.499612
29  41  2.499381
30  41  2.499157
31  41  2.499041
32  41  2.498706
33  41  2.498798
34  41  2.499234
35  41  2.499022
36  41  2.498796
37  41  2.498520
38  41  2.498343
39  41  2.498907
40  41  2.499338
41  41  2.499072
42  41  2.499265
43  41  2.499330
44  41  2.499289
45  41  2.499568
46  41  2.499048
47  41  2.499049
48  41  2.498671
49  41  2.498318
50  41  2.498329
51  41  2.498776
52  41  2.498530
53  41  2.498905
54  41  2.499030
55  41  2.498970
56  41  2.498788
57  41  2.498801
58  41  2.498983
59  41  2.499043
60  41  2.498945
61  41  2.498875
62  41  2.498839
63  41  2.498976
0  42  2.499115
1  42  2.499161
2  42  2.498999
3  42  2.499112
4  42  2.499287
5  42  2.499578
6  42  2.498725
7  42  2.497930
8  42  2.497992
9  42  2.498574
10  42  2.498901
11  42  2.498035
12  42  2.499253
13  42  2.499431
14  42  2.499604
15  42  2.499359
16  42  2.499344
17  42  2.499285
18  42  2.499171
19  42  2.499150
20  42  2.499297
21  42  2.499029
22  42  2.498836
23  42  2.498718
24  42  2.498993
25  42  2.499037
26  42  2.499004
27  42  2.499460
28  42  2.499633
29  42  2.499457
30  42  2.499490
31  42  2.499184
32  42  2.498770
33  42  2.498765
34  42  2.498645
35  42  2.498911
36  42  2.498105
37  42  2.498121
38  42  2.498197
39  42  2.498801
40  42  2.499161
41  42  2.499499
42  42  2.499678
43  42  2.499623
44  42  2.499454
45  42  2.499419
46  42  2.499044
47  42  2.498383
48  42  2.498005
49  42  2.497494
50  42  2.498777
51  42  2.498835
52  42  2.498745
53  42  2.498796
54  42  2.499002
55  42  2.499084
56  42  2.498985
57  42  2.499084
58  42  2.499059
59  42  2.498771
60  42  2.498761
61  42  2.499017
62  42  2.499214
63  42  2.499122
0  43  2.498299
1  43  2.497999
2  43  2.497928
3  43  2.498872
4  43  2.499339
5  43  2.499607
6  43  2.499556
7  43  2.498621
8  43  2.498392
9  43  2.498133
10  43  2.499013
11  43  2.498494
12  43  2.499370
13  43  2.499380
14  43  2.499401
15  43  2.499146
16  43  2.499120
17  43  2.498940
18  43  2.498676
19  43  2.499131
20  43  2.499119
21  43  2.498757
22  43  2.498694
23  43  2.498479
24  43  2.498724
25  43  2.498750
26  43  2.498792
27  43  2.499449
28  43  2.499609
29  43  2.499022
30  43  2.499061
31  43  2.498619
32  43  2.498841
33  43  2.498374
34  43  2.497659
35  43  2.498480
36  43  2.498226
37  43  2.499428
38  43  2.499413
39  43  2.499702
40  43  2.499547
41  43  2.499588
42  43  2.499353
43  43  2.498924
44  43  2.498578
45  43  2.498752
46  43  2.499116
47  43  2.498644
48  43  2.498422
49  43  2.497107
50  43  2.498711
51  43  2.498889
52  43  2.499334
53  43  2.498944
54  43  2.499166
55  43  2.498652
56  43  2.498478
57  43  2.498445
58  43  2.498932
59  43  2.499034
60  43  2.498930
61  43  2.499213
62  43  2.499380
63  43  2.499101
0  44  2.498920
1  44  2.498729
2  44  2.498057
3  44  2.498776
4  44  2.497715
5  44  2.498281
6  44  2.498411
7  44  2.498702
8  44  2.498622
9  44  2.498207
10  44  2.499084
11  44  2.498739
12  44  2.499411
13  44  2.499128
14  44  2.499271
15  44  2.499114
16  44  2.499290
17  44  2.498995
18  44  2.499044
19  44  2.499269
20  44  2.499240
21  44  2.499421
22  44  2.499599
23  44  2.499127
24  44  2.498718
25  44  2.498575
26  44  2.498941
27  44  2.499276
28  44  2.499593
29  44  2.499326
30  44  2.499270
31  44  2.498954
32  44  2.498873
33  44  2.498760
34  44  2.497633
35  44  2.498155
36  44  2.498235
37  44  2.499456
38  44  2.499292
39  44  2.499516
40  44  2.498741
41  44  2.499152
42  44  2.498387
43  44  2.498068
44  44  2.498116
45  44  2.498266
46  44  2.499546
47  44  2.499117
48  44  2.498587
49  44  2.498413
50  44  2.499594
51  44  2.499521
52  44  2.499609
53  44  2.498877
54  44  2.498910
55  44  2.498297
56  44  2.498749
57  44  2.498757
58  44  2.498929
59  44  2.499160
60  44  2.499169
61  44  2.499728
62  44  2.499748
63  44  2.499635
0  45  2.498644
1  45  2.498439
2  45  2.498427
3  45  2.499072
4  45  2.497954
5  45  2.498282
6  45  2.498413
7  45  2.499623
8  45  2.499203
9  45  2.499180
10  45  2.499401
11  45  2.499477
12  45  2.499194
13  45  2.498921
14  45  2.499030
15  45  2.499501
16  45  2.499184
17  45  2.499104
18  45  2.498957
19  45  2.499356
20  45  2.499054
21  45  2.499424
22  45  2.499593
23  45  2.499272
24  45  2.498627
25  45  2.498794
26  45  2.498811
27  45  2.499274
28  45  2.499493
29  45  2.499358
30  45  2.498938
31  45  2.498753
32  45  2.499084
33  45  2.499017
34  45  2.498482
35  45  2.498512
36  45  2.498395
37  45  2.499228
38  45  2.499151
39  45  2.499512
40  45  2.499006
41  45  2.499113
42  45  2.498360
43  45  2.498158
44  45  2.498813
45  45  2.498455
46  45  2.499403
47  45  2.499180
48  45  2.499319
49  45  2.499326
50  45  2.499806
51  45  2.499779
52  45  2.499902
53  45  2.499303
54  45  2.499277
55  45  2.498663
56  45  2.498355
57  45  2.498615
58  45  2.499277
59  45  2.499817
60  45  2.499621
61  45  2.499603
62  45  2.499171
63  45  2.499110
0  46  2.499369
1  46  2.499352
2  46  2.499427
3  46  2.498686
4  46  2.497495
5  46  2.498107
6  46  2.498144
7  46  2.499639
8  46  2.499274
9  46  2.498925
10  46  2.498932
11  46  2.499364
12  46  2.499193
13  46  2.498890
14  46  2.498876
15  46  2.499247
16  46  2.498979
17  46  2.499140
18  46  2.499568
19  46  2.499210
20  46  2.499114
21  46  2.499417
22  46  2.499598
23  46  2.499628
24  46  2.499137
25  46  2.498935
26  46  2.499116
27  46  2.499349
28  46  2.499532
29  46  2.499589
30  46  2.499345
31  46  2.499456
32  46  2.499459
33  46  2.499461
34  46  2.499066
35  46  2.499057
36  46  2.498453
37  46  2.499188
38  46  2.498993
39  46  2.499519
40  46  2.498845
41  46  2.498911
42  46  2.498120
43  46  2.497492
44  46  2.497687
45  46  2.498640
46  46  2.498746
47  46  2.498531
48  46  2.498874
49  46  2.499069
50  46  2.499186
51  46  2.499124
52  46  2.499416
53  46  2.499300
54  46  2.499215
55  46  2.499145
56  46  2.498969
57  46  2.499055
58  46  2.499198
59  46  2.499786
60  46  2.499631
61  46  2.499407
62  46  2.498934
63  46  2.498663
0  47  2.499154
1  47  2.499267
2  47  2.499087
3  47  2.498630
4  47  2.498509
5  47  2.499105
6  47  2.499264
7  47  2.499425
8  47  2.498996
9  47  2.498682
10  47  2.498647
11  47  2.499123
12  47  2.499215
13  47  2.499341
14  47  2.499035
15  47  2.498964
16  47  2.498501
17  47  2.498970
18  47  2.499228
19  47  2.499161
20  47  2.498943
21  47  2.498902
22  47  2.499248
23  47  2.499570
24  47  2.499349
25  47  2.499385
26  47  2.499207
27  47  2.498872
28  47  2.498730
29  47  2.498910
30  47  2.499159
31  47  2.498889
32  47  2.498796
33  47  2.499271
34  47  2.499131
35  47  2.499155
36  47  2.498351
37  47  2.499253
38  47  2.498449
39  47  2.499104
40  47  2.499046
41  47  2.498954
42  47  2.498392
43  47  2.497523
44  47  2.497468
45  47  2.498262
46  47  2.498755
47  47  2.498637
48  47  2.498677
49  47  2.499054
50  47  2.499056
51  47  2.499160
52  47  2.499246
53  47  2.499386
54  47  2.499085
55  47  2.498916
56  47  2.498751
57  47  2.498930
58  47  2.499032
59  47  2.499790
60  47  2.499589
61  47  2.499258
62  47  2.498372
63  47  2.498455
0  48  2.498635
1  48  2.499340
2  48  2.499095
3  48  2.498668
4  48  2.499301
5  48  2.499342
6  48  2.498936
7  48  2.499305
8  48  2.499492
9  48  2.499318
10  48  2.499166
11  48  2.499189
12  48  2.499251
13  48  2.499423
14  48  2.498850
15  48  2.498858
16  48  2.499065
17  48  2.499155
18  48  2.499405
19  48  2.499170
20  48  2.499090
21  48  2.499130
22  48  2.499591
23  48  2.499574
24  48  2.499603
25  48  2.499549
26  48  2.499173
27  48  2.498669
28  48  2.498562
29  48  2.498701
30  48  2.499511
31  48  2.499080
32  48  2.499206
33  48  2.499219
34  48  2.498877
35  48  2.498823
36  48  2.498460
37  48  2.499041
38  48  2.498354
39  48  2.498630
40  48  2.498376
41  48  2.498902
42  48  2.498390
43  48  2.498846
44  48  2.498283
45  48  2.498264
46  48  2.498574
47  48  2.498467
48  48  2.498837
49  48  2.498896
50  48  2.498569
51  48  2.498870
52  48  2.499045
53  48  2.498609
54  48  2.498227
55  48  2.498609
56  48  2.498670
57  48  2.499012
58  48  2.498736
59  48  2.498601
60  48  2.499032
61  48  2.498704
62  48  2.498502
63  48  2.498165
0  49  2.498052
1  49  2.498918
2  49  2.499148
3  49  2.498713
4  49  2.498762
5  49  2.499166
6  49  2.499370
7  49  2.499126
8  49  2.499232
9  49  2.499243
10  49  2.498654
11  49  2.498199
12  49  2.498035
13  49  2.498552
14  49  2.497741
15  49  2.497273
16  49  2.498217
17  49  2.499021
18  49  2.499408
19  49  2.499728
20  49  2.499507
21  49  2.499389
22  49  2.499513
23  49  2.499512
24  49  2.499344
25  49  2.499018
26  49  2.498575
27  49  2.497990
28  49  2.498256
29  49  2.498325
30  49  2.499410
31  49  2.499131
32  49  2.499033
33  49  2.499041
34  49  2.499136
35  49  2.499269
36  49  2.499308
37  49  2.499423
38  49  2.498740
39  49  2.498687
40  49  2.498147
41  49  2.498749
42  49  2.498913
43  49  2.499483
44  49  2.499548
45  49  2.499390
46  49  2.499319
47  49  2.499162
48  49  2.499173
49  49  2.499264
50  49  2.499183
51  49  2.499055
52  49  2.499120
53  49  2.498632
54  49  2.498305
55  49  2.498395
56  49  2.497466
57  49  2.497670
58  49  2.498072
59  49  2.498993
60  49  2.499270
61  49  2.498970
62  49  2.498688
63  49  2.498000
0  50  2.499156
1  50  2.499240
2  50  2.499638
3  50  2.499389
4  50  2.498892
5  50  2.498845
6  50  2.499131
7  50  2.499090
8  50  2.499038
9  50  2.498919
10  50  2.498811
11  50  2.498481
12  50  2.498454
13  50  2.498703
14  50  2.498578
15  50  2.498105
16  50  2.499018
17  50  2.499222
18  50  2.499671
19  50  2.499760
20  50  2.499797
21  50  2.499571
22  50  2.499392
23  50  2.499329
24  50  2.499276
25  50  2.498785
26  50  2.498601
27  50  2.498487
28  50  2.499285
29  50  2.498620
30  50  2.498981
31  50  2.498839
32  50  2.499140
33  50  2.499180
34  50  2.499142
35  50  2.499301
36  50  2.499373
37  50  2.499742
38  50  2.499134
39  50  2.499007
40  50  2.499091
41  50  2.498837
42  50  2.498893
43  50  2.499168
44  50  2.499158
45  50  2.499192
46  50  2.499068
47  50  2.499247
48  50  2.498842
49  50  2.498523
50  50  2.497802
51  50  2.498152
52  50  2.498450
53  50  2.498303
54  50  2.497798
55  50  2.498020
56  50  2.497601
57  50  2.497160
58  50  2.497479
59  50  2.499488
60  50  2.499373
61  50  2.498444
62  50  2.499050
63  50  2.499188
0  51  2.499000
1  51  2.499354
2  51  2.499584
3  51  2.499641
4  51  2.499615
5  51  2.499646
6  51  2.499627
7  51  2.498697
8  51  2.498434
9  51  2.498315
10  51  2.498507
11  51  2.498307
12  51  2.498456
13  51  2.498363
14  51  2.498495
15  51  2.498333
16  51  2.499625
17  51  2.499120
18  51  2.499452
19  51  2.499118
20  51  2.499524
21  51  2.499077
22  51  2.499029
23  51  2.499006
24  51  2.499408
25  51  2.498946
26  51  2.498982
27  51  2.498319
28  51  2.498499
29  51  2.497775
30  51  2.498481
31  51  2.498657
32  51  2.499022
33  51  2.499033
34  51  2.499125
35  51  2.499433
36  51  2.499414
37  51  2.499065
38  51  2.499037
39  51  2.498777
40  51  2.499444
41  51  2.498955
42  51  2.498003
43  51  2.497453
44  51  2.497607
45  51  2.498445
46  51  2.499377
47  51  2.499532
48  51  2.498852
49  51  2.498945
50  51  2.498499
51  51  2.499110
52  51  2.498571
53  51  2.498495
54  51  2.498667
55  51  2.499482
56  51  2.499166
57  51  2.498015
58  51  2.498039
59  51  2.499776
60  51  2.499591
61  51  2.498542
62  51  2.498551
63  51  2.498518
0  52  2.498973
1  52  2.499571
2  52  2.499504
3  52  2.499440
4  52  2.499141
5  52  2.499494
6  52  2.499245
7  52  2.499180
8  52  2.499251
9  52  2.498919
10  52  2.499338
11  52  2.499264
12  52  2.499427
13  52  2.498440
14  52  2.498665
15  52  2.498719
16  52  2.499328
17  52  2.498822
18  52  2.499185
19  52  2.498999
20  52  2.499251
21  52  2.498182
22  52  2.498351
23  52  2.498700
24  52  2.499777
25  52  2.499724
26  52  2.499544
27  52  2.498958
28  52  2.498331
29  52  2.497638
30  52  2.498024
31  52  2.497926
32  52  2.498430
33  52  2.497872
34  52  2.498673
35  52  2.498900
36  52  2.499342
37  52  2.498822
38  52  2.498888
39  52  2.498940
40  52  2.499291
41  52  2.498752
42  52  2.497989
43  52  2.497477
44  52  2.497476
45  52  2.498442
46  52  2.499469
47  52  2.499468
48  52  2.498844
49  52  2.498795
50  52  2.498452
51  52  2.499069
52  52  2.498552
53  52  2.498432
54  52  2.498307
55  52  2.498894
56  52  2.499199
57  52  2.498983
58  52  2.498605
59  52  2.499047
60  52  2.498954
61  52  2.498840
62  52  2.498717
63  52  2.498424
0  53  2.498747
1  53  2.499510
2  53  2.499770
3  53  2.499443
4  53  2.499073
5  53  2.499519
6  53  2.499368
7  53  2.499632
8  53  2.499165
9  53  2.499291
10  53  2.499552
11  53  2.497912
12  53  2.498255
13  53  2.497425
14  53  2.498638
15  53  2.498437
16  53  2.499099
17  53  2.498758
18  53  2.499271
19  53  2.498932
20  53  2.499026
21  53  2.497993
22  53  2.498436
23  53  2.498682
24  53  2.499696
25  53  2.499690
26  53  2.499651
27  53  2.499629
28  53  2.498887
29  53  2.498362
30  53  2.497523
31  53  2.497807
32  53  2.496817
33  53  2.497152
34  53  2.497769
35  53  2.498897
36  53  2.499399
37  53  2.498619
38  53  2.498471
39  53  2.498554
40  53  2.498785
41  53  2.499076
42  53  2.498364
43  53  2.498852
44  53  2.498426
45  53  2.498887
46  53  2.499528
47  53  2.499373
48  53  2.499404
49  53  2.499672
50  53  2.499526
51  53  2.499470
52  53  2.499399
53  53  2.499456
54  53  2.499621
55  53  2.499759
56  53  2.499779
57  53  2.499557
58  53  2.498828
59  53  2.498509
60  53  2.498502
61  53  2.499754
62  53  2.499777
63  53  2.498595
0  54  2.498564
1  54  2.499335
2  54  2.499168
3  54  2.498873
4  54  2.498164
5  54  2.499098
6  54  2.499196
7  54  2.499081
8  54  2.498971
9  54  2.499463
10  54  2.499661
11  54  2.498064
12  54  2.497817
13  54  2.496395
14  54  2.498497
15  54  2.498517
16  54  2.499022
17  54  2.498516
18  54  2.498722
19  54  2.498987
20  54  2.498609
21  54  2.498120
22  54  2.498318
23  54  2.499034
24  54  2.499273
25  54  2.498778
26  54  2.499108
27  54  2.498857
28  54  2.498034
29  54  2.498061
30  54  2.498825
31  54  2.498761
32  54  2.496717
33  54  2.497121
34  54  2.497699
35  54  2.498645
36  54  2.499435
37  54  2.499160
38  54  2.498894
39  54  2.498789
40  54  2.498960
41  54  2.498884
42  54  2.498858
43  54  2.498913
44  54  2.499266
45  54  2.499509
46  54  2.498893
47  54  2.498173
48  54  2.498377
49  54  2.498990
50  54  2.499612
51  54  2.498137
52  54  2.497822
53  54  2.497742
54  54  2.499049
55  54  2.499562
56  54  2.499617
57  54  2.499286
58  54  2.498641
59  54  2.498421
60  54  2.498661
61  54  2.499460
62  54  2.499540
63  54  2.498256
0  55  2.497760
1  55  2.498613
2  55  2.499376
3  55  2.499098
4  55  2.498787
5  55  2.499012
6  55  2.499089
7  55  2.498904
8  55  2.499146
9  55  2.499604
10  55  2.499809
11  55  2.498344
12  55  2.497906
13  55  2.497358
14  55  2.498686
15  55  2.499218
16  55  2.499363
17  55  2.498946
18  55  2.499191
19  55  2.498926
20  55  2.498436
21  55  2.498566
22  55  2.498800
23  55  2.499588
24  55  2.499386
25  55  2.499108
26  55  2.499399
27  55  2.498854
28  55  2.498415
29  55  2.498374
30  55  2.497187
31  55  2.497655
32  55  2.496629
33  55  2.498688
34  55  2.498441
35  55  2.498666
36  55  2.498690
37  55  2.498657
38  55  2.498502
39  55  2.498626
40  55  2.498974
41  55  2.498779
42  55  2.498789
43  55  2.498669
44  55  2.499086
45  55  2.499091
46  55  2.498762
47  55  2.498130
48  55  2.498332
49  55  2.498223
50  55  2.499104
51  55  2.498378
52  55  2.498755
53  55  2.498350
54  55  2.498869
55  55  2.498869
56  55  2.498967
57  55  2.499176
58  55  2.498756
59  55  2.498973
60  55  2.499109
61  55  2.499261
62  55  2.499121
63  55  2.497128
0  56  2.498429
1  56  2.498848
2  56  2.499515
3  56  2.499208
4  56  2.499044
5  56  2.499345
6  56  2.498961
7  56  2.498866
8  56  2.499232
9  56  2.499283
10  56  2.499684
11  56  2.499830
12  56  2.499253
13  56  2.498703
14  56  2.498597
15  56  2.498983
16  56  2.499295
17  56  2.498901
18  56  2.499167
19  56  2.498767
20  56  2.498931
21  56  2.498697
22  56  2.498643
23  56  2.499351
24  56  2.499046
25  56  2.498693
26  56  2.499098
27  56  2.498405
28  56  2.498954
29  56  2.499098
30  56  2.498430
31  56  2.498250
32  56  2.497861
33  56  2.499076
34  56  2.499591
35  56  2.498992
36  56  2.498864
37  56  2.498325
38  56  2.498424
39  56  2.499091
40  56  2.499231
41  56  2.498686
42  56  2.499207
43  56  2.498884
44  56  2.499377
45  56  2.498755
46  56  2.498636
47  56  2.497867
48  56  2.498296
49  56  2.498027
50  56  2.498915
51  56  2.498110
52  56  2.498718
53  56  2.498836
54  56  2.499126
55  56  2.497406
56  56  2.497945
57  56  2.498693
58  56  2.499256
59  56  2.499578
60  56  2.499584
61  56  2.499871
62  56  2.499740
63  56  2.498411
0  57  2.497888
1  57  2.497797
2  57  2.499032
3  57  2.499479
4  57  2.498838
5  57  2.498561
6  57  2.498195
7  57  2.499113
8  57  2.499314
9  57  2.499410
10  57  2.499746
11  57  2.499784
12  57  2.499709
13  57  2.498487
14  57  2.498434
15  57  2.498558
16  57  2.499424
17  57  2.499177
18  57  2.498877
19  57  2.498441
20  57  2.498529
21  57  2.499026
22  57  2.499207
23  57  2.499122
24  57  2.499317
25  57  2.499152
26  57  2.499210
27  57  2.498891
28  57  2.498866
29  57  2.498700
30  57  2.498554
31  57  2.498563
32  57  2.498094
33  57  2.498856
34  57  2.499320
35  57  2.498651
36  57  2.498247
37  57  2.498427
38  57  2.498528
39  57  2.499118
40  57  2.498917
41  57  2.499144
42  57  2.499586
43  57  2.499119
44  57  2.499133
45  57  2.497974
46  57  2.498361
47  57  2.498346
48  57  2.499229
49  57  2.498848
50  57  2.498940
51  57  2.499096
52  57  2.499792
53  57  2.499135
54  57  2.498662
55  57  2.497176
56  57  2.498216
57  57  2.498805
58  57  2.499413
59  57  2.499490
60  57  2.499269
61  57  2.499558
62  57  2.499453
63  57  2.498401
0  58  2.499205
1  58  2.498657
2  58  2.498543
3  58  2.499050
4  58  2.498701
5  58  2.498639
6  58  2.498793
7  58  2.499063
8  58  2.499368
9  58  2.499385
10  58  2.499446
11  58  2.499379
12  58  2.499422
13  58  2.498586
14  58  2.498747
15  58  2.498861
16  58  2.498903
17  58  2.498696
18  58  2.498559
19  58  2.498351
20  58  2.498576
21  58  2.499060
22  58  2.498857
23  58  2.497820
24  58  2.497686
25  58  2.498789
26  58  2.498935
27  58  2.497921
28  58  2.498093
29  58  2.498021
30  58  2.499474
31  58  2.498989
32  58  2.497829
33  58  2.497980
34  58  2.497951
35  58  2.498842
36  58  2.498656
37  58  2.499176
38  58  2.499349
39  58  2.499160
40  58  2.499037
41  58  2.499181
42  58  2.499530
43  58  2.498797
44  58  2.498913
45  58  2.497919
46  58  2.498482
47  58  2.498100
48  58  2.498898
49  58  2.499398
50  58  2.499598
51  58  2.499720
52  58  2.499701
53  58  2.499334
54  58  2.499178
55  58  2.498287
56  58  2.499001
57  58  2.498797
58  58  2.499610
59  58  2.499593
60  58  2.499485
61  58  2.499566
62  58  2.499551
63  58  2.499641
0  59  2.499397
1  59  2.498880
2  59  2.498772
3  59  2.498463
4  59  2.498022
5  59  2.497970
6  59  2.499157
7  59  2.499295
8  59  2.499544
9  59  2.499664
10  59  2.499498
11  59  2.499108
12  59  2.499072
13  59  2.498572
14  59  2.498894
15  59  2.498878
16  59  2.499100
17  59  2.498956
18  59  2.498705
19  59  2.498914
20  59  2.499287
21  59  2.499383
22  59  2.498937
23  59  2.498389
24  59  2.497500
25  59  2.498569
26  59  2.498058
27  59  2.498274
28  59  2.498621
29  59  2.499401
30  59  2.499817
31  59  2.499273
32  59  2.498385
33  59  2.498536
34  59  2.497207
35  59  2.498381
36  59  2.498340
37  59  2.499370
38  59  2.499596
39  59  2.499217
40  59  2.499219
41  59  2.499363
42  59  2.499573
43  59  2.498828
44  59  2.498842
45  59  2.498920
46  59  2.499507
47  59  2.499138
48  59  2.498801
49  59  2.498764
50  59  2.499035
51  59  2.499500
52  59  2.499428
53  59  2.499249
54  59  2.499414
55  59  2.499345
56  59  2.499415
57  59  2.499382
58  59  2.499448
59  59  2.499484
60  59  2.499537
61  59  2.499272
62  59  2.499257
63  59  2.499589
0  60  2.499615
1  60  2.499367
2  60  2.499218
3  60  2.498408
4  60  2.498700
5  60  2.498667
6  60  2.499596
7  60  2.499706
8  60  2.499605
9  60  2.499348
10  60  2.499217
11  60  2.498541
12  60  2.498374
13  60  2.498844
14  60  2.498947
15  60  2.499526
16  60  2.498363
17  60  2.498595
18  60  2.498286
19  60  2.498951
20  60  2.499083
21  60  2.499532
22  60  2.499022
23  60  2.498772
24  60  2.497763
25  60  2.497476
26  60  2.497390
27  60  2.497657
28  60  2.498844
29  60  2.499360
30  60  2.499868
31  60  2.499251
32  60  2.498800
33  60  2.498662
34  60  2.498331
35  60  2.498983
36  60  2.498833
37  60  2.499318
38  60  2.499063
39  60  2.498908
40  60  2.498983
41  60  2.499523
42  60  2.499643
43  60  2.499078
44  60  2.499059
45  60  2.498691
46  60  2.498905
47  60  2.498397
48  60  2.498915
49  60  2.498254
50  60  2.499070
51  60  2.499242
52  60  2.499111
53  60  2.499228
54  60  2.499658
55  60  2.499442
56  60  2.499450
57  60  2.499485
58  60  2.499419
59  60  2.499425
60  60  2.499215
61  60  2.499123
62  60  2.498981
63  60  2.499347
0  61  2.499770
1  61  2.499597
2  61  2.499266
3  61  2.498001
4  61  2.498187
5  61  2.498480
6  61  2.499472
7  61  2.499392
8  61  2.499311
9  61  2.499268
10  61  2.499376
11  61  2.498794
12  61  2.498658
13  61  2.498543
14  61  2.498617
15  61  2.499053
16  61  2.498810
17  61  2.499084
18  61  2.498601
19  61  2.498980
20  61  2.499092
21  61  2.499560
22  61  2.499850
23  61  2.499746
24  61  2.498679
25  61  2.497567
26  61  2.497220
27  61  2.498119
28  61  2.499334
29  61  2.499774
30  61  2.499856
31  61  2.499260
32  61  2.499307
33  61  2.499091
34  61  2.498342
35  61  2.498445
36  61  2.498427
37  61  2.499290
38  61  2.499173
39  61  2.498883
40  61  2.498933
41  61  2.499810
42  61  2.499698
43  61  2.499614
44  61  2.499402
45  61  2.499164
46  61  2.499322
47  61  2.498739
48  61  2.499000
49  61  2.498186
50  61  2.498981
51  61  2.498108
52  61  2.498223
53  61  2.497765
54  61  2.498808
55  61  2.498834
56  61  2.499397
57  61  2.499568
58  61  2.499444
59  61  2.498970
60  61  2.498572
61  61  2.499002
62  61  2.498960
63  61  2.499462
0  62  2.499339
1  62  2.499073
2  62  2.499093
3  62  2.498940
4  62  2.498314
5  62  2.498557
6  62  2.498805
7  62  2.499147
8  62  2.498690
9  62  2.498566
10  62  2.498836
11  62  2.498348
12  62  2.498641
13  62  2.498685
14  62  2.498533
15  62  2.498985
16  62  2.498809
17  62  2.498854
18  62  2.498250
19  62  2.498599
20  62  2.498855
21  62  2.499456
22  62  2.499487
23  62  2.499609
24  62  2.498824
25  62  2.498412
26  62  2.498055
27  62  2.498579
28  62  2.499382
29  62  2.499587
30  62  2.499726
31  62  2.499112
32  62  2.499145
33  62  2.498916
34  62  2.499352
35  62  2.499020
36  62  2.498631
37  62  2.498808
38  62  2.498834
39  62  2.498910
40  62  2.498619
41  62  2.498990
42  62  2.499458
43  62  2.499540
44  62  2.499590
45  62  2.498951
46  62  2.498840
47  62  2.497343
48  62  2.497757
49  62  2.497643
50  62  2.499064
51  62  2.497918
52  62  2.498446
53  62  2.497779
54  62  2.498735
55  62  2.498878
56  62  2.499684
57  62  2.499518
58  62  2.499068
59  62  2.498278
60  62  2.498153
61  62  2.499885
62  62  2.499827
63  62  2.499621
0  63  2.499076
1  63  2.498929
2  63  2.498841
3  63  2.498892
4  63  2.498089
5  63  2.498456
6  63  2.498554
7  63  2.498947
8  63  2.498496
9  63  2.498566
10  63  2.498737
11  63  2.498545
12  63  2.498575
13  63  2.498686
14  63  2.498822
15  63  2.499374
16  63  2.499490
17  63  2.499471
18  63  2.499206
19  63  2.498700
20  63  2.499064
21  63  2.499479
22  63  2.499562
23  63  2.499780
24  63  2.499300
25  63  2.498461
26  63  2.498150
27  63  2.498190
28  63  2.499217
29  63  2.499271
30  63  2.499653
31  63  2.499205
32  63  2.499261
33  63  2.499313
34  63  2.499161
35  63  2.498862
36  63  2.497330
37  63  2.497606
38  63  2.498160
39  63  2.499045
40  63  2.499071
41  63  2.498738
42  63  2.498931
43  63  2.499373
44  63  2.499430
45  63  2.499342
46  63  2.499017
47  63  2.497963
48  63  2.498315
49  63  2.498411
50  63  2.498036
51  63  2.497322
52  63  2.497305
53  63  2.497763
54  63  2.498606
55  63  2.498643
56  63  2.498683
57  63  2.498491
58  63  2.497752
59  63  2.498318
60  63  2.498116
61  63  2.499120
62  63  2.499087
63  63  2.499721
