# Mass field m(x,y) = Delta * R(x,y) at t = 4
# Grid: 64 x 64
# Columns: x  y  mass
0  0  2.499566
1  0  2.499132
2  0  2.498721
3  0  2.497661
4  0  2.497347
5  0  2.498629
6  0  2.498721
7  0  2.498579
8  0  2.498045
9  0  2.498467
10  0  2.498860
11  0  2.498995
12  0  2.498935
13  0  2.499408
14  0  2.498677
15  0  2.498429
16  0  2.497449
17  0  2.498374
18  0  2.499791
19  0  2.499132
20  0  2.498998
21  0  2.498980
22  0  2.499638
23  0  2.498760
24  0  2.498706
25  0  2.498458
26  0  2.499216
27  0  2.498793
28  0  2.498101
29  0  2.497518
30  0  2.497436
31  0  2.497874
32  0  2.498200
33  0  2.498385
34  0  2.499695
35  0  2.499374
36  0  2.498835
37  0  2.498366
38  0  2.498517
39  0  2.499041
40  0  2.498247
41  0  2.498199
42  0  2.498999
43  0  2.499221
44  0  2.498579
45  0  2.498784
46  0  2.498982
47  0  2.499058
48  0  2.499051
49  0  2.499783
50  0  2.498562
51  0  2.498805
52  0  2.499292
53  0  2.499460
54  0  2.499225
55  0  2.498653
56  0  2.498512
57  0  2.497960
58  0  2.498324
59  0  2.498731
60  0  2.499033
61  0  2.499031
62  0  2.499638
63  0  2.498976
0  1  2.499657
1  1  2.498777
2  1  2.498592
3  1  2.496823
4  1  2.497356
5  1  2.497399
6  1  2.497988
7  1  2.497864
8  1  2.498501
9  1  2.498783
10  1  2.498990
11  1  2.499101
12  1  2.499024
13  1  2.499186
14  1  2.498252
15  1  2.497866
16  1  2.497625
17  1  2.499022
18  1  2.499695
19  1  2.498957
20  1  2.498898
21  1  2.498692
22  1  2.499358
23  1  2.499422
24  1  2.499519
25  1  2.499385
26  1  2.499116
27  1  2.498881
28  1  2.498089
29  1  2.497703
30  1  2.497624
31  1  2.497886
32  1  2.498131
33  1  2.498296
34  1  2.499595
35  1  2.499596
36  1  2.499196
37  1  2.498713
38  1  2.498690
39  1  2.499116
40  1  2.497884
41  1  2.497990
42  1  2.498457
43  1  2.499192
44  1  2.498788
45  1  2.499012
46  1  2.498971
47  1  2.498662
48  1  2.498137
49  1  2.498621
50  1  2.498613
51  1  2.498655
52  1  2.498836
53  1  2.499470
54  1  2.499370
55  1  2.499098
56  1  2.498731
57  1  2.497780
58  1  2.498214
59  1  2.498476
60  1  2.499309
61  1  2.498850
62  1  2.499149
63  1  2.498975
0  2  2.499712
1  2  2.498502
2  2  2.498512
3  2  2.497233
4  2  2.498068
5  2  2.497017
6  2  2.497983
7  2  2.498875
8  2  2.499450
9  2  2.499182
10  2  2.499304
11  2  2.499168
12  2  2.498869
13  2  2.498853
14  2  2.498546
15  2  2.498939
16  2  2.499230
17  2  2.499603
18  2  2.499197
19  2  2.498960
20  2  2.498314
21  2  2.498620
22  2  2.498508
23  2  2.498686
24  2  2.499647
25  2  2.499782
26  2  2.499798
27  2  2.499698
28  2  2.499099
29  2  2.498497
30  2  2.498042
31  2  2.497228
32  2  2.497590
33  2  2.497964
34  2  2.499449
35  2  2.499305
36  2  2.499053
37  2  2.498724
38  2  2.498735
39  2  2.499120
40  2  2.498656
41  2  2.498733
42  2  2.498570
43  2  2.498598
44  2  2.499070
45  2  2.499007
46  2  2.499367
47  2  2.498985
48  2  2.498281
49  2  2.498288
50  2  2.498841
51  2  2.499127
52  2  2.499068
53  2  2.499503
54  2  2.499731
55  2  2.499776
56  2  2.499046
57  2  2.498899
58  2  2.498928
59  2  2.499029
60  2  2.499558
61  2  2.498834
62  2  2.498874
63  2  2.499039
0  3  2.499384
1  3  2.498617
2  3  2.498945
3  3  2.498324
4  3  2.499345
5  3  2.497428
6  3  2.497926
7  3  2.497831
8  3  2.499709
9  3  2.499570
10  3  2.499613
11  3  2.499490
12  3  2.499533
13  3  2.499510
14  3  2.499442
15  3  2.499442
16  3  2.499253
17  3  2.499082
18  3  2.498753
19  3  2.498724
20  3  2.498633
21  3  2.498603
22  3  2.496675
23  3  2.497032
24  3  2.497583
25  3  2.498733
26  3  2.499344
27  3  2.499376
28  3  2.499378
29  3  2.499491
30  3  2.499290
31  3  2.498534
32  3  2.498271
33  3  2.498581
34  3  2.499202
35  3  2.499292
36  3  2.499726
37  3  2.499463
38  3  2.499390
39  3  2.499245
40  3  2.499121
41  3  2.499144
42  3  2.498089
43  3  2.497869
44  3  2.499331
45  3  2.499358
46  3  2.499367
47  3  2.497754
48  3  2.497588
49  3  2.497774
50  3  2.499316
51  3  2.499341
52  3  2.499456
53  3  2.499380
54  3  2.499477
55  3  2.499595
56  3  2.499693
57  3  2.499914
58  3  2.499383
59  3  2.499154
60  3  2.499738
61  3  2.499391
62  3  2.499259
63  3  2.499060
0  4  2.499484
1  4  2.498661
2  4  2.498848
3  4  2.498768
4  4  2.499561
5  4  2.497789
6  4  2.497303
7  4  2.497158
8  4  2.498379
9  4  2.498840
10  4  2.498717
11  4  2.499313
12  4  2.499537
13  4  2.499655
14  4  2.499522
15  4  2.499467
16  4  2.499404
17  4  2.498977
18  4  2.498699
19  4  2.498869
20  4  2.499044
21  4  2.499041
22  4  2.496599
23  4  2.497388
24  4  2.497828
25  4  2.498302
26  4  2.499062
27  4  2.499460
28  4  2.499466
29  4  2.499344
30  4  2.498016
31  4  2.497880
32  4  2.497721
33  4  2.498488
34  4  2.499042
35  4  2.498989
36  4  2.499544
37  4  2.499141
38  4  2.498560
39  4  2.498309
40  4  2.498561
41  4  2.498960
42  4  2.497792
43  4  2.497677
44  4  2.499368
45  4  2.499714
46  4  2.499528
47  4  2.498288
48  4  2.498111
49  4  2.498920
50  4  2.498742
51  4  2.498315
52  4  2.498737
53  4  2.498750
54  4  2.498699
55  4  2.498733
56  4  2.499326
57  4  2.499833
58  4  2.499357
59  4  2.498763
60  4  2.498594
61  4  2.498903
62  4  2.499239
63  4  2.499177
0  5  2.499152
1  5  2.498650
2  5  2.498768
3  5  2.499119
4  5  2.499469
5  5  2.497671
6  5  2.497190
7  5  2.498084
8  5  2.498130
9  5  2.498526
10  5  2.498042
11  5  2.498332
12  5  2.499637
13  5  2.498718
14  5  2.497716
15  5  2.497666
16  5  2.498254
17  5  2.497962
18  5  2.499036
19  5  2.499104
20  5  2.499530
21  5  2.499333
22  5  2.497694
23  5  2.497930
24  5  2.497611
25  5  2.498148
26  5  2.498602
27  5  2.499379
28  5  2.499237
29  5  2.499110
30  5  2.497941
31  5  2.498532
32  5  2.499128
33  5  2.499077
34  5  2.499274
35  5  2.499118
36  5  2.499493
37  5  2.498327
38  5  2.497576
39  5  2.498098
40  5  2.498062
41  5  2.499401
42  5  2.497748
43  5  2.498109
44  5  2.499545
45  5  2.499665
46  5  2.499578
47  5  2.498674
48  5  2.498383
49  5  2.498947
50  5  2.499187
51  5  2.498638
52  5  2.497788
53  5  2.498093
54  5  2.498173
55  5  2.498682
56  5  2.499302
57  5  2.499512
58  5  2.499294
59  5  2.498409
60  5  2.498333
61  5  2.498920
62  5  2.499381
63  5  2.499285
0  6  2.498777
1  6  2.499231
2  6  2.499138
3  6  2.499469
4  6  2.499364
5  6  2.497742
6  6  2.496465
7  6  2.497042
8  6  2.497388
9  6  2.498578
10  6  2.498051
11  6  2.498632
12  6  2.499286
13  6  2.498654
14  6  2.497817
15  6  2.497977
16  6  2.498152
17  6  2.497909
18  6  2.498519
19  6  2.498543
20  6  2.498816
21  6  2.499622
22  6  2.499404
23  6  2.499065
24  6  2.498809
25  6  2.498715
26  6  2.499200
27  6  2.499614
28  6  2.499382
29  6  2.499263
30  6  2.498029
31  6  2.498491
32  6  2.499037
33  6  2.499369
34  6  2.499178
35  6  2.498726
36  6  2.498366
37  6  2.496191
38  6  2.495843
39  6  2.498571
40  6  2.496406
41  6  2.497621
42  6  2.497987
43  6  2.498843
44  6  2.499204
45  6  2.499718
46  6  2.499690
47  6  2.498905
48  6  2.498281
49  6  2.498508
50  6  2.498613
51  6  2.498019
52  6  2.497007
53  6  2.498143
54  6  2.497528
55  6  2.498168
56  6  2.499122
57  6  2.498331
58  6  2.498115
59  6  2.497623
60  6  2.498363
61  6  2.498382
62  6  2.498256
63  6  2.498454
0  7  2.498378
1  7  2.498880
2  7  2.498678
3  7  2.499361
4  7  2.499276
5  7  2.499503
6  7  2.497580
7  7  2.497918
8  7  2.498069
9  7  2.499437
10  7  2.498777
11  7  2.498075
12  7  2.498812
13  7  2.498471
14  7  2.498289
15  7  2.498192
16  7  2.498137
17  7  2.498192
18  7  2.498443
19  7  2.498696
20  7  2.498303
21  7  2.499076
22  7  2.498563
23  7  2.499123
24  7  2.499112
25  7  2.498580
26  7  2.498641
27  7  2.498896
28  7  2.499616
29  7  2.499426
30  7  2.499033
31  7  2.498716
32  7  2.499068
33  7  2.499218
34  7  2.499274
35  7  2.498908
36  7  2.498739
37  7  2.496279
38  7  2.495191
39  7  2.497700
40  7  2.496257
41  7  2.498164
42  7  2.498941
43  7  2.499455
44  7  2.499246
45  7  2.499372
46  7  2.499028
47  7  2.499069
48  7  2.499130
49  7  2.498403
50  7  2.499071
51  7  2.499181
52  7  2.497976
53  7  2.498287
54  7  2.497619
55  7  2.498215
56  7  2.499396
57  7  2.499067
58  7  2.499278
59  7  2.499100
60  7  2.499468
61  7  2.498673
62  7  2.498233
63  7  2.498715
0  8  2.498173
1  8  2.498610
2  8  2.498308
3  8  2.498128
4  8  2.498740
5  8  2.499083
6  8  2.498482
7  8  2.498497
8  8  2.498535
9  8  2.499201
10  8  2.498916
11  8  2.498771
12  8  2.499006
13  8  2.499198
14  8  2.499815
15  8  2.499599
16  8  2.499587
17  8  2.499148
18  8  2.498606
19  8  2.498724
20  8  2.498712
21  8  2.499255
22  8  2.498695
23  8  2.499001
24  8  2.499140
25  8  2.499149
26  8  2.498924
27  8  2.498919
28  8  2.499779
29  8  2.499300
30  8  2.498786
31  8  2.498480
32  8  2.499111
33  8  2.499081
34  8  2.498983
35  8  2.498886
36  8  2.498832
37  8  2.498380
38  8  2.497988
39  8  2.498785
40  8  2.498125
41  8  2.498662
42  8  2.499263
43  8  2.499549
44  8  2.498847
45  8  2.498901
46  8  2.498182
47  8  2.498548
48  8  2.499113
49  8  2.498195
50  8  2.498939
51  8  2.499252
52  8  2.498394
53  8  2.498669
54  8  2.497373
55  8  2.497365
56  8  2.498875
57  8  2.499091
58  8  2.499206
59  8  2.499301
60  8  2.499816
61  8  2.499165
62  8  2.498942
63  8  2.499052
0  9  2.498002
1  9  2.498172
2  9  2.498418
3  9  2.498904
4  9  2.499267
5  9  2.499361
6  9  2.499078
7  9  2.499187
8  9  2.499233
9  9  2.499138
10  9  2.499056
11  9  2.499232
12  9  2.498988
13  9  2.499088
14  9  2.499852
15  9  2.499633
16  9  2.499640
17  9  2.499559
18  9  2.499356
19  9  2.499386
20  9  2.499154
21  9  2.499256
22  9  2.498734
23  9  2.498937
24  9  2.499081
25  9  2.499086
26  9  2.499111
27  9  2.498170
28  9  2.499411
29  9  2.498638
30  9  2.499233
31  9  2.499197
32  9  2.499438
33  9  2.499184
34  9  2.498886
35  9  2.499159
36  9  2.498685
37  9  2.499057
38  9  2.498005
39  9  2.498543
40  9  2.498668
41  9  2.499878
42  9  2.499783
43  9  2.499524
44  9  2.498566
45  9  2.498418
46  9  2.497890
47  9  2.499196
48  9  2.498888
49  9  2.498766
50  9  2.498837
51  9  2.499262
52  9  2.498785
53  9  2.498696
54  9  2.498173
55  9  2.496765
56  9  2.498284
57  9  2.498837
58  9  2.498543
59  9  2.498556
60  9  2.497940
61  9  2.498208
62  9  2.497442
63  9  2.497737
0  10  2.497147
1  10  2.497737
2  10  2.498492
3  10  2.498921
4  10  2.499197
5  10  2.499376
6  10  2.499656
7  10  2.499783
8  10  2.499811
9  10  2.499215
10  10  2.498969
11  10  2.499393
12  10  2.499232
13  10  2.498987
14  10  2.499568
15  10  2.499192
16  10  2.499304
17  10  2.499322
18  10  2.499751
19  10  2.499693
20  10  2.499676
21  10  2.499239
22  10  2.499106
23  10  2.499333
24  10  2.498765
25  10  2.499009
26  10  2.499268
27  10  2.498625
28  10  2.499005
29  10  2.498219
30  10  2.498701
31  10  2.498650
32  10  2.499440
33  10  2.499291
34  10  2.498977
35  10  2.499269
36  10  2.498812
37  10  2.499258
38  10  2.497876
39  10  2.498134
40  10  2.498148
41  10  2.499651
42  10  2.499705
43  10  2.499425
44  10  2.498811
45  10  2.498772
46  10  2.498180
47  10  2.498690
48  10  2.498108
49  10  2.498666
50  10  2.498647
51  10  2.499303
52  10  2.498799
53  10  2.498713
54  10  2.498834
55  10  2.498145
56  10  2.498372
57  10  2.498466
58  10  2.497713
59  10  2.497716
60  10  2.497723
61  10  2.498154
62  10  2.497418
63  10  2.497416
0  11  2.497397
1  11  2.497897
2  11  2.499375
3  11  2.499220
4  11  2.499565
5  11  2.499827
6  11  2.499302
7  11  2.499383
8  11  2.499331
9  11  2.499163
10  11  2.498615
11  11  2.499408
12  11  2.499098
13  11  2.499162
14  11  2.499579
15  11  2.499278
16  11  2.499360
17  11  2.498873
18  11  2.499243
19  11  2.499207
20  11  2.499515
21  11  2.499087
22  11  2.499036
23  11  2.499154
24  11  2.498392
25  11  2.498909
26  11  2.499295
27  11  2.498615
28  11  2.498760
29  11  2.498607
30  11  2.499399
31  11  2.499213
32  11  2.499175
33  11  2.499405
34  11  2.499304
35  11  2.499591
36  11  2.498778
37  11  2.499067
38  11  2.497532
39  11  2.497938
40  11  2.498096
41  11  2.499470
42  11  2.499526
43  11  2.499396
44  11  2.499143
45  11  2.499063
46  11  2.498645
47  11  2.498879
48  11  2.496217
49  11  2.496777
50  11  2.496342
51  11  2.499331
52  11  2.498975
53  11  2.498409
54  11  2.498449
55  11  2.498692
56  11  2.498863
57  11  2.498142
58  11  2.496571
59  11  2.495940
60  11  2.495781
61  11  2.496849
62  11  2.498479
63  11  2.499277
0  12  2.498124
1  12  2.498095
2  12  2.499422
3  12  2.499039
4  12  2.499161
5  12  2.499157
6  12  2.499002
7  12  2.499369
8  12  2.499444
9  12  2.499026
10  12  2.498603
11  12  2.499598
12  12  2.498978
13  12  2.499033
14  12  2.499496
15  12  2.499429
16  12  2.499376
17  12  2.498792
18  12  2.499296
19  12  2.498928
20  12  2.499194
21  12  2.498833
22  12  2.498497
23  12  2.498606
24  12  2.498322
25  12  2.498741
26  12  2.498703
27  12  2.499169
28  12  2.499353
29  12  2.499161
30  12  2.499283
31  12  2.499178
32  12  2.499071
33  12  2.499590
34  12  2.499734
35  12  2.498844
36  12  2.498788
37  12  2.498765
38  12  2.497961
39  12  2.497764
40  12  2.498016
41  12  2.499405
42  12  2.499051
43  12  2.498821
44  12  2.498254
45  12  2.498155
46  12  2.497729
47  12  2.498500
48  12  2.496664
49  12  2.496914
50  12  2.496550
51  12  2.499036
52  12  2.498672
53  12  2.498548
54  12  2.498846
55  12  2.499253
56  12  2.499089
57  12  2.497827
58  12  2.496449
59  12  2.496363
60  12  2.497610
61  12  2.498348
62  12  2.498135
63  12  2.498972
0  13  2.498756
1  13  2.498634
2  13  2.498188
3  13  2.498439
4  13  2.498688
5  13  2.499310
6  13  2.499318
7  13  2.499452
8  13  2.499213
9  13  2.498107
10  13  2.497682
11  13  2.498098
12  13  2.499026
13  13  2.499443
14  13  2.499660
15  13  2.499913
16  13  2.499849
17  13  2.498708
18  13  2.498682
19  13  2.498263
20  13  2.499429
21  13  2.498383
22  13  2.498369
23  13  2.498801
24  13  2.498082
25  13  2.498341
26  13  2.498273
27  13  2.499210
28  13  2.498435
29  13  2.498436
30  13  2.499093
31  13  2.499490
32  13  2.499447
33  13  2.499512
34  13  2.499729
35  13  2.498778
36  13  2.498647
37  13  2.498524
38  13  2.498290
39  13  2.498660
40  13  2.498187
41  13  2.498588
42  13  2.497543
43  13  2.498057
44  13  2.498635
45  13  2.498788
46  13  2.498267
47  13  2.498554
48  13  2.496432
49  13  2.496377
50  13  2.496321
51  13  2.499079
52  13  2.499442
53  13  2.498965
54  13  2.499177
55  13  2.499010
56  13  2.499030
57  13  2.498855
58  13  2.497258
59  13  2.496996
60  13  2.496974
61  13  2.498185
62  13  2.497399
63  13  2.498934
0  14  2.498998
1  14  2.498517
2  14  2.498215
3  14  2.497657
4  14  2.498127
5  14  2.499324
6  14  2.499740
7  14  2.499653
8  14  2.499079
9  14  2.497511
10  14  2.497627
11  14  2.497871
12  14  2.499086
13  14  2.499427
14  14  2.498992
15  14  2.499123
16  14  2.498922
17  14  2.498696
18  14  2.498840
19  14  2.498423
20  14  2.499053
21  14  2.497432
22  14  2.498276
23  14  2.498654
24  14  2.498250
25  14  2.498570
26  14  2.499063
27  14  2.499467
28  14  2.498566
29  14  2.498554
30  14  2.498717
31  14  2.499720
32  14  2.499617
33  14  2.499549
34  14  2.498908
35  14  2.498665
36  14  2.498704
37  14  2.498993
38  14  2.498347
39  14  2.498722
40  14  2.498915
41  14  2.498888
42  14  2.497718
43  14  2.497101
44  14  2.496662
45  14  2.496743
46  14  2.497307
47  14  2.498309
48  14  2.498194
49  14  2.498490
50  14  2.498219
51  14  2.499234
52  14  2.498988
53  14  2.498692
54  14  2.499129
55  14  2.498954
56  14  2.498914
57  14  2.498548
58  14  2.498700
59  14  2.498546
60  14  2.498308
61  14  2.498697
62  14  2.497356
63  14  2.498626
0  15  2.499245
1  15  2.499007
2  15  2.498897
3  15  2.498200
4  15  2.497979
5  15  2.498513
6  15  2.498854
7  15  2.498952
8  15  2.498865
9  15  2.497549
10  15  2.497799
11  15  2.498405
12  15  2.499472
13  15  2.499404
14  15  2.499032
15  15  2.498990
16  15  2.498886
17  15  2.498655
18  15  2.498178
19  15  2.497685
20  15  2.498142
21  15  2.497803
22  15  2.497761
23  15  2.497588
24  15  2.497370
25  15  2.497509
26  15  2.498811
27  15  2.499346
28  15  2.497138
29  15  2.497209
30  15  2.497178
31  15  2.499736
32  15  2.499577
33  15  2.499456
34  15  2.498215
35  15  2.498239
36  15  2.498933
37  15  2.499616
38  15  2.498741
39  15  2.498910
40  15  2.497916
41  15  2.497707
42  15  2.497599
43  15  2.498438
44  15  2.499211
45  15  2.497423
46  15  2.498197
47  15  2.498563
48  15  2.498940
49  15  2.498362
50  15  2.497859
51  15  2.498818
52  15  2.499135
53  15  2.498924
54  15  2.498821
55  15  2.498729
56  15  2.498783
57  15  2.498922
58  15  2.499478
59  15  2.499197
60  15  2.498451
61  15  2.498791
62  15  2.497911
63  15  2.498945
0  16  2.498818
1  16  2.499258
2  16  2.499786
3  16  2.498909
4  16  2.498563
5  16  2.498467
6  16  2.499144
7  16  2.499237
8  16  2.499011
9  16  2.498902
10  16  2.498286
11  16  2.497902
12  16  2.498275
13  16  2.498482
14  16  2.499104
15  16  2.498792
16  16  2.498842
17  16  2.499707
18  16  2.499328
19  16  2.498621
20  16  2.498116
21  16  2.497704
22  16  2.497797
23  16  2.496740
24  16  2.497637
25  16  2.497929
26  16  2.498652
27  16  2.499053
28  16  2.498692
29  16  2.498737
30  16  2.498119
31  16  2.497962
32  16  2.498078
33  16  2.498433
34  16  2.498405
35  16  2.498210
36  16  2.498664
37  16  2.499357
38  16  2.499427
39  16  2.499259
40  16  2.499017
41  16  2.499012
42  16  2.498517
43  16  2.498672
44  16  2.499771
45  16  2.498044
46  16  2.498541
47  16  2.498728
48  16  2.498910
49  16  2.498079
50  16  2.497789
51  16  2.497856
52  16  2.498692
53  16  2.498816
54  16  2.498506
55  16  2.498707
56  16  2.498764
57  16  2.498621
58  16  2.499138
59  16  2.498971
60  16  2.498739
61  16  2.498508
62  16  2.498299
63  16  2.498561
0  17  2.499060
1  17  2.499327
2  17  2.499662
3  17  2.499612
4  17  2.498249
5  17  2.497830
6  17  2.497547
7  17  2.498955
8  17  2.499220
9  17  2.499484
10  17  2.499075
11  17  2.498050
12  17  2.497960
13  17  2.497915
14  17  2.498824
15  17  2.498849
16  17  2.498850
17  17  2.499720
18  17  2.499095
19  17  2.498690
20  17  2.498540
21  17  2.498808
22  17  2.499382
23  17  2.497532
24  17  2.497193
25  17  2.497936
26  17  2.498310
27  17  2.499130
28  17  2.498792
29  17  2.497961
30  17  2.496629
31  17  2.497740
32  17  2.497794
33  17  2.498017
34  17  2.498824
35  17  2.498667
36  17  2.499058
37  17  2.499215
38  17  2.499244
39  17  2.499091
40  17  2.497953
41  17  2.498015
42  17  2.496900
43  17  2.498936
44  17  2.499487
45  17  2.498251
46  17  2.498490
47  17  2.498388
48  17  2.499086
49  17  2.498648
50  17  2.497209
51  17  2.497240
52  17  2.498313
53  17  2.498444
54  17  2.497516
55  17  2.498689
56  17  2.498595
57  17  2.498725
58  17  2.499062
59  17  2.499522
60  17  2.499863
61  17  2.499415
62  17  2.498980
63  17  2.498721
0  18  2.499019
1  18  2.499327
2  18  2.499687
3  18  2.499109
4  18  2.498111
5  18  2.498091
6  18  2.498129
7  18  2.499134
8  18  2.499368
9  18  2.498952
10  18  2.498830
11  18  2.498577
12  18  2.498796
13  18  2.498536
14  18  2.498293
15  18  2.498129
16  18  2.496591
17  18  2.498592
18  18  2.496976
19  18  2.498759
20  18  2.499107
21  18  2.499735
22  18  2.499697
23  18  2.498757
24  18  2.498406
25  18  2.497908
26  18  2.498366
27  18  2.498930
28  18  2.499351
29  18  2.498785
30  18  2.497246
31  18  2.498920
32  18  2.498187
33  18  2.498541
34  18  2.499432
35  18  2.499472
36  18  2.498916
37  18  2.498635
38  18  2.498465
39  18  2.499013
40  18  2.498417
41  18  2.498150
42  18  2.497555
43  18  2.499269
44  18  2.499263
45  18  2.499136
46  18  2.499025
47  18  2.498914
48  18  2.499458
49  18  2.498862
50  18  2.496323
51  18  2.496705
52  18  2.497951
53  18  2.498591
54  18  2.497546
55  18  2.498108
56  18  2.498680
57  18  2.498893
58  18  2.499347
59  18  2.498994
60  18  2.499423
61  18  2.498960
62  18  2.499273
63  18  2.499015
0  19  2.499203
1  19  2.499303
2  19  2.498694
3  19  2.498161
4  19  2.497242
5  19  2.497566
6  19  2.497898
7  19  2.499218
8  19  2.499221
9  19  2.498881
10  19  2.497920
11  19  2.497402
12  19  2.497958
13  19  2.498882
14  19  2.497422
15  19  2.497705
16  19  2.496252
17  19  2.497205
18  19  2.495050
19  19  2.496333
20  19  2.498512
21  19  2.499310
22  19  2.499515
23  19  2.499507
24  19  2.498672
25  19  2.498336
26  19  2.498350
27  19  2.499452
28  19  2.499269
29  19  2.498655
30  19  2.497065
31  19  2.498794
32  19  2.498403
33  19  2.498952
34  19  2.498745
35  19  2.498808
36  19  2.496350
37  19  2.496410
38  19  2.496519
39  19  2.498905
40  19  2.498472
41  19  2.497934
42  19  2.497384
43  19  2.498092
44  19  2.498678
45  19  2.498537
46  19  2.498675
47  19  2.497921
48  19  2.498680
49  19  2.498335
50  19  2.497963
51  19  2.498417
52  19  2.498684
53  19  2.498937
54  19  2.497755
55  19  2.497825
56  19  2.498075
57  19  2.498520
58  19  2.499088
59  19  2.499394
60  19  2.499415
61  19  2.498834
62  19  2.499153
63  19  2.499255
0  20  2.498477
1  20  2.498142
2  20  2.498155
3  20  2.498254
4  20  2.497827
5  20  2.498377
6  20  2.498741
7  20  2.499070
8  20  2.499042
9  20  2.497343
10  20  2.496247
11  20  2.495967
12  20  2.498112
13  20  2.499281
14  20  2.498406
15  20  2.498928
16  20  2.498185
17  20  2.497174
18  20  2.495326
19  20  2.496458
20  20  2.498251
21  20  2.499390
22  20  2.499358
23  20  2.499498
24  20  2.499308
25  20  2.497746
26  20  2.497472
27  20  2.498183
28  20  2.498205
29  20  2.498053
30  20  2.497085
31  20  2.498639
32  20  2.499078
33  20  2.498945
34  20  2.497701
35  20  2.497678
36  20  2.493763
37  20  2.495157
38  20  2.494865
39  20  2.498293
40  20  2.497523
41  20  2.498144
42  20  2.497932
43  20  2.498514
44  20  2.498625
45  20  2.498173
46  20  2.498915
47  20  2.498520
48  20  2.498768
49  20  2.498122
50  20  2.498136
51  20  2.498641
52  20  2.498040
53  20  2.498738
54  20  2.498596
55  20  2.499439
56  20  2.499067
57  20  2.498975
58  20  2.498942
59  20  2.498986
60  20  2.499027
61  20  2.498880
62  20  2.499215
63  20  2.499077
0  21  2.498751
1  21  2.498870
2  21  2.499675
3  21  2.499449
4  21  2.498660
5  21  2.498886
6  21  2.498948
7  21  2.497896
8  21  2.497942
9  21  2.496494
10  21  2.497974
11  21  2.498160
12  21  2.498510
13  21  2.499037
14  21  2.498693
15  21  2.498199
16  21  2.497595
17  21  2.496469
18  21  2.498165
19  21  2.498377
20  21  2.499274
21  21  2.498641
22  21  2.498865
23  21  2.499106
24  21  2.499063
25  21  2.497586
26  21  2.497088
27  21  2.498146
28  21  2.497279
29  21  2.497395
30  21  2.497724
31  21  2.498785
32  21  2.498580
33  21  2.497972
34  21  2.497503
35  21  2.497145
36  21  2.494808
37  21  2.497612
38  21  2.497148
39  21  2.498054
40  21  2.497509
41  21  2.498211
42  21  2.497688
43  21  2.498375
44  21  2.498173
45  21  2.498304
46  21  2.498947
47  21  2.498558
48  21  2.499010
49  21  2.498359
50  21  2.498881
51  21  2.499126
52  21  2.498337
53  21  2.498606
54  21  2.498824
55  21  2.499184
56  21  2.498679
57  21  2.498758
58  21  2.498361
59  21  2.498598
60  21  2.498012
61  21  2.498620
62  21  2.499002
63  21  2.498817
0  22  2.499222
1  22  2.499745
2  22  2.499661
3  22  2.499211
4  22  2.498658
5  22  2.498909
6  22  2.498927
7  22  2.498384
8  22  2.498098
9  22  2.496073
10  22  2.498653
11  22  2.498915
12  22  2.498733
13  22  2.498854
14  22  2.498528
15  22  2.498482
16  22  2.498528
17  22  2.498998
18  22  2.499812
19  22  2.499500
20  22  2.499251
21  22  2.499048
22  22  2.499043
23  22  2.499106
24  22  2.498797
25  22  2.497714
26  22  2.497499
27  22  2.498182
28  22  2.497277
29  22  2.498183
30  22  2.499643
31  22  2.498421
32  22  2.497494
33  22  2.497908
34  22  2.498901
35  22  2.498466
36  22  2.495523
37  22  2.497672
38  22  2.498025
39  22  2.498331
40  22  2.497520
41  22  2.498803
42  22  2.498205
43  22  2.498679
44  22  2.498178
45  22  2.498467
46  22  2.498545
47  22  2.498667
48  22  2.498846
49  22  2.498234
50  22  2.498293
51  22  2.498572
52  22  2.497751
53  22  2.498711
54  22  2.499085
55  22  2.499190
56  22  2.499068
57  22  2.498984
58  22  2.498450
59  22  2.498191
60  22  2.497360
61  22  2.498745
62  22  2.498896
63  22  2.499012
0  23  2.498774
1  23  2.499194
2  23  2.499168
3  23  2.499383
4  23  2.499119
5  23  2.499083
6  23  2.497802
7  23  2.496777
8  23  2.496408
9  23  2.497175
10  23  2.499013
11  23  2.497673
12  23  2.497326
13  23  2.497504
14  23  2.498499
15  23  2.498486
16  23  2.498511
17  23  2.498725
18  23  2.499277
19  23  2.499195
20  23  2.499166
21  23  2.499275
22  23  2.498747
23  23  2.498514
24  23  2.498027
25  23  2.498904
26  23  2.498785
27  23  2.498985
28  23  2.497384
29  23  2.497768
30  23  2.499086
31  23  2.498034
32  23  2.497881
33  23  2.498830
34  23  2.499516
35  23  2.497916
36  23  2.496737
37  23  2.498513
38  23  2.498423
39  23  2.498512
40  23  2.498205
41  23  2.498495
42  23  2.498019
43  23  2.498893
44  23  2.498185
45  23  2.498137
46  23  2.497763
47  23  2.498162
48  23  2.498394
49  23  2.498367
50  23  2.497125
51  23  2.497056
52  23  2.496708
53  23  2.498953
54  23  2.499402
55  23  2.499371
56  23  2.498572
57  23  2.498753
58  23  2.498765
59  23  2.497918
60  23  2.497635
61  23  2.499411
62  23  2.499068
63  23  2.499054
0  24  2.498614
1  24  2.498214
2  24  2.497966
3  24  2.498306
4  24  2.499348
5  24  2.499019
6  24  2.497619
7  24  2.497822
8  24  2.497494
9  24  2.499052
10  24  2.498820
11  24  2.497889
12  24  2.497423
13  24  2.498031
14  24  2.498546
15  24  2.498999
16  24  2.499003
17  24  2.498851
18  24  2.498666
19  24  2.498505
20  24  2.498532
21  24  2.498802
22  24  2.499079
23  24  2.498944
24  24  2.498349
25  24  2.499026
26  24  2.498944
27  24  2.499140
28  24  2.497903
29  24  2.497437
30  24  2.498797
31  24  2.497622
32  24  2.498462
33  24  2.499625
34  24  2.499384
35  24  2.498676
36  24  2.496892
37  24  2.498153
38  24  2.498546
39  24  2.497984
40  24  2.496370
41  24  2.497792
42  24  2.496757
43  24  2.498858
44  24  2.498036
45  24  2.498384
46  24  2.498319
47  24  2.499852
48  24  2.499317
49  24  2.498470
50  24  2.496723
51  24  2.496803
52  24  2.497423
53  24  2.499291
54  24  2.499536
55  24  2.499698
56  24  2.498631
57  24  2.498682
58  24  2.497792
59  24  2.497985
60  24  2.498451
61  24  2.499539
62  24  2.499025
63  24  2.499004
0  25  2.499005
1  25  2.498823
2  25  2.498591
3  25  2.498489
4  25  2.499753
5  25  2.499482
6  25  2.498064
7  25  2.498039
8  25  2.497762
9  25  2.499346
10  25  2.498843
11  25  2.498179
12  25  2.497950
13  25  2.498447
14  25  2.499441
15  25  2.499085
16  25  2.498867
17  25  2.498856
18  25  2.498457
19  25  2.498725
20  25  2.498704
21  25  2.499025
22  25  2.498988
23  25  2.499395
24  25  2.498714
25  25  2.499372
26  25  2.499579
27  25  2.499518
28  25  2.499159
29  25  2.497986
30  25  2.498777
31  25  2.498385
32  25  2.499159
33  25  2.499299
34  25  2.498962
35  25  2.498357
36  25  2.497584
37  25  2.498150
38  25  2.498650
39  25  2.497732
40  25  2.495625
41  25  2.497060
42  25  2.494787
43  25  2.498771
44  25  2.497755
45  25  2.498078
46  25  2.497942
47  25  2.499820
48  25  2.499139
49  25  2.498539
50  25  2.496407
51  25  2.496571
52  25  2.497109
53  25  2.499427
54  25  2.499461
55  25  2.499612
56  25  2.496364
57  25  2.495832
58  25  2.495265
59  25  2.498338
60  25  2.498949
61  25  2.499279
62  25  2.499136
63  25  2.499194
0  26  2.498901
1  26  2.498844
2  26  2.498889
3  26  2.498341
4  26  2.499248
5  26  2.499699
6  26  2.499375
7  26  2.499638
8  26  2.499461
9  26  2.499684
10  26  2.499579
11  26  2.499650
12  26  2.499128
13  26  2.499364
14  26  2.499303
15  26  2.499237
16  26  2.498589
17  26  2.498228
18  26  2.498225
19  26  2.498741
20  26  2.498903
21  26  2.499413
22  26  2.499151
23  26  2.499519
24  26  2.498108
25  26  2.497799
26  26  2.498813
27  26  2.499181
28  26  2.498992
29  26  2.497586
30  26  2.497466
31  26  2.497578
32  26  2.498744
33  26  2.499295
34  26  2.499829
35  26  2.499013
36  26  2.498865
37  26  2.498845
38  26  2.498793
39  26  2.498107
40  26  2.496419
41  26  2.497887
42  26  2.494924
43  26  2.498901
44  26  2.499180
45  26  2.499470
46  26  2.499614
47  26  2.499617
48  26  2.498912
49  26  2.498981
50  26  2.498952
51  26  2.499168
52  26  2.498832
53  26  2.499326
54  26  2.499517
55  26  2.499629
56  26  2.498055
57  26  2.497925
58  26  2.497240
59  26  2.498850
60  26  2.498672
61  26  2.499228
62  26  2.498863
63  26  2.498883
0  27  2.498437
1  27  2.499077
2  27  2.499144
3  27  2.499016
4  27  2.499061
5  27  2.499495
6  27  2.499397
7  27  2.499643
8  27  2.499422
9  27  2.499692
10  27  2.498474
11  27  2.498168
12  27  2.498188
13  27  2.498911
14  27  2.499386
15  27  2.499182
16  27  2.497755
17  27  2.497926
18  27  2.498384
19  27  2.499146
20  27  2.499228
21  27  2.499463
22  27  2.499218
23  27  2.499385
24  27  2.497597
25  27  2.497408
26  27  2.498465
27  27  2.499055
28  27  2.499258
29  27  2.498948
30  27  2.498954
31  27  2.498993
32  27  2.499249
33  27  2.499117
34  27  2.499651
35  27  2.498842
36  27  2.498405
37  27  2.498408
38  27  2.498919
39  27  2.499173
40  27  2.497697
41  27  2.497628
42  27  2.496453
43  27  2.499244
44  27  2.499198
45  27  2.498383
46  27  2.496451
47  27  2.496534
48  27  2.497488
49  27  2.499245
50  27  2.499076
51  27  2.499403
52  27  2.499139
53  27  2.499447
54  27  2.499547
55  27  2.499487
56  27  2.498009
57  27  2.498119
58  27  2.497696
59  27  2.499072
60  27  2.498375
61  27  2.498969
62  27  2.498009
63  27  2.498286
0  28  2.498905
1  28  2.499276
2  28  2.498927
3  28  2.499129
4  28  2.498837
5  28  2.499031
6  28  2.498966
7  28  2.499510
8  28  2.499433
9  28  2.499626
10  28  2.498186
11  28  2.498178
12  28  2.498543
13  28  2.499091
14  28  2.499325
15  28  2.499176
16  28  2.498352
17  28  2.498708
18  28  2.499013
19  28  2.498342
20  28  2.499289
21  28  2.499486
22  28  2.499339
23  28  2.499439
24  28  2.497690
25  28  2.497312
26  28  2.497869
27  28  2.498853
28  28  2.499200
29  28  2.499049
30  28  2.499009
31  28  2.497880
32  28  2.497659
33  28  2.497454
34  28  2.498245
35  28  2.498198
36  28  2.497596
37  28  2.498108
38  28  2.498868
39  28  2.499765
40  28  2.498666
41  28  2.498389
42  28  2.498224
43  28  2.499339
44  28  2.499313
45  28  2.498781
46  28  2.497208
47  28  2.497026
48  28  2.497830
49  28  2.499545
50  28  2.499879
51  28  2.499647
52  28  2.499596
53  28  2.499585
54  28  2.499648
55  28  2.499500
56  28  2.499503
57  28  2.499629
58  28  2.499674
59  28  2.499755
60  28  2.498593
61  28  2.499054
62  28  2.498194
63  28  2.498860
0  29  2.498854
1  29  2.499261
2  29  2.498640
3  29  2.498857
4  29  2.498576
5  29  2.499451
6  29  2.499273
7  29  2.499487
8  29  2.499405
9  29  2.499153
10  29  2.497500
11  29  2.497433
12  29  2.497744
13  29  2.499127
14  29  2.499883
15  29  2.499022
16  29  2.498589
17  29  2.499137
18  29  2.498959
19  29  2.498439
20  29  2.499559
21  29  2.499621
22  29  2.499442
23  29  2.499613
24  29  2.499294
25  29  2.499542
26  29  2.498679
27  29  2.498945
28  29  2.499459
29  29  2.499390
30  29  2.499380
31  29  2.497635
32  29  2.497704
33  29  2.497295
34  29  2.497446
35  29  2.498542
36  29  2.497982
37  29  2.498550
38  29  2.498505
39  29  2.499647
40  29  2.499439
41  29  2.498181
42  29  2.497821
43  29  2.497520
44  29  2.498542
45  29  2.498917
46  29  2.499426
47  29  2.499188
48  29  2.498967
49  29  2.499357
50  29  2.498936
51  29  2.499160
52  29  2.499235
53  29  2.499510
54  29  2.499606
55  29  2.499599
56  29  2.499505
57  29  2.499569
58  29  2.498836
59  29  2.498341
60  29  2.496379
61  29  2.496946
62  29  2.497883
63  29  2.498888
0  30  2.499204
1  30  2.499296
2  30  2.498587
3  30  2.498811
4  30  2.498662
5  30  2.499370
6  30  2.499330
7  30  2.498632
8  30  2.498437
9  30  2.497638
10  30  2.498004
11  30  2.498001
12  30  2.498861
13  30  2.499459
14  30  2.499544
15  30  2.498852
16  30  2.497198
17  30  2.496551
18  30  2.497200
19  30  2.498387
20  30  2.499671
21  30  2.499674
22  30  2.499776
23  30  2.499473
24  30  2.499353
25  30  2.498123
26  30  2.497980
27  30  2.498680
28  30  2.499293
29  30  2.499362
30  30  2.499492
31  30  2.497688
32  30  2.498654
33  30  2.497552
34  30  2.497240
35  30  2.497893
36  30  2.497058
37  30  2.498356
38  30  2.498857
39  30  2.498914
40  30  2.498338
41  30  2.497663
42  30  2.498090
43  30  2.498859
44  30  2.499130
45  30  2.499497
46  30  2.499528
47  30  2.498132
48  30  2.497730
49  30  2.498017
50  30  2.498405
51  30  2.498928
52  30  2.499137
53  30  2.499535
54  30  2.499624
55  30  2.499652
56  30  2.499683
57  30  2.499632
58  30  2.498940
59  30  2.497965
60  30  2.497077
61  30  2.497670
62  30  2.499006
63  30  2.499366
0  31  2.499443
1  31  2.499908
2  31  2.498792
3  31  2.498819
4  31  2.499017
5  31  2.499229
6  31  2.498890
7  31  2.498565
8  31  2.498475
9  31  2.497490
10  31  2.498138
11  31  2.498382
12  31  2.499425
13  31  2.499403
14  31  2.499275
15  31  2.498662
16  31  2.497171
17  31  2.497241
18  31  2.497899
19  31  2.499121
20  31  2.499731
21  31  2.499110
22  31  2.498821
23  31  2.498692
24  31  2.499014
25  31  2.497593
26  31  2.498119
27  31  2.497311
28  31  2.497300
29  31  2.498020
30  31  2.498828
31  31  2.498424
32  31  2.498785
33  31  2.498413
34  31  2.497987
35  31  2.497194
36  31  2.496568
37  31  2.498062
38  31  2.498595
39  31  2.498322
40  31  2.498470
41  31  2.498161
42  31  2.498860
43  31  2.498939
44  31  2.499313
45  31  2.499625
46  31  2.499369
47  31  2.497990
48  31  2.497425
49  31  2.497276
50  31  2.498957
51  31  2.498954
52  31  2.499280
53  31  2.499402
54  31  2.499520
55  31  2.498504
56  31  2.498695
57  31  2.498789
58  31  2.498901
59  31  2.497584
60  31  2.497133
61  31  2.497816
62  31  2.499231
63  31  2.499434
0  32  2.499574
1  32  2.499928
2  32  2.499810
3  32  2.499305
4  32  2.499143
5  32  2.498654
6  32  2.498578
7  32  2.497703
8  32  2.497920
9  32  2.498895
10  32  2.499108
11  32  2.499182
12  32  2.499620
13  32  2.499180
14  32  2.498908
15  32  2.498932
16  32  2.498199
17  32  2.498343
18  32  2.498498
19  32  2.499571
20  32  2.499892
21  32  2.499005
22  32  2.498185
23  32  2.498283
24  32  2.498699
25  32  2.497669
26  32  2.498700
27  32  2.496788
28  32  2.497607
29  32  2.498088
30  32  2.497683
31  32  2.497950
32  32  2.497830
33  32  2.498837
34  32  2.498858
35  32  2.498079
36  32  2.498025
37  32  2.497785
38  32  2.498387
39  32  2.498085
40  32  2.498153
41  32  2.497887
42  32  2.498748
43  32  2.498670
44  32  2.499304
45  32  2.499749
46  32  2.499312
47  32  2.497497
48  32  2.497291
49  32  2.497552
50  32  2.498745
51  32  2.497880
52  32  2.498838
53  32  2.498584
54  32  2.499227
55  32  2.497846
56  32  2.498872
57  32  2.499060
58  32  2.499745
59  32  2.498789
60  32  2.497926
61  32  2.497942
62  32  2.498381
63  32  2.499522
0  33  2.498583
1  33  2.498708
2  33  2.499501
3  33  2.499450
4  33  2.498913
5  33  2.497782
6  33  2.497560
7  33  2.497784
8  33  2.498400
9  33  2.498826
10  33  2.499082
11  33  2.499198
12  33  2.499365
13  33  2.499140
14  33  2.498941
15  33  2.499226
16  33  2.499542
17  33  2.499474
18  33  2.498914
19  33  2.499074
20  33  2.499323
21  33  2.498829
22  33  2.497692
23  33  2.498238
24  33  2.498609
25  33  2.498290
26  33  2.499165
27  33  2.497393
28  33  2.497618
29  33  2.498199
30  33  2.497472
31  33  2.498123
32  33  2.497002
33  33  2.497961
34  33  2.497613
35  33  2.498088
36  33  2.498442
37  33  2.498201
38  33  2.498330
39  33  2.498885
40  33  2.498807
41  33  2.498913
42  33  2.498744
43  33  2.498522
44  33  2.499631
45  33  2.499720
46  33  2.499532
47  33  2.498733
48  33  2.498626
49  33  2.498449
50  33  2.498351
51  33  2.498007
52  33  2.499001
53  33  2.498304
54  33  2.499097
55  33  2.497707
56  33  2.498859
57  33  2.499106
58  33  2.499737
59  33  2.498287
60  33  2.497412
61  33  2.497383
62  33  2.498397
63  33  2.498690
0  34  2.498682
1  34  2.498199
2  34  2.498158
3  34  2.498230
4  34  2.499429
5  34  2.498310
6  34  2.498225
7  34  2.498208
8  34  2.499058
9  34  2.499326
10  34  2.498924
11  34  2.499302
12  34  2.499042
13  34  2.499065
14  34  2.498967
15  34  2.499070
16  34  2.499373
17  34  2.499492
18  34  2.499007
19  34  2.499083
20  34  2.498259
21  34  2.498894
22  34  2.496603
23  34  2.496398
24  34  2.496984
25  34  2.498519
26  34  2.499385
27  34  2.498189
28  34  2.498387
29  34  2.498944
30  34  2.498863
31  34  2.496764
32  34  2.495102
33  34  2.496796
34  34  2.496817
35  34  2.498075
36  34  2.498408
37  34  2.498358
38  34  2.498518
39  34  2.498899
40  34  2.498950
41  34  2.499059
42  34  2.498557
43  34  2.498194
44  34  2.499413
45  34  2.499022
46  34  2.498876
47  34  2.497811
48  34  2.497792
49  34  2.497664
50  34  2.499039
51  34  2.498675
52  34  2.497371
53  34  2.496183
54  34  2.496595
55  34  2.497367
56  34  2.498539
57  34  2.498495
58  34  2.498937
59  34  2.498222
60  34  2.496716
61  34  2.497023
62  34  2.498190
63  34  2.498894
0  35  2.499362
1  35  2.498519
2  35  2.498185
3  35  2.498278
4  35  2.498447
5  35  2.497225
6  35  2.497405
7  35  2.498227
8  35  2.499364
9  35  2.499341
10  35  2.498881
11  35  2.499065
12  35  2.498886
13  35  2.499579
14  35  2.498761
15  35  2.498612
16  35  2.498978
17  35  2.499423
18  35  2.499089
19  35  2.499152
20  35  2.498227
21  35  2.498802
22  35  2.496539
23  35  2.494996
24  35  2.494997
25  35  2.498537
26  35  2.499159
27  35  2.498912
28  35  2.498775
29  35  2.498886
30  35  2.499717
31  35  2.497549
32  35  2.496730
33  35  2.497424
34  35  2.496832
35  35  2.498399
36  35  2.499303
37  35  2.499020
38  35  2.498910
39  35  2.499722
40  35  2.499693
41  35  2.499277
42  35  2.498645
43  35  2.498474
44  35  2.499513
45  35  2.498281
46  35  2.498269
47  35  2.497735
48  35  2.497976
49  35  2.498335
50  35  2.499740
51  35  2.499413
52  35  2.497808
53  35  2.497387
54  35  2.497777
55  35  2.497717
56  35  2.498789
57  35  2.498819
58  35  2.498950
59  35  2.498647
60  35  2.498214
61  35  2.498291
62  35  2.498985
63  35  2.498933
0  36  2.499463
1  36  2.498443
2  36  2.498051
3  36  2.498288
4  36  2.498540
5  36  2.499084
6  36  2.498766
7  36  2.499126
8  36  2.499442
9  36  2.499598
10  36  2.499144
11  36  2.498772
12  36  2.498682
13  36  2.499388
14  36  2.498787
15  36  2.497816
16  36  2.498465
17  36  2.498672
18  36  2.499389
19  36  2.499342
20  36  2.498508
21  36  2.498328
22  36  2.498228
23  36  2.498380
24  36  2.496372
25  36  2.498909
26  36  2.499606
27  36  2.499704
28  36  2.499463
29  36  2.499286
30  36  2.499629
31  36  2.497703
32  36  2.496941
33  36  2.497403
34  36  2.497916
35  36  2.499213
36  36  2.499685
37  36  2.499385
38  36  2.499333
39  36  2.499563
40  36  2.499523
41  36  2.499115
42  36  2.498741
43  36  2.499161
44  36  2.498834
45  36  2.497567
46  36  2.497447
47  36  2.498312
48  36  2.498479
49  36  2.499445
50  36  2.499579
51  36  2.499560
52  36  2.497765
53  36  2.497367
54  36  2.496954
55  36  2.497399
56  36  2.498858
57  36  2.499133
58  36  2.499090
59  36  2.499221
60  36  2.498918
61  36  2.499173
62  36  2.499039
63  36  2.498920
0  37  2.499316
1  37  2.498747
2  37  2.498966
3  37  2.499169
4  37  2.498971
5  37  2.499174
6  37  2.498729
7  37  2.498068
8  37  2.498325
9  37  2.498718
10  37  2.499792
11  37  2.499475
12  37  2.498795
13  37  2.498289
14  37  2.497931
15  37  2.498036
16  37  2.498661
17  37  2.498735
18  37  2.499591
19  37  2.499431
20  37  2.499542
21  37  2.499094
22  37  2.497379
23  37  2.497172
24  37  2.496367
25  37  2.499324
26  37  2.499341
27  37  2.499636
28  37  2.499585
29  37  2.498290
30  37  2.498458
31  37  2.498602
32  37  2.499341
33  37  2.499398
34  37  2.498753
35  37  2.498950
36  37  2.499441
37  37  2.499349
38  37  2.499230
39  37  2.499288
40  37  2.499003
41  37  2.499028
42  37  2.498963
43  37  2.499420
44  37  2.498714
45  37  2.498510
46  37  2.497863
47  37  2.498104
48  37  2.498379
49  37  2.499156
50  37  2.499406
51  37  2.499209
52  37  2.499036
53  37  2.497916
54  37  2.497696
55  37  2.498002
56  37  2.499671
57  37  2.499527
58  37  2.499319
59  37  2.499449
60  37  2.499662
61  37  2.499125
62  37  2.499184
63  37  2.498708
0  38  2.497385
1  38  2.497244
2  38  2.497823
3  38  2.498681
4  38  2.499404
5  38  2.499746
6  38  2.499414
7  38  2.498502
8  38  2.498704
9  38  2.498622
10  38  2.499701
11  38  2.499280
12  38  2.498766
13  38  2.498197
14  38  2.498416
15  38  2.498521
16  38  2.498691
17  38  2.498692
18  38  2.499471
19  38  2.499367
20  38  2.498249
21  38  2.498274
22  38  2.497705
23  38  2.498650
24  38  2.498274
25  38  2.498167
26  38  2.498616
27  38  2.498141
28  38  2.499305
29  38  2.497647
30  38  2.497302
31  38  2.497512
32  38  2.499027
33  38  2.499607
34  38  2.498809
35  38  2.498777
36  38  2.498174
37  38  2.498649
38  38  2.498544
39  38  2.498961
40  38  2.499089
41  38  2.499385
42  38  2.499312
43  38  2.499687
44  38  2.499191
45  38  2.499262
46  38  2.498288
47  38  2.498017
48  38  2.498097
49  38  2.498979
50  38  2.499445
51  38  2.499238
52  38  2.499001
53  38  2.497975
54  38  2.497745
55  38  2.497505
56  38  2.499388
57  38  2.499166
58  38  2.499316
59  38  2.499480
60  38  2.499471
61  38  2.499015
62  38  2.498421
63  38  2.498013
0  39  2.498333
1  39  2.498200
2  39  2.497562
3  39  2.498876
4  39  2.499680
5  39  2.499392
6  39  2.498468
7  39  2.498320
8  39  2.497832
9  39  2.497322
10  39  2.498974
11  39  2.499311
12  39  2.499273
13  39  2.499318
14  39  2.499250
15  39  2.499007
16  39  2.497916
17  39  2.498533
18  39  2.499603
19  39  2.499645
20  39  2.498754
21  39  2.497916
22  39  2.497529
23  39  2.498977
24  39  2.499077
25  39  2.498172
26  39  2.498425
27  39  2.497474
28  39  2.498199
29  39  2.496316
30  39  2.497034
31  39  2.497635
32  39  2.499508
33  39  2.499653
34  39  2.499284
35  39  2.499066
36  39  2.498677
37  39  2.499182
38  39  2.498919
39  39  2.498953
40  39  2.499434
41  39  2.499577
42  39  2.499784
43  39  2.499421
44  39  2.498360
45  39  2.498041
46  39  2.498032
47  39  2.497981
48  39  2.498406
49  39  2.498513
50  39  2.499229
51  39  2.499043
52  39  2.499205
53  39  2.498428
54  39  2.498163
55  39  2.497600
56  39  2.499441
57  39  2.499055
58  39  2.499173
59  39  2.499074
60  39  2.499228
61  39  2.498490
62  39  2.498043
63  39  2.498398
0  40  2.499321
1  40  2.499003
2  40  2.498086
3  40  2.498520
4  40  2.498606
5  40  2.499113
6  40  2.498688
7  40  2.498533
8  40  2.497808
9  40  2.498393
10  40  2.499176
11  40  2.499125
12  40  2.499475
13  40  2.499180
14  40  2.499398
15  40  2.499122
16  40  2.498129
17  40  2.498536
18  40  2.499546
19  40  2.499403
20  40  2.498269
21  40  2.497593
22  40  2.497798
23  40  2.498952
24  40  2.498327
25  40  2.498175
26  40  2.498661
27  40  2.497387
28  40  2.497477
29  40  2.497223
30  40  2.499036
31  40  2.499285
32  40  2.499340
33  40  2.499220
34  40  2.499006
35  40  2.498839
36  40  2.499305
37  40  2.499357
38  40  2.499382
39  40  2.497462
40  40  2.498146
41  40  2.498353
42  40  2.499801
43  40  2.499482
44  40  2.498932
45  40  2.498522
46  40  2.498458
47  40  2.497997
48  40  2.498343
49  40  2.498712
50  40  2.499331
51  40  2.499188
52  40  2.498998
53  40  2.499073
54  40  2.499058
55  40  2.498426
56  40  2.499213
57  40  2.498990
58  40  2.499417
59  40  2.499285
60  40  2.499322
61  40  2.498932
62  40  2.498488
63  40  2.499186
0  41  2.499387
1  41  2.499308
2  41  2.498341
3  41  2.498296
4  41  2.497328
5  41  2.497931
6  41  2.497435
7  41  2.497658
8  41  2.497719
9  41  2.498736
10  41  2.499233
11  41  2.498918
12  41  2.499321
13  41  2.499052
14  41  2.499298
15  41  2.499344
16  41  2.498376
17  41  2.498350
18  41  2.498638
19  41  2.498785
20  41  2.498032
21  41  2.498032
22  41  2.498242
23  41  2.499116
24  41  2.498566
25  41  2.498544
26  41  2.498504
27  41  2.498260
28  41  2.497688
29  41  2.498128
30  41  2.498884
31  41  2.499550
32  41  2.499568
33  41  2.499339
34  41  2.499166
35  41  2.499097
36  41  2.499079
37  41  2.498975
38  41  2.499385
39  41  2.497105
40  41  2.497956
41  41  2.497983
42  41  2.499538
43  41  2.498813
44  41  2.498437
45  41  2.498331
46  41  2.499539
47  41  2.499584
48  41  2.499422
49  41  2.499217
50  41  2.499260
51  41  2.498246
52  41  2.497277
53  41  2.497721
54  41  2.498529
55  41  2.499101
56  41  2.499539
57  41  2.499123
58  41  2.499213
59  41  2.499215
60  41  2.499092
61  41  2.497816
62  41  2.496495
63  41  2.497336
0  42  2.499211
1  42  2.499375
2  42  2.499341
3  42  2.499077
4  42  2.498387
5  42  2.498369
6  42  2.497921
7  42  2.498448
8  42  2.498606
9  42  2.499281
10  42  2.499487
11  42  2.498862
12  42  2.499413
13  42  2.499051
14  42  2.499180
15  42  2.499241
16  42  2.499115
17  42  2.498795
18  42  2.498598
19  42  2.499161
20  42  2.498886
21  42  2.498230
22  42  2.498214
23  42  2.498880
24  42  2.498479
25  42  2.498376
26  42  2.498002
27  42  2.499131
28  42  2.498927
29  42  2.499501
30  42  2.499202
31  42  2.499671
32  42  2.499534
33  42  2.499506
34  42  2.499414
35  42  2.499283
36  42  2.499241
37  42  2.499190
38  42  2.499102
39  42  2.497002
40  42  2.497533
41  42  2.497488
42  42  2.498749
43  42  2.498202
44  42  2.498369
45  42  2.499236
46  42  2.499824
47  42  2.499701
48  42  2.499535
49  42  2.499358
50  42  2.499142
51  42  2.498334
52  42  2.497442
53  42  2.497754
54  42  2.498528
55  42  2.499180
56  42  2.498522
57  42  2.497892
58  42  2.497822
59  42  2.498781
60  42  2.498939
61  42  2.498428
62  42  2.496948
63  42  2.497251
0  43  2.498630
1  43  2.498507
2  43  2.498628
3  43  2.498172
4  43  2.498534
5  43  2.498888
6  43  2.498696
7  43  2.498763
8  43  2.498511
9  43  2.499223
10  43  2.499434
11  43  2.498742
12  43  2.499270
13  43  2.498943
14  43  2.499545
15  43  2.499050
16  43  2.499001
17  43  2.498543
18  43  2.498589
19  43  2.498214
20  43  2.498063
21  43  2.497744
22  43  2.498271
23  43  2.498709
24  43  2.499170
25  43  2.499287
26  43  2.498220
27  43  2.498744
28  43  2.498882
29  43  2.499153
30  43  2.498801
31  43  2.499081
32  43  2.498963
33  43  2.499372
34  43  2.499401
35  43  2.499219
36  43  2.498904
37  43  2.498492
38  43  2.498780
39  43  2.498404
40  43  2.498230
41  43  2.498021
42  43  2.498648
43  43  2.497923
44  43  2.498246
45  43  2.499148
46  43  2.499925
47  43  2.499733
48  43  2.499672
49  43  2.499397
50  43  2.499391
51  43  2.498898
52  43  2.498641
53  43  2.498693
54  43  2.498196
55  43  2.498362
56  43  2.498133
57  43  2.497509
58  43  2.496869
59  43  2.497968
60  43  2.498075
61  43  2.497835
62  43  2.497800
63  43  2.497996
0  44  2.498430
1  44  2.498491
2  44  2.498088
3  44  2.497759
4  44  2.498893
5  44  2.499251
6  44  2.498897
7  44  2.498659
8  44  2.497550
9  44  2.499011
10  44  2.498793
11  44  2.498744
12  44  2.498880
13  44  2.498716
14  44  2.499165
15  44  2.499231
16  44  2.498864
17  44  2.498469
18  44  2.498238
19  44  2.497680
20  44  2.498713
21  44  2.497706
22  44  2.498412
23  44  2.498288
24  44  2.499168
25  44  2.499286
26  44  2.498936
27  44  2.498952
28  44  2.499076
29  44  2.499351
30  44  2.498955
31  44  2.497677
32  44  2.497650
33  44  2.497816
34  44  2.498838
35  44  2.498950
36  44  2.498090
37  44  2.498296
38  44  2.498418
39  44  2.498542
40  44  2.498898
41  44  2.498425
42  44  2.498628
43  44  2.498552
44  44  2.498414
45  44  2.499503
46  44  2.499779
47  44  2.499494
48  44  2.499362
49  44  2.498480
50  44  2.498616
51  44  2.498245
52  44  2.498447
53  44  2.497759
54  44  2.496768
55  44  2.496674
56  44  2.497588
57  44  2.497078
58  44  2.496748
59  44  2.498478
60  44  2.497736
61  44  2.497761
62  44  2.496748
63  44  2.498357
0  45  2.497821
1  45  2.497727
2  45  2.496436
3  45  2.497005
4  45  2.497844
5  45  2.499260
6  45  2.499226
7  45  2.499434
8  45  2.498585
9  45  2.498954
10  45  2.498585
11  45  2.498131
12  45  2.498605
13  45  2.498427
14  45  2.498201
15  45  2.498230
16  45  2.496138
17  45  2.497562
18  45  2.497878
19  45  2.498244
20  45  2.499161
21  45  2.498075
22  45  2.498975
23  45  2.499037
24  45  2.499226
25  45  2.499222
26  45  2.498817
27  45  2.498659
28  45  2.498898
29  45  2.499270
30  45  2.499267
31  45  2.498614
32  45  2.498181
33  45  2.497062
34  45  2.497042
35  45  2.497639
36  45  2.498072
37  45  2.498631
38  45  2.498656
39  45  2.498254
40  45  2.498922
41  45  2.497790
42  45  2.498052
43  45  2.497837
44  45  2.497488
45  45  2.498713
46  45  2.498775
47  45  2.499066
48  45  2.499005
49  45  2.498204
50  45  2.498763
51  45  2.498582
52  45  2.498754
53  45  2.498362
54  45  2.497483
55  45  2.496844
56  45  2.498109
57  45  2.498553
58  45  2.498713
59  45  2.499509
60  45  2.498913
61  45  2.498016
62  45  2.496217
63  45  2.497589
0  46  2.498331
1  46  2.497644
2  46  2.496349
3  46  2.497589
4  46  2.498238
5  46  2.499274
6  46  2.498951
7  46  2.499348
8  46  2.498358
9  46  2.497537
10  46  2.497248
11  46  2.498024
12  46  2.498780
13  46  2.498736
14  46  2.498284
15  46  2.498975
16  46  2.496012
17  46  2.496958
18  46  2.498042
19  46  2.498947
20  46  2.499129
21  46  2.498204
22  46  2.498598
23  46  2.498902
24  46  2.499270
25  46  2.499346
26  46  2.499402
27  46  2.499206
28  46  2.499092
29  46  2.499269
30  46  2.499338
31  46  2.498412
32  46  2.498431
33  46  2.497250
34  46  2.497570
35  46  2.497729
36  46  2.498889
37  46  2.498315
38  46  2.498314
39  46  2.497546
40  46  2.497573
41  46  2.496914
42  46  2.497855
43  46  2.497157
44  46  2.497597
45  46  2.498649
46  46  2.497885
47  46  2.498583
48  46  2.499204
49  46  2.498587
50  46  2.499223
51  46  2.497535
52  46  2.497310
53  46  2.496717
54  46  2.497802
55  46  2.497645
56  46  2.498658
57  46  2.498436
58  46  2.498525
59  46  2.499305
60  46  2.498026
61  46  2.496557
62  46  2.495502
63  46  2.497710
0  47  2.498458
1  47  2.497755
2  47  2.497100
3  47  2.498737
4  47  2.498262
5  47  2.499166
6  47  2.498755
7  47  2.499263
8  47  2.498506
9  47  2.497600
10  47  2.497633
11  47  2.497969
12  47  2.498994
13  47  2.498164
14  47  2.498210
15  47  2.499108
16  47  2.496306
17  47  2.496745
18  47  2.497744
19  47  2.498353
20  47  2.498475
21  47  2.498531
22  47  2.498640
23  47  2.498992
24  47  2.498701
25  47  2.498829
26  47  2.499241
27  47  2.499584
28  47  2.499552
29  47  2.499856
30  47  2.499568
31  47  2.498828
32  47  2.498597
33  47  2.498159
34  47  2.497921
35  47  2.498049
36  47  2.498593
37  47  2.497748
38  47  2.497630
39  47  2.496572
40  47  2.496437
41  47  2.496127
42  47  2.498236
43  47  2.497951
44  47  2.498560
45  47  2.498376
46  47  2.497166
47  47  2.498065
48  47  2.499505
49  47  2.499166
50  47  2.499037
51  47  2.497581
52  47  2.497930
53  47  2.497895
54  47  2.499180
55  47  2.499427
56  47  2.498776
57  47  2.498650
58  47  2.499604
59  47  2.499085
60  47  2.498311
61  47  2.498029
62  47  2.498638
63  47  2.498437
0  48  2.498183
1  48  2.499214
2  48  2.498814
3  48  2.498780
4  48  2.498284
5  48  2.498730
6  48  2.499089
7  48  2.499410
8  48  2.499433
9  48  2.499159
10  48  2.499235
11  48  2.498288
12  48  2.499002
13  48  2.497797
14  48  2.498479
15  48  2.498839
16  48  2.498111
17  48  2.498197
18  48  2.498370
19  48  2.498552
20  48  2.497915
21  48  2.498692
22  48  2.499063
23  48  2.499147
24  48  2.498412
25  48  2.498487
26  48  2.498855
27  48  2.499470
28  48  2.499407
29  48  2.499660
30  48  2.499541
31  48  2.498786
32  48  2.498713
33  48  2.498582
34  48  2.499092
35  48  2.498693
36  48  2.499035
37  48  2.498048
38  48  2.497037
39  48  2.495714
40  48  2.496341
41  48  2.496704
42  48  2.498238
43  48  2.498150
44  48  2.498654
45  48  2.498288
46  48  2.497531
47  48  2.497289
48  48  2.498108
49  48  2.498784
50  48  2.498847
51  48  2.497922
52  48  2.498555
53  48  2.497754
54  48  2.498698
55  48  2.498595
56  48  2.498713
57  48  2.498047
58  48  2.497769
59  48  2.497408
60  48  2.498241
61  48  2.499311
62  48  2.498431
63  48  2.497875
0  49  2.497627
1  49  2.498058
2  49  2.498403
3  49  2.498298
4  49  2.498000
5  49  2.498753
6  49  2.499048
7  49  2.499012
8  49  2.498578
9  49  2.498477
10  49  2.499180
11  49  2.498573
12  49  2.498831
13  49  2.496706
14  49  2.496900
15  49  2.497398
16  49  2.498526
17  49  2.498812
18  49  2.498995
19  49  2.499481
20  49  2.498901
21  49  2.498759
22  49  2.498856
23  49  2.499189
24  49  2.498448
25  49  2.496962
26  49  2.496947
27  49  2.497831
28  49  2.498587
29  49  2.498853
30  49  2.498916
31  49  2.498546
32  49  2.498395
33  49  2.498340
34  49  2.498678
35  49  2.498422
36  49  2.498665
37  49  2.497854
38  49  2.496821
39  49  2.494870
40  49  2.496474
41  49  2.497308
42  49  2.498155
43  49  2.498422
44  49  2.498575
45  49  2.498573
46  49  2.497833
47  49  2.497376
48  49  2.497077
49  49  2.497437
50  49  2.498511
51  49  2.499097
52  49  2.499431
53  49  2.498175
54  49  2.498008
55  49  2.498142
56  49  2.498266
57  49  2.498549
58  49  2.498150
59  49  2.496846
60  49  2.497532
61  49  2.499477
62  49  2.498547
63  49  2.497491
0  50  2.498361
1  50  2.498671
2  50  2.498540
3  50  2.498070
4  50  2.497867
5  50  2.498773
6  50  2.499361
7  50  2.499370
8  50  2.498887
9  50  2.498971
10  50  2.499355
11  50  2.498352
12  50  2.497026
13  50  2.496255
14  50  2.498034
15  50  2.498344
16  50  2.498452
17  50  2.498150
18  50  2.498222
19  50  2.499419
20  50  2.499350
21  50  2.499257
22  50  2.499294
23  50  2.499403
24  50  2.498592
25  50  2.497250
26  50  2.497716
27  50  2.498305
28  50  2.498901
29  50  2.499006
30  50  2.499105
31  50  2.499124
32  50  2.499010
33  50  2.498609
34  50  2.498601
35  50  2.498244
36  50  2.498215
37  50  2.497386
38  50  2.496991
39  50  2.495865
40  50  2.497490
41  50  2.498412
42  50  2.498950
43  50  2.498355
44  50  2.498647
45  50  2.498796
46  50  2.498750
47  50  2.497662
48  50  2.498042
49  50  2.497528
50  50  2.498716
51  50  2.499113
52  50  2.499492
53  50  2.498041
54  50  2.498088
55  50  2.498109
56  50  2.498563
57  50  2.498882
58  50  2.497738
59  50  2.496248
60  50  2.496661
61  50  2.498521
62  50  2.498317
63  50  2.497988
0  51  2.498246
1  51  2.499057
2  51  2.499079
3  51  2.498504
4  51  2.497571
5  51  2.498745
6  51  2.498913
7  51  2.499128
8  51  2.498653
9  51  2.498046
10  51  2.498340
11  51  2.497802
12  51  2.496838
13  51  2.494846
14  51  2.497259
15  51  2.497265
16  51  2.498737
17  51  2.498543
18  51  2.498761
19  51  2.499630
20  51  2.499386
21  51  2.499467
22  51  2.499393
23  51  2.499334
24  51  2.499032
25  51  2.497957
26  51  2.498311
27  51  2.498114
28  51  2.498624
29  51  2.498980
30  51  2.498807
31  51  2.499149
32  51  2.499132
33  51  2.499139
34  51  2.499231
35  51  2.498703
36  51  2.498094
37  51  2.498152
38  51  2.498056
39  51  2.497844
40  51  2.498452
41  51  2.499094
42  51  2.499099
43  51  2.498131
44  51  2.497212
45  51  2.498324
46  51  2.498684
47  51  2.497540
48  51  2.497099
49  51  2.495982
50  51  2.498010
51  51  2.498712
52  51  2.499709
53  51  2.498561
54  51  2.499116
55  51  2.498788
56  51  2.498934
57  51  2.499752
58  51  2.499482
59  51  2.497229
60  51  2.496839
61  51  2.497785
62  51  2.498897
63  51  2.498340
0  52  2.498886
1  52  2.499349
2  52  2.499037
3  52  2.498675
4  52  2.498029
5  52  2.498920
6  52  2.498300
7  52  2.498875
8  52  2.498584
9  52  2.497445
10  52  2.498372
11  52  2.497213
12  52  2.497481
13  52  2.495924
14  52  2.497516
15  52  2.496835
16  52  2.497949
17  52  2.497687
18  52  2.498492
19  52  2.499530
20  52  2.499146
21  52  2.499300
22  52  2.499085
23  52  2.499172
24  52  2.499146
25  52  2.498736
26  52  2.498670
27  52  2.498632
28  52  2.498671
29  52  2.499516
30  52  2.499333
31  52  2.499293
32  52  2.499066
33  52  2.498783
34  52  2.498386
35  52  2.498024
36  52  2.497926
37  52  2.498372
38  52  2.497947
39  52  2.498734
40  52  2.499070
41  52  2.499596
42  52  2.499489
43  52  2.499336
44  52  2.498482
45  52  2.498633
46  52  2.498954
47  52  2.498753
48  52  2.497877
49  52  2.497298
50  52  2.497988
51  52  2.498831
52  52  2.499421
53  52  2.499148
54  52  2.499773
55  52  2.499356
56  52  2.499485
57  52  2.499626
58  52  2.499401
59  52  2.498773
60  52  2.498737
61  52  2.499149
62  52  2.499283
63  52  2.498789
0  53  2.498805
1  53  2.499382
2  53  2.499404
3  53  2.499172
4  53  2.498677
5  53  2.499424
6  53  2.497580
7  53  2.497596
8  53  2.497797
9  53  2.497013
10  53  2.498280
11  53  2.498333
12  53  2.499316
13  53  2.498178
14  53  2.498149
15  53  2.497334
16  53  2.497977
17  53  2.498052
18  53  2.499079
19  53  2.499277
20  53  2.498918
21  53  2.499006
22  53  2.499246
23  53  2.499029
24  53  2.499190
25  53  2.498277
26  53  2.497411
27  53  2.497232
28  53  2.498538
29  53  2.498703
30  53  2.499196
31  53  2.499281
32  53  2.499043
33  53  2.498662
34  53  2.498308
35  53  2.498207
36  53  2.497708
37  53  2.497925
38  53  2.497821
39  53  2.498838
40  53  2.498137
41  53  2.498809
42  53  2.498286
43  53  2.498791
44  53  2.497561
45  53  2.497938
46  53  2.497978
47  53  2.498332
48  53  2.497824
49  53  2.497844
50  53  2.498460
51  53  2.499136
52  53  2.499220
53  53  2.498693
54  53  2.499247
55  53  2.499066
56  53  2.499198
57  53  2.497818
58  53  2.497755
59  53  2.496745
60  53  2.497975
61  53  2.497796
62  53  2.499183
63  53  2.498605
0  54  2.498908
1  54  2.499074
2  54  2.499171
3  54  2.499504
4  54  2.499518
5  54  2.499358
6  54  2.497260
7  54  2.496501
8  54  2.497045
9  54  2.497612
10  54  2.498353
11  54  2.498715
12  54  2.499476
13  54  2.499347
14  54  2.499415
15  54  2.498635
16  54  2.498348
17  54  2.497598
18  54  2.498126
19  54  2.498584
20  54  2.498409
21  54  2.498107
22  54  2.498421
23  54  2.497850
24  54  2.498514
25  54  2.498202
26  54  2.498165
27  54  2.497642
28  54  2.499262
29  54  2.497986
30  54  2.498418
31  54  2.498405
32  54  2.498812
33  54  2.498604
34  54  2.498570
35  54  2.499163
36  54  2.499608
37  54  2.499674
38  54  2.499710
39  54  2.499548
40  54  2.498433
41  54  2.498723
42  54  2.498112
43  54  2.498515
44  54  2.498777
45  54  2.499354
46  54  2.497801
47  54  2.497480
48  54  2.497882
49  54  2.499112
50  54  2.499246
51  54  2.499189
52  54  2.498988
53  54  2.498369
54  54  2.498942
55  54  2.498913
56  54  2.498552
57  54  2.497153
58  54  2.497085
59  54  2.496789
60  54  2.498396
61  54  2.497728
62  54  2.499220
63  54  2.498819
0  55  2.498845
1  55  2.499067
2  55  2.499386
3  55  2.499263
4  55  2.499130
5  55  2.499357
6  55  2.498386
7  55  2.498107
8  55  2.498312
9  55  2.499065
10  55  2.498856
11  55  2.498901
12  55  2.499151
13  55  2.499501
14  55  2.499086
15  55  2.498302
16  55  2.497627
17  55  2.497222
18  55  2.498564
19  55  2.499267
20  55  2.498851
21  55  2.498397
22  55  2.498712
23  55  2.497914
24  55  2.498013
25  55  2.497622
26  55  2.498241
27  55  2.497708
28  55  2.498791
29  55  2.497755
30  55  2.498786
31  55  2.499092
32  55  2.499060
33  55  2.499013
34  55  2.498928
35  55  2.498600
36  55  2.497907
37  55  2.498092
38  55  2.498924
39  55  2.499563
40  55  2.498187
41  55  2.499050
42  55  2.498522
43  55  2.498354
44  55  2.498842
45  55  2.499292
46  55  2.497579
47  55  2.497271
48  55  2.497816
49  55  2.499228
50  55  2.499421
51  55  2.498910
52  55  2.499006
53  55  2.497584
54  55  2.498758
55  55  2.498959
56  55  2.498280
57  55  2.498779
58  55  2.499396
59  55  2.498871
60  55  2.499057
61  55  2.497803
62  55  2.499035
63  55  2.498843
0  56  2.499147
1  56  2.498480
2  56  2.498081
3  56  2.498552
4  56  2.499102
5  56  2.498568
6  56  2.497701
7  56  2.497636
8  56  2.498390
9  56  2.499264
10  56  2.499018
11  56  2.499080
12  56  2.498884
13  56  2.499603
14  56  2.498413
15  56  2.497885
16  56  2.497371
17  56  2.497180
18  56  2.498553
19  56  2.498997
20  56  2.498941
21  56  2.498932
22  56  2.498955
23  56  2.499471
24  56  2.499088
25  56  2.498529
26  56  2.498753
27  56  2.499078
28  56  2.499323
29  56  2.498870
30  56  2.499018
31  56  2.499028
32  56  2.499145
33  56  2.499148
34  56  2.499365
35  56  2.499364
36  56  2.498839
37  56  2.498663
38  56  2.499113
39  56  2.499568
40  56  2.499168
41  56  2.499235
42  56  2.499508
43  56  2.498855
44  56  2.499215
45  56  2.499566
46  56  2.497895
47  56  2.497786
48  56  2.498315
49  56  2.499345
50  56  2.499604
51  56  2.499021
52  56  2.499042
53  56  2.497716
54  56  2.499155
55  56  2.499172
56  56  2.498277
57  56  2.498080
58  56  2.499206
59  56  2.499052
60  56  2.499512
61  56  2.499389
62  56  2.499614
63  56  2.499642
0  57  2.498824
1  57  2.498166
2  57  2.498095
3  57  2.499007
4  57  2.499313
5  57  2.498523
6  57  2.497051
7  57  2.496865
8  57  2.497559
9  57  2.499507
10  57  2.499292
11  57  2.499335
12  57  2.499202
13  57  2.499462
14  57  2.498505
15  57  2.498055
16  57  2.497943
17  57  2.498458
18  57  2.499489
19  57  2.499421
20  57  2.498670
21  57  2.498501
22  57  2.498474
23  57  2.498989
24  57  2.498796
25  57  2.498749
26  57  2.498416
27  57  2.497835
28  57  2.498330
29  57  2.499427
30  57  2.499342
31  57  2.499225
32  57  2.498930
33  57  2.499065
34  57  2.499467
35  57  2.499184
36  57  2.498722
37  57  2.498040
38  57  2.498559
39  57  2.498871
40  57  2.499101
41  57  2.499139
42  57  2.499242
43  57  2.499286
44  57  2.499393
45  57  2.499685
46  57  2.498880
47  57  2.498407
48  57  2.498595
49  57  2.499314
50  57  2.499603
51  57  2.498819
52  57  2.497415
53  57  2.497080
54  57  2.498581
55  57  2.499611
56  57  2.499107
57  57  2.498340
58  57  2.498904
59  57  2.499127
60  57  2.498813
61  57  2.499074
62  57  2.498917
63  57  2.499455
0  58  2.498711
1  58  2.498466
2  58  2.498494
3  58  2.499361
4  58  2.499342
5  58  2.498241
6  58  2.497721
7  58  2.497708
8  58  2.498200
9  58  2.499463
10  58  2.499402
11  58  2.499434
12  58  2.498612
13  58  2.498363
14  58  2.498199
15  58  2.499323
16  58  2.499771
17  58  2.498909
18  58  2.498651
19  58  2.498529
20  58  2.498751
21  58  2.498786
22  58  2.498438
23  58  2.498667
24  58  2.498294
25  58  2.498393
26  58  2.498204
27  58  2.497992
28  58  2.498832
29  58  2.499332
30  58  2.498860
31  58  2.498556
32  58  2.498934
33  58  2.498971
34  58  2.499198
35  58  2.499094
36  58  2.498935
37  58  2.498563
38  58  2.499115
39  58  2.499081
40  58  2.499474
41  58  2.499391
42  58  2.499456
43  58  2.499692
44  58  2.499751
45  58  2.499888
46  58  2.498944
47  58  2.498276
48  58  2.498341
49  58  2.499294
50  58  2.499231
51  58  2.498834
52  58  2.497528
53  58  2.497811
54  58  2.498720
55  58  2.499466
56  58  2.499528
57  58  2.499323
58  58  2.498966
59  58  2.499134
60  58  2.499142
61  58  2.499063
62  58  2.498750
63  58  2.499312
0  59  2.498449
1  59  2.498197
2  59  2.498371
3  59  2.499532
4  59  2.499193
5  59  2.498417
6  59  2.497328
7  59  2.496189
8  59  2.497308
9  59  2.498791
10  59  2.499356
11  59  2.499063
12  59  2.498595
13  59  2.498788
14  59  2.497323
15  59  2.497924
16  59  2.497515
17  59  2.498047
18  59  2.497580
19  59  2.498140
20  59  2.498410
21  59  2.499035
22  59  2.498991
23  59  2.499315
24  59  2.498531
25  59  2.498886
26  59  2.498898
27  59  2.498404
28  59  2.498586
29  59  2.498806
30  59  2.498514
31  59  2.498531
32  59  2.499187
33  59  2.499414
34  59  2.499651
35  59  2.499320
36  59  2.498472
37  59  2.498143
38  59  2.498472
39  59  2.498564
40  59  2.498589
41  59  2.499007
42  59  2.499684
43  59  2.499476
44  59  2.499565
45  59  2.499300
46  59  2.499132
47  59  2.498410
48  59  2.498700
49  59  2.499252
50  59  2.498692
51  59  2.498729
52  59  2.497570
53  59  2.498827
54  59  2.498945
55  59  2.499424
56  59  2.499544
57  59  2.499377
58  59  2.498456
59  59  2.498546
60  59  2.499392
61  59  2.498542
62  59  2.498008
63  59  2.499217
0  60  2.499427
1  60  2.499310
2  60  2.499564
3  60  2.499349
4  60  2.499274
5  60  2.499107
6  60  2.499303
7  60  2.498979
8  60  2.499166
9  60  2.498501
10  60  2.498742
11  60  2.498688
12  60  2.498756
13  60  2.498520
14  60  2.496696
15  60  2.497295
16  60  2.496899
17  60  2.497585
18  60  2.497457
19  60  2.498066
20  60  2.498754
21  60  2.499240
22  60  2.499566
23  60  2.499677
24  60  2.499153
25  60  2.498945
26  60  2.499028
27  60  2.499009
28  60  2.499265
29  60  2.498588
30  60  2.498445
31  60  2.498418
32  60  2.498887
33  60  2.499221
34  60  2.498479
35  60  2.498588
36  60  2.497228
37  60  2.498266
38  60  2.498196
39  60  2.498131
40  60  2.498256
41  60  2.498501
42  60  2.499225
43  60  2.498120
44  60  2.498543
45  60  2.498504
46  60  2.499017
47  60  2.498811
48  60  2.498937
49  60  2.499113
50  60  2.497791
51  60  2.497841
52  60  2.497051
53  60  2.498579
54  60  2.498813
55  60  2.498934
56  60  2.498698
57  60  2.498923
58  60  2.498965
59  60  2.498443
60  60  2.499031
61  60  2.498633
62  60  2.498952
63  60  2.499454
0  61  2.498693
1  61  2.498908
2  61  2.499206
3  61  2.498958
4  61  2.497938
5  61  2.497814
6  61  2.498456
7  61  2.498995
8  61  2.499129
9  61  2.498863
10  61  2.499475
11  61  2.499464
12  61  2.499181
13  61  2.499153
14  61  2.498477
15  61  2.497662
16  61  2.496387
17  61  2.497283
18  61  2.497349
19  61  2.498598
20  61  2.498697
21  61  2.499004
22  61  2.499475
23  61  2.499639
24  61  2.499282
25  61  2.497581
26  61  2.497100
27  61  2.496733
28  61  2.498317
29  61  2.499680
30  61  2.498055
31  61  2.498511
32  61  2.498810
33  61  2.498524
34  61  2.497658
35  61  2.497899
36  61  2.497033
37  61  2.498091
38  61  2.497143
39  61  2.497591
40  61  2.497928
41  61  2.498000
42  61  2.497749
43  61  2.496149
44  61  2.498492
45  61  2.498256
46  61  2.498132
47  61  2.498188
48  61  2.498074
49  61  2.499196
50  61  2.497826
51  61  2.497754
52  61  2.497673
53  61  2.498367
54  61  2.497701
55  61  2.498675
56  61  2.498363
57  61  2.498973
58  61  2.498710
59  61  2.498474
60  61  2.497903
61  61  2.498522
62  61  2.498764
63  61  2.498959
0  62  2.498590
1  62  2.498918
2  62  2.499243
3  62  2.499400
4  62  2.499278
5  62  2.498982
6  62  2.498664
7  62  2.499154
8  62  2.498654
9  62  2.498564
10  62  2.498547
11  62  2.499078
12  62  2.499345
13  62  2.499622
14  62  2.499033
15  62  2.498220
16  62  2.498308
17  62  2.498676
18  62  2.498233
19  62  2.499020
20  62  2.498914
21  62  2.499255
22  62  2.499582
23  62  2.498744
24  62  2.498887
25  62  2.496972
26  62  2.497901
27  62  2.497066
28  62  2.497730
29  62  2.498777
30  62  2.497994
31  62  2.498315
32  62  2.498496
33  62  2.498408
34  62  2.497676
35  62  2.497577
36  62  2.497204
37  62  2.498438
38  62  2.497483
39  62  2.498013
40  62  2.498328
41  62  2.497487
42  62  2.497490
43  62  2.495926
44  62  2.497895
45  62  2.498118
46  62  2.498852
47  62  2.498448
48  62  2.498090
49  62  2.498963
50  62  2.498164
51  62  2.498200
52  62  2.498687
53  62  2.499140
54  62  2.498112
55  62  2.498785
56  62  2.498164
57  62  2.499034
58  62  2.498618
59  62  2.499238
60  62  2.498777
61  62  2.499355
62  62  2.499368
63  62  2.498772
0  63  2.498482
1  63  2.498952
2  63  2.498955
3  63  2.498772
4  63  2.498138
5  63  2.498229
6  63  2.498632
7  63  2.499042
8  63  2.498821
9  63  2.498967
10  63  2.499224
11  63  2.499333
12  63  2.499475
13  63  2.499529
14  63  2.498359
15  63  2.498827
16  63  2.498431
17  63  2.498466
18  63  2.498570
19  63  2.498461
20  63  2.498097
21  63  2.498697
22  63  2.499482
23  63  2.498781
24  63  2.498495
25  63  2.496739
26  63  2.498076
27  63  2.497022
28  63  2.497597
29  63  2.498250
30  63  2.498612
31  63  2.498817
32  63  2.498842
33  63  2.498561
34  63  2.498762
35  63  2.498864
36  63  2.499196
37  63  2.499104
38  63  2.498544
39  63  2.498638
40  63  2.497830
41  63  2.496696
42  63  2.496989
43  63  2.497567
44  63  2.498423
45  63  2.498766
46  63  2.498672
47  63  2.498777
48  63  2.498443
49  63  2.499089
50  63  2.498628
51  63  2.498619
52  63  2.498730
53  63  2.499345
54  63  2.498318
55  63  2.498774
56  63  2.498692
57  63  2.498677
58  63  2.498180
59  63  2.498655
60  63  2.498918
61  63  2.499355
62  63  2.499396
63  63  2.498493
