# Spinor density |Psi|^2 at t = 50 seconds
# Grid: 64 x 64
# Columns: x  y  density
0  0  0.00031094
1  0  0.00021905
2  0  0.00030064
3  0  0.00014868
4  0  0.00014963
5  0  0.00025212
6  0  0.00025359
7  0  0.00014881
8  0  0.00018015
9  0  0.00035678
10  0  0.00036635
11  0  0.00051124
12  0  0.00010373
13  0  0.00014942
14  0  0.00041570
15  0  0.00016303
16  0  0.00025468
17  0  0.00018745
18  0  0.00013850
19  0  0.00022042
20  0  0.00020557
21  0  0.00017815
22  0  0.00016441
23  0  0.00033956
24  0  0.00009555
25  0  0.00014493
26  0  0.00030970
27  0  0.00033370
28  0  0.00015700
29  0  0.00025589
30  0  0.00012891
31  0  0.00036214
32  0  0.00007097
33  0  0.00034517
34  0  0.00024523
35  0  0.00037581
36  0  0.00018975
37  0  0.00015671
38  0  0.00038266
39  0  0.00022271
40  0  0.00022051
41  0  0.00018647
42  0  0.00030148
43  0  0.00041210
44  0  0.00036469
45  0  0.00042314
46  0  0.00024621
47  0  0.00024639
48  0  0.00027289
49  0  0.00025306
50  0  0.00012898
51  0  0.00024620
52  0  0.00018459
53  0  0.00015963
54  0  0.00020474
55  0  0.00039986
56  0  0.00045396
57  0  0.00032163
58  0  0.00062748
59  0  0.00031047
60  0  0.00013799
61  0  0.00030662
62  0  0.00028848
63  0  0.00030434
0  1  0.00008850
1  1  0.00006789
2  1  0.00039035
3  1  0.00017601
4  1  0.00029710
5  1  0.00021139
6  1  0.00016566
7  1  0.00049728
8  1  0.00010733
9  1  0.00016473
10  1  0.00023715
11  1  0.00009406
12  1  0.00009758
13  1  0.00017762
14  1  0.00024076
15  1  0.00028770
16  1  0.00015064
17  1  0.00038426
18  1  0.00032766
19  1  0.00007686
20  1  0.00015813
21  1  0.00018963
22  1  0.00017621
23  1  0.00039859
24  1  0.00018351
25  1  0.00079776
26  1  0.00017414
27  1  0.00011511
28  1  0.00035495
29  1  0.00037388
30  1  0.00056189
31  1  0.00036377
32  1  0.00057424
33  1  0.00014914
34  1  0.00035617
35  1  0.00043145
36  1  0.00011199
37  1  0.00020863
38  1  0.00024464
39  1  0.00021479
40  1  0.00063383
41  1  0.00011004
42  1  0.00024805
43  1  0.00057968
44  1  0.00009792
45  1  0.00028696
46  1  0.00028751
47  1  0.00019284
48  1  0.00026987
49  1  0.00032436
50  1  0.00034145
51  1  0.00018089
52  1  0.00016747
53  1  0.00015892
54  1  0.00012032
55  1  0.00008742
56  1  0.00038960
57  1  0.00011459
58  1  0.00009984
59  1  0.00032919
60  1  0.00023512
61  1  0.00021847
62  1  0.00022800
63  1  0.00033922
0  2  0.00033952
1  2  0.00010049
2  2  0.00048227
3  2  0.00017927
4  2  0.00012247
5  2  0.00031555
6  2  0.00007985
7  2  0.00020117
8  2  0.00010418
9  2  0.00022778
10  2  0.00018639
11  2  0.00003478
12  2  0.00008800
13  2  0.00032251
14  2  0.00025783
15  2  0.00027406
16  2  0.00007681
17  2  0.00026548
18  2  0.00029167
19  2  0.00004851
20  2  0.00021269
21  2  0.00017419
22  2  0.00044114
23  2  0.00007192
24  2  0.00025088
25  2  0.00040781
26  2  0.00008398
27  2  0.00016177
28  2  0.00047371
29  2  0.00029012
30  2  0.00043751
31  2  0.00012276
32  2  0.00027783
33  2  0.00010597
34  2  0.00024096
35  2  0.00037839
36  2  0.00016596
37  2  0.00010857
38  2  0.00020981
39  2  0.00031513
40  2  0.00013275
41  2  0.00011169
42  2  0.00023306
43  2  0.00015646
44  2  0.00021028
45  2  0.00032602
46  2  0.00013540
47  2  0.00047285
48  2  0.00021461
49  2  0.00003433
50  2  0.00020361
51  2  0.00044765
52  2  0.00021364
53  2  0.00039484
54  2  0.00011861
55  2  0.00017219
56  2  0.00016866
57  2  0.00023743
58  2  0.00034900
59  2  0.00017645
60  2  0.00029736
61  2  0.00022103
62  2  0.00040275
63  2  0.00041838
0  3  0.00016836
1  3  0.00016631
2  3  0.00017786
3  3  0.00013381
4  3  0.00029255
5  3  0.00023339
6  3  0.00035719
7  3  0.00021767
8  3  0.00030753
9  3  0.00028319
10  3  0.00014909
11  3  0.00056095
12  3  0.00025736
13  3  0.00014498
14  3  0.00007214
15  3  0.00032672
16  3  0.00012760
17  3  0.00013134
18  3  0.00021309
19  3  0.00020956
20  3  0.00033147
21  3  0.00050098
22  3  0.00022342
23  3  0.00024953
24  3  0.00009713
25  3  0.00022659
26  3  0.00010465
27  3  0.00014108
28  3  0.00009218
29  3  0.00021529
30  3  0.00017386
31  3  0.00019900
32  3  0.00008335
33  3  0.00019140
34  3  0.00021057
35  3  0.00006030
36  3  0.00020223
37  3  0.00011748
38  3  0.00007078
39  3  0.00045608
40  3  0.00017017
41  3  0.00015418
42  3  0.00021137
43  3  0.00023947
44  3  0.00017801
45  3  0.00008930
46  3  0.00023952
47  3  0.00011110
48  3  0.00028348
49  3  0.00021752
50  3  0.00011658
51  3  0.00030828
52  3  0.00035392
53  3  0.00035160
54  3  0.00027392
55  3  0.00024435
56  3  0.00019614
57  3  0.00037256
58  3  0.00016370
59  3  0.00027004
60  3  0.00045794
61  3  0.00016113
62  3  0.00053177
63  3  0.00010866
0  4  0.00006550
1  4  0.00014951
2  4  0.00021868
3  4  0.00014815
4  4  0.00015323
5  4  0.00038125
6  4  0.00025110
7  4  0.00026658
8  4  0.00015041
9  4  0.00011129
10  4  0.00018430
11  4  0.00006771
12  4  0.00019535
13  4  0.00036840
14  4  0.00039450
15  4  0.00031666
16  4  0.00009967
17  4  0.00006789
18  4  0.00044463
19  4  0.00027125
20  4  0.00029144
21  4  0.00028876
22  4  0.00010567
23  4  0.00034251
24  4  0.00020588
25  4  0.00013649
26  4  0.00024286
27  4  0.00011875
28  4  0.00047036
29  4  0.00020803
30  4  0.00037681
31  4  0.00013795
32  4  0.00012256
33  4  0.00014109
34  4  0.00044320
35  4  0.00015620
36  4  0.00014255
37  4  0.00055137
38  4  0.00039524
39  4  0.00013572
40  4  0.00023279
41  4  0.00046935
42  4  0.00057229
43  4  0.00010999
44  4  0.00011622
45  4  0.00010803
46  4  0.00018299
47  4  0.00040946
48  4  0.00019760
49  4  0.00010825
50  4  0.00009210
51  4  0.00020913
52  4  0.00032745
53  4  0.00041804
54  4  0.00021450
55  4  0.00022411
56  4  0.00036715
57  4  0.00016116
58  4  0.00015306
59  4  0.00012429
60  4  0.00057812
61  4  0.00013972
62  4  0.00036154
63  4  0.00026200
0  5  0.00006438
1  5  0.00012278
2  5  0.00067928
3  5  0.00007926
4  5  0.00023352
5  5  0.00012590
6  5  0.00016720
7  5  0.00023304
8  5  0.00024299
9  5  0.00048412
10  5  0.00020773
11  5  0.00024030
12  5  0.00017703
13  5  0.00036465
14  5  0.00033419
15  5  0.00036987
16  5  0.00056572
17  5  0.00025171
18  5  0.00022643
19  5  0.00021992
20  5  0.00017033
21  5  0.00014704
22  5  0.00028705
23  5  0.00013403
24  5  0.00027406
25  5  0.00023290
26  5  0.00012513
27  5  0.00048676
28  5  0.00013637
29  5  0.00040294
30  5  0.00026877
31  5  0.00031664
32  5  0.00046081
33  5  0.00010570
34  5  0.00024231
35  5  0.00053090
36  5  0.00014462
37  5  0.00006124
38  5  0.00021974
39  5  0.00027554
40  5  0.00024233
41  5  0.00039586
42  5  0.00049667
43  5  0.00005650
44  5  0.00030428
45  5  0.00012078
46  5  0.00035735
47  5  0.00041096
48  5  0.00006080
49  5  0.00028520
50  5  0.00018017
51  5  0.00018498
52  5  0.00012028
53  5  0.00008352
54  5  0.00021833
55  5  0.00031021
56  5  0.00043255
57  5  0.00015769
58  5  0.00035410
59  5  0.00033589
60  5  0.00004619
61  5  0.00014278
62  5  0.00017475
63  5  0.00024008
0  6  0.00037392
1  6  0.00013847
2  6  0.00016723
3  6  0.00017831
4  6  0.00047941
5  6  0.00012710
6  6  0.00010511
7  6  0.00010611
8  6  0.00061050
9  6  0.00011453
10  6  0.00015699
11  6  0.00014678
12  6  0.00021428
13  6  0.00031040
14  6  0.00043842
15  6  0.00023768
16  6  0.00015618
17  6  0.00033579
18  6  0.00016881
19  6  0.00067519
20  6  0.00042145
21  6  0.00015616
22  6  0.00021554
23  6  0.00036744
24  6  0.00028126
25  6  0.00036185
26  6  0.00017063
27  6  0.00015703
28  6  0.00022913
29  6  0.00012737
30  6  0.00031206
31  6  0.00020615
32  6  0.00025788
33  6  0.00011416
34  6  0.00013834
35  6  0.00018735
36  6  0.00018960
37  6  0.00030909
38  6  0.00041445
39  6  0.00021043
40  6  0.00027387
41  6  0.00021028
42  6  0.00022757
43  6  0.00026461
44  6  0.00035821
45  6  0.00042286
46  6  0.00005716
47  6  0.00030738
48  6  0.00033839
49  6  0.00024681
50  6  0.00024166
51  6  0.00033643
52  6  0.00040246
53  6  0.00031166
54  6  0.00015326
55  6  0.00018168
56  6  0.00017479
57  6  0.00029072
58  6  0.00019890
59  6  0.00035358
60  6  0.00022864
61  6  0.00023474
62  6  0.00025387
63  6  0.00022171
0  7  0.00016543
1  7  0.00029392
2  7  0.00015337
3  7  0.00019146
4  7  0.00022523
5  7  0.00023818
6  7  0.00009573
7  7  0.00010211
8  7  0.00016347
9  7  0.00019683
10  7  0.00017926
11  7  0.00036458
12  7  0.00023385
13  7  0.00026555
14  7  0.00026740
15  7  0.00018035
16  7  0.00026890
17  7  0.00047249
18  7  0.00049641
19  7  0.00009743
20  7  0.00011913
21  7  0.00027791
22  7  0.00025495
23  7  0.00036011
24  7  0.00014249
25  7  0.00033858
26  7  0.00051801
27  7  0.00020464
28  7  0.00017806
29  7  0.00012077
30  7  0.00034364
31  7  0.00044663
32  7  0.00030968
33  7  0.00031020
34  7  0.00027874
35  7  0.00017452
36  7  0.00029090
37  7  0.00038989
38  7  0.00019660
39  7  0.00022752
40  7  0.00024594
41  7  0.00018744
42  7  0.00026936
43  7  0.00016209
44  7  0.00035790
45  7  0.00014668
46  7  0.00030940
47  7  0.00026526
48  7  0.00059006
49  7  0.00020859
50  7  0.00020100
51  7  0.00022982
52  7  0.00016166
53  7  0.00029532
54  7  0.00016180
55  7  0.00014076
56  7  0.00033871
57  7  0.00063311
58  7  0.00019238
59  7  0.00014187
60  7  0.00011097
61  7  0.00040258
62  7  0.00019466
63  7  0.00033231
0  8  0.00020734
1  8  0.00011604
2  8  0.00011299
3  8  0.00020011
4  8  0.00015105
5  8  0.00036831
6  8  0.00011506
7  8  0.00005254
8  8  0.00014493
9  8  0.00019003
10  8  0.00040190
11  8  0.00017542
12  8  0.00007736
13  8  0.00024783
14  8  0.00025661
15  8  0.00018438
16  8  0.00018307
17  8  0.00023598
18  8  0.00027633
19  8  0.00022366
20  8  0.00025863
21  8  0.00017116
22  8  0.00013559
23  8  0.00020428
24  8  0.00032988
25  8  0.00069748
26  8  0.00008375
27  8  0.00014020
28  8  0.00029500
29  8  0.00014650
30  8  0.00023702
31  8  0.00016341
32  8  0.00020771
33  8  0.00010665
34  8  0.00036142
35  8  0.00029897
36  8  0.00023691
37  8  0.00011620
38  8  0.00008608
39  8  0.00036195
40  8  0.00028796
41  8  0.00020056
42  8  0.00017211
43  8  0.00015532
44  8  0.00019718
45  8  0.00024494
46  8  0.00023898
47  8  0.00029773
48  8  0.00056151
49  8  0.00010714
50  8  0.00020263
51  8  0.00013657
52  8  0.00035284
53  8  0.00024316
54  8  0.00026524
55  8  0.00034554
56  8  0.00016556
57  8  0.00007993
58  8  0.00015580
59  8  0.00020072
60  8  0.00044739
61  8  0.00026240
62  8  0.00035636
63  8  0.00009551
0  9  0.00014708
1  9  0.00039235
2  9  0.00041384
3  9  0.00005689
4  9  0.00030621
5  9  0.00027543
6  9  0.00046810
7  9  0.00023827
8  9  0.00038648
9  9  0.00014313
10  9  0.00017382
11  9  0.00038021
12  9  0.00017059
13  9  0.00023813
14  9  0.00051505
15  9  0.00023853
16  9  0.00024149
17  9  0.00033415
18  9  0.00048774
19  9  0.00030569
20  9  0.00029543
21  9  0.00052736
22  9  0.00019277
23  9  0.00023691
24  9  0.00033906
25  9  0.00038544
26  9  0.00017664
27  9  0.00017775
28  9  0.00043121
29  9  0.00012004
30  9  0.00030940
31  9  0.00031627
32  9  0.00040733
33  9  0.00017934
34  9  0.00018045
35  9  0.00017656
36  9  0.00006162
37  9  0.00024205
38  9  0.00030701
39  9  0.00030730
40  9  0.00014456
41  9  0.00029958
42  9  0.00050415
43  9  0.00019948
44  9  0.00023288
45  9  0.00012837
46  9  0.00028699
47  9  0.00013741
48  9  0.00018488
49  9  0.00011447
50  9  0.00024831
51  9  0.00020006
52  9  0.00029353
53  9  0.00027061
54  9  0.00036752
55  9  0.00024122
56  9  0.00036796
57  9  0.00017643
58  9  0.00018187
59  9  0.00014968
60  9  0.00026965
61  9  0.00012078
62  9  0.00022369
63  9  0.00022591
0  10  0.00011573
1  10  0.00018567
2  10  0.00032780
3  10  0.00059256
4  10  0.00022628
5  10  0.00016393
6  10  0.00054616
7  10  0.00015655
8  10  0.00021470
9  10  0.00035022
10  10  0.00013960
11  10  0.00011534
12  10  0.00012464
13  10  0.00016004
14  10  0.00014022
15  10  0.00014906
16  10  0.00019570
17  10  0.00018948
18  10  0.00029198
19  10  0.00021225
20  10  0.00043025
21  10  0.00054598
22  10  0.00020101
23  10  0.00015769
24  10  0.00015409
25  10  0.00050159
26  10  0.00068040
27  10  0.00027942
28  10  0.00010724
29  10  0.00027990
30  10  0.00023755
31  10  0.00054102
32  10  0.00036843
33  10  0.00048464
34  10  0.00067534
35  10  0.00024415
36  10  0.00007593
37  10  0.00017056
38  10  0.00019238
39  10  0.00023378
40  10  0.00021054
41  10  0.00017019
42  10  0.00022556
43  10  0.00033714
44  10  0.00007363
45  10  0.00007046
46  10  0.00054217
47  10  0.00037152
48  10  0.00012803
49  10  0.00007071
50  10  0.00019004
51  10  0.00004580
52  10  0.00023754
53  10  0.00045667
54  10  0.00022586
55  10  0.00049867
56  10  0.00012780
57  10  0.00021133
58  10  0.00009525
59  10  0.00013491
60  10  0.00021880
61  10  0.00019755
62  10  0.00013054
63  10  0.00014333
0  11  0.00005773
1  11  0.00034301
2  11  0.00041898
3  11  0.00033534
4  11  0.00023437
5  11  0.00035326
6  11  0.00014216
7  11  0.00008807
8  11  0.00022598
9  11  0.00018546
10  11  0.00012869
11  11  0.00037339
12  11  0.00013488
13  11  0.00026195
14  11  0.00009261
15  11  0.00015149
16  11  0.00014649
17  11  0.00022793
18  11  0.00019019
19  11  0.00032581
20  11  0.00022657
21  11  0.00041476
22  11  0.00017231
23  11  0.00013506
24  11  0.00006134
25  11  0.00006614
26  11  0.00026061
27  11  0.00047777
28  11  0.00011462
29  11  0.00028091
30  11  0.00017896
31  11  0.00038404
32  11  0.00024955
33  11  0.00021428
34  11  0.00024833
35  11  0.00011966
36  11  0.00039620
37  11  0.00010241
38  11  0.00034379
39  11  0.00013908
40  11  0.00009501
41  11  0.00018457
42  11  0.00004080
43  11  0.00032293
44  11  0.00041815
45  11  0.00009234
46  11  0.00036068
47  11  0.00035036
48  11  0.00045944
49  11  0.00015696
50  11  0.00018756
51  11  0.00036163
52  11  0.00016638
53  11  0.00027766
54  11  0.00030646
55  11  0.00024989
56  11  0.00053785
57  11  0.00024325
58  11  0.00030945
59  11  0.00036473
60  11  0.00016140
61  11  0.00020744
62  11  0.00028031
63  11  0.00022330
0  12  0.00013016
1  12  0.00013713
2  12  0.00012798
3  12  0.00003293
4  12  0.00012528
5  12  0.00020671
6  12  0.00005584
7  12  0.00003245
8  12  0.00042541
9  12  0.00050423
10  12  0.00049195
11  12  0.00014497
12  12  0.00040496
13  12  0.00023439
14  12  0.00020293
15  12  0.00017280
16  12  0.00025757
17  12  0.00030010
18  12  0.00044102
19  12  0.00010516
20  12  0.00019448
21  12  0.00015004
22  12  0.00028094
23  12  0.00010354
24  12  0.00008458
25  12  0.00012289
26  12  0.00008176
27  12  0.00024901
28  12  0.00035373
29  12  0.00027812
30  12  0.00024068
31  12  0.00040965
32  12  0.00032273
33  12  0.00035193
34  12  0.00042395
35  12  0.00013795
36  12  0.00020329
37  12  0.00023571
38  12  0.00036903
39  12  0.00023438
40  12  0.00024368
41  12  0.00027665
42  12  0.00044030
43  12  0.00032386
44  12  0.00022328
45  12  0.00016041
46  12  0.00027860
47  12  0.00017578
48  12  0.00013000
49  12  0.00020710
50  12  0.00042519
51  12  0.00024590
52  12  0.00013980
53  12  0.00013140
54  12  0.00024164
55  12  0.00038813
56  12  0.00030496
57  12  0.00011881
58  12  0.00032739
59  12  0.00033921
60  12  0.00034766
61  12  0.00011762
62  12  0.00022379
63  12  0.00053091
0  13  0.00032906
1  13  0.00011560
2  13  0.00019776
3  13  0.00017123
4  13  0.00015144
5  13  0.00015219
6  13  0.00008838
7  13  0.00011485
8  13  0.00020802
9  13  0.00039226
10  13  0.00035124
11  13  0.00011137
12  13  0.00014720
13  13  0.00029810
14  13  0.00017879
15  13  0.00031833
16  13  0.00032809
17  13  0.00029659
18  13  0.00017778
19  13  0.00047631
20  13  0.00040933
21  13  0.00030928
22  13  0.00027788
23  13  0.00023909
24  13  0.00015913
25  13  0.00024046
26  13  0.00022320
27  13  0.00027962
28  13  0.00024031
29  13  0.00018235
30  13  0.00015039
31  13  0.00029008
32  13  0.00024340
33  13  0.00021992
34  13  0.00015026
35  13  0.00079260
36  13  0.00003818
37  13  0.00027379
38  13  0.00006067
39  13  0.00011744
40  13  0.00022558
41  13  0.00016420
42  13  0.00014468
43  13  0.00028522
44  13  0.00011240
45  13  0.00023601
46  13  0.00040304
47  13  0.00020703
48  13  0.00029345
49  13  0.00028742
50  13  0.00040206
51  13  0.00006806
52  13  0.00040502
53  13  0.00031328
54  13  0.00022245
55  13  0.00037709
56  13  0.00012908
57  13  0.00026493
58  13  0.00033678
59  13  0.00033931
60  13  0.00035262
61  13  0.00017680
62  13  0.00024738
63  13  0.00004634
0  14  0.00028744
1  14  0.00034427
2  14  0.00014373
3  14  0.00017206
4  14  0.00050142
5  14  0.00022076
6  14  0.00018227
7  14  0.00029992
8  14  0.00019167
9  14  0.00014347
10  14  0.00013817
11  14  0.00016330
12  14  0.00018263
13  14  0.00015624
14  14  0.00030463
15  14  0.00024631
16  14  0.00017735
17  14  0.00015105
18  14  0.00026731
19  14  0.00009627
20  14  0.00043536
21  14  0.00012618
22  14  0.00015214
23  14  0.00058002
24  14  0.00021584
25  14  0.00009639
26  14  0.00031198
27  14  0.00014716
28  14  0.00037636
29  14  0.00029359
30  14  0.00006428
31  14  0.00018471
32  14  0.00012396
33  14  0.00020707
34  14  0.00026191
35  14  0.00061326
36  14  0.00023490
37  14  0.00018749
38  14  0.00014757
39  14  0.00015659
40  14  0.00019917
41  14  0.00044442
42  14  0.00023174
43  14  0.00034367
44  14  0.00036065
45  14  0.00025788
46  14  0.00026259
47  14  0.00014437
48  14  0.00033491
49  14  0.00019768
50  14  0.00007847
51  14  0.00013135
52  14  0.00021823
53  14  0.00011166
54  14  0.00019877
55  14  0.00040820
56  14  0.00032544
57  14  0.00012410
58  14  0.00013132
59  14  0.00008567
60  14  0.00019901
61  14  0.00004781
62  14  0.00017228
63  14  0.00039098
0  15  0.00014873
1  15  0.00025234
2  15  0.00006303
3  15  0.00030787
4  15  0.00015755
5  15  0.00036140
6  15  0.00028725
7  15  0.00035685
8  15  0.00028493
9  15  0.00016059
10  15  0.00031433
11  15  0.00016873
12  15  0.00022401
13  15  0.00015191
14  15  0.00046802
15  15  0.00012880
16  15  0.00049666
17  15  0.00027824
18  15  0.00020819
19  15  0.00012389
20  15  0.00024048
21  15  0.00015386
22  15  0.00027366
23  15  0.00023644
24  15  0.00035365
25  15  0.00018469
26  15  0.00017056
27  15  0.00034688
28  15  0.00030940
29  15  0.00044582
30  15  0.00027485
31  15  0.00019254
32  15  0.00012580
33  15  0.00014892
34  15  0.00013096
35  15  0.00029177
36  15  0.00009842
37  15  0.00014336
38  15  0.00029495
39  15  0.00012727
40  15  0.00014852
41  15  0.00008784
42  15  0.00013947
43  15  0.00027319
44  15  0.00029582
45  15  0.00097314
46  15  0.00055256
47  15  0.00010940
48  15  0.00007611
49  15  0.00011900
50  15  0.00009487
51  15  0.00006439
52  15  0.00025559
53  15  0.00016372
54  15  0.00022193
55  15  0.00037475
56  15  0.00019501
57  15  0.00034024
58  15  0.00019786
59  15  0.00021481
60  15  0.00018116
61  15  0.00030313
62  15  0.00029889
63  15  0.00004839
0  16  0.00022500
1  16  0.00019333
2  16  0.00017255
3  16  0.00018676
4  16  0.00032218
5  16  0.00011459
6  16  0.00028752
7  16  0.00012265
8  16  0.00012552
9  16  0.00027384
10  16  0.00028622
11  16  0.00024270
12  16  0.00036869
13  16  0.00007941
14  16  0.00018287
15  16  0.00024107
16  16  0.00014257
17  16  0.00024813
18  16  0.00017273
19  16  0.00036905
20  16  0.00021649
21  16  0.00024946
22  16  0.00031646
23  16  0.00026322
24  16  0.00008690
25  16  0.00017244
26  16  0.00018024
27  16  0.00009708
28  16  0.00016308
29  16  0.00020779
30  16  0.00029526
31  16  0.00016509
32  16  0.00029092
33  16  0.00012598
34  16  0.00021707
35  16  0.00017357
36  16  0.00032058
37  16  0.00021634
38  16  0.00021995
39  16  0.00024599
40  16  0.00036160
41  16  0.00012830
42  16  0.00027932
43  16  0.00022671
44  16  0.00056433
45  16  0.00035518
46  16  0.00012911
47  16  0.00031025
48  16  0.00027657
49  16  0.00033715
50  16  0.00020075
51  16  0.00017687
52  16  0.00030453
53  16  0.00031764
54  16  0.00019577
55  16  0.00023489
56  16  0.00006895
57  16  0.00010523
58  16  0.00041436
59  16  0.00012953
60  16  0.00014473
61  16  0.00019156
62  16  0.00014113
63  16  0.00052731
0  17  0.00014700
1  17  0.00024398
2  17  0.00009895
3  17  0.00026961
4  17  0.00030336
5  17  0.00011867
6  17  0.00038377
7  17  0.00019726
8  17  0.00012548
9  17  0.00031080
10  17  0.00028902
11  17  0.00019766
12  17  0.00023887
13  17  0.00011047
14  17  0.00036090
15  17  0.00011162
16  17  0.00017191
17  17  0.00033552
18  17  0.00006183
19  17  0.00023919
20  17  0.00012938
21  17  0.00013908
22  17  0.00035086
23  17  0.00007583
24  17  0.00033162
25  17  0.00030331
26  17  0.00027387
27  17  0.00036305
28  17  0.00019086
29  17  0.00025844
30  17  0.00017742
31  17  0.00036968
32  17  0.00033280
33  17  0.00007046
34  17  0.00037675
35  17  0.00030206
36  17  0.00018134
37  17  0.00011402
38  17  0.00011602
39  17  0.00026930
40  17  0.00013366
41  17  0.00022697
42  17  0.00028428
43  17  0.00024703
44  17  0.00017556
45  17  0.00042956
46  17  0.00030114
47  17  0.00010821
48  17  0.00024554
49  17  0.00037162
50  17  0.00038510
51  17  0.00005634
52  17  0.00021967
53  17  0.00058142
54  17  0.00012312
55  17  0.00032351
56  17  0.00014352
57  17  0.00018969
58  17  0.00012085
59  17  0.00019863
60  17  0.00029762
61  17  0.00019535
62  17  0.00029219
63  17  0.00022559
0  18  0.00046440
1  18  0.00037739
2  18  0.00012381
3  18  0.00018563
4  18  0.00022852
5  18  0.00049340
6  18  0.00017214
7  18  0.00015389
8  18  0.00019096
9  18  0.00027675
10  18  0.00034919
11  18  0.00026406
12  18  0.00007270
13  18  0.00010172
14  18  0.00022356
15  18  0.00023046
16  18  0.00011514
17  18  0.00012598
18  18  0.00020566
19  18  0.00010858
20  18  0.00007131
21  18  0.00040306
22  18  0.00028024
23  18  0.00016672
24  18  0.00014577
25  18  0.00012618
26  18  0.00020319
27  18  0.00024206
28  18  0.00047896
29  18  0.00010750
30  18  0.00021023
31  18  0.00009765
32  18  0.00039389
33  18  0.00043965
34  18  0.00020417
35  18  0.00020931
36  18  0.00013661
37  18  0.00016149
38  18  0.00026704
39  18  0.00010080
40  18  0.00012321
41  18  0.00015230
42  18  0.00013222
43  18  0.00027387
44  18  0.00011688
45  18  0.00017662
46  18  0.00025040
47  18  0.00013680
48  18  0.00015477
49  18  0.00010837
50  18  0.00022498
51  18  0.00023015
52  18  0.00018733
53  18  0.00007476
54  18  0.00013848
55  18  0.00039690
56  18  0.00042996
57  18  0.00012263
58  18  0.00025294
59  18  0.00010504
60  18  0.00018192
61  18  0.00054413
62  18  0.00021929
63  18  0.00021037
0  19  0.00046096
1  19  0.00046328
2  19  0.00020567
3  19  0.00019200
4  19  0.00022678
5  19  0.00024258
6  19  0.00029863
7  19  0.00022576
8  19  0.00023043
9  19  0.00023352
10  19  0.00029761
11  19  0.00068823
12  19  0.00009411
13  19  0.00020046
14  19  0.00011063
15  19  0.00025677
16  19  0.00024520
17  19  0.00015836
18  19  0.00013787
19  19  0.00010382
20  19  0.00069514
21  19  0.00026720
22  19  0.00010340
23  19  0.00016405
24  19  0.00023311
25  19  0.00019226
26  19  0.00039867
27  19  0.00037163
28  19  0.00029043
29  19  0.00010529
30  19  0.00018088
31  19  0.00025471
32  19  0.00012486
33  19  0.00040206
34  19  0.00017620
35  19  0.00011867
36  19  0.00013752
37  19  0.00002639
38  19  0.00037577
39  19  0.00010654
40  19  0.00024792
41  19  0.00049258
42  19  0.00041581
43  19  0.00005985
44  19  0.00022028
45  19  0.00038182
46  19  0.00035833
47  19  0.00037198
48  19  0.00018536
49  19  0.00024753
50  19  0.00013824
51  19  0.00016144
52  19  0.00017255
53  19  0.00008289
54  19  0.00010569
55  19  0.00008671
56  19  0.00011519
57  19  0.00020413
58  19  0.00049538
59  19  0.00027656
60  19  0.00029623
61  19  0.00023244
62  19  0.00014659
63  19  0.00006310
0  20  0.00016623
1  20  0.00040411
2  20  0.00012280
3  20  0.00031845
4  20  0.00024175
5  20  0.00036280
6  20  0.00016125
7  20  0.00047248
8  20  0.00024805
9  20  0.00016790
10  20  0.00034753
11  20  0.00027195
12  20  0.00019345
13  20  0.00012774
14  20  0.00043295
15  20  0.00031365
16  20  0.00020971
17  20  0.00004374
18  20  0.00045360
19  20  0.00016071
20  20  0.00015314
21  20  0.00019116
22  20  0.00024908
23  20  0.00033886
24  20  0.00036977
25  20  0.00045111
26  20  0.00018545
27  20  0.00029975
28  20  0.00017496
29  20  0.00026158
30  20  0.00040953
31  20  0.00020214
32  20  0.00043308
33  20  0.00051643
34  20  0.00039484
35  20  0.00014491
36  20  0.00040281
37  20  0.00025166
38  20  0.00015142
39  20  0.00021203
40  20  0.00027072
41  20  0.00022196
42  20  0.00021949
43  20  0.00038379
44  20  0.00022768
45  20  0.00040555
46  20  0.00023313
47  20  0.00021143
48  20  0.00039719
49  20  0.00026154
50  20  0.00012615
51  20  0.00014421
52  20  0.00055450
53  20  0.00023273
54  20  0.00021564
55  20  0.00036106
56  20  0.00016506
57  20  0.00017042
58  20  0.00012546
59  20  0.00054204
60  20  0.00015360
61  20  0.00016668
62  20  0.00011751
63  20  0.00056620
0  21  0.00032550
1  21  0.00012783
2  21  0.00005689
3  21  0.00028254
4  21  0.00019278
5  21  0.00016659
6  21  0.00020704
7  21  0.00024489
8  21  0.00021006
9  21  0.00023897
10  21  0.00030703
11  21  0.00016799
12  21  0.00015249
13  21  0.00013157
14  21  0.00018149
15  21  0.00025954
16  21  0.00020169
17  21  0.00015053
18  21  0.00022180
19  21  0.00021168
20  21  0.00038849
21  21  0.00036454
22  21  0.00018984
23  21  0.00025511
24  21  0.00012010
25  21  0.00025346
26  21  0.00018810
27  21  0.00029655
28  21  0.00034879
29  21  0.00031401
30  21  0.00013326
31  21  0.00028745
32  21  0.00023928
33  21  0.00010692
34  21  0.00009963
35  21  0.00027704
36  21  0.00038478
37  21  0.00014329
38  21  0.00030262
39  21  0.00014884
40  21  0.00014327
41  21  0.00009385
42  21  0.00012795
43  21  0.00029071
44  21  0.00022918
45  21  0.00027679
46  21  0.00021811
47  21  0.00023099
48  21  0.00022839
49  21  0.00031588
50  21  0.00023873
51  21  0.00015335
52  21  0.00026830
53  21  0.00035329
54  21  0.00027261
55  21  0.00011828
56  21  0.00049136
57  21  0.00030997
58  21  0.00029762
59  21  0.00022532
60  21  0.00013865
61  21  0.00028374
62  21  0.00027740
63  21  0.00011556
0  22  0.00025787
1  22  0.00026478
2  22  0.00008821
3  22  0.00017247
4  22  0.00031002
5  22  0.00017843
6  22  0.00046076
7  22  0.00020524
8  22  0.00011706
9  22  0.00034425
10  22  0.00025031
11  22  0.00007621
12  22  0.00013196
13  22  0.00022863
14  22  0.00011224
15  22  0.00020597
16  22  0.00027642
17  22  0.00015520
18  22  0.00051750
19  22  0.00024312
20  22  0.00028919
21  22  0.00015922
22  22  0.00038599
23  22  0.00011616
24  22  0.00016140
25  22  0.00010274
26  22  0.00026731
27  22  0.00006749
28  22  0.00031229
29  22  0.00008665
30  22  0.00023437
31  22  0.00055312
32  22  0.00028368
33  22  0.00026998
34  22  0.00015278
35  22  0.00021977
36  22  0.00017534
37  22  0.00030684
38  22  0.00019430
39  22  0.00034533
40  22  0.00058262
41  22  0.00030819
42  22  0.00022213
43  22  0.00015636
44  22  0.00012709
45  22  0.00027701
46  22  0.00046117
47  22  0.00042366
48  22  0.00023620
49  22  0.00017046
50  22  0.00013732
51  22  0.00019037
52  22  0.00032268
53  22  0.00024541
54  22  0.00044204
55  22  0.00011186
56  22  0.00053229
57  22  0.00064457
58  22  0.00034618
59  22  0.00008355
60  22  0.00063383
61  22  0.00015853
62  22  0.00038560
63  22  0.00036559
0  23  0.00042510
1  23  0.00024009
2  23  0.00043723
3  23  0.00022168
4  23  0.00054829
5  23  0.00023532
6  23  0.00019631
7  23  0.00035702
8  23  0.00016813
9  23  0.00018927
10  23  0.00021979
11  23  0.00015459
12  23  0.00026231
13  23  0.00023707
14  23  0.00019758
15  23  0.00031908
16  23  0.00035715
17  23  0.00007777
18  23  0.00009987
19  23  0.00019246
20  23  0.00024313
21  23  0.00013491
22  23  0.00015981
23  23  0.00046708
24  23  0.00024373
25  23  0.00048673
26  23  0.00016945
27  23  0.00011919
28  23  0.00010683
29  23  0.00030709
30  23  0.00006352
31  23  0.00033722
32  23  0.00019624
33  23  0.00021420
34  23  0.00028731
35  23  0.00013941
36  23  0.00020667
37  23  0.00026322
38  23  0.00031183
39  23  0.00033653
40  23  0.00031178
41  23  0.00010336
42  23  0.00023781
43  23  0.00040609
44  23  0.00030043
45  23  0.00024956
46  23  0.00007082
47  23  0.00024850
48  23  0.00018775
49  23  0.00009299
50  23  0.00046698
51  23  0.00005312
52  23  0.00013241
53  23  0.00044593
54  23  0.00022015
55  23  0.00026833
56  23  0.00009953
57  23  0.00022046
58  23  0.00020151
59  23  0.00015811
60  23  0.00034616
61  23  0.00024385
62  23  0.00061162
63  23  0.00018488
0  24  0.00026131
1  24  0.00012615
2  24  0.00007996
3  24  0.00013835
4  24  0.00026515
5  24  0.00010580
6  24  0.00010253
7  24  0.00022616
8  24  0.00016665
9  24  0.00022069
10  24  0.00018029
11  24  0.00019598
12  24  0.00009048
13  24  0.00048145
14  24  0.00026880
15  24  0.00013200
16  24  0.00025869
17  24  0.00007823
18  24  0.00031535
19  24  0.00014333
20  24  0.00010208
21  24  0.00018743
22  24  0.00021047
23  24  0.00029184
24  24  0.00019973
25  24  0.00029308
26  24  0.00022859
27  24  0.00020061
28  24  0.00038373
29  24  0.00012951
30  24  0.00047661
31  24  0.00010085
32  24  0.00045442
33  24  0.00036525
34  24  0.00016424
35  24  0.00025139
36  24  0.00018429
37  24  0.00023803
38  24  0.00027226
39  24  0.00008527
40  24  0.00025626
41  24  0.00010506
42  24  0.00012044
43  24  0.00024381
44  24  0.00025144
45  24  0.00029431
46  24  0.00023633
47  24  0.00029991
48  24  0.00023744
49  24  0.00025735
50  24  0.00009565
51  24  0.00038602
52  24  0.00023112
53  24  0.00059191
54  24  0.00018044
55  24  0.00029146
56  24  0.00009624
57  24  0.00009076
58  24  0.00013876
59  24  0.00024100
60  24  0.00005799
61  24  0.00038137
62  24  0.00036279
63  24  0.00024595
0  25  0.00036339
1  25  0.00047437
2  25  0.00023678
3  25  0.00064062
4  25  0.00037190
5  25  0.00012874
6  25  0.00018320
7  25  0.00043895
8  25  0.00033261
9  25  0.00031059
10  25  0.00018075
11  25  0.00027055
12  25  0.00021815
13  25  0.00012742
14  25  0.00018816
15  25  0.00012674
16  25  0.00043241
17  25  0.00049774
18  25  0.00017397
19  25  0.00024978
20  25  0.00010560
21  25  0.00015906
22  25  0.00024806
23  25  0.00029014
24  25  0.00020249
25  25  0.00033318
26  25  0.00035140
27  25  0.00066100
28  25  0.00033883
29  25  0.00031522
30  25  0.00032770
31  25  0.00031935
32  25  0.00043284
33  25  0.00014875
34  25  0.00024844
35  25  0.00036190
36  25  0.00034100
37  25  0.00022770
38  25  0.00022114
39  25  0.00028823
40  25  0.00019986
41  25  0.00036071
42  25  0.00022257
43  25  0.00028935
44  25  0.00016440
45  25  0.00037019
46  25  0.00036455
47  25  0.00043398
48  25  0.00029538
49  25  0.00026609
50  25  0.00028554
51  25  0.00011137
52  25  0.00014450
53  25  0.00031189
54  25  0.00039990
55  25  0.00029094
56  25  0.00007328
57  25  0.00031979
58  25  0.00026213
59  25  0.00042207
60  25  0.00044367
61  25  0.00022782
62  25  0.00037654
63  25  0.00008244
0  26  0.00019430
1  26  0.00021318
2  26  0.00030548
3  26  0.00028111
4  26  0.00023668
5  26  0.00008620
6  26  0.00009753
7  26  0.00025333
8  26  0.00032764
9  26  0.00027423
10  26  0.00015846
11  26  0.00013377
12  26  0.00029241
13  26  0.00025605
14  26  0.00030527
15  26  0.00028568
16  26  0.00042173
17  26  0.00026230
18  26  0.00012967
19  26  0.00024072
20  26  0.00032221
21  26  0.00009018
22  26  0.00041679
23  26  0.00006564
24  26  0.00016808
25  26  0.00013711
26  26  0.00014208
27  26  0.00030828
28  26  0.00020634
29  26  0.00033807
30  26  0.00062735
31  26  0.00007240
32  26  0.00052030
33  26  0.00024591
34  26  0.00019429
35  26  0.00023966
36  26  0.00039950
37  26  0.00025500
38  26  0.00024645
39  26  0.00022811
40  26  0.00034420
41  26  0.00026003
42  26  0.00016804
43  26  0.00038798
44  26  0.00032947
45  26  0.00011098
46  26  0.00026767
47  26  0.00010190
48  26  0.00021563
49  26  0.00024375
50  26  0.00007810
51  26  0.00036273
52  26  0.00008736
53  26  0.00038483
54  26  0.00040556
55  26  0.00060131
56  26  0.00010087
57  26  0.00017303
58  26  0.00020094
59  26  0.00036671
60  26  0.00009847
61  26  0.00041019
62  26  0.00040692
63  26  0.00018785
0  27  0.00023858
1  27  0.00017918
2  27  0.00024446
3  27  0.00013060
4  27  0.00026500
5  27  0.00029558
6  27  0.00041114
7  27  0.00008319
8  27  0.00010344
9  27  0.00014431
10  27  0.00044268
11  27  0.00019813
12  27  0.00017825
13  27  0.00034681
14  27  0.00028274
15  27  0.00017450
16  27  0.00012879
17  27  0.00011455
18  27  0.00031865
19  27  0.00009427
20  27  0.00020321
21  27  0.00032228
22  27  0.00043725
23  27  0.00012693
24  27  0.00023622
25  27  0.00015518
26  27  0.00031770
27  27  0.00047482
28  27  0.00018838
29  27  0.00008108
30  27  0.00053436
31  27  0.00027154
32  27  0.00015498
33  27  0.00015910
34  27  0.00021094
35  27  0.00037330
36  27  0.00026660
37  27  0.00025921
38  27  0.00027730
39  27  0.00035464
40  27  0.00026106
41  27  0.00020275
42  27  0.00014726
43  27  0.00025387
44  27  0.00022093
45  27  0.00030968
46  27  0.00028271
47  27  0.00040058
48  27  0.00021512
49  27  0.00017263
50  27  0.00002062
51  27  0.00052951
52  27  0.00018781
53  27  0.00028333
54  27  0.00012297
55  27  0.00045244
56  27  0.00018086
57  27  0.00026462
58  27  0.00008219
59  27  0.00023696
60  27  0.00026661
61  27  0.00031521
62  27  0.00028257
63  27  0.00004219
0  28  0.00012954
1  28  0.00034417
2  28  0.00023329
3  28  0.00007723
4  28  0.00016734
5  28  0.00025179
6  28  0.00013560
7  28  0.00041874
8  28  0.00012950
9  28  0.00055025
10  28  0.00026919
11  28  0.00009476
12  28  0.00031863
13  28  0.00008547
14  28  0.00030720
15  28  0.00014870
16  28  0.00030020
17  28  0.00012987
18  28  0.00030757
19  28  0.00019772
20  28  0.00036021
21  28  0.00010387
22  28  0.00011057
23  28  0.00019831
24  28  0.00019468
25  28  0.00025152
26  28  0.00017754
27  28  0.00016561
28  28  0.00016761
29  28  0.00040571
30  28  0.00021961
31  28  0.00048667
32  28  0.00011995
33  28  0.00013073
34  28  0.00020693
35  28  0.00015245
36  28  0.00033156
37  28  0.00028039
38  28  0.00023342
39  28  0.00042003
40  28  0.00026155
41  28  0.00006137
42  28  0.00018173
43  28  0.00018347
44  28  0.00030305
45  28  0.00022194
46  28  0.00012804
47  28  0.00016115
48  28  0.00026459
49  28  0.00013656
50  28  0.00027467
51  28  0.00039670
52  28  0.00031470
53  28  0.00037789
54  28  0.00055431
55  28  0.00018996
56  28  0.00038687
57  28  0.00049434
58  28  0.00060829
59  28  0.00040520
60  28  0.00030047
61  28  0.00029609
62  28  0.00032488
63  28  0.00059785
0  29  0.00040848
1  29  0.00034614
2  29  0.00026127
3  29  0.00015861
4  29  0.00044763
5  29  0.00020098
6  29  0.00022372
7  29  0.00026809
8  29  0.00043769
9  29  0.00028846
10  29  0.00016945
11  29  0.00005109
12  29  0.00012103
13  29  0.00035478
14  29  0.00033907
15  29  0.00019577
16  29  0.00006095
17  29  0.00029078
18  29  0.00019721
19  29  0.00024283
20  29  0.00009137
21  29  0.00023908
22  29  0.00014283
23  29  0.00011365
24  29  0.00030247
25  29  0.00021777
26  29  0.00049014
27  29  0.00026069
28  29  0.00020630
29  29  0.00019851
30  29  0.00013574
31  29  0.00025505
32  29  0.00028717
33  29  0.00018947
34  29  0.00047673
35  29  0.00027992
36  29  0.00019024
37  29  0.00036484
38  29  0.00038583
39  29  0.00023409
40  29  0.00019001
41  29  0.00050016
42  29  0.00027473
43  29  0.00016988
44  29  0.00038350
45  29  0.00020669
46  29  0.00018698
47  29  0.00018244
48  29  0.00036375
49  29  0.00013360
50  29  0.00032940
51  29  0.00032719
52  29  0.00046377
53  29  0.00031770
54  29  0.00014185
55  29  0.00031411
56  29  0.00013034
57  29  0.00025594
58  29  0.00012643
59  29  0.00072049
60  29  0.00025472
61  29  0.00041098
62  29  0.00017483
63  29  0.00014476
0  30  0.00018649
1  30  0.00030122
2  30  0.00032907
3  30  0.00012156
4  30  0.00021841
5  30  0.00023584
6  30  0.00014099
7  30  0.00008254
8  30  0.00031638
9  30  0.00040072
10  30  0.00057493
11  30  0.00017472
12  30  0.00009618
13  30  0.00004130
14  30  0.00025139
15  30  0.00012644
16  30  0.00041582
17  30  0.00007886
18  30  0.00011746
19  30  0.00023298
20  30  0.00032001
21  30  0.00029158
22  30  0.00012772
23  30  0.00011808
24  30  0.00018125
25  30  0.00029732
26  30  0.00015442
27  30  0.00033445
28  30  0.00056737
29  30  0.00024920
30  30  0.00014675
31  30  0.00012104
32  30  0.00026987
33  30  0.00041691
34  30  0.00048538
35  30  0.00004836
36  30  0.00021183
37  30  0.00014034
38  30  0.00029548
39  30  0.00019078
40  30  0.00013792
41  30  0.00006351
42  30  0.00022163
43  30  0.00019119
44  30  0.00031169
45  30  0.00036573
46  30  0.00026214
47  30  0.00018298
48  30  0.00040287
49  30  0.00022018
50  30  0.00008215
51  30  0.00026855
52  30  0.00036582
53  30  0.00043215
54  30  0.00050292
55  30  0.00014965
56  30  0.00038712
57  30  0.00030594
58  30  0.00012991
59  30  0.00015675
60  30  0.00013491
61  30  0.00034654
62  30  0.00011085
63  30  0.00011971
0  31  0.00027950
1  31  0.00030677
2  31  0.00032652
3  31  0.00025674
4  31  0.00016584
5  31  0.00009657
6  31  0.00008806
7  31  0.00010275
8  31  0.00019943
9  31  0.00008113
10  31  0.00012351
11  31  0.00029250
12  31  0.00020110
13  31  0.00013207
14  31  0.00005439
15  31  0.00027872
16  31  0.00016238
17  31  0.00007578
18  31  0.00025255
19  31  0.00006397
20  31  0.00024533
21  31  0.00023267
22  31  0.00012575
23  31  0.00023568
24  31  0.00026147
25  31  0.00019052
26  31  0.00011831
27  31  0.00022125
28  31  0.00019002
29  31  0.00014849
30  31  0.00026089
31  31  0.00020541
32  31  0.00021886
33  31  0.00016970
34  31  0.00024164
35  31  0.00023744
36  31  0.00047547
37  31  0.00023653
38  31  0.00022437
39  31  0.00005038
40  31  0.00020927
41  31  0.00016775
42  31  0.00026347
43  31  0.00014434
44  31  0.00020612
45  31  0.00026875
46  31  0.00026198
47  31  0.00024828
48  31  0.00015299
49  31  0.00019189
50  31  0.00014987
51  31  0.00021084
52  31  0.00030124
53  31  0.00033464
54  31  0.00019201
55  31  0.00017956
56  31  0.00016578
57  31  0.00034912
58  31  0.00014740
59  31  0.00034618
60  31  0.00024291
61  31  0.00030235
62  31  0.00028428
63  31  0.00009800
0  32  0.00008414
1  32  0.00022914
2  32  0.00022028
3  32  0.00024413
4  32  0.00022861
5  32  0.00013500
6  32  0.00016418
7  32  0.00019642
8  32  0.00026622
9  32  0.00018338
10  32  0.00028112
11  32  0.00032524
12  32  0.00016940
13  32  0.00045619
14  32  0.00027817
15  32  0.00031463
16  32  0.00018421
17  32  0.00011407
18  32  0.00010804
19  32  0.00029291
20  32  0.00020612
21  32  0.00033386
22  32  0.00012536
23  32  0.00017197
24  32  0.00007643
25  32  0.00020864
26  32  0.00044319
27  32  0.00036499
28  32  0.00060204
29  32  0.00007890
30  32  0.00044557
31  32  0.00045313
32  32  0.00026268
33  32  0.00013773
34  32  0.00015731
35  32  0.00020901
36  32  0.00020152
37  32  0.00020855
38  32  0.00023589
39  32  0.00017287
40  32  0.00035327
41  32  0.00031498
42  32  0.00026689
43  32  0.00016206
44  32  0.00029531
45  32  0.00039587
46  32  0.00031788
47  32  0.00009744
48  32  0.00031789
49  32  0.00002484
50  32  0.00011370
51  32  0.00020041
52  32  0.00016938
53  32  0.00010882
54  32  0.00030631
55  32  0.00035780
56  32  0.00019849
57  32  0.00013017
58  32  0.00047574
59  32  0.00016629
60  32  0.00015474
61  32  0.00013798
62  32  0.00018634
63  32  0.00023601
0  33  0.00008229
1  33  0.00035608
2  33  0.00028740
3  33  0.00022634
4  33  0.00028113
5  33  0.00025861
6  33  0.00013767
7  33  0.00060171
8  33  0.00044601
9  33  0.00037557
10  33  0.00018841
11  33  0.00023995
12  33  0.00017777
13  33  0.00026497
14  33  0.00059879
15  33  0.00018870
16  33  0.00059580
17  33  0.00019999
18  33  0.00034616
19  33  0.00023280
20  33  0.00013925
21  33  0.00023619
22  33  0.00021727
23  33  0.00018883
24  33  0.00039137
25  33  0.00007358
26  33  0.00014054
27  33  0.00017141
28  33  0.00012204
29  33  0.00024748
30  33  0.00024084
31  33  0.00034994
32  33  0.00042278
33  33  0.00031788
34  33  0.00012891
35  33  0.00024432
36  33  0.00027935
37  33  0.00024049
38  33  0.00023034
39  33  0.00037955
40  33  0.00069470
41  33  0.00011745
42  33  0.00023119
43  33  0.00006911
44  33  0.00022254
45  33  0.00021515
46  33  0.00061154
47  33  0.00044928
48  33  0.00023325
49  33  0.00027374
50  33  0.00013294
51  33  0.00027536
52  33  0.00029147
53  33  0.00016933
54  33  0.00018199
55  33  0.00034507
56  33  0.00015218
57  33  0.00033967
58  33  0.00019636
59  33  0.00023227
60  33  0.00006438
61  33  0.00020409
62  33  0.00007672
63  33  0.00021028
0  34  0.00020572
1  34  0.00032902
2  34  0.00030095
3  34  0.00006914
4  34  0.00042635
5  34  0.00010497
6  34  0.00008017
7  34  0.00038956
8  34  0.00010653
9  34  0.00019357
10  34  0.00023605
11  34  0.00018890
12  34  0.00035085
13  34  0.00009865
14  34  0.00021616
15  34  0.00014573
16  34  0.00031487
17  34  0.00012125
18  34  0.00034565
19  34  0.00033917
20  34  0.00019378
21  34  0.00012034
22  34  0.00052276
23  34  0.00028697
24  34  0.00048357
25  34  0.00012281
26  34  0.00010022
27  34  0.00011794
28  34  0.00014833
29  34  0.00024373
30  34  0.00018992
31  34  0.00027849
32  34  0.00021339
33  34  0.00017607
34  34  0.00011496
35  34  0.00027829
36  34  0.00023109
37  34  0.00015888
38  34  0.00050273
39  34  0.00039257
40  34  0.00028254
41  34  0.00008193
42  34  0.00049060
43  34  0.00023847
44  34  0.00051868
45  34  0.00030283
46  34  0.00040110
47  34  0.00030254
48  34  0.00018611
49  34  0.00019927
50  34  0.00004275
51  34  0.00022597
52  34  0.00020897
53  34  0.00029401
54  34  0.00009204
55  34  0.00021977
56  34  0.00023177
57  34  0.00016248
58  34  0.00031428
59  34  0.00009411
60  34  0.00037268
61  34  0.00029722
62  34  0.00013822
63  34  0.00055977
0  35  0.00013973
1  35  0.00029902
2  35  0.00026225
3  35  0.00045865
4  35  0.00019866
5  35  0.00027120
6  35  0.00011580
7  35  0.00026806
8  35  0.00040185
9  35  0.00042722
10  35  0.00015032
11  35  0.00020236
12  35  0.00008644
13  35  0.00013026
14  35  0.00049386
15  35  0.00017244
16  35  0.00077082
17  35  0.00023008
18  35  0.00005736
19  35  0.00020761
20  35  0.00029911
21  35  0.00026191
22  35  0.00033014
23  35  0.00019034
24  35  0.00010136
25  35  0.00016106
26  35  0.00015952
27  35  0.00025845
28  35  0.00032586
29  35  0.00027595
30  35  0.00026877
31  35  0.00025962
32  35  0.00013975
33  35  0.00033973
34  35  0.00023310
35  35  0.00008826
36  35  0.00026636
37  35  0.00011722
38  35  0.00033520
39  35  0.00028082
40  35  0.00026150
41  35  0.00012860
42  35  0.00022317
43  35  0.00022911
44  35  0.00027852
45  35  0.00012975
46  35  0.00017066
47  35  0.00033682
48  35  0.00022162
49  35  0.00018932
50  35  0.00026161
51  35  0.00020551
52  35  0.00020623
53  35  0.00030335
54  35  0.00057943
55  35  0.00016228
56  35  0.00019476
57  35  0.00006914
58  35  0.00036228
59  35  0.00028883
60  35  0.00003470
61  35  0.00019235
62  35  0.00015012
63  35  0.00044660
0  36  0.00024212
1  36  0.00007012
2  36  0.00015694
3  36  0.00036407
4  36  0.00036229
5  36  0.00019611
6  36  0.00022119
7  36  0.00006996
8  36  0.00017550
9  36  0.00014607
10  36  0.00050505
11  36  0.00009949
12  36  0.00023613
13  36  0.00039436
14  36  0.00014605
15  36  0.00019208
16  36  0.00007038
17  36  0.00005640
18  36  0.00031521
19  36  0.00009877
20  36  0.00010246
21  36  0.00017487
22  36  0.00022354
23  36  0.00018413
24  36  0.00027643
25  36  0.00020077
26  36  0.00021113
27  36  0.00018101
28  36  0.00005144
29  36  0.00009715
30  36  0.00038524
31  36  0.00020893
32  36  0.00013217
33  36  0.00039264
34  36  0.00007300
35  36  0.00017028
36  36  0.00013891
37  36  0.00014980
38  36  0.00067249
39  36  0.00026110
40  36  0.00038044
41  36  0.00016174
42  36  0.00023229
43  36  0.00027588
44  36  0.00013061
45  36  0.00055101
46  36  0.00021313
47  36  0.00064347
48  36  0.00021714
49  36  0.00012354
50  36  0.00016783
51  36  0.00030982
52  36  0.00020570
53  36  0.00017510
54  36  0.00031891
55  36  0.00030827
56  36  0.00087556
57  36  0.00023899
58  36  0.00031387
59  36  0.00028524
60  36  0.00016004
61  36  0.00024971
62  36  0.00016662
63  36  0.00033683
0  37  0.00015524
1  37  0.00012083
2  37  0.00031887
3  37  0.00016122
4  37  0.00057746
5  37  0.00016183
6  37  0.00028225
7  37  0.00024060
8  37  0.00011825
9  37  0.00040394
10  37  0.00008855
11  37  0.00012534
12  37  0.00020140
13  37  0.00018080
14  37  0.00026554
15  37  0.00021133
16  37  0.00036376
17  37  0.00018377
18  37  0.00023076
19  37  0.00041659
20  37  0.00070756
21  37  0.00026827
22  37  0.00004733
23  37  0.00015913
24  37  0.00028091
25  37  0.00030957
26  37  0.00029445
27  37  0.00017687
28  37  0.00016838
29  37  0.00015034
30  37  0.00009969
31  37  0.00067321
32  37  0.00038367
33  37  0.00030763
34  37  0.00025872
35  37  0.00022185
36  37  0.00010856
37  37  0.00026865
38  37  0.00009717
39  37  0.00019187
40  37  0.00029158
41  37  0.00035852
42  37  0.00012175
43  37  0.00027349
44  37  0.00010095
45  37  0.00013164
46  37  0.00031350
47  37  0.00027056
48  37  0.00035650
49  37  0.00011702
50  37  0.00026187
51  37  0.00073651
52  37  0.00025931
53  37  0.00012444
54  37  0.00058147
55  37  0.00015708
56  37  0.00012306
57  37  0.00010801
58  37  0.00017785
59  37  0.00018006
60  37  0.00077518
61  37  0.00010145
62  37  0.00026759
63  37  0.00033102
0  38  0.00031588
1  38  0.00032859
2  38  0.00020713
3  38  0.00029292
4  38  0.00051760
5  38  0.00007747
6  38  0.00016354
7  38  0.00030239
8  38  0.00043595
9  38  0.00036647
10  38  0.00019032
11  38  0.00022961
12  38  0.00016332
13  38  0.00019140
14  38  0.00045006
15  38  0.00015201
16  38  0.00008873
17  38  0.00029878
18  38  0.00016317
19  38  0.00013627
20  38  0.00011076
21  38  0.00033083
22  38  0.00047142
23  38  0.00019528
24  38  0.00033985
25  38  0.00044445
26  38  0.00028245
27  38  0.00014480
28  38  0.00020283
29  38  0.00020896
30  38  0.00011874
31  38  0.00015847
32  38  0.00010241
33  38  0.00045359
34  38  0.00024504
35  38  0.00017442
36  38  0.00039788
37  38  0.00015975
38  38  0.00016325
39  38  0.00028535
40  38  0.00022171
41  38  0.00021386
42  38  0.00021748
43  38  0.00019977
44  38  0.00011948
45  38  0.00025604
46  38  0.00019201
47  38  0.00014860
48  38  0.00019993
49  38  0.00008820
50  38  0.00021166
51  38  0.00029586
52  38  0.00013659
53  38  0.00026091
54  38  0.00012656
55  38  0.00034878
56  38  0.00039463
57  38  0.00016690
58  38  0.00030747
59  38  0.00007289
60  38  0.00016592
61  38  0.00012494
62  38  0.00010296
63  38  0.00015799
0  39  0.00039788
1  39  0.00006750
2  39  0.00040848
3  39  0.00046442
4  39  0.00036063
5  39  0.00020614
6  39  0.00032430
7  39  0.00025465
8  39  0.00030420
9  39  0.00016910
10  39  0.00052379
11  39  0.00014297
12  39  0.00020984
13  39  0.00016117
14  39  0.00046690
15  39  0.00020777
16  39  0.00019774
17  39  0.00020900
18  39  0.00020113
19  39  0.00046066
20  39  0.00018428
21  39  0.00007743
22  39  0.00025774
23  39  0.00030597
24  39  0.00017097
25  39  0.00009957
26  39  0.00017436
27  39  0.00050648
28  39  0.00033344
29  39  0.00031054
30  39  0.00019310
31  39  0.00020284
32  39  0.00013483
33  39  0.00027272
34  39  0.00014838
35  39  0.00013435
36  39  0.00050955
37  39  0.00016245
38  39  0.00034557
39  39  0.00023356
40  39  0.00009377
41  39  0.00024326
42  39  0.00049060
43  39  0.00017206
44  39  0.00012121
45  39  0.00012051
46  39  0.00015833
47  39  0.00016110
48  39  0.00016740
49  39  0.00017009
50  39  0.00031728
51  39  0.00017888
52  39  0.00015772
53  39  0.00037785
54  39  0.00031619
55  39  0.00023821
56  39  0.00016085
57  39  0.00056490
58  39  0.00053764
59  39  0.00018902
60  39  0.00027491
61  39  0.00030038
62  39  0.00017393
63  39  0.00050267
0  40  0.00015838
1  40  0.00016392
2  40  0.00016224
3  40  0.00018826
4  40  0.00015057
5  40  0.00006528
6  40  0.00023136
7  40  0.00024348
8  40  0.00014190
9  40  0.00013718
10  40  0.00007718
11  40  0.00018028
12  40  0.00027869
13  40  0.00042439
14  40  0.00022450
15  40  0.00016398
16  40  0.00006614
17  40  0.00017934
18  40  0.00025022
19  40  0.00051204
20  40  0.00023301
21  40  0.00032051
22  40  0.00016913
23  40  0.00038578
24  40  0.00011901
25  40  0.00038695
26  40  0.00027314
27  40  0.00023990
28  40  0.00038849
29  40  0.00017810
30  40  0.00012270
31  40  0.00010136
32  40  0.00007710
33  40  0.00009843
34  40  0.00048849
35  40  0.00028864
36  40  0.00037835
37  40  0.00021418
38  40  0.00023849
39  40  0.00035307
40  40  0.00024845
41  40  0.00015808
42  40  0.00004953
43  40  0.00046550
44  40  0.00008660
45  40  0.00023786
46  40  0.00035100
47  40  0.00034474
48  40  0.00020743
49  40  0.00016290
50  40  0.00019591
51  40  0.00028187
52  40  0.00010707
53  40  0.00024027
54  40  0.00009143
55  40  0.00031247
56  40  0.00015430
57  40  0.00017459
58  40  0.00040113
59  40  0.00021246
60  40  0.00039445
61  40  0.00036376
62  40  0.00020805
63  40  0.00043097
0  41  0.00014121
1  41  0.00025864
2  41  0.00029889
3  41  0.00022640
4  41  0.00022881
5  41  0.00051612
6  41  0.00014203
7  41  0.00048962
8  41  0.00031055
9  41  0.00009868
10  41  0.00010290
11  41  0.00007747
12  41  0.00032499
13  41  0.00014490
14  41  0.00025934
15  41  0.00017442
16  41  0.00024034
17  41  0.00019128
18  41  0.00021334
19  41  0.00016188
20  41  0.00017733
21  41  0.00036834
22  41  0.00023839
23  41  0.00029156
24  41  0.00034331
25  41  0.00028242
26  41  0.00040351
27  41  0.00020665
28  41  0.00036635
29  41  0.00020384
30  41  0.00012061
31  41  0.00028978
32  41  0.00040210
33  41  0.00034071
34  41  0.00018710
35  41  0.00028595
36  41  0.00018603
37  41  0.00027200
38  41  0.00026956
39  41  0.00031333
40  41  0.00016024
41  41  0.00035544
42  41  0.00040627
43  41  0.00016105
44  41  0.00035930
45  41  0.00060656
46  41  0.00015493
47  41  0.00025237
48  41  0.00022011
49  41  0.00010907
50  41  0.00071080
51  41  0.00019651
52  41  0.00015112
53  41  0.00015745
54  41  0.00028339
55  41  0.00028318
56  41  0.00034520
57  41  0.00015579
58  41  0.00025876
59  41  0.00005991
60  41  0.00023994
61  41  0.00019722
62  41  0.00033485
63  41  0.00016057
0  42  0.00006495
1  42  0.00020041
2  42  0.00023323
3  42  0.00032821
4  42  0.00023731
5  42  0.00055613
6  42  0.00033004
7  42  0.00066748
8  42  0.00013931
9  42  0.00031750
10  42  0.00018551
11  42  0.00024199
12  42  0.00013450
13  42  0.00007305
14  42  0.00022046
15  42  0.00017721
16  42  0.00027600
17  42  0.00012142
18  42  0.00034690
19  42  0.00018169
20  42  0.00018913
21  42  0.00025814
22  42  0.00020153
23  42  0.00030531
24  42  0.00019363
25  42  0.00021093
26  42  0.00026860
27  42  0.00020878
28  42  0.00056874
29  42  0.00039897
30  42  0.00019741
31  42  0.00015955
32  42  0.00015442
33  42  0.00030309
34  42  0.00015196
35  42  0.00004322
36  42  0.00038550
37  42  0.00025341
38  42  0.00041757
39  42  0.00040723
40  42  0.00032186
41  42  0.00039528
42  42  0.00019610
43  42  0.00013683
44  42  0.00022698
45  42  0.00014488
46  42  0.00033677
47  42  0.00012175
48  42  0.00061739
49  42  0.00047895
50  42  0.00017997
51  42  0.00015160
52  42  0.00017887
53  42  0.00006996
54  42  0.00024695
55  42  0.00032558
56  42  0.00026606
57  42  0.00028103
58  42  0.00040875
59  42  0.00018707
60  42  0.00028530
61  42  0.00012615
62  42  0.00009053
63  42  0.00013393
0  43  0.00026900
1  43  0.00025131
2  43  0.00005345
3  43  0.00030470
4  43  0.00015485
5  43  0.00041707
6  43  0.00006728
7  43  0.00003878
8  43  0.00015363
9  43  0.00015693
10  43  0.00014056
11  43  0.00043068
12  43  0.00032983
13  43  0.00022597
14  43  0.00034517
15  43  0.00017221
16  43  0.00027907
17  43  0.00019859
18  43  0.00007998
19  43  0.00006881
20  43  0.00013475
21  43  0.00022537
22  43  0.00049990
23  43  0.00020857
24  43  0.00042432
25  43  0.00042723
26  43  0.00038232
27  43  0.00040609
28  43  0.00033152
29  43  0.00012410
30  43  0.00041455
31  43  0.00010766
32  43  0.00033568
33  43  0.00030536
34  43  0.00028337
35  43  0.00012609
36  43  0.00028800
37  43  0.00016821
38  43  0.00018578
39  43  0.00017938
40  43  0.00029621
41  43  0.00070738
42  43  0.00021591
43  43  0.00034592
44  43  0.00008471
45  43  0.00015131
46  43  0.00022559
47  43  0.00019147
48  43  0.00025743
49  43  0.00014411
50  43  0.00007214
51  43  0.00015149
52  43  0.00017710
53  43  0.00018968
54  43  0.00032439
55  43  0.00017641
56  43  0.00022894
57  43  0.00019940
58  43  0.00015516
59  43  0.00028292
60  43  0.00038316
61  43  0.00012014
62  43  0.00018647
63  43  0.00049568
0  44  0.00043394
1  44  0.00012158
2  44  0.00026403
3  44  0.00020907
4  44  0.00013902
5  44  0.00015084
6  44  0.00020483
7  44  0.00018738
8  44  0.00013249
9  44  0.00037157
10  44  0.00009558
11  44  0.00041864
12  44  0.00023869
13  44  0.00017582
14  44  0.00015203
15  44  0.00015078
16  44  0.00027355
17  44  0.00015265
18  44  0.00013745
19  44  0.00052341
20  44  0.00034575
21  44  0.00017031
22  44  0.00035104
23  44  0.00037555
24  44  0.00045601
25  44  0.00024239
26  44  0.00012050
27  44  0.00033142
28  44  0.00024797
29  44  0.00020991
30  44  0.00023579
31  44  0.00015210
32  44  0.00025907
33  44  0.00050926
34  44  0.00014799
35  44  0.00022350
36  44  0.00013675
37  44  0.00029113
38  44  0.00028903
39  44  0.00025208
40  44  0.00023824
41  44  0.00011237
42  44  0.00015817
43  44  0.00051463
44  44  0.00023653
45  44  0.00035229
46  44  0.00011236
47  44  0.00025402
48  44  0.00034053
49  44  0.00054659
50  44  0.00033317
51  44  0.00051147
52  44  0.00014503
53  44  0.00030832
54  44  0.00018639
55  44  0.00033301
56  44  0.00028275
57  44  0.00023851
58  44  0.00014137
59  44  0.00025267
60  44  0.00021154
61  44  0.00043736
62  44  0.00014407
63  44  0.00016958
0  45  0.00015279
1  45  0.00016897
2  45  0.00045937
3  45  0.00030610
4  45  0.00021786
5  45  0.00031574
6  45  0.00023141
7  45  0.00027743
8  45  0.00016565
9  45  0.00024712
10  45  0.00045394
11  45  0.00041886
12  45  0.00012171
13  45  0.00023147
14  45  0.00011887
15  45  0.00020129
16  45  0.00026913
17  45  0.00017259
18  45  0.00025355
19  45  0.00029457
20  45  0.00051164
21  45  0.00028041
22  45  0.00022687
23  45  0.00021621
24  45  0.00022623
25  45  0.00023019
26  45  0.00015411
27  45  0.00016911
28  45  0.00037351
29  45  0.00018031
30  45  0.00030375
31  45  0.00025690
32  45  0.00029646
33  45  0.00028821
34  45  0.00010500
35  45  0.00022676
36  45  0.00050356
37  45  0.00041033
38  45  0.00033901
39  45  0.00027217
40  45  0.00014859
41  45  0.00036221
42  45  0.00052251
43  45  0.00040997
44  45  0.00039162
45  45  0.00025050
46  45  0.00037667
47  45  0.00010845
48  45  0.00022218
49  45  0.00023971
50  45  0.00028183
51  45  0.00017368
52  45  0.00028226
53  45  0.00032220
54  45  0.00038411
55  45  0.00047960
56  45  0.00024315
57  45  0.00007856
58  45  0.00004683
59  45  0.00024411
60  45  0.00057925
61  45  0.00015882
62  45  0.00043222
63  45  0.00024592
0  46  0.00011165
1  46  0.00006695
2  46  0.00016628
3  46  0.00010108
4  46  0.00015919
5  46  0.00009338
6  46  0.00035288
7  46  0.00021016
8  46  0.00027048
9  46  0.00020247
10  46  0.00029403
11  46  0.00010281
12  46  0.00025420
13  46  0.00024151
14  46  0.00029135
15  46  0.00012204
16  46  0.00027699
17  46  0.00013711
18  46  0.00032829
19  46  0.00019128
20  46  0.00012851
21  46  0.00007814
22  46  0.00013314
23  46  0.00017621
24  46  0.00022104
25  46  0.00052612
26  46  0.00009254
27  46  0.00008515
28  46  0.00038423
29  46  0.00019528
30  46  0.00012294
31  46  0.00016993
32  46  0.00034424
33  46  0.00029389
34  46  0.00009035
35  46  0.00014194
36  46  0.00021514
37  46  0.00011144
38  46  0.00017451
39  46  0.00010724
40  46  0.00008217
41  46  0.00010889
42  46  0.00013828
43  46  0.00020794
44  46  0.00016934
45  46  0.00006291
46  46  0.00012522
47  46  0.00040857
48  46  0.00032848
49  46  0.00025398
50  46  0.00017600
51  46  0.00012893
52  46  0.00019228
53  46  0.00021972
54  46  0.00017882
55  46  0.00043553
56  46  0.00044253
57  46  0.00036479
58  46  0.00009568
59  46  0.00035963
60  46  0.00046890
61  46  0.00024124
62  46  0.00021951
63  46  0.00023163
0  47  0.00015763
1  47  0.00022951
2  47  0.00026335
3  47  0.00003396
4  47  0.00039039
5  47  0.00030141
6  47  0.00020903
7  47  0.00013755
8  47  0.00019312
9  47  0.00037026
10  47  0.00023184
11  47  0.00020448
12  47  0.00015026
13  47  0.00029885
14  47  0.00035173
15  47  0.00034208
16  47  0.00015764
17  47  0.00024966
18  47  0.00038381
19  47  0.00061305
20  47  0.00015323
21  47  0.00010358
22  47  0.00035026
23  47  0.00015602
24  47  0.00022996
25  47  0.00041867
26  47  0.00021408
27  47  0.00021018
28  47  0.00018423
29  47  0.00033933
30  47  0.00027093
31  47  0.00013758
32  47  0.00045443
33  47  0.00015278
34  47  0.00028098
35  47  0.00026762
36  47  0.00048558
37  47  0.00027317
38  47  0.00046593
39  47  0.00028999
40  47  0.00022164
41  47  0.00005905
42  47  0.00012331
43  47  0.00017185
44  47  0.00026477
45  47  0.00013731
46  47  0.00046891
47  47  0.00011124
48  47  0.00007798
49  47  0.00011333
50  47  0.00028558
51  47  0.00021687
52  47  0.00009780
53  47  0.00017492
54  47  0.00020117
55  47  0.00026523
56  47  0.00018438
57  47  0.00004658
58  47  0.00019173
59  47  0.00018493
60  47  0.00041814
61  47  0.00040255
62  47  0.00046437
63  47  0.00028780
0  48  0.00013567
1  48  0.00031053
2  48  0.00009513
3  48  0.00008733
4  48  0.00025255
5  48  0.00010876
6  48  0.00022903
7  48  0.00015464
8  48  0.00019624
9  48  0.00011846
10  48  0.00029073
11  48  0.00046843
12  48  0.00015933
13  48  0.00018462
14  48  0.00041158
15  48  0.00029855
16  48  0.00024660
17  48  0.00053775
18  48  0.00023345
19  48  0.00021852
20  48  0.00016442
21  48  0.00033800
22  48  0.00027862
23  48  0.00036960
24  48  0.00023617
25  48  0.00020845
26  48  0.00031124
27  48  0.00016247
28  48  0.00011202
29  48  0.00016506
30  48  0.00020410
31  48  0.00013339
32  48  0.00029065
33  48  0.00010485
34  48  0.00049237
35  48  0.00041020
36  48  0.00020478
37  48  0.00006221
38  48  0.00024319
39  48  0.00051449
40  48  0.00020762
41  48  0.00029074
42  48  0.00014239
43  48  0.00028767
44  48  0.00024562
45  48  0.00045506
46  48  0.00029855
47  48  0.00016386
48  48  0.00003921
49  48  0.00022171
50  48  0.00013711
51  48  0.00042919
52  48  0.00011461
53  48  0.00012875
54  48  0.00028167
55  48  0.00034056
56  48  0.00018204
57  48  0.00026180
58  48  0.00014407
59  48  0.00032863
60  48  0.00016084
61  48  0.00025792
62  48  0.00056567
63  48  0.00032239
0  49  0.00016274
1  49  0.00013012
2  49  0.00019940
3  49  0.00013280
4  49  0.00049414
5  49  0.00025444
6  49  0.00084249
7  49  0.00002571
8  49  0.00025759
9  49  0.00019024
10  49  0.00010301
11  49  0.00018084
12  49  0.00022704
13  49  0.00019302
14  49  0.00032978
15  49  0.00038266
16  49  0.00032500
17  49  0.00026510
18  49  0.00011268
19  49  0.00023066
20  49  0.00016983
21  49  0.00026183
22  49  0.00022399
23  49  0.00018493
24  49  0.00044621
25  49  0.00022243
26  49  0.00011787
27  49  0.00018489
28  49  0.00019929
29  49  0.00030552
30  49  0.00035895
31  49  0.00054135
32  49  0.00045509
33  49  0.00052652
34  49  0.00027351
35  49  0.00029764
36  49  0.00015812
37  49  0.00037900
38  49  0.00011573
39  49  0.00023243
40  49  0.00019086
41  49  0.00017799
42  49  0.00015127
43  49  0.00034921
44  49  0.00019558
45  49  0.00021158
46  49  0.00019760
47  49  0.00020339
48  49  0.00034035
49  49  0.00017918
50  49  0.00025306
51  49  0.00019777
52  49  0.00013459
53  49  0.00024522
54  49  0.00013108
55  49  0.00027168
56  49  0.00026268
57  49  0.00025673
58  49  0.00009302
59  49  0.00012047
60  49  0.00016535
61  49  0.00020746
62  49  0.00022218
63  49  0.00027525
0  50  0.00007123
1  50  0.00022571
2  50  0.00026477
3  50  0.00012199
4  50  0.00016687
5  50  0.00020107
6  50  0.00040361
7  50  0.00022594
8  50  0.00023463
9  50  0.00039413
10  50  0.00032137
11  50  0.00018438
12  50  0.00021185
13  50  0.00013043
14  50  0.00027341
15  50  0.00035989
16  50  0.00035677
17  50  0.00021168
18  50  0.00031321
19  50  0.00017972
20  50  0.00019739
21  50  0.00021144
22  50  0.00014613
23  50  0.00013971
24  50  0.00022475
25  50  0.00017397
26  50  0.00021042
27  50  0.00029500
28  50  0.00021303
29  50  0.00012618
30  50  0.00021602
31  50  0.00007701
32  50  0.00015100
33  50  0.00018227
34  50  0.00055877
35  50  0.00036137
36  50  0.00034350
37  50  0.00029662
38  50  0.00011010
39  50  0.00021155
40  50  0.00013565
41  50  0.00013172
42  50  0.00037720
43  50  0.00045945
44  50  0.00012195
45  50  0.00052539
46  50  0.00009293
47  50  0.00035235
48  50  0.00026239
49  50  0.00018214
50  50  0.00013333
51  50  0.00027789
52  50  0.00012622
53  50  0.00024405
54  50  0.00029789
55  50  0.00017761
56  50  0.00048412
57  50  0.00048360
58  50  0.00012794
59  50  0.00027293
60  50  0.00013365
61  50  0.00022407
62  50  0.00014263
63  50  0.00026338
0  51  0.00019042
1  51  0.00052282
2  51  0.00018453
3  51  0.00033762
4  51  0.00010606
5  51  0.00008013
6  51  0.00016182
7  51  0.00042302
8  51  0.00020866
9  51  0.00016404
10  51  0.00028290
11  51  0.00018334
12  51  0.00016598
13  51  0.00033384
14  51  0.00030640
15  51  0.00021905
16  51  0.00018098
17  51  0.00025635
18  51  0.00011007
19  51  0.00006681
20  51  0.00059635
21  51  0.00011661
22  51  0.00021072
23  51  0.00031870
24  51  0.00006796
25  51  0.00020506
26  51  0.00031537
27  51  0.00021055
28  51  0.00027815
29  51  0.00012910
30  51  0.00009031
31  51  0.00017648
32  51  0.00028343
33  51  0.00049641
34  51  0.00038888
35  51  0.00026712
36  51  0.00038786
37  51  0.00044865
38  51  0.00016396
39  51  0.00018033
40  51  0.00018700
41  51  0.00026073
42  51  0.00036326
43  51  0.00025293
44  51  0.00015563
45  51  0.00020684
46  51  0.00018417
47  51  0.00007160
48  51  0.00050022
49  51  0.00029056
50  51  0.00043113
51  51  0.00022147
52  51  0.00012901
53  51  0.00013124
54  51  0.00034772
55  51  0.00010801
56  51  0.00027145
57  51  0.00011440
58  51  0.00022328
59  51  0.00021322
60  51  0.00024491
61  51  0.00014049
62  51  0.00016491
63  51  0.00023736
0  52  0.00019135
1  52  0.00022182
2  52  0.00018339
3  52  0.00022326
4  52  0.00028799
5  52  0.00007865
6  52  0.00021818
7  52  0.00015087
8  52  0.00021386
9  52  0.00042988
10  52  0.00027139
11  52  0.00018204
12  52  0.00025571
13  52  0.00020598
14  52  0.00034426
15  52  0.00016512
16  52  0.00022617
17  52  0.00018531
18  52  0.00021612
19  52  0.00011855
20  52  0.00032870
21  52  0.00048616
22  52  0.00060773
23  52  0.00030347
24  52  0.00019749
25  52  0.00007657
26  52  0.00011959
27  52  0.00031522
28  52  0.00020549
29  52  0.00015843
30  52  0.00020647
31  52  0.00030041
32  52  0.00026352
33  52  0.00014067
34  52  0.00020897
35  52  0.00035955
36  52  0.00022951
37  52  0.00008418
38  52  0.00028044
39  52  0.00038671
40  52  0.00027568
41  52  0.00047809
42  52  0.00016399
43  52  0.00024059
44  52  0.00016051
45  52  0.00023239
46  52  0.00021273
47  52  0.00034957
48  52  0.00022715
49  52  0.00025337
50  52  0.00022294
51  52  0.00014187
52  52  0.00010246
53  52  0.00023141
54  52  0.00034276
55  52  0.00027031
56  52  0.00018942
57  52  0.00029288
58  52  0.00008329
59  52  0.00016046
60  52  0.00015552
61  52  0.00035166
62  52  0.00021976
63  52  0.00023006
0  53  0.00026045
1  53  0.00004476
2  53  0.00019869
3  53  0.00021956
4  53  0.00014276
5  53  0.00012705
6  53  0.00009386
7  53  0.00016092
8  53  0.00011952
9  53  0.00054296
10  53  0.00026796
11  53  0.00016483
12  53  0.00028889
13  53  0.00024307
14  53  0.00024418
15  53  0.00023579
16  53  0.00016598
17  53  0.00013174
18  53  0.00024542
19  53  0.00006931
20  53  0.00039752
21  53  0.00019932
22  53  0.00045865
23  53  0.00016140
24  53  0.00014754
25  53  0.00021535
26  53  0.00022305
27  53  0.00031640
28  53  0.00025388
29  53  0.00014846
30  53  0.00014113
31  53  0.00028938
32  53  0.00012826
33  53  0.00020969
34  53  0.00020450
35  53  0.00032725
36  53  0.00016037
37  53  0.00036378
38  53  0.00054840
39  53  0.00043387
40  53  0.00020889
41  53  0.00013428
42  53  0.00020150
43  53  0.00027258
44  53  0.00048432
45  53  0.00018907
46  53  0.00011003
47  53  0.00006399
48  53  0.00017435
49  53  0.00017231
50  53  0.00017182
51  53  0.00047693
52  53  0.00010069
53  53  0.00018433
54  53  0.00024639
55  53  0.00022669
56  53  0.00021519
57  53  0.00039108
58  53  0.00019283
59  53  0.00009955
60  53  0.00022988
61  53  0.00006212
62  53  0.00034779
63  53  0.00040533
0  54  0.00009453
1  54  0.00007386
2  54  0.00015406
3  54  0.00015182
4  54  0.00024750
5  54  0.00013731
6  54  0.00010238
7  54  0.00012106
8  54  0.00024967
9  54  0.00008088
10  54  0.00019039
11  54  0.00021539
12  54  0.00023566
13  54  0.00011580
14  54  0.00024944
15  54  0.00028642
16  54  0.00008251
17  54  0.00021346
18  54  0.00012060
19  54  0.00008548
20  54  0.00013201
21  54  0.00036258
22  54  0.00033805
23  54  0.00014352
24  54  0.00019181
25  54  0.00040305
26  54  0.00011814
27  54  0.00027469
28  54  0.00014877
29  54  0.00020300
30  54  0.00020492
31  54  0.00017596
32  54  0.00012306
33  54  0.00011197
34  54  0.00026141
35  54  0.00032151
36  54  0.00007305
37  54  0.00029411
38  54  0.00021362
39  54  0.00010937
40  54  0.00031978
41  54  0.00028826
42  54  0.00030850
43  54  0.00018151
44  54  0.00015793
45  54  0.00019558
46  54  0.00038569
47  54  0.00035454
48  54  0.00006150
49  54  0.00029452
50  54  0.00012608
51  54  0.00011419
52  54  0.00015504
53  54  0.00021580
54  54  0.00029331
55  54  0.00037986
56  54  0.00026862
57  54  0.00012183
58  54  0.00018888
59  54  0.00025601
60  54  0.00050231
61  54  0.00031901
62  54  0.00016152
63  54  0.00009791
0  55  0.00033137
1  55  0.00010038
2  55  0.00024223
3  55  0.00007788
4  55  0.00023235
5  55  0.00023185
6  55  0.00030251
7  55  0.00011780
8  55  0.00024610
9  55  0.00005801
10  55  0.00030207
11  55  0.00022633
12  55  0.00032655
13  55  0.00014279
14  55  0.00029993
15  55  0.00019650
16  55  0.00033368
17  55  0.00030277
18  55  0.00028393
19  55  0.00025338
20  55  0.00005832
21  55  0.00025671
22  55  0.00020690
23  55  0.00028273
24  55  0.00022966
25  55  0.00007768
26  55  0.00036690
27  55  0.00010149
28  55  0.00022512
29  55  0.00011395
30  55  0.00043777
31  55  0.00037533
32  55  0.00015742
33  55  0.00023683
34  55  0.00037840
35  55  0.00022041
36  55  0.00031881
37  55  0.00030808
38  55  0.00013175
39  55  0.00022216
40  55  0.00011879
41  55  0.00015066
42  55  0.00048046
43  55  0.00017020
44  55  0.00061279
45  55  0.00035732
46  55  0.00049101
47  55  0.00014828
48  55  0.00023656
49  55  0.00013049
50  55  0.00031781
51  55  0.00017395
52  55  0.00014178
53  55  0.00014166
54  55  0.00045147
55  55  0.00011716
56  55  0.00020344
57  55  0.00011436
58  55  0.00016471
59  55  0.00018497
60  55  0.00036935
61  55  0.00020150
62  55  0.00007546
63  55  0.00017289
0  56  0.00025580
1  56  0.00014796
2  56  0.00016554
3  56  0.00017195
4  56  0.00035552
5  56  0.00036347
6  56  0.00061269
7  56  0.00035111
8  56  0.00027157
9  56  0.00015882
10  56  0.00012231
11  56  0.00025389
12  56  0.00015682
13  56  0.00036371
14  56  0.00018822
15  56  0.00051535
16  56  0.00015320
17  56  0.00024830
18  56  0.00026573
19  56  0.00020419
20  56  0.00017783
21  56  0.00014508
22  56  0.00014159
23  56  0.00011202
24  56  0.00011451
25  56  0.00004623
26  56  0.00015916
27  56  0.00011785
28  56  0.00006394
29  56  0.00016992
30  56  0.00009368
31  56  0.00030174
32  56  0.00018110
33  56  0.00035603
34  56  0.00039369
35  56  0.00030693
36  56  0.00005515
37  56  0.00024661
38  56  0.00024059
39  56  0.00024299
40  56  0.00039681
41  56  0.00008445
42  56  0.00012284
43  56  0.00018073
44  56  0.00052288
45  56  0.00020747
46  56  0.00026920
47  56  0.00030214
48  56  0.00029658
49  56  0.00022413
50  56  0.00034357
51  56  0.00023752
52  56  0.00017364
53  56  0.00022900
54  56  0.00033359
55  56  0.00011991
56  56  0.00039216
57  56  0.00043239
58  56  0.00017761
59  56  0.00019578
60  56  0.00025277
61  56  0.00054219
62  56  0.00034540
63  56  0.00038548
0  57  0.00032023
1  57  0.00019163
2  57  0.00036576
3  57  0.00019913
4  57  0.00051486
5  57  0.00026152
6  57  0.00026691
7  57  0.00010694
8  57  0.00016690
9  57  0.00011479
10  57  0.00045912
11  57  0.00032758
12  57  0.00042964
13  57  0.00010396
14  57  0.00037733
15  57  0.00044036
16  57  0.00013774
17  57  0.00017811
18  57  0.00028159
19  57  0.00026330
20  57  0.00011348
21  57  0.00017400
22  57  0.00018457
23  57  0.00027914
24  57  0.00018019
25  57  0.00019208
26  57  0.00031857
27  57  0.00019679
28  57  0.00011667
29  57  0.00032035
30  57  0.00031192
31  57  0.00018685
32  57  0.00003856
33  57  0.00033587
34  57  0.00011113
35  57  0.00029338
36  57  0.00022835
37  57  0.00017436
38  57  0.00023905
39  57  0.00027804
40  57  0.00011876
41  57  0.00018392
42  57  0.00009162
43  57  0.00028152
44  57  0.00034241
45  57  0.00029669
46  57  0.00023239
47  57  0.00020615
48  57  0.00038104
49  57  0.00027304
50  57  0.00010417
51  57  0.00024126
52  57  0.00019888
53  57  0.00023975
54  57  0.00024939
55  57  0.00031204
56  57  0.00017530
57  57  0.00014885
58  57  0.00028866
59  57  0.00016836
60  57  0.00023037
61  57  0.00015683
62  57  0.00011158
63  57  0.00037290
0  58  0.00008699
1  58  0.00024576
2  58  0.00034900
3  58  0.00016002
4  58  0.00046236
5  58  0.00012594
6  58  0.00032622
7  58  0.00027088
8  58  0.00030215
9  58  0.00041461
10  58  0.00014005
11  58  0.00034319
12  58  0.00025022
13  58  0.00004985
14  58  0.00016594
15  58  0.00029405
16  58  0.00044824
17  58  0.00045811
18  58  0.00026923
19  58  0.00029780
20  58  0.00021744
21  58  0.00019992
22  58  0.00072021
23  58  0.00012350
24  58  0.00035639
25  58  0.00044531
26  58  0.00011980
27  58  0.00041759
28  58  0.00043781
29  58  0.00039670
30  58  0.00027909
31  58  0.00013311
32  58  0.00048625
33  58  0.00024517
34  58  0.00033025
35  58  0.00033777
36  58  0.00036865
37  58  0.00017973
38  58  0.00008327
39  58  0.00031222
40  58  0.00035068
41  58  0.00033729
42  58  0.00018926
43  58  0.00027635
44  58  0.00021991
45  58  0.00014565
46  58  0.00039652
47  58  0.00010942
48  58  0.00022243
49  58  0.00022735
50  58  0.00029378
51  58  0.00023405
52  58  0.00025685
53  58  0.00002628
54  58  0.00009874
55  58  0.00021603
56  58  0.00021077
57  58  0.00023693
58  58  0.00023655
59  58  0.00042275
60  58  0.00081737
61  58  0.00041453
62  58  0.00035123
63  58  0.00033158
0  59  0.00046582
1  59  0.00017996
2  59  0.00015456
3  59  0.00034756
4  59  0.00025168
5  59  0.00019934
6  59  0.00019107
7  59  0.00014527
8  59  0.00018238
9  59  0.00046827
10  59  0.00049410
11  59  0.00029677
12  59  0.00015571
13  59  0.00045859
14  59  0.00010461
15  59  0.00030633
16  59  0.00016538
17  59  0.00021197
18  59  0.00026271
19  59  0.00033055
20  59  0.00016724
21  59  0.00033896
22  59  0.00011339
23  59  0.00025344
24  59  0.00018120
25  59  0.00012809
26  59  0.00030738
27  59  0.00014694
28  59  0.00029106
29  59  0.00035152
30  59  0.00024119
31  59  0.00032396
32  59  0.00015921
33  59  0.00033191
34  59  0.00002859
35  59  0.00018162
36  59  0.00029554
37  59  0.00014607
38  59  0.00008250
39  59  0.00031254
40  59  0.00030877
41  59  0.00033530
42  59  0.00047829
43  59  0.00026280
44  59  0.00017118
45  59  0.00012263
46  59  0.00020398
47  59  0.00033915
48  59  0.00014172
49  59  0.00013847
50  59  0.00014727
51  59  0.00031877
52  59  0.00033636
53  59  0.00017816
54  59  0.00018410
55  59  0.00010131
56  59  0.00022599
57  59  0.00020800
58  59  0.00019408
59  59  0.00034411
60  59  0.00031124
61  59  0.00021547
62  59  0.00034529
63  59  0.00054925
0  60  0.00019013
1  60  0.00021049
2  60  0.00018479
3  60  0.00026419
4  60  0.00034837
5  60  0.00012765
6  60  0.00013610
7  60  0.00035744
8  60  0.00037230
9  60  0.00026178
10  60  0.00037176
11  60  0.00020020
12  60  0.00038899
13  60  0.00025151
14  60  0.00012371
15  60  0.00019009
16  60  0.00029246
17  60  0.00016475
18  60  0.00006808
19  60  0.00029624
20  60  0.00012348
21  60  0.00009284
22  60  0.00033327
23  60  0.00018309
24  60  0.00027420
25  60  0.00026417
26  60  0.00020119
27  60  0.00021116
28  60  0.00026957
29  60  0.00017749
30  60  0.00035832
31  60  0.00046334
32  60  0.00013731
33  60  0.00011479
34  60  0.00018902
35  60  0.00011020
36  60  0.00027500
37  60  0.00012372
38  60  0.00017506
39  60  0.00018122
40  60  0.00011876
41  60  0.00008778
42  60  0.00057016
43  60  0.00017668
44  60  0.00007685
45  60  0.00022104
46  60  0.00014344
47  60  0.00033518
48  60  0.00010462
49  60  0.00014548
50  60  0.00041390
51  60  0.00045215
52  60  0.00042006
53  60  0.00014091
54  60  0.00022469
55  60  0.00011623
56  60  0.00020623
57  60  0.00035087
58  60  0.00014690
59  60  0.00028822
60  60  0.00011913
61  60  0.00009557
62  60  0.00036446
63  60  0.00020696
0  61  0.00020544
1  61  0.00045361
2  61  0.00018414
3  61  0.00011118
4  61  0.00033752
5  61  0.00042617
6  61  0.00028560
7  61  0.00015213
8  61  0.00019801
9  61  0.00035330
10  61  0.00015485
11  61  0.00030191
12  61  0.00035393
13  61  0.00020885
14  61  0.00012027
15  61  0.00021459
16  61  0.00017339
17  61  0.00014730
18  61  0.00013962
19  61  0.00041065
20  61  0.00014477
21  61  0.00021208
22  61  0.00015033
23  61  0.00021625
24  61  0.00005365
25  61  0.00022764
26  61  0.00020259
27  61  0.00034679
28  61  0.00042451
29  61  0.00016516
30  61  0.00023797
31  61  0.00017237
32  61  0.00014709
33  61  0.00018410
34  61  0.00023470
35  61  0.00019431
36  61  0.00016404
37  61  0.00019795
38  61  0.00021727
39  61  0.00027016
40  61  0.00026157
41  61  0.00022116
42  61  0.00038207
43  61  0.00035593
44  61  0.00017450
45  61  0.00012290
46  61  0.00023962
47  61  0.00005070
48  61  0.00018210
49  61  0.00021625
50  61  0.00020232
51  61  0.00050064
52  61  0.00053686
53  61  0.00020757
54  61  0.00041464
55  61  0.00041924
56  61  0.00009348
57  61  0.00011489
58  61  0.00021706
59  61  0.00014937
60  61  0.00038605
61  61  0.00035918
62  61  0.00021796
63  61  0.00011343
0  62  0.00032089
1  62  0.00028480
2  62  0.00025371
3  62  0.00024393
4  62  0.00024043
5  62  0.00014829
6  62  0.00035991
7  62  0.00033744
8  62  0.00024634
9  62  0.00012496
10  62  0.00021989
11  62  0.00020850
12  62  0.00021372
13  62  0.00013871
14  62  0.00014361
15  62  0.00026758
16  62  0.00033956
17  62  0.00041743
18  62  0.00023059
19  62  0.00010204
20  62  0.00014978
21  62  0.00025834
22  62  0.00017939
23  62  0.00020050
24  62  0.00021842
25  62  0.00042563
26  62  0.00015299
27  62  0.00017194
28  62  0.00026047
29  62  0.00012911
30  62  0.00026599
31  62  0.00007645
32  62  0.00031400
33  62  0.00007514
34  62  0.00029646
35  62  0.00033222
36  62  0.00022834
37  62  0.00014630
38  62  0.00040579
39  62  0.00040914
40  62  0.00021163
41  62  0.00033999
42  62  0.00017193
43  62  0.00006923
44  62  0.00018888
45  62  0.00010749
46  62  0.00012879
47  62  0.00028910
48  62  0.00035832
49  62  0.00015278
50  62  0.00010185
51  62  0.00020319
52  62  0.00016443
53  62  0.00026758
54  62  0.00031133
55  62  0.00019433
56  62  0.00046464
57  62  0.00028902
58  62  0.00013474
59  62  0.00015081
60  62  0.00010741
61  62  0.00007779
62  62  0.00024586
63  62  0.00024559
0  63  0.00016203
1  63  0.00011856
2  63  0.00026477
3  63  0.00016141
4  63  0.00013068
5  63  0.00033712
6  63  0.00030652
7  63  0.00026033
8  63  0.00016845
9  63  0.00027466
10  63  0.00031545
11  63  0.00053639
12  63  0.00023723
13  63  0.00033712
14  63  0.00039426
15  63  0.00017946
16  63  0.00007094
17  63  0.00029828
18  63  0.00026812
19  63  0.00041851
20  63  0.00012567
21  63  0.00018636
22  63  0.00022036
23  63  0.00029655
24  63  0.00019412
25  63  0.00054619
26  63  0.00033550
27  63  0.00032171
28  63  0.00034746
29  63  0.00021517
30  63  0.00015771
31  63  0.00046237
32  63  0.00028255
33  63  0.00036187
34  63  0.00018981
35  63  0.00025911
36  63  0.00014338
37  63  0.00013431
38  63  0.00008193
39  63  0.00021329
40  63  0.00031736
41  63  0.00024661
42  63  0.00018720
43  63  0.00035665
44  63  0.00035892
45  63  0.00037531
46  63  0.00018145
47  63  0.00020341
48  63  0.00011598
49  63  0.00025852
50  63  0.00032089
51  63  0.00011513
52  63  0.00013004
53  63  0.00008411
54  63  0.00016581
55  63  0.00026969
56  63  0.00032379
57  63  0.00029637
58  63  0.00045127
59  63  0.00032385
60  63  0.00035763
61  63  0.00007147
62  63  0.00020084
63  63  0.00063401
