# Spinor density |Psi|^2 at t = 20 seconds
# Grid: 64 x 64
# Columns: x  y  density
0  0  0.00036193
1  0  0.00038897
2  0  0.00041727
3  0  0.00017768
4  0  0.00024618
5  0  0.00021454
6  0  0.00014226
7  0  0.00016979
8  0  0.00081528
9  0  0.00007403
10  0  0.00026315
11  0  0.00031115
12  0  0.00025343
13  0  0.00015749
14  0  0.00030135
15  0  0.00018543
16  0  0.00025529
17  0  0.00012752
18  0  0.00009333
19  0  0.00019482
20  0  0.00012721
21  0  0.00012871
22  0  0.00056291
23  0  0.00014810
24  0  0.00044962
25  0  0.00009870
26  0  0.00011635
27  0  0.00069429
28  0  0.00016608
29  0  0.00041739
30  0  0.00044702
31  0  0.00036903
32  0  0.00018357
33  0  0.00021450
34  0  0.00006504
35  0  0.00042787
36  0  0.00020393
37  0  0.00039037
38  0  0.00055893
39  0  0.00031445
40  0  0.00009196
41  0  0.00008024
42  0  0.00040194
43  0  0.00011156
44  0  0.00035657
45  0  0.00028310
46  0  0.00070683
47  0  0.00024078
48  0  0.00016540
49  0  0.00019807
50  0  0.00036472
51  0  0.00030578
52  0  0.00020599
53  0  0.00011294
54  0  0.00011755
55  0  0.00022240
56  0  0.00020289
57  0  0.00014220
58  0  0.00024644
59  0  0.00014756
60  0  0.00026617
61  0  0.00007966
62  0  0.00020137
63  0  0.00041160
0  1  0.00037191
1  1  0.00010242
2  1  0.00013537
3  1  0.00050991
4  1  0.00013339
5  1  0.00034994
6  1  0.00028304
7  1  0.00029660
8  1  0.00025957
9  1  0.00038632
10  1  0.00012812
11  1  0.00023274
12  1  0.00011605
13  1  0.00022278
14  1  0.00057815
15  1  0.00021686
16  1  0.00016101
17  1  0.00037353
18  1  0.00011774
19  1  0.00013725
20  1  0.00003020
21  1  0.00011872
22  1  0.00022812
23  1  0.00029336
24  1  0.00025220
25  1  0.00025656
26  1  0.00006694
27  1  0.00018500
28  1  0.00015442
29  1  0.00025799
30  1  0.00041788
31  1  0.00009147
32  1  0.00023000
33  1  0.00031887
34  1  0.00019028
35  1  0.00019196
36  1  0.00017371
37  1  0.00030252
38  1  0.00021017
39  1  0.00031270
40  1  0.00020993
41  1  0.00052090
42  1  0.00033132
43  1  0.00012935
44  1  0.00037892
45  1  0.00010226
46  1  0.00011230
47  1  0.00020953
48  1  0.00051445
49  1  0.00008461
50  1  0.00023304
51  1  0.00014848
52  1  0.00029829
53  1  0.00012145
54  1  0.00043643
55  1  0.00007323
56  1  0.00031861
57  1  0.00058544
58  1  0.00016642
59  1  0.00036260
60  1  0.00052458
61  1  0.00018683
62  1  0.00019982
63  1  0.00022714
0  2  0.00017374
1  2  0.00017814
2  2  0.00030566
3  2  0.00039459
4  2  0.00008966
5  2  0.00010166
6  2  0.00021990
7  2  0.00016170
8  2  0.00009325
9  2  0.00029312
10  2  0.00012101
11  2  0.00035545
12  2  0.00039487
13  2  0.00032301
14  2  0.00026990
15  2  0.00035555
16  2  0.00014151
17  2  0.00022105
18  2  0.00015929
19  2  0.00017301
20  2  0.00019638
21  2  0.00036594
22  2  0.00026511
23  2  0.00021040
24  2  0.00016533
25  2  0.00010722
26  2  0.00007391
27  2  0.00008079
28  2  0.00019599
29  2  0.00033196
30  2  0.00019170
31  2  0.00016658
32  2  0.00018269
33  2  0.00013562
34  2  0.00016291
35  2  0.00005036
36  2  0.00031984
37  2  0.00020891
38  2  0.00013323
39  2  0.00008176
40  2  0.00022810
41  2  0.00006254
42  2  0.00029361
43  2  0.00027244
44  2  0.00048990
45  2  0.00018683
46  2  0.00014004
47  2  0.00019705
48  2  0.00022905
49  2  0.00028535
50  2  0.00040296
51  2  0.00025329
52  2  0.00017441
53  2  0.00029424
54  2  0.00007789
55  2  0.00021583
56  2  0.00009842
57  2  0.00019162
58  2  0.00015883
59  2  0.00022156
60  2  0.00018239
61  2  0.00014235
62  2  0.00029088
63  2  0.00039646
0  3  0.00028114
1  3  0.00007090
2  3  0.00023640
3  3  0.00025346
4  3  0.00030660
5  3  0.00021173
6  3  0.00005017
7  3  0.00020855
8  3  0.00008674
9  3  0.00003677
10  3  0.00012796
11  3  0.00033217
12  3  0.00039379
13  3  0.00075425
14  3  0.00013313
15  3  0.00020112
16  3  0.00024955
17  3  0.00027506
18  3  0.00045061
19  3  0.00030454
20  3  0.00032434
21  3  0.00029286
22  3  0.00051330
23  3  0.00017737
24  3  0.00033412
25  3  0.00020602
26  3  0.00016361
27  3  0.00009813
28  3  0.00023392
29  3  0.00057098
30  3  0.00052414
31  3  0.00024679
32  3  0.00015067
33  3  0.00020896
34  3  0.00014261
35  3  0.00015638
36  3  0.00019743
37  3  0.00028968
38  3  0.00008439
39  3  0.00027040
40  3  0.00023932
41  3  0.00033598
42  3  0.00007981
43  3  0.00011006
44  3  0.00022643
45  3  0.00028278
46  3  0.00014348
47  3  0.00036846
48  3  0.00021711
49  3  0.00045068
50  3  0.00025748
51  3  0.00040893
52  3  0.00021849
53  3  0.00009673
54  3  0.00030810
55  3  0.00012928
56  3  0.00036311
57  3  0.00014039
58  3  0.00019955
59  3  0.00055536
60  3  0.00011635
61  3  0.00029573
62  3  0.00016766
63  3  0.00017051
0  4  0.00036663
1  4  0.00012544
2  4  0.00023310
3  4  0.00006300
4  4  0.00008911
5  4  0.00020817
6  4  0.00014079
7  4  0.00017864
8  4  0.00021898
9  4  0.00035191
10  4  0.00026604
11  4  0.00010369
12  4  0.00013055
13  4  0.00050521
14  4  0.00012387
15  4  0.00013395
16  4  0.00025945
17  4  0.00012484
18  4  0.00016269
19  4  0.00014838
20  4  0.00007673
21  4  0.00030788
22  4  0.00008260
23  4  0.00018403
24  4  0.00037416
25  4  0.00036245
26  4  0.00024192
27  4  0.00009480
28  4  0.00034343
29  4  0.00030799
30  4  0.00017290
31  4  0.00004942
32  4  0.00029732
33  4  0.00024167
34  4  0.00019639
35  4  0.00022040
36  4  0.00010532
37  4  0.00013242
38  4  0.00018595
39  4  0.00023907
40  4  0.00007515
41  4  0.00045016
42  4  0.00041180
43  4  0.00044415
44  4  0.00013675
45  4  0.00046451
46  4  0.00020884
47  4  0.00009429
48  4  0.00032860
49  4  0.00020174
50  4  0.00018897
51  4  0.00028253
52  4  0.00040742
53  4  0.00010967
54  4  0.00016476
55  4  0.00013978
56  4  0.00053178
57  4  0.00016797
58  4  0.00013096
59  4  0.00021875
60  4  0.00006775
61  4  0.00026589
62  4  0.00029352
63  4  0.00021205
0  5  0.00021929
1  5  0.00006499
2  5  0.00059196
3  5  0.00013656
4  5  0.00012263
5  5  0.00023822
6  5  0.00032189
7  5  0.00017166
8  5  0.00024815
9  5  0.00012479
10  5  0.00022700
11  5  0.00019105
12  5  0.00013791
13  5  0.00022781
14  5  0.00051972
15  5  0.00009577
16  5  0.00041210
17  5  0.00029374
18  5  0.00016096
19  5  0.00052549
20  5  0.00036503
21  5  0.00032302
22  5  0.00037864
23  5  0.00022939
24  5  0.00021595
25  5  0.00026317
26  5  0.00035150
27  5  0.00017938
28  5  0.00022567
29  5  0.00016687
30  5  0.00016793
31  5  0.00029418
32  5  0.00017370
33  5  0.00023521
34  5  0.00026297
35  5  0.00008445
36  5  0.00034130
37  5  0.00015872
38  5  0.00033713
39  5  0.00013238
40  5  0.00018536
41  5  0.00007928
42  5  0.00026715
43  5  0.00012778
44  5  0.00011188
45  5  0.00034348
46  5  0.00030852
47  5  0.00029671
48  5  0.00023626
49  5  0.00031161
50  5  0.00027621
51  5  0.00010531
52  5  0.00019748
53  5  0.00014032
54  5  0.00021546
55  5  0.00047814
56  5  0.00031815
57  5  0.00017477
58  5  0.00028351
59  5  0.00027849
60  5  0.00015873
61  5  0.00004444
62  5  0.00039360
63  5  0.00045091
0  6  0.00014979
1  6  0.00026995
2  6  0.00057025
3  6  0.00016909
4  6  0.00011720
5  6  0.00008001
6  6  0.00016772
7  6  0.00026246
8  6  0.00022365
9  6  0.00020468
10  6  0.00025650
11  6  0.00012259
12  6  0.00025646
13  6  0.00015856
14  6  0.00017849
15  6  0.00021546
16  6  0.00012517
17  6  0.00021682
18  6  0.00011406
19  6  0.00016216
20  6  0.00025003
21  6  0.00014474
22  6  0.00020250
23  6  0.00019749
24  6  0.00020414
25  6  0.00019189
26  6  0.00072941
27  6  0.00020289
28  6  0.00024556
29  6  0.00020141
30  6  0.00019972
31  6  0.00014169
32  6  0.00014220
33  6  0.00032859
34  6  0.00021545
35  6  0.00041317
36  6  0.00024795
37  6  0.00032169
38  6  0.00007508
39  6  0.00018119
40  6  0.00042667
41  6  0.00018909
42  6  0.00025922
43  6  0.00030724
44  6  0.00011001
45  6  0.00007931
46  6  0.00025759
47  6  0.00028118
48  6  0.00008428
49  6  0.00058514
50  6  0.00009576
51  6  0.00040665
52  6  0.00013699
53  6  0.00020181
54  6  0.00019795
55  6  0.00051700
56  6  0.00028553
57  6  0.00011475
58  6  0.00025318
59  6  0.00055671
60  6  0.00008840
61  6  0.00048555
62  6  0.00010838
63  6  0.00025695
0  7  0.00014595
1  7  0.00021787
2  7  0.00017600
3  7  0.00025967
4  7  0.00013204
5  7  0.00010388
6  7  0.00024526
7  7  0.00019249
8  7  0.00029156
9  7  0.00025127
10  7  0.00017199
11  7  0.00031775
12  7  0.00013865
13  7  0.00056284
14  7  0.00028100
15  7  0.00028425
16  7  0.00042513
17  7  0.00032805
18  7  0.00039940
19  7  0.00055887
20  7  0.00014533
21  7  0.00014181
22  7  0.00019228
23  7  0.00024358
24  7  0.00022330
25  7  0.00020980
26  7  0.00019980
27  7  0.00043066
28  7  0.00019573
29  7  0.00020077
30  7  0.00008541
31  7  0.00009774
32  7  0.00031083
33  7  0.00015522
34  7  0.00020303
35  7  0.00022118
36  7  0.00006348
37  7  0.00005883
38  7  0.00020844
39  7  0.00021777
40  7  0.00016009
41  7  0.00024295
42  7  0.00052337
43  7  0.00018606
44  7  0.00029970
45  7  0.00024211
46  7  0.00013710
47  7  0.00016974
48  7  0.00024174
49  7  0.00014403
50  7  0.00010123
51  7  0.00031541
52  7  0.00034304
53  7  0.00030351
54  7  0.00022583
55  7  0.00037271
56  7  0.00030744
57  7  0.00010720
58  7  0.00014307
59  7  0.00048556
60  7  0.00019197
61  7  0.00033096
62  7  0.00022573
63  7  0.00025146
0  8  0.00026426
1  8  0.00016636
2  8  0.00020202
3  8  0.00039121
4  8  0.00044887
5  8  0.00004769
6  8  0.00020025
7  8  0.00018203
8  8  0.00023235
9  8  0.00017286
10  8  0.00018121
11  8  0.00021561
12  8  0.00014436
13  8  0.00025694
14  8  0.00033841
15  8  0.00033453
16  8  0.00022210
17  8  0.00016121
18  8  0.00034157
19  8  0.00023586
20  8  0.00042798
21  8  0.00053724
22  8  0.00014029
23  8  0.00025210
24  8  0.00043711
25  8  0.00011589
26  8  0.00028018
27  8  0.00039344
28  8  0.00010667
29  8  0.00004862
30  8  0.00008145
31  8  0.00019082
32  8  0.00022300
33  8  0.00048164
34  8  0.00022682
35  8  0.00033865
36  8  0.00064191
37  8  0.00011044
38  8  0.00019372
39  8  0.00010030
40  8  0.00025541
41  8  0.00022459
42  8  0.00011885
43  8  0.00015223
44  8  0.00017726
45  8  0.00013839
46  8  0.00021188
47  8  0.00011188
48  8  0.00029681
49  8  0.00057342
50  8  0.00025293
51  8  0.00013711
52  8  0.00007680
53  8  0.00006187
54  8  0.00025550
55  8  0.00046705
56  8  0.00077520
57  8  0.00014661
58  8  0.00018519
59  8  0.00018564
60  8  0.00013637
61  8  0.00022254
62  8  0.00022395
63  8  0.00028659
0  9  0.00029548
1  9  0.00020467
2  9  0.00023117
3  9  0.00022222
4  9  0.00024778
5  9  0.00008009
6  9  0.00012995
7  9  0.00031084
8  9  0.00018816
9  9  0.00025922
10  9  0.00022065
11  9  0.00019232
12  9  0.00024927
13  9  0.00009786
14  9  0.00030585
15  9  0.00026797
16  9  0.00021174
17  9  0.00041544
18  9  0.00012098
19  9  0.00029801
20  9  0.00025039
21  9  0.00030913
22  9  0.00043684
23  9  0.00037542
24  9  0.00029964
25  9  0.00013894
26  9  0.00023987
27  9  0.00001575
28  9  0.00032862
29  9  0.00033635
30  9  0.00023598
31  9  0.00021725
32  9  0.00009700
33  9  0.00023050
34  9  0.00062474
35  9  0.00016155
36  9  0.00025920
37  9  0.00012275
38  9  0.00033037
39  9  0.00029318
40  9  0.00008403
41  9  0.00033210
42  9  0.00026550
43  9  0.00025255
44  9  0.00040771
45  9  0.00034855
46  9  0.00014022
47  9  0.00027850
48  9  0.00013286
49  9  0.00029103
50  9  0.00022538
51  9  0.00013343
52  9  0.00012358
53  9  0.00022992
54  9  0.00021890
55  9  0.00020917
56  9  0.00030711
57  9  0.00014818
58  9  0.00030521
59  9  0.00027164
60  9  0.00015760
61  9  0.00021075
62  9  0.00034811
63  9  0.00013086
0  10  0.00020118
1  10  0.00015734
2  10  0.00029874
3  10  0.00021131
4  10  0.00020098
5  10  0.00010907
6  10  0.00027643
7  10  0.00008219
8  10  0.00017740
9  10  0.00017098
10  10  0.00035942
11  10  0.00029260
12  10  0.00018429
13  10  0.00010325
14  10  0.00003885
15  10  0.00013714
16  10  0.00024057
17  10  0.00011622
18  10  0.00030584
19  10  0.00021019
20  10  0.00019831
21  10  0.00012149
22  10  0.00031225
23  10  0.00024576
24  10  0.00022199
25  10  0.00011844
26  10  0.00038498
27  10  0.00014620
28  10  0.00022690
29  10  0.00022820
30  10  0.00029700
31  10  0.00018978
32  10  0.00031617
33  10  0.00030822
34  10  0.00017462
35  10  0.00017449
36  10  0.00020993
37  10  0.00037047
38  10  0.00010058
39  10  0.00014481
40  10  0.00023949
41  10  0.00021468
42  10  0.00011626
43  10  0.00054335
44  10  0.00038139
45  10  0.00023936
46  10  0.00038380
47  10  0.00010331
48  10  0.00018738
49  10  0.00017913
50  10  0.00018897
51  10  0.00020732
52  10  0.00025598
53  10  0.00013143
54  10  0.00021378
55  10  0.00033861
56  10  0.00017251
57  10  0.00023628
58  10  0.00036315
59  10  0.00022919
60  10  0.00021864
61  10  0.00014784
62  10  0.00026035
63  10  0.00024449
0  11  0.00020035
1  11  0.00016860
2  11  0.00023123
3  11  0.00003614
4  11  0.00015683
5  11  0.00026485
6  11  0.00046305
7  11  0.00010666
8  11  0.00075674
9  11  0.00032976
10  11  0.00016511
11  11  0.00019593
12  11  0.00018170
13  11  0.00048319
14  11  0.00056015
15  11  0.00036219
16  11  0.00014223
17  11  0.00026830
18  11  0.00013054
19  11  0.00018401
20  11  0.00014177
21  11  0.00027056
22  11  0.00017167
23  11  0.00041603
24  11  0.00019833
25  11  0.00031702
26  11  0.00015914
27  11  0.00012623
28  11  0.00008285
29  11  0.00015819
30  11  0.00015355
31  11  0.00012168
32  11  0.00019567
33  11  0.00016177
34  11  0.00016594
35  11  0.00027701
36  11  0.00047307
37  11  0.00054399
38  11  0.00015303
39  11  0.00038180
40  11  0.00009359
41  11  0.00017194
42  11  0.00034268
43  11  0.00007476
44  11  0.00007297
45  11  0.00016435
46  11  0.00024629
47  11  0.00056443
48  11  0.00022689
49  11  0.00008366
50  11  0.00009867
51  11  0.00020227
52  11  0.00015071
53  11  0.00023295
54  11  0.00011154
55  11  0.00016914
56  11  0.00021449
57  11  0.00025572
58  11  0.00028484
59  11  0.00023123
60  11  0.00043811
61  11  0.00010248
62  11  0.00007345
63  11  0.00028879
0  12  0.00025864
1  12  0.00034775
2  12  0.00014199
3  12  0.00019317
4  12  0.00022217
5  12  0.00009764
6  12  0.00063691
7  12  0.00007654
8  12  0.00016681
9  12  0.00042164
10  12  0.00011370
11  12  0.00016627
12  12  0.00011391
13  12  0.00018590
14  12  0.00031118
15  12  0.00036016
16  12  0.00038981
17  12  0.00005844
18  12  0.00026994
19  12  0.00031129
20  12  0.00018406
21  12  0.00014787
22  12  0.00011683
23  12  0.00022719
24  12  0.00011005
25  12  0.00039138
26  12  0.00026468
27  12  0.00007440
28  12  0.00036819
29  12  0.00053326
30  12  0.00011854
31  12  0.00050844
32  12  0.00019272
33  12  0.00018537
34  12  0.00011771
35  12  0.00045198
36  12  0.00008858
37  12  0.00011350
38  12  0.00031093
39  12  0.00019803
40  12  0.00016351
41  12  0.00021688
42  12  0.00034969
43  12  0.00023589
44  12  0.00038031
45  12  0.00002539
46  12  0.00039813
47  12  0.00020402
48  12  0.00011373
49  12  0.00021093
50  12  0.00019509
51  12  0.00013177
52  12  0.00037608
53  12  0.00018021
54  12  0.00040946
55  12  0.00028205
56  12  0.00031619
57  12  0.00034006
58  12  0.00028839
59  12  0.00035532
60  12  0.00062236
61  12  0.00015414
62  12  0.00035049
63  12  0.00020140
0  13  0.00016281
1  13  0.00018796
2  13  0.00022301
3  13  0.00020547
4  13  0.00010845
5  13  0.00034795
6  13  0.00023194
7  13  0.00030280
8  13  0.00014965
9  13  0.00011318
10  13  0.00014496
11  13  0.00025418
12  13  0.00038636
13  13  0.00009558
14  13  0.00003743
15  13  0.00037832
16  13  0.00017704
17  13  0.00007521
18  13  0.00008962
19  13  0.00019507
20  13  0.00025789
21  13  0.00022358
22  13  0.00010914
23  13  0.00030737
24  13  0.00022046
25  13  0.00024077
26  13  0.00009403
27  13  0.00020909
28  13  0.00021396
29  13  0.00030425
30  13  0.00044096
31  13  0.00010559
32  13  0.00036552
33  13  0.00056396
34  13  0.00047107
35  13  0.00011288
36  13  0.00027656
37  13  0.00015947
38  13  0.00021821
39  13  0.00009702
40  13  0.00012305
41  13  0.00015527
42  13  0.00049436
43  13  0.00011324
44  13  0.00020277
45  13  0.00037308
46  13  0.00030832
47  13  0.00041770
48  13  0.00014168
49  13  0.00035824
50  13  0.00008862
51  13  0.00029125
52  13  0.00023953
53  13  0.00023679
54  13  0.00016432
55  13  0.00026193
56  13  0.00041750
57  13  0.00010882
58  13  0.00007587
59  13  0.00035660
60  13  0.00014252
61  13  0.00014520
62  13  0.00035233
63  13  0.00023017
0  14  0.00037048
1  14  0.00030855
2  14  0.00011472
3  14  0.00013598
4  14  0.00005573
5  14  0.00014612
6  14  0.00013684
7  14  0.00037779
8  14  0.00053260
9  14  0.00020285
10  14  0.00016016
11  14  0.00009405
12  14  0.00055656
13  14  0.00010252
14  14  0.00010895
15  14  0.00018710
16  14  0.00017708
17  14  0.00013280
18  14  0.00018556
19  14  0.00005853
20  14  0.00007522
21  14  0.00020616
22  14  0.00013896
23  14  0.00025568
24  14  0.00036386
25  14  0.00028869
26  14  0.00017416
27  14  0.00025468
28  14  0.00019145
29  14  0.00046438
30  14  0.00008162
31  14  0.00029180
32  14  0.00015763
33  14  0.00017990
34  14  0.00024174
35  14  0.00009822
36  14  0.00031944
37  14  0.00010336
38  14  0.00017327
39  14  0.00025512
40  14  0.00028943
41  14  0.00030297
42  14  0.00018882
43  14  0.00025105
44  14  0.00025793
45  14  0.00019343
46  14  0.00016294
47  14  0.00047591
48  14  0.00030264
49  14  0.00002895
50  14  0.00015074
51  14  0.00010105
52  14  0.00012276
53  14  0.00043733
54  14  0.00029535
55  14  0.00024224
56  14  0.00033682
57  14  0.00027201
58  14  0.00055443
59  14  0.00015079
60  14  0.00014474
61  14  0.00044054
62  14  0.00017904
63  14  0.00021045
0  15  0.00018201
1  15  0.00015080
2  15  0.00021240
3  15  0.00021775
4  15  0.00015787
5  15  0.00017484
6  15  0.00028637
7  15  0.00021746
8  15  0.00026463
9  15  0.00026869
10  15  0.00016335
11  15  0.00046505
12  15  0.00021739
13  15  0.00040397
14  15  0.00017352
15  15  0.00015551
16  15  0.00021750
17  15  0.00033271
18  15  0.00023068
19  15  0.00031087
20  15  0.00030506
21  15  0.00023244
22  15  0.00015597
23  15  0.00011265
24  15  0.00019086
25  15  0.00026264
26  15  0.00024891
27  15  0.00040187
28  15  0.00018620
29  15  0.00013133
30  15  0.00020716
31  15  0.00027230
32  15  0.00014726
33  15  0.00007974
34  15  0.00014018
35  15  0.00023657
36  15  0.00028795
37  15  0.00020220
38  15  0.00028954
39  15  0.00034662
40  15  0.00014504
41  15  0.00034522
42  15  0.00033289
43  15  0.00009596
44  15  0.00020723
45  15  0.00018558
46  15  0.00025822
47  15  0.00025943
48  15  0.00020157
49  15  0.00025790
50  15  0.00012182
51  15  0.00009817
52  15  0.00031497
53  15  0.00021806
54  15  0.00030654
55  15  0.00006300
56  15  0.00002421
57  15  0.00015310
58  15  0.00079908
59  15  0.00031487
60  15  0.00020087
61  15  0.00017474
62  15  0.00027409
63  15  0.00029242
0  16  0.00033045
1  16  0.00023756
2  16  0.00013179
3  16  0.00018304
4  16  0.00010867
5  16  0.00028274
6  16  0.00009302
7  16  0.00045963
8  16  0.00054067
9  16  0.00025656
10  16  0.00013009
11  16  0.00049756
12  16  0.00025387
13  16  0.00057666
14  16  0.00008507
15  16  0.00031390
16  16  0.00008136
17  16  0.00045487
18  16  0.00006775
19  16  0.00032922
20  16  0.00011195
21  16  0.00017145
22  16  0.00013460
23  16  0.00013073
24  16  0.00021300
25  16  0.00024354
26  16  0.00010667
27  16  0.00013982
28  16  0.00063505
29  16  0.00025868
30  16  0.00021940
31  16  0.00021759
32  16  0.00029886
33  16  0.00027853
34  16  0.00016072
35  16  0.00008838
36  16  0.00011016
37  16  0.00028441
38  16  0.00017315
39  16  0.00021650
40  16  0.00026651
41  16  0.00016615
42  16  0.00013637
43  16  0.00021123
44  16  0.00038643
45  16  0.00011082
46  16  0.00021640
47  16  0.00054880
48  16  0.00021256
49  16  0.00021374
50  16  0.00024916
51  16  0.00018832
52  16  0.00027119
53  16  0.00017271
54  16  0.00020051
55  16  0.00025791
56  16  0.00016072
57  16  0.00010093
58  16  0.00024749
59  16  0.00027921
60  16  0.00022202
61  16  0.00018690
62  16  0.00012118
63  16  0.00013106
0  17  0.00042840
1  17  0.00009783
2  17  0.00017008
3  17  0.00017057
4  17  0.00049290
5  17  0.00036383
6  17  0.00028359
7  17  0.00003500
8  17  0.00016347
9  17  0.00020525
10  17  0.00013694
11  17  0.00011485
12  17  0.00015090
13  17  0.00014865
14  17  0.00017402
15  17  0.00010880
16  17  0.00011313
17  17  0.00010992
18  17  0.00042899
19  17  0.00032062
20  17  0.00018539
21  17  0.00019010
22  17  0.00015344
23  17  0.00017620
24  17  0.00007468
25  17  0.00029988
26  17  0.00011586
27  17  0.00026161
28  17  0.00020360
29  17  0.00021197
30  17  0.00010591
31  17  0.00014402
32  17  0.00016745
33  17  0.00040956
34  17  0.00022963
35  17  0.00008288
36  17  0.00027936
37  17  0.00034741
38  17  0.00023103
39  17  0.00022606
40  17  0.00028861
41  17  0.00031622
42  17  0.00026285
43  17  0.00030028
44  17  0.00012249
45  17  0.00034703
46  17  0.00024183
47  17  0.00008791
48  17  0.00034787
49  17  0.00027547
50  17  0.00020523
51  17  0.00027350
52  17  0.00032832
53  17  0.00020999
54  17  0.00028891
55  17  0.00069140
56  17  0.00030334
57  17  0.00021390
58  17  0.00011191
59  17  0.00011528
60  17  0.00011945
61  17  0.00019934
62  17  0.00015447
63  17  0.00014177
0  18  0.00010080
1  18  0.00016063
2  18  0.00037477
3  18  0.00039558
4  18  0.00032875
5  18  0.00034224
6  18  0.00006497
7  18  0.00019335
8  18  0.00030014
9  18  0.00014461
10  18  0.00020926
11  18  0.00017280
12  18  0.00051923
13  18  0.00041125
14  18  0.00017843
15  18  0.00024168
16  18  0.00034418
17  18  0.00014968
18  18  0.00016804
19  18  0.00013525
20  18  0.00015137
21  18  0.00005181
22  18  0.00019966
23  18  0.00017953
24  18  0.00007575
25  18  0.00008538
26  18  0.00021183
27  18  0.00035728
28  18  0.00006485
29  18  0.00044023
30  18  0.00005256
31  18  0.00060358
32  18  0.00033343
33  18  0.00017865
34  18  0.00013370
35  18  0.00043756
36  18  0.00019759
37  18  0.00030644
38  18  0.00035764
39  18  0.00030751
40  18  0.00024306
41  18  0.00013537
42  18  0.00036556
43  18  0.00012018
44  18  0.00012329
45  18  0.00055441
46  18  0.00014737
47  18  0.00024108
48  18  0.00006169
49  18  0.00025780
50  18  0.00025358
51  18  0.00010874
52  18  0.00018950
53  18  0.00017374
54  18  0.00016594
55  18  0.00044870
56  18  0.00018672
57  18  0.00019366
58  18  0.00030338
59  18  0.00014838
60  18  0.00032732
61  18  0.00018107
62  18  0.00014644
63  18  0.00021954
0  19  0.00014263
1  19  0.00022800
2  19  0.00021779
3  19  0.00039984
4  19  0.00007580
5  19  0.00016634
6  19  0.00029088
7  19  0.00034924
8  19  0.00015138
9  19  0.00011035
10  19  0.00035223
11  19  0.00035020
12  19  0.00018580
13  19  0.00016128
14  19  0.00010295
15  19  0.00026871
16  19  0.00017632
17  19  0.00017288
18  19  0.00028000
19  19  0.00007963
20  19  0.00043402
21  19  0.00024700
22  19  0.00011599
23  19  0.00036176
24  19  0.00014003
25  19  0.00014698
26  19  0.00033389
27  19  0.00013553
28  19  0.00004081
29  19  0.00038116
30  19  0.00033145
31  19  0.00010353
32  19  0.00026834
33  19  0.00024714
34  19  0.00048484
35  19  0.00026343
36  19  0.00016690
37  19  0.00023472
38  19  0.00031268
39  19  0.00012706
40  19  0.00028650
41  19  0.00015604
42  19  0.00065168
43  19  0.00026999
44  19  0.00032447
45  19  0.00018752
46  19  0.00024162
47  19  0.00026934
48  19  0.00028201
49  19  0.00029029
50  19  0.00030622
51  19  0.00019420
52  19  0.00017611
53  19  0.00019411
54  19  0.00022449
55  19  0.00010291
56  19  0.00033092
57  19  0.00019404
58  19  0.00006506
59  19  0.00017800
60  19  0.00012551
61  19  0.00025082
62  19  0.00088470
63  19  0.00023420
0  20  0.00042173
1  20  0.00022415
2  20  0.00053394
3  20  0.00026600
4  20  0.00022800
5  20  0.00025220
6  20  0.00015106
7  20  0.00030295
8  20  0.00014620
9  20  0.00029587
10  20  0.00015168
11  20  0.00029077
12  20  0.00026967
13  20  0.00011906
14  20  0.00022354
15  20  0.00006616
16  20  0.00022835
17  20  0.00019234
18  20  0.00030523
19  20  0.00007036
20  20  0.00034670
21  20  0.00036953
22  20  0.00017773
23  20  0.00028520
24  20  0.00020213
25  20  0.00021695
26  20  0.00006929
27  20  0.00019448
28  20  0.00024903
29  20  0.00016072
30  20  0.00038673
31  20  0.00023155
32  20  0.00014388
33  20  0.00026217
34  20  0.00015258
35  20  0.00022709
36  20  0.00041692
37  20  0.00009010
38  20  0.00029910
39  20  0.00022225
40  20  0.00020113
41  20  0.00026844
42  20  0.00019421
43  20  0.00025238
44  20  0.00031590
45  20  0.00032428
46  20  0.00024836
47  20  0.00033098
48  20  0.00025170
49  20  0.00030841
50  20  0.00008850
51  20  0.00013707
52  20  0.00038925
53  20  0.00020746
54  20  0.00010884
55  20  0.00027878
56  20  0.00021785
57  20  0.00011183
58  20  0.00012553
59  20  0.00028459
60  20  0.00024985
61  20  0.00027224
62  20  0.00064361
63  20  0.00021364
0  21  0.00040216
1  21  0.00031618
2  21  0.00007680
3  21  0.00021850
4  21  0.00014559
5  21  0.00040432
6  21  0.00021954
7  21  0.00032727
8  21  0.00018161
9  21  0.00029620
10  21  0.00032133
11  21  0.00016675
12  21  0.00010764
13  21  0.00017964
14  21  0.00042020
15  21  0.00023209
16  21  0.00033620
17  21  0.00012635
18  21  0.00010249
19  21  0.00024320
20  21  0.00034353
21  21  0.00006392
22  21  0.00013771
23  21  0.00026052
24  21  0.00034909
25  21  0.00027243
26  21  0.00022252
27  21  0.00021830
28  21  0.00012770
29  21  0.00023747
30  21  0.00020559
31  21  0.00026364
32  21  0.00018011
33  21  0.00029357
34  21  0.00053378
35  21  0.00017998
36  21  0.00038449
37  21  0.00017169
38  21  0.00044651
39  21  0.00012341
40  21  0.00010754
41  21  0.00036492
42  21  0.00038477
43  21  0.00029112
44  21  0.00021792
45  21  0.00041401
46  21  0.00033585
47  21  0.00028247
48  21  0.00049101
49  21  0.00027819
50  21  0.00026757
51  21  0.00037554
52  21  0.00019139
53  21  0.00024447
54  21  0.00016974
55  21  0.00020624
56  21  0.00024096
57  21  0.00016117
58  21  0.00025346
59  21  0.00041087
60  21  0.00009768
61  21  0.00020763
62  21  0.00021434
63  21  0.00005627
0  22  0.00009673
1  22  0.00033485
2  22  0.00019532
3  22  0.00037569
4  22  0.00032725
5  22  0.00044471
6  22  0.00027861
7  22  0.00020037
8  22  0.00018877
9  22  0.00015433
10  22  0.00021068
11  22  0.00060692
12  22  0.00015144
13  22  0.00026232
14  22  0.00011926
15  22  0.00013830
16  22  0.00022299
17  22  0.00030025
18  22  0.00029855
19  22  0.00038266
20  22  0.00026647
21  22  0.00032913
22  22  0.00038794
23  22  0.00008240
24  22  0.00030252
25  22  0.00018806
26  22  0.00019538
27  22  0.00014025
28  22  0.00036570
29  22  0.00018733
30  22  0.00040765
31  22  0.00018514
32  22  0.00015026
33  22  0.00016330
34  22  0.00019742
35  22  0.00018403
36  22  0.00034899
37  22  0.00014936
38  22  0.00038480
39  22  0.00054068
40  22  0.00014601
41  22  0.00025616
42  22  0.00006713
43  22  0.00030618
44  22  0.00029218
45  22  0.00016697
46  22  0.00032867
47  22  0.00018664
48  22  0.00014123
49  22  0.00021159
50  22  0.00023946
51  22  0.00039651
52  22  0.00034939
53  22  0.00034227
54  22  0.00026134
55  22  0.00019682
56  22  0.00011687
57  22  0.00017010
58  22  0.00017557
59  22  0.00011190
60  22  0.00030584
61  22  0.00027352
62  22  0.00034900
63  22  0.00020509
0  23  0.00027139
1  23  0.00053825
2  23  0.00009977
3  23  0.00009293
4  23  0.00035956
5  23  0.00016215
6  23  0.00023210
7  23  0.00036685
8  23  0.00008166
9  23  0.00010069
10  23  0.00028140
11  23  0.00006277
12  23  0.00018523
13  23  0.00016108
14  23  0.00048788
15  23  0.00022375
16  23  0.00032190
17  23  0.00011021
18  23  0.00020216
19  23  0.00039161
20  23  0.00024592
21  23  0.00026934
22  23  0.00011622
23  23  0.00011081
24  23  0.00008773
25  23  0.00021788
26  23  0.00019563
27  23  0.00019702
28  23  0.00016215
29  23  0.00040923
30  23  0.00037730
31  23  0.00014052
32  23  0.00049249
33  23  0.00040195
34  23  0.00009452
35  23  0.00026592
36  23  0.00031074
37  23  0.00031827
38  23  0.00016034
39  23  0.00027278
40  23  0.00017314
41  23  0.00042593
42  23  0.00015397
43  23  0.00030846
44  23  0.00025033
45  23  0.00029305
46  23  0.00034249
47  23  0.00019860
48  23  0.00040700
49  23  0.00038980
50  23  0.00010674
51  23  0.00009557
52  23  0.00022601
53  23  0.00018322
54  23  0.00020973
55  23  0.00035780
56  23  0.00009132
57  23  0.00026817
58  23  0.00015059
59  23  0.00016062
60  23  0.00035437
61  23  0.00037737
62  23  0.00032058
63  23  0.00010537
0  24  0.00027880
1  24  0.00028253
2  24  0.00023280
3  24  0.00013148
4  24  0.00038162
5  24  0.00028682
6  24  0.00013755
7  24  0.00028809
8  24  0.00022016
9  24  0.00004892
10  24  0.00016300
11  24  0.00028698
12  24  0.00016960
13  24  0.00019343
14  24  0.00019408
15  24  0.00017894
16  24  0.00024693
17  24  0.00006035
18  24  0.00016990
19  24  0.00014893
20  24  0.00027781
21  24  0.00015215
22  24  0.00022079
23  24  0.00036185
24  24  0.00046553
25  24  0.00025954
26  24  0.00028396
27  24  0.00014255
28  24  0.00035282
29  24  0.00016550
30  24  0.00018754
31  24  0.00008035
32  24  0.00023864
33  24  0.00030380
34  24  0.00021789
35  24  0.00019704
36  24  0.00012739
37  24  0.00057798
38  24  0.00032693
39  24  0.00045210
40  24  0.00013171
41  24  0.00016992
42  24  0.00032207
43  24  0.00015663
44  24  0.00041651
45  24  0.00043468
46  24  0.00026205
47  24  0.00026196
48  24  0.00019548
49  24  0.00030939
50  24  0.00013559
51  24  0.00022680
52  24  0.00017945
53  24  0.00015539
54  24  0.00047356
55  24  0.00075031
56  24  0.00022567
57  24  0.00030779
58  24  0.00024028
59  24  0.00024504
60  24  0.00034836
61  24  0.00042303
62  24  0.00023155
63  24  0.00019936
0  25  0.00028386
1  25  0.00039200
2  25  0.00018351
3  25  0.00013622
4  25  0.00018225
5  25  0.00064700
6  25  0.00009698
7  25  0.00030615
8  25  0.00043068
9  25  0.00017965
10  25  0.00028836
11  25  0.00040321
12  25  0.00026585
13  25  0.00028477
14  25  0.00009166
15  25  0.00035973
16  25  0.00022798
17  25  0.00016840
18  25  0.00024455
19  25  0.00042290
20  25  0.00022326
21  25  0.00065474
22  25  0.00040612
23  25  0.00042172
24  25  0.00026451
25  25  0.00010946
26  25  0.00053570
27  25  0.00010296
28  25  0.00020041
29  25  0.00028310
30  25  0.00018229
31  25  0.00017439
32  25  0.00034922
33  25  0.00018875
34  25  0.00029748
35  25  0.00023552
36  25  0.00034663
37  25  0.00033957
38  25  0.00041171
39  25  0.00012145
40  25  0.00027001
41  25  0.00042072
42  25  0.00011576
43  25  0.00030569
44  25  0.00008963
45  25  0.00015659
46  25  0.00019109
47  25  0.00054797
48  25  0.00039176
49  25  0.00041086
50  25  0.00026445
51  25  0.00035616
52  25  0.00019180
53  25  0.00053635
54  25  0.00007247
55  25  0.00017882
56  25  0.00015573
57  25  0.00018799
58  25  0.00042757
59  25  0.00030285
60  25  0.00052964
61  25  0.00036337
62  25  0.00047947
63  25  0.00043069
0  26  0.00013935
1  26  0.00038973
2  26  0.00045682
3  26  0.00028574
4  26  0.00024415
5  26  0.00011854
6  26  0.00019666
7  26  0.00012768
8  26  0.00007064
9  26  0.00022814
10  26  0.00003714
11  26  0.00010016
12  26  0.00011251
13  26  0.00014275
14  26  0.00013532
15  26  0.00017371
16  26  0.00017574
17  26  0.00021585
18  26  0.00038992
19  26  0.00013928
20  26  0.00029232
21  26  0.00025632
22  26  0.00024818
23  26  0.00015928
24  26  0.00060245
25  26  0.00024027
26  26  0.00029900
27  26  0.00018644
28  26  0.00017936
29  26  0.00017482
30  26  0.00013267
31  26  0.00036278
32  26  0.00018835
33  26  0.00033477
34  26  0.00010856
35  26  0.00038329
36  26  0.00016639
37  26  0.00017532
38  26  0.00015469
39  26  0.00014732
40  26  0.00027725
41  26  0.00025659
42  26  0.00021026
43  26  0.00013801
44  26  0.00009758
45  26  0.00030661
46  26  0.00012974
47  26  0.00026496
48  26  0.00008593
49  26  0.00023350
50  26  0.00037207
51  26  0.00026215
52  26  0.00034332
53  26  0.00008866
54  26  0.00018488
55  26  0.00019249
56  26  0.00072356
57  26  0.00015158
58  26  0.00039881
59  26  0.00015976
60  26  0.00024569
61  26  0.00036827
62  26  0.00052174
63  26  0.00033081
0  27  0.00021801
1  27  0.00021710
2  27  0.00069872
3  27  0.00017150
4  27  0.00035187
5  27  0.00022509
6  27  0.00028197
7  27  0.00025736
8  27  0.00023233
9  27  0.00016207
10  27  0.00021167
11  27  0.00033089
12  27  0.00023660
13  27  0.00032605
14  27  0.00018798
15  27  0.00029516
16  27  0.00021917
17  27  0.00016456
18  27  0.00015383
19  27  0.00020502
20  27  0.00021020
21  27  0.00060720
22  27  0.00004852
23  27  0.00032825
24  27  0.00023882
25  27  0.00007938
26  27  0.00013111
27  27  0.00028118
28  27  0.00009313
29  27  0.00019263
30  27  0.00015637
31  27  0.00028493
32  27  0.00040445
33  27  0.00022717
34  27  0.00013585
35  27  0.00025075
36  27  0.00028838
37  27  0.00020218
38  27  0.00022186
39  27  0.00011195
40  27  0.00031658
41  27  0.00015431
42  27  0.00033191
43  27  0.00035966
44  27  0.00042888
45  27  0.00036242
46  27  0.00023993
47  27  0.00030618
48  27  0.00025398
49  27  0.00035084
50  27  0.00026777
51  27  0.00021957
52  27  0.00057040
53  27  0.00028905
54  27  0.00008330
55  27  0.00026134
56  27  0.00014023
57  27  0.00014545
58  27  0.00033012
59  27  0.00007442
60  27  0.00020946
61  27  0.00013900
62  27  0.00032877
63  27  0.00021271
0  28  0.00016159
1  28  0.00018356
2  28  0.00028357
3  28  0.00011735
4  28  0.00012908
5  28  0.00045881
6  28  0.00018249
7  28  0.00050019
8  28  0.00020331
9  28  0.00028164
10  28  0.00020292
11  28  0.00049480
12  28  0.00030464
13  28  0.00055623
14  28  0.00044543
15  28  0.00016306
16  28  0.00047054
17  28  0.00008385
18  28  0.00019405
19  28  0.00018116
20  28  0.00019166
21  28  0.00042130
22  28  0.00021580
23  28  0.00015101
24  28  0.00016783
25  28  0.00009918
26  28  0.00027948
27  28  0.00016011
28  28  0.00047225
29  28  0.00049674
30  28  0.00019062
31  28  0.00030816
32  28  0.00015873
33  28  0.00025741
34  28  0.00040073
35  28  0.00036573
36  28  0.00016942
37  28  0.00017899
38  28  0.00043753
39  28  0.00018056
40  28  0.00010521
41  28  0.00016264
42  28  0.00032391
43  28  0.00031778
44  28  0.00041774
45  28  0.00015799
46  28  0.00021298
47  28  0.00018453
48  28  0.00015916
49  28  0.00021712
50  28  0.00026055
51  28  0.00064551
52  28  0.00029585
53  28  0.00036827
54  28  0.00016487
55  28  0.00016310
56  28  0.00027763
57  28  0.00014841
58  28  0.00024612
59  28  0.00011752
60  28  0.00022959
61  28  0.00020710
62  28  0.00017948
63  28  0.00037216
0  29  0.00021678
1  29  0.00047436
2  29  0.00050884
3  29  0.00032008
4  29  0.00023391
5  29  0.00019784
6  29  0.00006076
7  29  0.00024193
8  29  0.00026684
9  29  0.00039892
10  29  0.00015089
11  29  0.00031022
12  29  0.00032137
13  29  0.00017604
14  29  0.00023728
15  29  0.00025663
16  29  0.00002675
17  29  0.00006507
18  29  0.00010482
19  29  0.00009130
20  29  0.00015761
21  29  0.00020434
22  29  0.00039817
23  29  0.00031806
24  29  0.00034040
25  29  0.00011669
26  29  0.00026772
27  29  0.00020322
28  29  0.00030662
29  29  0.00034486
30  29  0.00018172
31  29  0.00009810
32  29  0.00020818
33  29  0.00028135
34  29  0.00033479
35  29  0.00042766
36  29  0.00011450
37  29  0.00026955
38  29  0.00019868
39  29  0.00005937
40  29  0.00024120
41  29  0.00033110
42  29  0.00033286
43  29  0.00037872
44  29  0.00017132
45  29  0.00020210
46  29  0.00013947
47  29  0.00018294
48  29  0.00017295
49  29  0.00035570
50  29  0.00025838
51  29  0.00028633
52  29  0.00013046
53  29  0.00036899
54  29  0.00009275
55  29  0.00030279
56  29  0.00023324
57  29  0.00017931
58  29  0.00015435
59  29  0.00035266
60  29  0.00032708
61  29  0.00011426
62  29  0.00010170
63  29  0.00005956
0  30  0.00013643
1  30  0.00017764
2  30  0.00017182
3  30  0.00038470
4  30  0.00024827
5  30  0.00048566
6  30  0.00029624
7  30  0.00018032
8  30  0.00019969
9  30  0.00043789
10  30  0.00015321
11  30  0.00028890
12  30  0.00016219
13  30  0.00011438
14  30  0.00051028
15  30  0.00022235
16  30  0.00022458
17  30  0.00019379
18  30  0.00020343
19  30  0.00021452
20  30  0.00027661
21  30  0.00030274
22  30  0.00017941
23  30  0.00018004
24  30  0.00022533
25  30  0.00021008
26  30  0.00021926
27  30  0.00008773
28  30  0.00017505
29  30  0.00021048
30  30  0.00033018
31  30  0.00019848
32  30  0.00061125
33  30  0.00022501
34  30  0.00030478
35  30  0.00009323
36  30  0.00042590
37  30  0.00020037
38  30  0.00034602
39  30  0.00023086
40  30  0.00042096
41  30  0.00006237
42  30  0.00012650
43  30  0.00024708
44  30  0.00017069
45  30  0.00016823
46  30  0.00025163
47  30  0.00039409
48  30  0.00020044
49  30  0.00015250
50  30  0.00015946
51  30  0.00027673
52  30  0.00050014
53  30  0.00035246
54  30  0.00018217
55  30  0.00024651
56  30  0.00029195
57  30  0.00015090
58  30  0.00033354
59  30  0.00016255
60  30  0.00027685
61  30  0.00033325
62  30  0.00060518
63  30  0.00005609
0  31  0.00015307
1  31  0.00029543
2  31  0.00037823
3  31  0.00004537
4  31  0.00035541
5  31  0.00027684
6  31  0.00022448
7  31  0.00007902
8  31  0.00015031
9  31  0.00043255
10  31  0.00023649
11  31  0.00044241
12  31  0.00023326
13  31  0.00031724
14  31  0.00021966
15  31  0.00025249
16  31  0.00013273
17  31  0.00020776
18  31  0.00030951
19  31  0.00053520
20  31  0.00020951
21  31  0.00036121
22  31  0.00030940
23  31  0.00020427
24  31  0.00024032
25  31  0.00022865
26  31  0.00023140
27  31  0.00019821
28  31  0.00023064
29  31  0.00026000
30  31  0.00032332
31  31  0.00009456
32  31  0.00011690
33  31  0.00063254
34  31  0.00010315
35  31  0.00014491
36  31  0.00009150
37  31  0.00008625
38  31  0.00033274
39  31  0.00034936
40  31  0.00011694
41  31  0.00012184
42  31  0.00021905
43  31  0.00008130
44  31  0.00020667
45  31  0.00031631
46  31  0.00029588
47  31  0.00018247
48  31  0.00046844
49  31  0.00003740
50  31  0.00011991
51  31  0.00006021
52  31  0.00048263
53  31  0.00027929
54  31  0.00014361
55  31  0.00026976
56  31  0.00021853
57  31  0.00013445
58  31  0.00013335
59  31  0.00037654
60  31  0.00010355
61  31  0.00013814
62  31  0.00040295
63  31  0.00028648
0  32  0.00044418
1  32  0.00021599
2  32  0.00015792
3  32  0.00023925
4  32  0.00034731
5  32  0.00015041
6  32  0.00008231
7  32  0.00025126
8  32  0.00022625
9  32  0.00022228
10  32  0.00035222
11  32  0.00034814
12  32  0.00025428
13  32  0.00023173
14  32  0.00042640
15  32  0.00022953
16  32  0.00021007
17  32  0.00024019
18  32  0.00027634
19  32  0.00016803
20  32  0.00017207
21  32  0.00035743
22  32  0.00023540
23  32  0.00015695
24  32  0.00021723
25  32  0.00013125
26  32  0.00010117
27  32  0.00028203
28  32  0.00021173
29  32  0.00022749
30  32  0.00032696
31  32  0.00023243
32  32  0.00017479
33  32  0.00022860
34  32  0.00034095
35  32  0.00035507
36  32  0.00015655
37  32  0.00008963
38  32  0.00009565
39  32  0.00022513
40  32  0.00016677
41  32  0.00023469
42  32  0.00042370
43  32  0.00007116
44  32  0.00021028
45  32  0.00014718
46  32  0.00042681
47  32  0.00028326
48  32  0.00015420
49  32  0.00025546
50  32  0.00026019
51  32  0.00014001
52  32  0.00021360
53  32  0.00016123
54  32  0.00046233
55  32  0.00033437
56  32  0.00031398
57  32  0.00052100
58  32  0.00010675
59  32  0.00024740
60  32  0.00018557
61  32  0.00011370
62  32  0.00045982
63  32  0.00052634
0  33  0.00022405
1  33  0.00033660
2  33  0.00039701
3  33  0.00042826
4  33  0.00022424
5  33  0.00014492
6  33  0.00016382
7  33  0.00023274
8  33  0.00029702
9  33  0.00017317
10  33  0.00012727
11  33  0.00040581
12  33  0.00035271
13  33  0.00032764
14  33  0.00052073
15  33  0.00045647
16  33  0.00021526
17  33  0.00036809
18  33  0.00024918
19  33  0.00020650
20  33  0.00020246
21  33  0.00024443
22  33  0.00031415
23  33  0.00015421
24  33  0.00029311
25  33  0.00023410
26  33  0.00018747
27  33  0.00027254
28  33  0.00035628
29  33  0.00018813
30  33  0.00026290
31  33  0.00024575
32  33  0.00017765
33  33  0.00045127
34  33  0.00020098
35  33  0.00013106
36  33  0.00016821
37  33  0.00011622
38  33  0.00022807
39  33  0.00027412
40  33  0.00010179
41  33  0.00016088
42  33  0.00019092
43  33  0.00037036
44  33  0.00035811
45  33  0.00041521
46  33  0.00018033
47  33  0.00038490
48  33  0.00020685
49  33  0.00025216
50  33  0.00036082
51  33  0.00017214
52  33  0.00006417
53  33  0.00018884
54  33  0.00043612
55  33  0.00048211
56  33  0.00015210
57  33  0.00015814
58  33  0.00021376
59  33  0.00022692
60  33  0.00066268
61  33  0.00020103
62  33  0.00009586
63  33  0.00023257
0  34  0.00021310
1  34  0.00021589
2  34  0.00035319
3  34  0.00012249
4  34  0.00007167
5  34  0.00051054
6  34  0.00022148
7  34  0.00030798
8  34  0.00038151
9  34  0.00023868
10  34  0.00023095
11  34  0.00035303
12  34  0.00021476
13  34  0.00015484
14  34  0.00022282
15  34  0.00024071
16  34  0.00024256
17  34  0.00008908
18  34  0.00010802
19  34  0.00017061
20  34  0.00006798
21  34  0.00015218
22  34  0.00023482
23  34  0.00044430
24  34  0.00014913
25  34  0.00052799
26  34  0.00021364
27  34  0.00014238
28  34  0.00038505
29  34  0.00020045
30  34  0.00027346
31  34  0.00026684
32  34  0.00010206
33  34  0.00007417
34  34  0.00040774
35  34  0.00004026
36  34  0.00051718
37  34  0.00013627
38  34  0.00013432
39  34  0.00006697
40  34  0.00025872
41  34  0.00014384
42  34  0.00026888
43  34  0.00011755
44  34  0.00018258
45  34  0.00035252
46  34  0.00036968
47  34  0.00072561
48  34  0.00042445
49  34  0.00025139
50  34  0.00038972
51  34  0.00011302
52  34  0.00038221
53  34  0.00009793
54  34  0.00029157
55  34  0.00024815
56  34  0.00029701
57  34  0.00019842
58  34  0.00014961
59  34  0.00031998
60  34  0.00055279
61  34  0.00040234
62  34  0.00031339
63  34  0.00028911
0  35  0.00020479
1  35  0.00006616
2  35  0.00045427
3  35  0.00032309
4  35  0.00011593
5  35  0.00049247
6  35  0.00036818
7  35  0.00056930
8  35  0.00038762
9  35  0.00027813
10  35  0.00027591
11  35  0.00031591
12  35  0.00009735
13  35  0.00012402
14  35  0.00024676
15  35  0.00010594
16  35  0.00028514
17  35  0.00021823
18  35  0.00018427
19  35  0.00019623
20  35  0.00004950
21  35  0.00026107
22  35  0.00022387
23  35  0.00028377
24  35  0.00025305
25  35  0.00012050
26  35  0.00010536
27  35  0.00014183
28  35  0.00011258
29  35  0.00012186
30  35  0.00022780
31  35  0.00023621
32  35  0.00013805
33  35  0.00020253
34  35  0.00038146
35  35  0.00025024
36  35  0.00020060
37  35  0.00016302
38  35  0.00023259
39  35  0.00028614
40  35  0.00013839
41  35  0.00029381
42  35  0.00029056
43  35  0.00010581
44  35  0.00024093
45  35  0.00010047
46  35  0.00026403
47  35  0.00040670
48  35  0.00029089
49  35  0.00018139
50  35  0.00013662
51  35  0.00026805
52  35  0.00013308
53  35  0.00020403
54  35  0.00034531
55  35  0.00033729
56  35  0.00018643
57  35  0.00029989
58  35  0.00016588
59  35  0.00028515
60  35  0.00007095
61  35  0.00008221
62  35  0.00032702
63  35  0.00014536
0  36  0.00014086
1  36  0.00030721
2  36  0.00025991
3  36  0.00025990
4  36  0.00023696
5  36  0.00006141
6  36  0.00009185
7  36  0.00021518
8  36  0.00018386
9  36  0.00009817
10  36  0.00016104
11  36  0.00039562
12  36  0.00021976
13  36  0.00013921
14  36  0.00020934
15  36  0.00018251
16  36  0.00029271
17  36  0.00016014
18  36  0.00021453
19  36  0.00013063
20  36  0.00030466
21  36  0.00052574
22  36  0.00023032
23  36  0.00019676
24  36  0.00029597
25  36  0.00024423
26  36  0.00043256
27  36  0.00030365
28  36  0.00006689
29  36  0.00023145
30  36  0.00034725
31  36  0.00052155
32  36  0.00003672
33  36  0.00014621
34  36  0.00016998
35  36  0.00039984
36  36  0.00022042
37  36  0.00022057
38  36  0.00026611
39  36  0.00042395
40  36  0.00033784
41  36  0.00026236
42  36  0.00029646
43  36  0.00040078
44  36  0.00017723
45  36  0.00031113
46  36  0.00020323
47  36  0.00020588
48  36  0.00031531
49  36  0.00005553
50  36  0.00021357
51  36  0.00004722
52  36  0.00044135
53  36  0.00042950
54  36  0.00008952
55  36  0.00037084
56  36  0.00071798
57  36  0.00056407
58  36  0.00020543
59  36  0.00004363
60  36  0.00012637
61  36  0.00016311
62  36  0.00024647
63  36  0.00043101
0  37  0.00045405
1  37  0.00019293
2  37  0.00027256
3  37  0.00022062
4  37  0.00009475
5  37  0.00047403
6  37  0.00019597
7  37  0.00013758
8  37  0.00002645
9  37  0.00034442
10  37  0.00044395
11  37  0.00012404
12  37  0.00028236
13  37  0.00006712
14  37  0.00008782
15  37  0.00019676
16  37  0.00015836
17  37  0.00040120
18  37  0.00019792
19  37  0.00009842
20  37  0.00012518
21  37  0.00026331
22  37  0.00030235
23  37  0.00013250
24  37  0.00025860
25  37  0.00020363
26  37  0.00025491
27  37  0.00040016
28  37  0.00045994
29  37  0.00029243
30  37  0.00015318
31  37  0.00014314
32  37  0.00024007
33  37  0.00016507
34  37  0.00026055
35  37  0.00049657
36  37  0.00011671
37  37  0.00047479
38  37  0.00018554
39  37  0.00015217
40  37  0.00010089
41  37  0.00014170
42  37  0.00028066
43  37  0.00019843
44  37  0.00014747
45  37  0.00043825
46  37  0.00013750
47  37  0.00016228
48  37  0.00028836
49  37  0.00012296
50  37  0.00034013
51  37  0.00008358
52  37  0.00010750
53  37  0.00034069
54  37  0.00029313
55  37  0.00018762
56  37  0.00038051
57  37  0.00025186
58  37  0.00011505
59  37  0.00028329
60  37  0.00028861
61  37  0.00033172
62  37  0.00024842
63  37  0.00021229
0  38  0.00008828
1  38  0.00030859
2  38  0.00007044
3  38  0.00019978
4  38  0.00037492
5  38  0.00037539
6  38  0.00045675
7  38  0.00009514
8  38  0.00036927
9  38  0.00020826
10  38  0.00021553
11  38  0.00009551
12  38  0.00013788
13  38  0.00025212
14  38  0.00020112
15  38  0.00009480
16  38  0.00014843
17  38  0.00019622
18  38  0.00018339
19  38  0.00015610
20  38  0.00010899
21  38  0.00010175
22  38  0.00015361
23  38  0.00027455
24  38  0.00024083
25  38  0.00011720
26  38  0.00050568
27  38  0.00008711
28  38  0.00028750
29  38  0.00006872
30  38  0.00018056
31  38  0.00021355
32  38  0.00010314
33  38  0.00003914
34  38  0.00035675
35  38  0.00015744
36  38  0.00019248
37  38  0.00009513
38  38  0.00027722
39  38  0.00003328
40  38  0.00020495
41  38  0.00012273
42  38  0.00019675
43  38  0.00011951
44  38  0.00044986
45  38  0.00023513
46  38  0.00029518
47  38  0.00010891
48  38  0.00036076
49  38  0.00029045
50  38  0.00022366
51  38  0.00014013
52  38  0.00019641
53  38  0.00019183
54  38  0.00044759
55  38  0.00058005
56  38  0.00017298
57  38  0.00012369
58  38  0.00029543
59  38  0.00032833
60  38  0.00019646
61  38  0.00035074
62  38  0.00024561
63  38  0.00024513
0  39  0.00013127
1  39  0.00038188
2  39  0.00015016
3  39  0.00007246
4  39  0.00042998
5  39  0.00010618
6  39  0.00021147
7  39  0.00024913
8  39  0.00029300
9  39  0.00019929
10  39  0.00009903
11  39  0.00026194
12  39  0.00013286
13  39  0.00023009
14  39  0.00050467
15  39  0.00024327
16  39  0.00025129
17  39  0.00030974
18  39  0.00029193
19  39  0.00045042
20  39  0.00007834
21  39  0.00032699
22  39  0.00023198
23  39  0.00020486
24  39  0.00027587
25  39  0.00017105
26  39  0.00020655
27  39  0.00017126
28  39  0.00023247
29  39  0.00028974
30  39  0.00042929
31  39  0.00023165
32  39  0.00023965
33  39  0.00038022
34  39  0.00013835
35  39  0.00011815
36  39  0.00021488
37  39  0.00006169
38  39  0.00019910
39  39  0.00065022
40  39  0.00027537
41  39  0.00034913
42  39  0.00023476
43  39  0.00021848
44  39  0.00021630
45  39  0.00026379
46  39  0.00013970
47  39  0.00017279
48  39  0.00015549
49  39  0.00023046
50  39  0.00018369
51  39  0.00006937
52  39  0.00035258
53  39  0.00024014
54  39  0.00031782
55  39  0.00032553
56  39  0.00019840
57  39  0.00021173
58  39  0.00029017
59  39  0.00026152
60  39  0.00027011
61  39  0.00025713
62  39  0.00033991
63  39  0.00016281
0  40  0.00034518
1  40  0.00030764
2  40  0.00032356
3  40  0.00019754
4  40  0.00026641
5  40  0.00017505
6  40  0.00013323
7  40  0.00011657
8  40  0.00038772
9  40  0.00021278
10  40  0.00018885
11  40  0.00025854
12  40  0.00017658
13  40  0.00017432
14  40  0.00034690
15  40  0.00021891
16  40  0.00028633
17  40  0.00012889
18  40  0.00031896
19  40  0.00028819
20  40  0.00029858
21  40  0.00024844
22  40  0.00023891
23  40  0.00024198
24  40  0.00028010
25  40  0.00003221
26  40  0.00027873
27  40  0.00059752
28  40  0.00028091
29  40  0.00012433
30  40  0.00028351
31  40  0.00028662
32  40  0.00048711
33  40  0.00029410
34  40  0.00011889
35  40  0.00020660
36  40  0.00025089
37  40  0.00031413
38  40  0.00032184
39  40  0.00048391
40  40  0.00016534
41  40  0.00013616
42  40  0.00043208
43  40  0.00024160
44  40  0.00023813
45  40  0.00046462
46  40  0.00048959
47  40  0.00028182
48  40  0.00015994
49  40  0.00025017
50  40  0.00028227
51  40  0.00013437
52  40  0.00033887
53  40  0.00011349
54  40  0.00007253
55  40  0.00026673
56  40  0.00019504
57  40  0.00009956
58  40  0.00032037
59  40  0.00043683
60  40  0.00021485
61  40  0.00022881
62  40  0.00006680
63  40  0.00024745
0  41  0.00021902
1  41  0.00045757
2  41  0.00017931
3  41  0.00022201
4  41  0.00012252
5  41  0.00027024
6  41  0.00024989
7  41  0.00033200
8  41  0.00024898
9  41  0.00064700
10  41  0.00015323
11  41  0.00055341
12  41  0.00016444
13  41  0.00021692
14  41  0.00026729
15  41  0.00023935
16  41  0.00021603
17  41  0.00021474
18  41  0.00022330
19  41  0.00044977
20  41  0.00044968
21  41  0.00021211
22  41  0.00013981
23  41  0.00017722
24  41  0.00011815
25  41  0.00019419
26  41  0.00043987
27  41  0.00037182
28  41  0.00024810
29  41  0.00035360
30  41  0.00019425
31  41  0.00046067
32  41  0.00027919
33  41  0.00018945
34  41  0.00072904
35  41  0.00019481
36  41  0.00016021
37  41  0.00015306
38  41  0.00006661
39  41  0.00037156
40  41  0.00024248
41  41  0.00032505
42  41  0.00053420
43  41  0.00032108
44  41  0.00021385
45  41  0.00016720
46  41  0.00012519
47  41  0.00021482
48  41  0.00010568
49  41  0.00014778
50  41  0.00033324
51  41  0.00013896
52  41  0.00008344
53  41  0.00016861
54  41  0.00024978
55  41  0.00024312
56  41  0.00014220
57  41  0.00055746
58  41  0.00022340
59  41  0.00009704
60  41  0.00022754
61  41  0.00007144
62  41  0.00015954
63  41  0.00026848
0  42  0.00008260
1  42  0.00027805
2  42  0.00020581
3  42  0.00032076
4  42  0.00012919
5  42  0.00061589
6  42  0.00029478
7  42  0.00012436
8  42  0.00021926
9  42  0.00009448
10  42  0.00013843
11  42  0.00009384
12  42  0.00023016
13  42  0.00016014
14  42  0.00029252
15  42  0.00029976
16  42  0.00013258
17  42  0.00022233
18  42  0.00008081
19  42  0.00037808
20  42  0.00012801
21  42  0.00040901
22  42  0.00036884
23  42  0.00022295
24  42  0.00027316
25  42  0.00027438
26  42  0.00025980
27  42  0.00032373
28  42  0.00016590
29  42  0.00032357
30  42  0.00043614
31  42  0.00035567
32  42  0.00025928
33  42  0.00028840
34  42  0.00017600
35  42  0.00029680
36  42  0.00017854
37  42  0.00019682
38  42  0.00038301
39  42  0.00048847
40  42  0.00023525
41  42  0.00024042
42  42  0.00018508
43  42  0.00033718
44  42  0.00034258
45  42  0.00022093
46  42  0.00014044
47  42  0.00017436
48  42  0.00044629
49  42  0.00023488
50  42  0.00023554
51  42  0.00027465
52  42  0.00030340
53  42  0.00016817
54  42  0.00010065
55  42  0.00016655
56  42  0.00055452
57  42  0.00013981
58  42  0.00022123
59  42  0.00020586
60  42  0.00016296
61  42  0.00023000
62  42  0.00012015
63  42  0.00013287
0  43  0.00018635
1  43  0.00030644
2  43  0.00006048
3  43  0.00040679
4  43  0.00011899
5  43  0.00034856
6  43  0.00058553
7  43  0.00023303
8  43  0.00025137
9  43  0.00015814
10  43  0.00019996
11  43  0.00008420
12  43  0.00041540
13  43  0.00016114
14  43  0.00025075
15  43  0.00037616
16  43  0.00011831
17  43  0.00014675
18  43  0.00016538
19  43  0.00023355
20  43  0.00022629
21  43  0.00019972
22  43  0.00014138
23  43  0.00008066
24  43  0.00017480
25  43  0.00025069
26  43  0.00012107
27  43  0.00014042
28  43  0.00010497
29  43  0.00046909
30  43  0.00022379
31  43  0.00010346
32  43  0.00037688
33  43  0.00021574
34  43  0.00019507
35  43  0.00010906
36  43  0.00027058
37  43  0.00004307
38  43  0.00016810
39  43  0.00012382
40  43  0.00016039
41  43  0.00020538
42  43  0.00033175
43  43  0.00048652
44  43  0.00021462
45  43  0.00021850
46  43  0.00033469
47  43  0.00024826
48  43  0.00035470
49  43  0.00010229
50  43  0.00016474
51  43  0.00018798
52  43  0.00014633
53  43  0.00018861
54  43  0.00020244
55  43  0.00012334
56  43  0.00019033
57  43  0.00008179
58  43  0.00035148
59  43  0.00040346
60  43  0.00011650
61  43  0.00016427
62  43  0.00027750
63  43  0.00018365
0  44  0.00015519
1  44  0.00021035
2  44  0.00031156
3  44  0.00017171
4  44  0.00045819
5  44  0.00051885
6  44  0.00021267
7  44  0.00053791
8  44  0.00026463
9  44  0.00018803
10  44  0.00020582
11  44  0.00008772
12  44  0.00016236
13  44  0.00019652
14  44  0.00038386
15  44  0.00030997
16  44  0.00018799
17  44  0.00019146
18  44  0.00034074
19  44  0.00028336
20  44  0.00035681
21  44  0.00015289
22  44  0.00020083
23  44  0.00019081
24  44  0.00032478
25  44  0.00016187
26  44  0.00014335
27  44  0.00047853
28  44  0.00026121
29  44  0.00018960
30  44  0.00020983
31  44  0.00032995
32  44  0.00039853
33  44  0.00024409
34  44  0.00013041
35  44  0.00039605
36  44  0.00023085
37  44  0.00018910
38  44  0.00038709
39  44  0.00030915
40  44  0.00005396
41  44  0.00017656
42  44  0.00021466
43  44  0.00031131
44  44  0.00030498
45  44  0.00016300
46  44  0.00037077
47  44  0.00044510
48  44  0.00034569
49  44  0.00006130
50  44  0.00013555
51  44  0.00014824
52  44  0.00035070
53  44  0.00029811
54  44  0.00011330
55  44  0.00019668
56  44  0.00015791
57  44  0.00016882
58  44  0.00011121
59  44  0.00020584
60  44  0.00014255
61  44  0.00031932
62  44  0.00009829
63  44  0.00018952
0  45  0.00047488
1  45  0.00018071
2  45  0.00042109
3  45  0.00055792
4  45  0.00038807
5  45  0.00061205
6  45  0.00032897
7  45  0.00011361
8  45  0.00017041
9  45  0.00024196
10  45  0.00046983
11  45  0.00025593
12  45  0.00027567
13  45  0.00019241
14  45  0.00048348
15  45  0.00014742
16  45  0.00040997
17  45  0.00020337
18  45  0.00021530
19  45  0.00023532
20  45  0.00008926
21  45  0.00020450
22  45  0.00017597
23  45  0.00016808
24  45  0.00024476
25  45  0.00057765
26  45  0.00059264
27  45  0.00060206
28  45  0.00038929
29  45  0.00011043
30  45  0.00027404
31  45  0.00009739
32  45  0.00028519
33  45  0.00021980
34  45  0.00030095
35  45  0.00035493
36  45  0.00020650
37  45  0.00022127
38  45  0.00020837
39  45  0.00012231
40  45  0.00016177
41  45  0.00021988
42  45  0.00027412
43  45  0.00019482
44  45  0.00046504
45  45  0.00009658
46  45  0.00039985
47  45  0.00029382
48  45  0.00027325
49  45  0.00046450
50  45  0.00025099
51  45  0.00027331
52  45  0.00011780
53  45  0.00026580
54  45  0.00040101
55  45  0.00013919
56  45  0.00025124
57  45  0.00024805
58  45  0.00022128
59  45  0.00029455
60  45  0.00035180
61  45  0.00014135
62  45  0.00029359
63  45  0.00033604
0  46  0.00025656
1  46  0.00016471
2  46  0.00019340
3  46  0.00038824
4  46  0.00018759
5  46  0.00030238
6  46  0.00016103
7  46  0.00021511
8  46  0.00028118
9  46  0.00015738
10  46  0.00023343
11  46  0.00012705
12  46  0.00018713
13  46  0.00033330
14  46  0.00027534
15  46  0.00025911
16  46  0.00028894
17  46  0.00011642
18  46  0.00015632
19  46  0.00015186
20  46  0.00031571
21  46  0.00028124
22  46  0.00004656
23  46  0.00041456
24  46  0.00026827
25  46  0.00015719
26  46  0.00029563
27  46  0.00046763
28  46  0.00041711
29  46  0.00023800
30  46  0.00034714
31  46  0.00042794
32  46  0.00042759
33  46  0.00005578
34  46  0.00021981
35  46  0.00031610
36  46  0.00019130
37  46  0.00012122
38  46  0.00017905
39  46  0.00029145
40  46  0.00012505
41  46  0.00033493
42  46  0.00016193
43  46  0.00013915
44  46  0.00028712
45  46  0.00044866
46  46  0.00012003
47  46  0.00014216
48  46  0.00024381
49  46  0.00012938
50  46  0.00014557
51  46  0.00035165
52  46  0.00027665
53  46  0.00018870
54  46  0.00017964
55  46  0.00023119
56  46  0.00013213
57  46  0.00008646
58  46  0.00017658
59  46  0.00024264
60  46  0.00011751
61  46  0.00025254
62  46  0.00027220
63  46  0.00012932
0  47  0.00022356
1  47  0.00008777
2  47  0.00023240
3  47  0.00016017
4  47  0.00025161
5  47  0.00024413
6  47  0.00011090
7  47  0.00024795
8  47  0.00055670
9  47  0.00022654
10  47  0.00003874
11  47  0.00051385
12  47  0.00018999
13  47  0.00024799
14  47  0.00022897
15  47  0.00011853
16  47  0.00029170
17  47  0.00020968
18  47  0.00016356
19  47  0.00004958
20  47  0.00030065
21  47  0.00038888
22  47  0.00031613
23  47  0.00020085
24  47  0.00047436
25  47  0.00041943
26  47  0.00035667
27  47  0.00008131
28  47  0.00006169
29  47  0.00027402
30  47  0.00021500
31  47  0.00014937
32  47  0.00030922
33  47  0.00043850
34  47  0.00013681
35  47  0.00040056
36  47  0.00042036
37  47  0.00042043
38  47  0.00034580
39  47  0.00026431
40  47  0.00022960
41  47  0.00019445
42  47  0.00012429
43  47  0.00020047
44  47  0.00008175
45  47  0.00019212
46  47  0.00025013
47  47  0.00015402
48  47  0.00011098
49  47  0.00018866
50  47  0.00017478
51  47  0.00031250
52  47  0.00045384
53  47  0.00021293
54  47  0.00018633
55  47  0.00060217
56  47  0.00019088
57  47  0.00022074
58  47  0.00036856
59  47  0.00013230
60  47  0.00009808
61  47  0.00020110
62  47  0.00025518
63  47  0.00018880
0  48  0.00029543
1  48  0.00011378
2  48  0.00013642
3  48  0.00008368
4  48  0.00007876
5  48  0.00037626
6  48  0.00028582
7  48  0.00016734
8  48  0.00016737
9  48  0.00022196
10  48  0.00014291
11  48  0.00017194
12  48  0.00026984
13  48  0.00016258
14  48  0.00010859
15  48  0.00030534
16  48  0.00013473
17  48  0.00003605
18  48  0.00027426
19  48  0.00016134
20  48  0.00012424
21  48  0.00015499
22  48  0.00023543
23  48  0.00028033
24  48  0.00013112
25  48  0.00007991
26  48  0.00005754
27  48  0.00046996
28  48  0.00008241
29  48  0.00018200
30  48  0.00015523
31  48  0.00018578
32  48  0.00010057
33  48  0.00019477
34  48  0.00015556
35  48  0.00053275
36  48  0.00016478
37  48  0.00014796
38  48  0.00033164
39  48  0.00041193
40  48  0.00031683
41  48  0.00009430
42  48  0.00027572
43  48  0.00043712
44  48  0.00026510
45  48  0.00032896
46  48  0.00037065
47  48  0.00020229
48  48  0.00072901
49  48  0.00011661
50  48  0.00038367
51  48  0.00003597
52  48  0.00023426
53  48  0.00036856
54  48  0.00046415
55  48  0.00026036
56  48  0.00018508
57  48  0.00016419
58  48  0.00014919
59  48  0.00015806
60  48  0.00022354
61  48  0.00005837
62  48  0.00018012
63  48  0.00029328
0  49  0.00025957
1  49  0.00017988
2  49  0.00023388
3  49  0.00048385
4  49  0.00019960
5  49  0.00013942
6  49  0.00016870
7  49  0.00045458
8  49  0.00013762
9  49  0.00025517
10  49  0.00033524
11  49  0.00015128
12  49  0.00026327
13  49  0.00037748
14  49  0.00024395
15  49  0.00027442
16  49  0.00046076
17  49  0.00018399
18  49  0.00055160
19  49  0.00013833
20  49  0.00008072
21  49  0.00026905
22  49  0.00015166
23  49  0.00025683
24  49  0.00014199
25  49  0.00034231
26  49  0.00016457
27  49  0.00037720
28  49  0.00027260
29  49  0.00052935
30  49  0.00048264
31  49  0.00049131
32  49  0.00021073
33  49  0.00042615
34  49  0.00035408
35  49  0.00014297
36  49  0.00011850
37  49  0.00036803
38  49  0.00023256
39  49  0.00040604
40  49  0.00011355
41  49  0.00020511
42  49  0.00025138
43  49  0.00017370
44  49  0.00013801
45  49  0.00015655
46  49  0.00026467
47  49  0.00010289
48  49  0.00036296
49  49  0.00009817
50  49  0.00009634
51  49  0.00026818
52  49  0.00034505
53  49  0.00008645
54  49  0.00015334
55  49  0.00012428
56  49  0.00025371
57  49  0.00024797
58  49  0.00040532
59  49  0.00068203
60  49  0.00042020
61  49  0.00026423
62  49  0.00025752
63  49  0.00020535
0  50  0.00021372
1  50  0.00039035
2  50  0.00005173
3  50  0.00036695
4  50  0.00018766
5  50  0.00027327
6  50  0.00018974
7  50  0.00019693
8  50  0.00012656
9  50  0.00010849
10  50  0.00025571
11  50  0.00018190
12  50  0.00010113
13  50  0.00048960
14  50  0.00030040
15  50  0.00024750
16  50  0.00036232
17  50  0.00017341
18  50  0.00030092
19  50  0.00018258
20  50  0.00016952
21  50  0.00016207
22  50  0.00013893
23  50  0.00017430
24  50  0.00027557
25  50  0.00015434
26  50  0.00038471
27  50  0.00047205
28  50  0.00036461
29  50  0.00010165
30  50  0.00027230
31  50  0.00023776
32  50  0.00013555
33  50  0.00027137
34  50  0.00016028
35  50  0.00017176
36  50  0.00045510
37  50  0.00025053
38  50  0.00008871
39  50  0.00020298
40  50  0.00037355
41  50  0.00041600
42  50  0.00015528
43  50  0.00041507
44  50  0.00045534
45  50  0.00024944
46  50  0.00011177
47  50  0.00016485
48  50  0.00021729
49  50  0.00010360
50  50  0.00036256
51  50  0.00022893
52  50  0.00025769
53  50  0.00025363
54  50  0.00028489
55  50  0.00025363
56  50  0.00022168
57  50  0.00010111
58  50  0.00024503
59  50  0.00018121
60  50  0.00076398
61  50  0.00030065
62  50  0.00005998
63  50  0.00016895
0  51  0.00009096
1  51  0.00019729
2  51  0.00026749
3  51  0.00030573
4  51  0.00010248
5  51  0.00020451
6  51  0.00027794
7  51  0.00034191
8  51  0.00018686
9  51  0.00033781
10  51  0.00015966
11  51  0.00017775
12  51  0.00025471
13  51  0.00018603
14  51  0.00021717
15  51  0.00027464
16  51  0.00035346
17  51  0.00025843
18  51  0.00015263
19  51  0.00015848
20  51  0.00006335
21  51  0.00021081
22  51  0.00012774
23  51  0.00028009
24  51  0.00039668
25  51  0.00021024
26  51  0.00028044
27  51  0.00044731
28  51  0.00010860
29  51  0.00032969
30  51  0.00027372
31  51  0.00006823
32  51  0.00033890
33  51  0.00024799
34  51  0.00044369
35  51  0.00042989
36  51  0.00013840
37  51  0.00007003
38  51  0.00013289
39  51  0.00010493
40  51  0.00009497
41  51  0.00020175
42  51  0.00034244
43  51  0.00025903
44  51  0.00030110
45  51  0.00011184
46  51  0.00034844
47  51  0.00012756
48  51  0.00029366
49  51  0.00042425
50  51  0.00019158
51  51  0.00023628
52  51  0.00012886
53  51  0.00031342
54  51  0.00034739
55  51  0.00016524
56  51  0.00056689
57  51  0.00027368
58  51  0.00009174
59  51  0.00017325
60  51  0.00028544
61  51  0.00029805
62  51  0.00040582
63  51  0.00013265
0  52  0.00014389
1  52  0.00025533
2  52  0.00018169
3  52  0.00012283
4  52  0.00015249
5  52  0.00021825
6  52  0.00007724
7  52  0.00021991
8  52  0.00041498
9  52  0.00029996
10  52  0.00020876
11  52  0.00009160
12  52  0.00033516
13  52  0.00040589
14  52  0.00020877
15  52  0.00013911
16  52  0.00041597
17  52  0.00015317
18  52  0.00009228
19  52  0.00012713
20  52  0.00024618
21  52  0.00033434
22  52  0.00019496
23  52  0.00014867
24  52  0.00017911
25  52  0.00019604
26  52  0.00042007
27  52  0.00012617
28  52  0.00019074
29  52  0.00027514
30  52  0.00019817
31  52  0.00034816
32  52  0.00015567
33  52  0.00046384
34  52  0.00009018
35  52  0.00025664
36  52  0.00045195
37  52  0.00016912
38  52  0.00036213
39  52  0.00013637
40  52  0.00013888
41  52  0.00021220
42  52  0.00016423
43  52  0.00008408
44  52  0.00019484
45  52  0.00029184
46  52  0.00016975
47  52  0.00026255
48  52  0.00026153
49  52  0.00014109
50  52  0.00041596
51  52  0.00024962
52  52  0.00022144
53  52  0.00030044
54  52  0.00022878
55  52  0.00014973
56  52  0.00018251
57  52  0.00043151
58  52  0.00021169
59  52  0.00040235
60  52  0.00030245
61  52  0.00018425
62  52  0.00049320
63  52  0.00040460
0  53  0.00024685
1  53  0.00029512
2  53  0.00016252
3  53  0.00004608
4  53  0.00021119
5  53  0.00023005
6  53  0.00014181
7  53  0.00013788
8  53  0.00027087
9  53  0.00029422
10  53  0.00022053
11  53  0.00060780
12  53  0.00021316
13  53  0.00009304
14  53  0.00026739
15  53  0.00011241
16  53  0.00022240
17  53  0.00029571
18  53  0.00012255
19  53  0.00014968
20  53  0.00014712
21  53  0.00011026
22  53  0.00033210
23  53  0.00025386
24  53  0.00007233
25  53  0.00034612
26  53  0.00043639
27  53  0.00032499
28  53  0.00030312
29  53  0.00012197
30  53  0.00025436
31  53  0.00024378
32  53  0.00028446
33  53  0.00020425
34  53  0.00017526
35  53  0.00032256
36  53  0.00018151
37  53  0.00038827
38  53  0.00034151
39  53  0.00008112
40  53  0.00024800
41  53  0.00013771
42  53  0.00021778
43  53  0.00018557
44  53  0.00015044
45  53  0.00010310
46  53  0.00019914
47  53  0.00028889
48  53  0.00014398
49  53  0.00019398
50  53  0.00025233
51  53  0.00031346
52  53  0.00037605
53  53  0.00038227
54  53  0.00024657
55  53  0.00044558
56  53  0.00006545
57  53  0.00041806
58  53  0.00015929
59  53  0.00048617
60  53  0.00008481
61  53  0.00040065
62  53  0.00014325
63  53  0.00020825
0  54  0.00025400
1  54  0.00036730
2  54  0.00029169
3  54  0.00009996
4  54  0.00020744
5  54  0.00014531
6  54  0.00023999
7  54  0.00022540
8  54  0.00034732
9  54  0.00020956
10  54  0.00031450
11  54  0.00047172
12  54  0.00056167
13  54  0.00032110
14  54  0.00013604
15  54  0.00046253
16  54  0.00032488
17  54  0.00030852
18  54  0.00018040
19  54  0.00017993
20  54  0.00021770
21  54  0.00013131
22  54  0.00020109
23  54  0.00008586
24  54  0.00026633
25  54  0.00046829
26  54  0.00015047
27  54  0.00035649
28  54  0.00059659
29  54  0.00055275
30  54  0.00038708
31  54  0.00049059
32  54  0.00013912
33  54  0.00040953
34  54  0.00020248
35  54  0.00037501
36  54  0.00022101
37  54  0.00020209
38  54  0.00038908
39  54  0.00025913
40  54  0.00018601
41  54  0.00013051
42  54  0.00021781
43  54  0.00020734
44  54  0.00028784
45  54  0.00023915
46  54  0.00055284
47  54  0.00017106
48  54  0.00021236
49  54  0.00014811
50  54  0.00022004
51  54  0.00023907
52  54  0.00029996
53  54  0.00031813
54  54  0.00038569
55  54  0.00059463
56  54  0.00034767
57  54  0.00024485
58  54  0.00026212
59  54  0.00024709
60  54  0.00037604
61  54  0.00014166
62  54  0.00028687
63  54  0.00029991
0  55  0.00024918
1  55  0.00010797
2  55  0.00015114
3  55  0.00029669
4  55  0.00017987
5  55  0.00005684
6  55  0.00022738
7  55  0.00057444
8  55  0.00037886
9  55  0.00011703
10  55  0.00053512
11  55  0.00003373
12  55  0.00063467
13  55  0.00020369
14  55  0.00014055
15  55  0.00020101
16  55  0.00036338
17  55  0.00015208
18  55  0.00017555
19  55  0.00029226
20  55  0.00015775
21  55  0.00021243
22  55  0.00038767
23  55  0.00025002
24  55  0.00060760
25  55  0.00024481
26  55  0.00013475
27  55  0.00028091
28  55  0.00021209
29  55  0.00039709
30  55  0.00034242
31  55  0.00030726
32  55  0.00023063
33  55  0.00040820
34  55  0.00027618
35  55  0.00038276
36  55  0.00021548
37  55  0.00032593
38  55  0.00012802
39  55  0.00036651
40  55  0.00023583
41  55  0.00020186
42  55  0.00041624
43  55  0.00036703
44  55  0.00031274
45  55  0.00031692
46  55  0.00026167
47  55  0.00047278
48  55  0.00020261
49  55  0.00011654
50  55  0.00014843
51  55  0.00008982
52  55  0.00010950
53  55  0.00041453
54  55  0.00016617
55  55  0.00013267
56  55  0.00010482
57  55  0.00013540
58  55  0.00020757
59  55  0.00017034
60  55  0.00018341
61  55  0.00031804
62  55  0.00011728
63  55  0.00026705
0  56  0.00013496
1  56  0.00025790
2  56  0.00034859
3  56  0.00013411
4  56  0.00029051
5  56  0.00013001
6  56  0.00007424
7  56  0.00029490
8  56  0.00018086
9  56  0.00021098
10  56  0.00018777
11  56  0.00028812
12  56  0.00015660
13  56  0.00031802
14  56  0.00048423
15  56  0.00025980
16  56  0.00015982
17  56  0.00040971
18  56  0.00028393
19  56  0.00044306
20  56  0.00048883
21  56  0.00033010
22  56  0.00021479
23  56  0.00034494
24  56  0.00002640
25  56  0.00007278
26  56  0.00014840
27  56  0.00046438
28  56  0.00070543
29  56  0.00015223
30  56  0.00032966
31  56  0.00010801
32  56  0.00034837
33  56  0.00029956
34  56  0.00027585
35  56  0.00026166
36  56  0.00029159
37  56  0.00032399
38  56  0.00016676
39  56  0.00037990
40  56  0.00034622
41  56  0.00016320
42  56  0.00021613
43  56  0.00013387
44  56  0.00038825
45  56  0.00014953
46  56  0.00025466
47  56  0.00025826
48  56  0.00035491
49  56  0.00024233
50  56  0.00043562
51  56  0.00048774
52  56  0.00014394
53  56  0.00017842
54  56  0.00013900
55  56  0.00024614
56  56  0.00016131
57  56  0.00021709
58  56  0.00020689
59  56  0.00017448
60  56  0.00036760
61  56  0.00017428
62  56  0.00049069
63  56  0.00030089
0  57  0.00022180
1  57  0.00014552
2  57  0.00021468
3  57  0.00029717
4  57  0.00019006
5  57  0.00011791
6  57  0.00018079
7  57  0.00022317
8  57  0.00032314
9  57  0.00034881
10  57  0.00026883
11  57  0.00033703
12  57  0.00021784
13  57  0.00032990
14  57  0.00027906
15  57  0.00031566
16  57  0.00027375
17  57  0.00005493
18  57  0.00022027
19  57  0.00023387
20  57  0.00015136
21  57  0.00013968
22  57  0.00024948
23  57  0.00007381
24  57  0.00019073
25  57  0.00033215
26  57  0.00021816
27  57  0.00025435
28  57  0.00039906
29  57  0.00042522
30  57  0.00038158
31  57  0.00013361
32  57  0.00038449
33  57  0.00045329
34  57  0.00020459
35  57  0.00011715
36  57  0.00023108
37  57  0.00014353
38  57  0.00026004
39  57  0.00035036
40  57  0.00005048
41  57  0.00056904
42  57  0.00034865
43  57  0.00031762
44  57  0.00017351
45  57  0.00012930
46  57  0.00042986
47  57  0.00029870
48  57  0.00048165
49  57  0.00021155
50  57  0.00013961
51  57  0.00021170
52  57  0.00037082
53  57  0.00013043
54  57  0.00024552
55  57  0.00013509
56  57  0.00031338
57  57  0.00022397
58  57  0.00019170
59  57  0.00011346
60  57  0.00040319
61  57  0.00004009
62  57  0.00019346
63  57  0.00023108
0  58  0.00038953
1  58  0.00034238
2  58  0.00019522
3  58  0.00012124
4  58  0.00025477
5  58  0.00018483
6  58  0.00017342
7  58  0.00007636
8  58  0.00029571
9  58  0.00028371
10  58  0.00024118
11  58  0.00018457
12  58  0.00012105
13  58  0.00036689
14  58  0.00028011
15  58  0.00012002
16  58  0.00029585
17  58  0.00012370
18  58  0.00049190
19  58  0.00017047
20  58  0.00040916
21  58  0.00027694
22  58  0.00028900
23  58  0.00009694
24  58  0.00021067
25  58  0.00022570
26  58  0.00015692
27  58  0.00019756
28  58  0.00014619
29  58  0.00022422
30  58  0.00028647
31  58  0.00028406
32  58  0.00019611
33  58  0.00014560
34  58  0.00010882
35  58  0.00010690
36  58  0.00016053
37  58  0.00026482
38  58  0.00040700
39  58  0.00036322
40  58  0.00014577
41  58  0.00025355
42  58  0.00019670
43  58  0.00025453
44  58  0.00018690
45  58  0.00008609
46  58  0.00024315
47  58  0.00037065
48  58  0.00017151
49  58  0.00018481
50  58  0.00011262
51  58  0.00013553
52  58  0.00027041
53  58  0.00012705
54  58  0.00035240
55  58  0.00026380
56  58  0.00031646
57  58  0.00032244
58  58  0.00016351
59  58  0.00033741
60  58  0.00030041
61  58  0.00027825
62  58  0.00017125
63  58  0.00026823
0  59  0.00050072
1  59  0.00010110
2  59  0.00006574
3  59  0.00038996
4  59  0.00009661
5  59  0.00007054
6  59  0.00012913
7  59  0.00027884
8  59  0.00030509
9  59  0.00013434
10  59  0.00028978
11  59  0.00003092
12  59  0.00040931
13  59  0.00025445
14  59  0.00024393
15  59  0.00012478
16  59  0.00022673
17  59  0.00032906
18  59  0.00013604
19  59  0.00010384
20  59  0.00025518
21  59  0.00022890
22  59  0.00023123
23  59  0.00044253
24  59  0.00016148
25  59  0.00017551
26  59  0.00016116
27  59  0.00019997
28  59  0.00016064
29  59  0.00033365
30  59  0.00037200
31  59  0.00012394
32  59  0.00012922
33  59  0.00046108
34  59  0.00012623
35  59  0.00017487
36  59  0.00025672
37  59  0.00030386
38  59  0.00044756
39  59  0.00016413
40  59  0.00022682
41  59  0.00010271
42  59  0.00018888
43  59  0.00022995
44  59  0.00017083
45  59  0.00030976
46  59  0.00009034
47  59  0.00011309
48  59  0.00015317
49  59  0.00025974
50  59  0.00011653
51  59  0.00017892
52  59  0.00031827
53  59  0.00016107
54  59  0.00025576
55  59  0.00022201
56  59  0.00027368
57  59  0.00012811
58  59  0.00033116
59  59  0.00032843
60  59  0.00034648
61  59  0.00005518
62  59  0.00033839
63  59  0.00017119
0  60  0.00005028
1  60  0.00031900
2  60  0.00022189
3  60  0.00042631
4  60  0.00021120
5  60  0.00038168
6  60  0.00046160
7  60  0.00020006
8  60  0.00042633
9  60  0.00038463
10  60  0.00038672
11  60  0.00015048
12  60  0.00022316
13  60  0.00004818
14  60  0.00014654
15  60  0.00014036
16  60  0.00011812
17  60  0.00033392
18  60  0.00013946
19  60  0.00029894
20  60  0.00015945
21  60  0.00021200
22  60  0.00003233
23  60  0.00036136
24  60  0.00059770
25  60  0.00009334
26  60  0.00032440
27  60  0.00013297
28  60  0.00014548
29  60  0.00037698
30  60  0.00018438
31  60  0.00022778
32  60  0.00011934
33  60  0.00039135
34  60  0.00038471
35  60  0.00035409
36  60  0.00013699
37  60  0.00016420
38  60  0.00070784
39  60  0.00024935
40  60  0.00027675
41  60  0.00020252
42  60  0.00035754
43  60  0.00019249
44  60  0.00035044
45  60  0.00012345
46  60  0.00025238
47  60  0.00040138
48  60  0.00032355
49  60  0.00044511
50  60  0.00008210
51  60  0.00030440
52  60  0.00039331
53  60  0.00043032
54  60  0.00061541
55  60  0.00038309
56  60  0.00039292
57  60  0.00022022
58  60  0.00032686
59  60  0.00043601
60  60  0.00029497
61  60  0.00025716
62  60  0.00024179
63  60  0.00026192
0  61  0.00025877
1  61  0.00017886
2  61  0.00009074
3  61  0.00006204
4  61  0.00028240
5  61  0.00032876
6  61  0.00016679
7  61  0.00013660
8  61  0.00045570
9  61  0.00025243
10  61  0.00011948
11  61  0.00019177
12  61  0.00020948
13  61  0.00021040
14  61  0.00025354
15  61  0.00020603
16  61  0.00007016
17  61  0.00029224
18  61  0.00023200
19  61  0.00012860
20  61  0.00040582
21  61  0.00031364
22  61  0.00013291
23  61  0.00047946
24  61  0.00054173
25  61  0.00027548
26  61  0.00018892
27  61  0.00013441
28  61  0.00013415
29  61  0.00023751
30  61  0.00019812
31  61  0.00016011
32  61  0.00039598
33  61  0.00043875
34  61  0.00014945
35  61  0.00016762
36  61  0.00016677
37  61  0.00039074
38  61  0.00032074
39  61  0.00012533
40  61  0.00018928
41  61  0.00010314
42  61  0.00024049
43  61  0.00022354
44  61  0.00007894
45  61  0.00009857
46  61  0.00024908
47  61  0.00029076
48  61  0.00008861
49  61  0.00012545
50  61  0.00027261
51  61  0.00012605
52  61  0.00005361
53  61  0.00025568
54  61  0.00040049
55  61  0.00025696
56  61  0.00021840
57  61  0.00027085
58  61  0.00019533
59  61  0.00009375
60  61  0.00022783
61  61  0.00003472
62  61  0.00022978
63  61  0.00021090
0  62  0.00014528
1  62  0.00008376
2  62  0.00024371
3  62  0.00020427
4  62  0.00027974
5  62  0.00018358
6  62  0.00013524
7  62  0.00024233
8  62  0.00037351
9  62  0.00016670
10  62  0.00052837
11  62  0.00015751
12  62  0.00004577
13  62  0.00016327
14  62  0.00020001
15  62  0.00034541
16  62  0.00012403
17  62  0.00042133
18  62  0.00031102
19  62  0.00037973
20  62  0.00018724
21  62  0.00020444
22  62  0.00019783
23  62  0.00021704
24  62  0.00019974
25  62  0.00033878
26  62  0.00035036
27  62  0.00014404
28  62  0.00045193
29  62  0.00019946
30  62  0.00038026
31  62  0.00017688
32  62  0.00010735
33  62  0.00021656
34  62  0.00041308
35  62  0.00022290
36  62  0.00007577
37  62  0.00011896
38  62  0.00026394
39  62  0.00011986
40  62  0.00038250
41  62  0.00041439
42  62  0.00017166
43  62  0.00011033
44  62  0.00013096
45  62  0.00026652
46  62  0.00027856
47  62  0.00009235
48  62  0.00026306
49  62  0.00023972
50  62  0.00038058
51  62  0.00038195
52  62  0.00009766
53  62  0.00025891
54  62  0.00053329
55  62  0.00032122
56  62  0.00013538
57  62  0.00006054
58  62  0.00008270
59  62  0.00052128
60  62  0.00016768
61  62  0.00011313
62  62  0.00036780
63  62  0.00018868
0  63  0.00013967
1  63  0.00028642
2  63  0.00018401
3  63  0.00010644
4  63  0.00026086
5  63  0.00030937
6  63  0.00042550
7  63  0.00006396
8  63  0.00019833
9  63  0.00031413
10  63  0.00026987
11  63  0.00024421
12  63  0.00011762
13  63  0.00024603
14  63  0.00051958
15  63  0.00010413
16  63  0.00020927
17  63  0.00043898
18  63  0.00010602
19  63  0.00010244
20  63  0.00028377
21  63  0.00031478
22  63  0.00035347
23  63  0.00050247
24  63  0.00050253
25  63  0.00057208
26  63  0.00035744
27  63  0.00013010
28  63  0.00048552
29  63  0.00019538
30  63  0.00011139
31  63  0.00043460
32  63  0.00011379
33  63  0.00029825
34  63  0.00020163
35  63  0.00007473
36  63  0.00053423
37  63  0.00009707
38  63  0.00019123
39  63  0.00034871
40  63  0.00007516
41  63  0.00024007
42  63  0.00016624
43  63  0.00031706
44  63  0.00038062
45  63  0.00005546
46  63  0.00035775
47  63  0.00023306
48  63  0.00056614
49  63  0.00023425
50  63  0.00028414
51  63  0.00021666
52  63  0.00039132
53  63  0.00025154
54  63  0.00010257
55  63  0.00039136
56  63  0.00020918
57  63  0.00012711
58  63  0.00035315
59  63  0.00027103
60  63  0.00030079
61  63  0.00010671
62  63  0.00004291
63  63  0.00017617
