# Spinor density |Psi|^2 at t = 10 seconds
# Grid: 64 x 64
# Columns: x  y  density
0  0  0.00036815
1  0  0.00022668
2  0  0.00017962
3  0  0.00057321
4  0  0.00020569
5  0  0.00010124
6  0  0.00042362
7  0  0.00024833
8  0  0.00025546
9  0  0.00025291
10  0  0.00019546
11  0  0.00009003
12  0  0.00017827
13  0  0.00009556
14  0  0.00048601
15  0  0.00017946
16  0  0.00016818
17  0  0.00057802
18  0  0.00020824
19  0  0.00022691
20  0  0.00012256
21  0  0.00022551
22  0  0.00034835
23  0  0.00023838
24  0  0.00024506
25  0  0.00016714
26  0  0.00038317
27  0  0.00058094
28  0  0.00026233
29  0  0.00034426
30  0  0.00036224
31  0  0.00022627
32  0  0.00037866
33  0  0.00038229
34  0  0.00016376
35  0  0.00024170
36  0  0.00032274
37  0  0.00015775
38  0  0.00025105
39  0  0.00023764
40  0  0.00030385
41  0  0.00005731
42  0  0.00023434
43  0  0.00014930
44  0  0.00058641
45  0  0.00025527
46  0  0.00049574
47  0  0.00046395
48  0  0.00015430
49  0  0.00066896
50  0  0.00025778
51  0  0.00016431
52  0  0.00016531
53  0  0.00012671
54  0  0.00077995
55  0  0.00027279
56  0  0.00015409
57  0  0.00012408
58  0  0.00017583
59  0  0.00014634
60  0  0.00031604
61  0  0.00048075
62  0  0.00031953
63  0  0.00018939
0  1  0.00005673
1  1  0.00021233
2  1  0.00024726
3  1  0.00032738
4  1  0.00008304
5  1  0.00021544
6  1  0.00021105
7  1  0.00021082
8  1  0.00031783
9  1  0.00012820
10  1  0.00005754
11  1  0.00021497
12  1  0.00017232
13  1  0.00009522
14  1  0.00036250
15  1  0.00028311
16  1  0.00030598
17  1  0.00014660
18  1  0.00025806
19  1  0.00016428
20  1  0.00020580
21  1  0.00033396
22  1  0.00019683
23  1  0.00024770
24  1  0.00023238
25  1  0.00012379
26  1  0.00018073
27  1  0.00014006
28  1  0.00024425
29  1  0.00021784
30  1  0.00045903
31  1  0.00009910
32  1  0.00011245
33  1  0.00026077
34  1  0.00016736
35  1  0.00044843
36  1  0.00014605
37  1  0.00033282
38  1  0.00023036
39  1  0.00028087
40  1  0.00011275
41  1  0.00015772
42  1  0.00013156
43  1  0.00042560
44  1  0.00020339
45  1  0.00031154
46  1  0.00015309
47  1  0.00036563
48  1  0.00010912
49  1  0.00035872
50  1  0.00015813
51  1  0.00036953
52  1  0.00007438
53  1  0.00019177
54  1  0.00007903
55  1  0.00018023
56  1  0.00012699
57  1  0.00015909
58  1  0.00015172
59  1  0.00026088
60  1  0.00042991
61  1  0.00015547
62  1  0.00029716
63  1  0.00024677
0  2  0.00025620
1  2  0.00018279
2  2  0.00012008
3  2  0.00008666
4  2  0.00023389
5  2  0.00021784
6  2  0.00013261
7  2  0.00022196
8  2  0.00011814
9  2  0.00024146
10  2  0.00020313
11  2  0.00018482
12  2  0.00028277
13  2  0.00029616
14  2  0.00029150
15  2  0.00031971
16  2  0.00020687
17  2  0.00019102
18  2  0.00016252
19  2  0.00025685
20  2  0.00015415
21  2  0.00020029
22  2  0.00017086
23  2  0.00013427
24  2  0.00018932
25  2  0.00006823
26  2  0.00028270
27  2  0.00041653
28  2  0.00020686
29  2  0.00035180
30  2  0.00024904
31  2  0.00057602
32  2  0.00015539
33  2  0.00026015
34  2  0.00025595
35  2  0.00018726
36  2  0.00023213
37  2  0.00024473
38  2  0.00021514
39  2  0.00025859
40  2  0.00004859
41  2  0.00046369
42  2  0.00016473
43  2  0.00041975
44  2  0.00016725
45  2  0.00053565
46  2  0.00011923
47  2  0.00029724
48  2  0.00028459
49  2  0.00011370
50  2  0.00027309
51  2  0.00043939
52  2  0.00010434
53  2  0.00015358
54  2  0.00010771
55  2  0.00010370
56  2  0.00025119
57  2  0.00030851
58  2  0.00016561
59  2  0.00027522
60  2  0.00020084
61  2  0.00049195
62  2  0.00020649
63  2  0.00033254
0  3  0.00011033
1  3  0.00031012
2  3  0.00030580
3  3  0.00046735
4  3  0.00033132
5  3  0.00036330
6  3  0.00031178
7  3  0.00023734
8  3  0.00023076
9  3  0.00019424
10  3  0.00030946
11  3  0.00034972
12  3  0.00025519
13  3  0.00018882
14  3  0.00015273
15  3  0.00011248
16  3  0.00004645
17  3  0.00017035
18  3  0.00028685
19  3  0.00063559
20  3  0.00025621
21  3  0.00012291
22  3  0.00024475
23  3  0.00042263
24  3  0.00027425
25  3  0.00042100
26  3  0.00020789
27  3  0.00020494
28  3  0.00037143
29  3  0.00036394
30  3  0.00011527
31  3  0.00019319
32  3  0.00020719
33  3  0.00034944
34  3  0.00020531
35  3  0.00024780
36  3  0.00012484
37  3  0.00015980
38  3  0.00005668
39  3  0.00030687
40  3  0.00023033
41  3  0.00007566
42  3  0.00016483
43  3  0.00008252
44  3  0.00051546
45  3  0.00024084
46  3  0.00032477
47  3  0.00022241
48  3  0.00015196
49  3  0.00018985
50  3  0.00028021
51  3  0.00027050
52  3  0.00012712
53  3  0.00021977
54  3  0.00025106
55  3  0.00013284
56  3  0.00013075
57  3  0.00018874
58  3  0.00007235
59  3  0.00011964
60  3  0.00018219
61  3  0.00012379
62  3  0.00033227
63  3  0.00055825
0  4  0.00029987
1  4  0.00025884
2  4  0.00017105
3  4  0.00016146
4  4  0.00038479
5  4  0.00014743
6  4  0.00021345
7  4  0.00043522
8  4  0.00025866
9  4  0.00027337
10  4  0.00009202
11  4  0.00027472
12  4  0.00016667
13  4  0.00011807
14  4  0.00044651
15  4  0.00027188
16  4  0.00015490
17  4  0.00017814
18  4  0.00002434
19  4  0.00030901
20  4  0.00006862
21  4  0.00024780
22  4  0.00014267
23  4  0.00019018
24  4  0.00034536
25  4  0.00030875
26  4  0.00021373
27  4  0.00013734
28  4  0.00028925
29  4  0.00021550
30  4  0.00023225
31  4  0.00053682
32  4  0.00007330
33  4  0.00016251
34  4  0.00018510
35  4  0.00037228
36  4  0.00014563
37  4  0.00042848
38  4  0.00005139
39  4  0.00094449
40  4  0.00047542
41  4  0.00044185
42  4  0.00016166
43  4  0.00019862
44  4  0.00010765
45  4  0.00013134
46  4  0.00017756
47  4  0.00026990
48  4  0.00024626
49  4  0.00036408
50  4  0.00026226
51  4  0.00019650
52  4  0.00027671
53  4  0.00035838
54  4  0.00029896
55  4  0.00023101
56  4  0.00015806
57  4  0.00035399
58  4  0.00017444
59  4  0.00034714
60  4  0.00011797
61  4  0.00041784
62  4  0.00006347
63  4  0.00013216
0  5  0.00027059
1  5  0.00034859
2  5  0.00019345
3  5  0.00032706
4  5  0.00016009
5  5  0.00023945
6  5  0.00011462
7  5  0.00031719
8  5  0.00024736
9  5  0.00024842
10  5  0.00060869
11  5  0.00005731
12  5  0.00012089
13  5  0.00028327
14  5  0.00017017
15  5  0.00023749
16  5  0.00013971
17  5  0.00031044
18  5  0.00007542
19  5  0.00008640
20  5  0.00011695
21  5  0.00024399
22  5  0.00018032
23  5  0.00022652
24  5  0.00048161
25  5  0.00011884
26  5  0.00007276
27  5  0.00014110
28  5  0.00034985
29  5  0.00070905
30  5  0.00028913
31  5  0.00026048
32  5  0.00034075
33  5  0.00056861
34  5  0.00010831
35  5  0.00021869
36  5  0.00018425
37  5  0.00017063
38  5  0.00018906
39  5  0.00044859
40  5  0.00021915
41  5  0.00022517
42  5  0.00017864
43  5  0.00027238
44  5  0.00007972
45  5  0.00011846
46  5  0.00032427
47  5  0.00023372
48  5  0.00026146
49  5  0.00023020
50  5  0.00025051
51  5  0.00028596
52  5  0.00026595
53  5  0.00051862
54  5  0.00039754
55  5  0.00024638
56  5  0.00018440
57  5  0.00020379
58  5  0.00023636
59  5  0.00039322
60  5  0.00029711
61  5  0.00014740
62  5  0.00010172
63  5  0.00009242
0  6  0.00014699
1  6  0.00013713
2  6  0.00013659
3  6  0.00025503
4  6  0.00047120
5  6  0.00024057
6  6  0.00033806
7  6  0.00022484
8  6  0.00033483
9  6  0.00022198
10  6  0.00018044
11  6  0.00046556
12  6  0.00014645
13  6  0.00027360
14  6  0.00038620
15  6  0.00018435
16  6  0.00028287
17  6  0.00026385
18  6  0.00061461
19  6  0.00020878
20  6  0.00031595
21  6  0.00006599
22  6  0.00017956
23  6  0.00018262
24  6  0.00016837
25  6  0.00020063
26  6  0.00022767
27  6  0.00038483
28  6  0.00016741
29  6  0.00027560
30  6  0.00026378
31  6  0.00032409
32  6  0.00030349
33  6  0.00013835
34  6  0.00005510
35  6  0.00011053
36  6  0.00046496
37  6  0.00024216
38  6  0.00020641
39  6  0.00051385
40  6  0.00029207
41  6  0.00017227
42  6  0.00021294
43  6  0.00018700
44  6  0.00034466
45  6  0.00035996
46  6  0.00025759
47  6  0.00026785
48  6  0.00023240
49  6  0.00003816
50  6  0.00018469
51  6  0.00029524
52  6  0.00026637
53  6  0.00018325
54  6  0.00032434
55  6  0.00034270
56  6  0.00017617
57  6  0.00024337
58  6  0.00018191
59  6  0.00020001
60  6  0.00037249
61  6  0.00013186
62  6  0.00031196
63  6  0.00032895
0  7  0.00066972
1  7  0.00028355
2  7  0.00018469
3  7  0.00018307
4  7  0.00027653
5  7  0.00028993
6  7  0.00016749
7  7  0.00016704
8  7  0.00032942
9  7  0.00043670
10  7  0.00025639
11  7  0.00029040
12  7  0.00027712
13  7  0.00029626
14  7  0.00039881
15  7  0.00021129
16  7  0.00034513
17  7  0.00021355
18  7  0.00042787
19  7  0.00024064
20  7  0.00028425
21  7  0.00033698
22  7  0.00037653
23  7  0.00011168
24  7  0.00027840
25  7  0.00009750
26  7  0.00017437
27  7  0.00036968
28  7  0.00024466
29  7  0.00039998
30  7  0.00014319
31  7  0.00040571
32  7  0.00009890
33  7  0.00014854
34  7  0.00028422
35  7  0.00039890
36  7  0.00013343
37  7  0.00037100
38  7  0.00027244
39  7  0.00012039
40  7  0.00047175
41  7  0.00060719
42  7  0.00029073
43  7  0.00021755
44  7  0.00017444
45  7  0.00054017
46  7  0.00032821
47  7  0.00027997
48  7  0.00029586
49  7  0.00005608
50  7  0.00016412
51  7  0.00039289
52  7  0.00017712
53  7  0.00011244
54  7  0.00065967
55  7  0.00030380
56  7  0.00009553
57  7  0.00032313
58  7  0.00026652
59  7  0.00039465
60  7  0.00017757
61  7  0.00019686
62  7  0.00032534
63  7  0.00020621
0  8  0.00033606
1  8  0.00025211
2  8  0.00009499
3  8  0.00024139
4  8  0.00031516
5  8  0.00016973
6  8  0.00028022
7  8  0.00013770
8  8  0.00023191
9  8  0.00029899
10  8  0.00012493
11  8  0.00033775
12  8  0.00005224
13  8  0.00015913
14  8  0.00014491
15  8  0.00013333
16  8  0.00035724
17  8  0.00012768
18  8  0.00021536
19  8  0.00017864
20  8  0.00008733
21  8  0.00010928
22  8  0.00039954
23  8  0.00021675
24  8  0.00023354
25  8  0.00030995
26  8  0.00023150
27  8  0.00023217
28  8  0.00016052
29  8  0.00006560
30  8  0.00019825
31  8  0.00041762
32  8  0.00019008
33  8  0.00023668
34  8  0.00014476
35  8  0.00038814
36  8  0.00009372
37  8  0.00019683
38  8  0.00020045
39  8  0.00017287
40  8  0.00009020
41  8  0.00034100
42  8  0.00015277
43  8  0.00012010
44  8  0.00033086
45  8  0.00023848
46  8  0.00024939
47  8  0.00022873
48  8  0.00012708
49  8  0.00044541
50  8  0.00019740
51  8  0.00056751
52  8  0.00008016
53  8  0.00020293
54  8  0.00009643
55  8  0.00035244
56  8  0.00015737
57  8  0.00016666
58  8  0.00041126
59  8  0.00009507
60  8  0.00027012
61  8  0.00012912
62  8  0.00015341
63  8  0.00020254
0  9  0.00044881
1  9  0.00034631
2  9  0.00014404
3  9  0.00026040
4  9  0.00005890
5  9  0.00027109
6  9  0.00025346
7  9  0.00030847
8  9  0.00009723
9  9  0.00047003
10  9  0.00021251
11  9  0.00003558
12  9  0.00016503
13  9  0.00005940
14  9  0.00011800
15  9  0.00026216
16  9  0.00022597
17  9  0.00023101
18  9  0.00012010
19  9  0.00015601
20  9  0.00018753
21  9  0.00054413
22  9  0.00018394
23  9  0.00008902
24  9  0.00021816
25  9  0.00022792
26  9  0.00027308
27  9  0.00023288
28  9  0.00014385
29  9  0.00027035
30  9  0.00015371
31  9  0.00012645
32  9  0.00027133
33  9  0.00025014
34  9  0.00045478
35  9  0.00030652
36  9  0.00014985
37  9  0.00011191
38  9  0.00031734
39  9  0.00035067
40  9  0.00004966
41  9  0.00031019
42  9  0.00043660
43  9  0.00031616
44  9  0.00017857
45  9  0.00030697
46  9  0.00031935
47  9  0.00008382
48  9  0.00018068
49  9  0.00014913
50  9  0.00022159
51  9  0.00033081
52  9  0.00014823
53  9  0.00023741
54  9  0.00015317
55  9  0.00016442
56  9  0.00035057
57  9  0.00041944
58  9  0.00018822
59  9  0.00026398
60  9  0.00045733
61  9  0.00052566
62  9  0.00040896
63  9  0.00044852
0  10  0.00026743
1  10  0.00009816
2  10  0.00007992
3  10  0.00014725
4  10  0.00028907
5  10  0.00003767
6  10  0.00061813
7  10  0.00013799
8  10  0.00031700
9  10  0.00020698
10  10  0.00006469
11  10  0.00029962
12  10  0.00017312
13  10  0.00016056
14  10  0.00019136
15  10  0.00052432
16  10  0.00023135
17  10  0.00028826
18  10  0.00025221
19  10  0.00027162
20  10  0.00046000
21  10  0.00040619
22  10  0.00032708
23  10  0.00044622
24  10  0.00025837
25  10  0.00022954
26  10  0.00015260
27  10  0.00013730
28  10  0.00014971
29  10  0.00017985
30  10  0.00014673
31  10  0.00089640
32  10  0.00035935
33  10  0.00042158
34  10  0.00017518
35  10  0.00021099
36  10  0.00035139
37  10  0.00021000
38  10  0.00012594
39  10  0.00031518
40  10  0.00018813
41  10  0.00028282
42  10  0.00013271
43  10  0.00008468
44  10  0.00045199
45  10  0.00008495
46  10  0.00022307
47  10  0.00012944
48  10  0.00008165
49  10  0.00014331
50  10  0.00012338
51  10  0.00015419
52  10  0.00036135
53  10  0.00029907
54  10  0.00011513
55  10  0.00019791
56  10  0.00041576
57  10  0.00013765
58  10  0.00012612
59  10  0.00025567
60  10  0.00017483
61  10  0.00014886
62  10  0.00026082
63  10  0.00025845
0  11  0.00028415
1  11  0.00030081
2  11  0.00023938
3  11  0.00014628
4  11  0.00020714
5  11  0.00017451
6  11  0.00031590
7  11  0.00026758
8  11  0.00032167
9  11  0.00034651
10  11  0.00019823
11  11  0.00030282
12  11  0.00033766
13  11  0.00009548
14  11  0.00025582
15  11  0.00043042
16  11  0.00018005
17  11  0.00028412
18  11  0.00024296
19  11  0.00047930
20  11  0.00019955
21  11  0.00028350
22  11  0.00012178
23  11  0.00016253
24  11  0.00064392
25  11  0.00009988
26  11  0.00014931
27  11  0.00013894
28  11  0.00029639
29  11  0.00024683
30  11  0.00013641
31  11  0.00015233
32  11  0.00003460
33  11  0.00015667
34  11  0.00026125
35  11  0.00021553
36  11  0.00032493
37  11  0.00014984
38  11  0.00018521
39  11  0.00017351
40  11  0.00027891
41  11  0.00014265
42  11  0.00016511
43  11  0.00013698
44  11  0.00014255
45  11  0.00032704
46  11  0.00017109
47  11  0.00026132
48  11  0.00055032
49  11  0.00022278
50  11  0.00028016
51  11  0.00019154
52  11  0.00049479
53  11  0.00026617
54  11  0.00022448
55  11  0.00009731
56  11  0.00016118
57  11  0.00042534
58  11  0.00010689
59  11  0.00020383
60  11  0.00029152
61  11  0.00014209
62  11  0.00016995
63  11  0.00011305
0  12  0.00016276
1  12  0.00022623
2  12  0.00024097
3  12  0.00012230
4  12  0.00039754
5  12  0.00033125
6  12  0.00026117
7  12  0.00008372
8  12  0.00065658
9  12  0.00028206
10  12  0.00048514
11  12  0.00016655
12  12  0.00031918
13  12  0.00017565
14  12  0.00014113
15  12  0.00028107
16  12  0.00010848
17  12  0.00051736
18  12  0.00026623
19  12  0.00034487
20  12  0.00015399
21  12  0.00020240
22  12  0.00021873
23  12  0.00013331
24  12  0.00027832
25  12  0.00012495
26  12  0.00039754
27  12  0.00025871
28  12  0.00037002
29  12  0.00018885
30  12  0.00010207
31  12  0.00021998
32  12  0.00024666
33  12  0.00026001
34  12  0.00014718
35  12  0.00015774
36  12  0.00012839
37  12  0.00023121
38  12  0.00008934
39  12  0.00032432
40  12  0.00019730
41  12  0.00023581
42  12  0.00052165
43  12  0.00028270
44  12  0.00012675
45  12  0.00044464
46  12  0.00021265
47  12  0.00013727
48  12  0.00018407
49  12  0.00035008
50  12  0.00005238
51  12  0.00024190
52  12  0.00044720
53  12  0.00044870
54  12  0.00024792
55  12  0.00042818
56  12  0.00016766
57  12  0.00011022
58  12  0.00027230
59  12  0.00035634
60  12  0.00049283
61  12  0.00013180
62  12  0.00039734
63  12  0.00021355
0  13  0.00056859
1  13  0.00023515
2  13  0.00012194
3  13  0.00016501
4  13  0.00018630
5  13  0.00017190
6  13  0.00016816
7  13  0.00025969
8  13  0.00029963
9  13  0.00011211
10  13  0.00012181
11  13  0.00022488
12  13  0.00030206
13  13  0.00009461
14  13  0.00017399
15  13  0.00003768
16  13  0.00023394
17  13  0.00020307
18  13  0.00026162
19  13  0.00035051
20  13  0.00027766
21  13  0.00006475
22  13  0.00015224
23  13  0.00014417
24  13  0.00024359
25  13  0.00023862
26  13  0.00026156
27  13  0.00026066
28  13  0.00023852
29  13  0.00015893
30  13  0.00053199
31  13  0.00011389
32  13  0.00010632
33  13  0.00017994
34  13  0.00059031
35  13  0.00020319
36  13  0.00013959
37  13  0.00017931
38  13  0.00033634
39  13  0.00014337
40  13  0.00013943
41  13  0.00028808
42  13  0.00050219
43  13  0.00015550
44  13  0.00033562
45  13  0.00010675
46  13  0.00033678
47  13  0.00016463
48  13  0.00021875
49  13  0.00067308
50  13  0.00036893
51  13  0.00010754
52  13  0.00024911
53  13  0.00009066
54  13  0.00020886
55  13  0.00033763
56  13  0.00025380
57  13  0.00010895
58  13  0.00026977
59  13  0.00017445
60  13  0.00036065
61  13  0.00022097
62  13  0.00022086
63  13  0.00021976
0  14  0.00017952
1  14  0.00018857
2  14  0.00008808
3  14  0.00022833
4  14  0.00020082
5  14  0.00031635
6  14  0.00041982
7  14  0.00025654
8  14  0.00012529
9  14  0.00019148
10  14  0.00033494
11  14  0.00013306
12  14  0.00034793
13  14  0.00017366
14  14  0.00022106
15  14  0.00017226
16  14  0.00045075
17  14  0.00029414
18  14  0.00022506
19  14  0.00042315
20  14  0.00015216
21  14  0.00051325
22  14  0.00013482
23  14  0.00024357
24  14  0.00022949
25  14  0.00023975
26  14  0.00085049
27  14  0.00035653
28  14  0.00011530
29  14  0.00019204
30  14  0.00027371
31  14  0.00027751
32  14  0.00028630
33  14  0.00031934
34  14  0.00015166
35  14  0.00017513
36  14  0.00009998
37  14  0.00019943
38  14  0.00041246
39  14  0.00009057
40  14  0.00015829
41  14  0.00031141
42  14  0.00037008
43  14  0.00026936
44  14  0.00021831
45  14  0.00024660
46  14  0.00025918
47  14  0.00044287
48  14  0.00016087
49  14  0.00028687
50  14  0.00043980
51  14  0.00022239
52  14  0.00029445
53  14  0.00021656
54  14  0.00013135
55  14  0.00036693
56  14  0.00011458
57  14  0.00034787
58  14  0.00029532
59  14  0.00030952
60  14  0.00023704
61  14  0.00026112
62  14  0.00024383
63  14  0.00036223
0  15  0.00022338
1  15  0.00008030
2  15  0.00018117
3  15  0.00018065
4  15  0.00024421
5  15  0.00031017
6  15  0.00034075
7  15  0.00008106
8  15  0.00052245
9  15  0.00037433
10  15  0.00039581
11  15  0.00020959
12  15  0.00018561
13  15  0.00030102
14  15  0.00023075
15  15  0.00023611
16  15  0.00030591
17  15  0.00024420
18  15  0.00007905
19  15  0.00057879
20  15  0.00050664
21  15  0.00020335
22  15  0.00024262
23  15  0.00027760
24  15  0.00027231
25  15  0.00030538
26  15  0.00019745
27  15  0.00024538
28  15  0.00036149
29  15  0.00005907
30  15  0.00024792
31  15  0.00015184
32  15  0.00030508
33  15  0.00018570
34  15  0.00014106
35  15  0.00001414
36  15  0.00027118
37  15  0.00009848
38  15  0.00015773
39  15  0.00024255
40  15  0.00009825
41  15  0.00025454
42  15  0.00042682
43  15  0.00026181
44  15  0.00027291
45  15  0.00026395
46  15  0.00012611
47  15  0.00030882
48  15  0.00014657
49  15  0.00010570
50  15  0.00022108
51  15  0.00018357
52  15  0.00007469
53  15  0.00014135
54  15  0.00005444
55  15  0.00029594
56  15  0.00008694
57  15  0.00017737
58  15  0.00008961
59  15  0.00093150
60  15  0.00018366
61  15  0.00012153
62  15  0.00042576
63  15  0.00056994
0  16  0.00018493
1  16  0.00024756
2  16  0.00016846
3  16  0.00019734
4  16  0.00012769
5  16  0.00024605
6  16  0.00018328
7  16  0.00009570
8  16  0.00040297
9  16  0.00027829
10  16  0.00027290
11  16  0.00017217
12  16  0.00013635
13  16  0.00019184
14  16  0.00013222
15  16  0.00084826
16  16  0.00025673
17  16  0.00024823
18  16  0.00005183
19  16  0.00014923
20  16  0.00028524
21  16  0.00014820
22  16  0.00020704
23  16  0.00030334
24  16  0.00032513
25  16  0.00026862
26  16  0.00010916
27  16  0.00024755
28  16  0.00024080
29  16  0.00007507
30  16  0.00035574
31  16  0.00043479
32  16  0.00033101
33  16  0.00026166
34  16  0.00018636
35  16  0.00028301
36  16  0.00010008
37  16  0.00028582
38  16  0.00012304
39  16  0.00034728
40  16  0.00071809
41  16  0.00044445
42  16  0.00024507
43  16  0.00028648
44  16  0.00044653
45  16  0.00017174
46  16  0.00008465
47  16  0.00020286
48  16  0.00034578
49  16  0.00014424
50  16  0.00007581
51  16  0.00012087
52  16  0.00027853
53  16  0.00019691
54  16  0.00028455
55  16  0.00020743
56  16  0.00020494
57  16  0.00024601
58  16  0.00033866
59  16  0.00026477
60  16  0.00022136
61  16  0.00027740
62  16  0.00042314
63  16  0.00009888
0  17  0.00033636
1  17  0.00016832
2  17  0.00017796
3  17  0.00011884
4  17  0.00009480
5  17  0.00006773
6  17  0.00036448
7  17  0.00030307
8  17  0.00018010
9  17  0.00029852
10  17  0.00023281
11  17  0.00010436
12  17  0.00021723
13  17  0.00022469
14  17  0.00023511
15  17  0.00019266
16  17  0.00020964
17  17  0.00030343
18  17  0.00011965
19  17  0.00013832
20  17  0.00014160
21  17  0.00026719
22  17  0.00031252
23  17  0.00019629
24  17  0.00021960
25  17  0.00004402
26  17  0.00013088
27  17  0.00010251
28  17  0.00028310
29  17  0.00017448
30  17  0.00018186
31  17  0.00008522
32  17  0.00024587
33  17  0.00029338
34  17  0.00036900
35  17  0.00026388
36  17  0.00023000
37  17  0.00014373
38  17  0.00015214
39  17  0.00006979
40  17  0.00042949
41  17  0.00043590
42  17  0.00014244
43  17  0.00017105
44  17  0.00057050
45  17  0.00014894
46  17  0.00022347
47  17  0.00016866
48  17  0.00018255
49  17  0.00019583
50  17  0.00039397
51  17  0.00022427
52  17  0.00024184
53  17  0.00007122
54  17  0.00015245
55  17  0.00016712
56  17  0.00020325
57  17  0.00031068
58  17  0.00013287
59  17  0.00020598
60  17  0.00012446
61  17  0.00048366
62  17  0.00010911
63  17  0.00006759
0  18  0.00031506
1  18  0.00023979
2  18  0.00027420
3  18  0.00024293
4  18  0.00032648
5  18  0.00013620
6  18  0.00016436
7  18  0.00017928
8  18  0.00024764
9  18  0.00051059
10  18  0.00015762
11  18  0.00042943
12  18  0.00028997
13  18  0.00019795
14  18  0.00010766
15  18  0.00017746
16  18  0.00025084
17  18  0.00016790
18  18  0.00024373
19  18  0.00035602
20  18  0.00032794
21  18  0.00032781
22  18  0.00019066
23  18  0.00004824
24  18  0.00006757
25  18  0.00027054
26  18  0.00011597
27  18  0.00013715
28  18  0.00035996
29  18  0.00067327
30  18  0.00017268
31  18  0.00031139
32  18  0.00015125
33  18  0.00018512
34  18  0.00014589
35  18  0.00017489
36  18  0.00036523
37  18  0.00039112
38  18  0.00026207
39  18  0.00030066
40  18  0.00026410
41  18  0.00020604
42  18  0.00034153
43  18  0.00032017
44  18  0.00015400
45  18  0.00011970
46  18  0.00010078
47  18  0.00020928
48  18  0.00032201
49  18  0.00025346
50  18  0.00006237
51  18  0.00025948
52  18  0.00019161
53  18  0.00017669
54  18  0.00024074
55  18  0.00018615
56  18  0.00046119
57  18  0.00036992
58  18  0.00008966
59  18  0.00015332
60  18  0.00022975
61  18  0.00024926
62  18  0.00013958
63  18  0.00014890
0  19  0.00023119
1  19  0.00008881
2  19  0.00018139
3  19  0.00026105
4  19  0.00015651
5  19  0.00028031
6  19  0.00029073
7  19  0.00045023
8  19  0.00024820
9  19  0.00017405
10  19  0.00031947
11  19  0.00027077
12  19  0.00019907
13  19  0.00017824
14  19  0.00029599
15  19  0.00029389
16  19  0.00010246
17  19  0.00022289
18  19  0.00021620
19  19  0.00034159
20  19  0.00045334
21  19  0.00028581
22  19  0.00055893
23  19  0.00023205
24  19  0.00013165
25  19  0.00065737
26  19  0.00013703
27  19  0.00020575
28  19  0.00024238
29  19  0.00005301
30  19  0.00016483
31  19  0.00018305
32  19  0.00031973
33  19  0.00018841
34  19  0.00043000
35  19  0.00017216
36  19  0.00021775
37  19  0.00025268
38  19  0.00026622
39  19  0.00019346
40  19  0.00043974
41  19  0.00009657
42  19  0.00029810
43  19  0.00023582
44  19  0.00015322
45  19  0.00043635
46  19  0.00019550
47  19  0.00020713
48  19  0.00055645
49  19  0.00053327
50  19  0.00033596
51  19  0.00021717
52  19  0.00015795
53  19  0.00013079
54  19  0.00015957
55  19  0.00034222
56  19  0.00035384
57  19  0.00018464
58  19  0.00013926
59  19  0.00021180
60  19  0.00012077
61  19  0.00029422
62  19  0.00058015
63  19  0.00004409
0  20  0.00024326
1  20  0.00022089
2  20  0.00015550
3  20  0.00042720
4  20  0.00021961
5  20  0.00016096
6  20  0.00026267
7  20  0.00042733
8  20  0.00037032
9  20  0.00034240
10  20  0.00033414
11  20  0.00058212
12  20  0.00016214
13  20  0.00033375
14  20  0.00013199
15  20  0.00046566
16  20  0.00022818
17  20  0.00018034
18  20  0.00013110
19  20  0.00013394
20  20  0.00013011
21  20  0.00021739
22  20  0.00037940
23  20  0.00011494
24  20  0.00045813
25  20  0.00022166
26  20  0.00015338
27  20  0.00018173
28  20  0.00022144
29  20  0.00028633
30  20  0.00008944
31  20  0.00031056
32  20  0.00038550
33  20  0.00041231
34  20  0.00040079
35  20  0.00019660
36  20  0.00018076
37  20  0.00002561
38  20  0.00041546
39  20  0.00024273
40  20  0.00058583
41  20  0.00021272
42  20  0.00007189
43  20  0.00008342
44  20  0.00036677
45  20  0.00026332
46  20  0.00028866
47  20  0.00061477
48  20  0.00007747
49  20  0.00023939
50  20  0.00032196
51  20  0.00011783
52  20  0.00020887
53  20  0.00019937
54  20  0.00048884
55  20  0.00018776
56  20  0.00026509
57  20  0.00028017
58  20  0.00049097
59  20  0.00014719
60  20  0.00029423
61  20  0.00040689
62  20  0.00008516
63  20  0.00009098
0  21  0.00053870
1  21  0.00034316
2  21  0.00034202
3  21  0.00017692
4  21  0.00027089
5  21  0.00008806
6  21  0.00008642
7  21  0.00008198
8  21  0.00025500
9  21  0.00011225
10  21  0.00012789
11  21  0.00014635
12  21  0.00010302
13  21  0.00027173
14  21  0.00035060
15  21  0.00015706
16  21  0.00030817
17  21  0.00016519
18  21  0.00007891
19  21  0.00022788
20  21  0.00007149
21  21  0.00038699
22  21  0.00033836
23  21  0.00011129
24  21  0.00034302
25  21  0.00057885
26  21  0.00033652
27  21  0.00016038
28  21  0.00038272
29  21  0.00013276
30  21  0.00046325
31  21  0.00035635
32  21  0.00008492
33  21  0.00022169
34  21  0.00047002
35  21  0.00022746
36  21  0.00017559
37  21  0.00010693
38  21  0.00030215
39  21  0.00009295
40  21  0.00029721
41  21  0.00035443
42  21  0.00026108
43  21  0.00025428
44  21  0.00013780
45  21  0.00040702
46  21  0.00023115
47  21  0.00017419
48  21  0.00033999
49  21  0.00019374
50  21  0.00030446
51  21  0.00023095
52  21  0.00025974
53  21  0.00012347
54  21  0.00029872
55  21  0.00023347
56  21  0.00036652
57  21  0.00003770
58  21  0.00004630
59  21  0.00012169
60  21  0.00032252
61  21  0.00031570
62  21  0.00023940
63  21  0.00013274
0  22  0.00028704
1  22  0.00033896
2  22  0.00016688
3  22  0.00019148
4  22  0.00010663
5  22  0.00018444
6  22  0.00019980
7  22  0.00018376
8  22  0.00007387
9  22  0.00029529
10  22  0.00040803
11  22  0.00037669
12  22  0.00024890
13  22  0.00022052
14  22  0.00007801
15  22  0.00009524
16  22  0.00020782
17  22  0.00037306
18  22  0.00017070
19  22  0.00038566
20  22  0.00008127
21  22  0.00020427
22  22  0.00010767
23  22  0.00006390
24  22  0.00021834
25  22  0.00026379
26  22  0.00019066
27  22  0.00019711
28  22  0.00021696
29  22  0.00029277
30  22  0.00009575
31  22  0.00044236
32  22  0.00018906
33  22  0.00030579
34  22  0.00026525
35  22  0.00026483
36  22  0.00024170
37  22  0.00018259
38  22  0.00024731
39  22  0.00033528
40  22  0.00022482
41  22  0.00015510
42  22  0.00005782
43  22  0.00031544
44  22  0.00018775
45  22  0.00010122
46  22  0.00015203
47  22  0.00006838
48  22  0.00038158
49  22  0.00023849
50  22  0.00008882
51  22  0.00062237
52  22  0.00029494
53  22  0.00009245
54  22  0.00044779
55  22  0.00012795
56  22  0.00014173
57  22  0.00014000
58  22  0.00028678
59  22  0.00026452
60  22  0.00028662
61  22  0.00011107
62  22  0.00036914
63  22  0.00040647
0  23  0.00060715
1  23  0.00033085
2  23  0.00051037
3  23  0.00015299
4  23  0.00011766
5  23  0.00011927
6  23  0.00019532
7  23  0.00005894
8  23  0.00039050
9  23  0.00011231
10  23  0.00014399
11  23  0.00040608
12  23  0.00013901
13  23  0.00013716
14  23  0.00021618
15  23  0.00023320
16  23  0.00027381
17  23  0.00023565
18  23  0.00021894
19  23  0.00013193
20  23  0.00032560
21  23  0.00011706
22  23  0.00014637
23  23  0.00031894
24  23  0.00019769
25  23  0.00025837
26  23  0.00017131
27  23  0.00013197
28  23  0.00022074
29  23  0.00029639
30  23  0.00006629
31  23  0.00012648
32  23  0.00036920
33  23  0.00017922
34  23  0.00013028
35  23  0.00019452
36  23  0.00016889
37  23  0.00033664
38  23  0.00020305
39  23  0.00024465
40  23  0.00020414
41  23  0.00032075
42  23  0.00025604
43  23  0.00024045
44  23  0.00015801
45  23  0.00016594
46  23  0.00012943
47  23  0.00021728
48  23  0.00032932
49  23  0.00008681
50  23  0.00041852
51  23  0.00035263
52  23  0.00024475
53  23  0.00020220
54  23  0.00042287
55  23  0.00025591
56  23  0.00014354
57  23  0.00030069
58  23  0.00023475
59  23  0.00062177
60  23  0.00018870
61  23  0.00007158
62  23  0.00044080
63  23  0.00019638
0  24  0.00020003
1  24  0.00023737
2  24  0.00016763
3  24  0.00048155
4  24  0.00026172
5  24  0.00029284
6  24  0.00026786
7  24  0.00008395
8  24  0.00020023
9  24  0.00040883
10  24  0.00007742
11  24  0.00007402
12  24  0.00050730
13  24  0.00006994
14  24  0.00022957
15  24  0.00032871
16  24  0.00036707
17  24  0.00014658
18  24  0.00009615
19  24  0.00062819
20  24  0.00016985
21  24  0.00027807
22  24  0.00017061
23  24  0.00019507
24  24  0.00023008
25  24  0.00022442
26  24  0.00024261
27  24  0.00019024
28  24  0.00012501
29  24  0.00010357
30  24  0.00024043
31  24  0.00006916
32  24  0.00001654
33  24  0.00026437
34  24  0.00011190
35  24  0.00020214
36  24  0.00050204
37  24  0.00024991
38  24  0.00027123
39  24  0.00014408
40  24  0.00027728
41  24  0.00014104
42  24  0.00015898
43  24  0.00044940
44  24  0.00022811
45  24  0.00030373
46  24  0.00070890
47  24  0.00039947
48  24  0.00030591
49  24  0.00014816
50  24  0.00029730
51  24  0.00010336
52  24  0.00030380
53  24  0.00042455
54  24  0.00006865
55  24  0.00037094
56  24  0.00019659
57  24  0.00015903
58  24  0.00023719
59  24  0.00014481
60  24  0.00018535
61  24  0.00007971
62  24  0.00018655
63  24  0.00009386
0  25  0.00033838
1  25  0.00018812
2  25  0.00038916
3  25  0.00051567
4  25  0.00031386
5  25  0.00052600
6  25  0.00016648
7  25  0.00012494
8  25  0.00005223
9  25  0.00039044
10  25  0.00026619
11  25  0.00047131
12  25  0.00030360
13  25  0.00017449
14  25  0.00007647
15  25  0.00022599
16  25  0.00027572
17  25  0.00036891
18  25  0.00039071
19  25  0.00010526
20  25  0.00020459
21  25  0.00033035
22  25  0.00023226
23  25  0.00016435
24  25  0.00010310
25  25  0.00032568
26  25  0.00020970
27  25  0.00006944
28  25  0.00009545
29  25  0.00033016
30  25  0.00007077
31  25  0.00014866
32  25  0.00013193
33  25  0.00069408
34  25  0.00015084
35  25  0.00027016
36  25  0.00052733
37  25  0.00015539
38  25  0.00011121
39  25  0.00025930
40  25  0.00060544
41  25  0.00025348
42  25  0.00019715
43  25  0.00039090
44  25  0.00036230
45  25  0.00023488
46  25  0.00026613
47  25  0.00020048
48  25  0.00036201
49  25  0.00007967
50  25  0.00041376
51  25  0.00020594
52  25  0.00015650
53  25  0.00018039
54  25  0.00027424
55  25  0.00017692
56  25  0.00035601
57  25  0.00017121
58  25  0.00010154
59  25  0.00037445
60  25  0.00029281
61  25  0.00035296
62  25  0.00004062
63  25  0.00029586
0  26  0.00038018
1  26  0.00045313
2  26  0.00036455
3  26  0.00022339
4  26  0.00017720
5  26  0.00016242
6  26  0.00036267
7  26  0.00014474
8  26  0.00006529
9  26  0.00033182
10  26  0.00008948
11  26  0.00023022
12  26  0.00023119
13  26  0.00022466
14  26  0.00027437
15  26  0.00006531
16  26  0.00048218
17  26  0.00006759
18  26  0.00004991
19  26  0.00031259
20  26  0.00015524
21  26  0.00025536
22  26  0.00018942
23  26  0.00013600
24  26  0.00020131
25  26  0.00029405
26  26  0.00028822
27  26  0.00019227
28  26  0.00015620
29  26  0.00033201
30  26  0.00022647
31  26  0.00035489
32  26  0.00064169
33  26  0.00026137
34  26  0.00019722
35  26  0.00054325
36  26  0.00030546
37  26  0.00036406
38  26  0.00010918
39  26  0.00020292
40  26  0.00012864
41  26  0.00016820
42  26  0.00027254
43  26  0.00029784
44  26  0.00009268
45  26  0.00025538
46  26  0.00027963
47  26  0.00022713
48  26  0.00039057
49  26  0.00033458
50  26  0.00024411
51  26  0.00014026
52  26  0.00036960
53  26  0.00037124
54  26  0.00021698
55  26  0.00015389
56  26  0.00022586
57  26  0.00006685
58  26  0.00020936
59  26  0.00033257
60  26  0.00008768
61  26  0.00045058
62  26  0.00039105
63  26  0.00016848
0  27  0.00033742
1  27  0.00033403
2  27  0.00017726
3  27  0.00013657
4  27  0.00033427
5  27  0.00006072
6  27  0.00014263
7  27  0.00041515
8  27  0.00028674
9  27  0.00014899
10  27  0.00009987
11  27  0.00026640
12  27  0.00016843
13  27  0.00035504
14  27  0.00026937
15  27  0.00012082
16  27  0.00003962
17  27  0.00040545
18  27  0.00021037
19  27  0.00033739
20  27  0.00019573
21  27  0.00019047
22  27  0.00005794
23  27  0.00055080
24  27  0.00024084
25  27  0.00030687
26  27  0.00051114
27  27  0.00035322
28  27  0.00046476
29  27  0.00015534
30  27  0.00020522
31  27  0.00019299
32  27  0.00035367
33  27  0.00012029
34  27  0.00021768
35  27  0.00017037
36  27  0.00035233
37  27  0.00022675
38  27  0.00028694
39  27  0.00014652
40  27  0.00032318
41  27  0.00021799
42  27  0.00027378
43  27  0.00017740
44  27  0.00017749
45  27  0.00015237
46  27  0.00021323
47  27  0.00037468
48  27  0.00025739
49  27  0.00011748
50  27  0.00018514
51  27  0.00038314
52  27  0.00024190
53  27  0.00029487
54  27  0.00013152
55  27  0.00050075
56  27  0.00029465
57  27  0.00047962
58  27  0.00064458
59  27  0.00017190
60  27  0.00012408
61  27  0.00018079
62  27  0.00021306
63  27  0.00028728
0  28  0.00020309
1  28  0.00018748
2  28  0.00020566
3  28  0.00027952
4  28  0.00006681
5  28  0.00010836
6  28  0.00019124
7  28  0.00011609
8  28  0.00006468
9  28  0.00007649
10  28  0.00039968
11  28  0.00011496
12  28  0.00022251
13  28  0.00020233
14  28  0.00013279
15  28  0.00044633
16  28  0.00038985
17  28  0.00012343
18  28  0.00032388
19  28  0.00017036
20  28  0.00023259
21  28  0.00025469
22  28  0.00015266
23  28  0.00040041
24  28  0.00022371
25  28  0.00012528
26  28  0.00048472
27  28  0.00009209
28  28  0.00013006
29  28  0.00020847
30  28  0.00022969
31  28  0.00011954
32  28  0.00016187
33  28  0.00020581
34  28  0.00048994
35  28  0.00039510
36  28  0.00047581
37  28  0.00045008
38  28  0.00012308
39  28  0.00023265
40  28  0.00045711
41  28  0.00028777
42  28  0.00041203
43  28  0.00024252
44  28  0.00020598
45  28  0.00011523
46  28  0.00020740
47  28  0.00026592
48  28  0.00033498
49  28  0.00037141
50  28  0.00017204
51  28  0.00025080
52  28  0.00032844
53  28  0.00008088
54  28  0.00019216
55  28  0.00014500
56  28  0.00008157
57  28  0.00020951
58  28  0.00024766
59  28  0.00025249
60  28  0.00023911
61  28  0.00016101
62  28  0.00025461
63  28  0.00011404
0  29  0.00010663
1  29  0.00016094
2  29  0.00017961
3  29  0.00032163
4  29  0.00034703
5  29  0.00029998
6  29  0.00024248
7  29  0.00014738
8  29  0.00019386
9  29  0.00025277
10  29  0.00023342
11  29  0.00016344
12  29  0.00052019
13  29  0.00020327
14  29  0.00017394
15  29  0.00028645
16  29  0.00025425
17  29  0.00029957
18  29  0.00010882
19  29  0.00013395
20  29  0.00023096
21  29  0.00021634
22  29  0.00043159
23  29  0.00006524
24  29  0.00015550
25  29  0.00019341
26  29  0.00028621
27  29  0.00026407
28  29  0.00013368
29  29  0.00016647
30  29  0.00019750
31  29  0.00036172
32  29  0.00008568
33  29  0.00050945
34  29  0.00017020
35  29  0.00005905
36  29  0.00014693
37  29  0.00012826
38  29  0.00012582
39  29  0.00006327
40  29  0.00039878
41  29  0.00007680
42  29  0.00015993
43  29  0.00033135
44  29  0.00019459
45  29  0.00014818
46  29  0.00008895
47  29  0.00021752
48  29  0.00023015
49  29  0.00057518
50  29  0.00017548
51  29  0.00013534
52  29  0.00048012
53  29  0.00035096
54  29  0.00042068
55  29  0.00034788
56  29  0.00030909
57  29  0.00022272
58  29  0.00011499
59  29  0.00028058
60  29  0.00015267
61  29  0.00023887
62  29  0.00015229
63  29  0.00029148
0  30  0.00016656
1  30  0.00021450
2  30  0.00026601
3  30  0.00029552
4  30  0.00021947
5  30  0.00024590
6  30  0.00020411
7  30  0.00024507
8  30  0.00022750
9  30  0.00010320
10  30  0.00031318
11  30  0.00024036
12  30  0.00014023
13  30  0.00021002
14  30  0.00021788
15  30  0.00017640
16  30  0.00017364
17  30  0.00035020
18  30  0.00024555
19  30  0.00004831
20  30  0.00006365
21  30  0.00020318
22  30  0.00032484
23  30  0.00016373
24  30  0.00012708
25  30  0.00050204
26  30  0.00033911
27  30  0.00005302
28  30  0.00008784
29  30  0.00024261
30  30  0.00025599
31  30  0.00014235
32  30  0.00019902
33  30  0.00017676
34  30  0.00022921
35  30  0.00035157
36  30  0.00006253
37  30  0.00030813
38  30  0.00029164
39  30  0.00020725
40  30  0.00022391
41  30  0.00019224
42  30  0.00014203
43  30  0.00030911
44  30  0.00023379
45  30  0.00037463
46  30  0.00009714
47  30  0.00013804
48  30  0.00005727
49  30  0.00017297
50  30  0.00029247
51  30  0.00022290
52  30  0.00020416
53  30  0.00018329
54  30  0.00023238
55  30  0.00030870
56  30  0.00027126
57  30  0.00058163
58  30  0.00029849
59  30  0.00016299
60  30  0.00012989
61  30  0.00017181
62  30  0.00040477
63  30  0.00013722
0  31  0.00028010
1  31  0.00009437
2  31  0.00031737
3  31  0.00022536
4  31  0.00014980
5  31  0.00011087
6  31  0.00015206
7  31  0.00017085
8  31  0.00036134
9  31  0.00016154
10  31  0.00010717
11  31  0.00018985
12  31  0.00025861
13  31  0.00021507
14  31  0.00025836
15  31  0.00010252
16  31  0.00005621
17  31  0.00024699
18  31  0.00021028
19  31  0.00040115
20  31  0.00030110
21  31  0.00016420
22  31  0.00039821
23  31  0.00018344
24  31  0.00021276
25  31  0.00019508
26  31  0.00025564
27  31  0.00015005
28  31  0.00016368
29  31  0.00017535
30  31  0.00022526
31  31  0.00032023
32  31  0.00034541
33  31  0.00017777
34  31  0.00048755
35  31  0.00004649
36  31  0.00039798
37  31  0.00017470
38  31  0.00016926
39  31  0.00031031
40  31  0.00034604
41  31  0.00024224
42  31  0.00047597
43  31  0.00013054
44  31  0.00028969
45  31  0.00016342
46  31  0.00013315
47  31  0.00020956
48  31  0.00019257
49  31  0.00031958
50  31  0.00011178
51  31  0.00009744
52  31  0.00051135
53  31  0.00009852
54  31  0.00028016
55  31  0.00030607
56  31  0.00030577
57  31  0.00006120
58  31  0.00020501
59  31  0.00032762
60  31  0.00016360
61  31  0.00016496
62  31  0.00047790
63  31  0.00024750
0  32  0.00022696
1  32  0.00024229
2  32  0.00024679
3  32  0.00016286
4  32  0.00011412
5  32  0.00004367
6  32  0.00047944
7  32  0.00029873
8  32  0.00023211
9  32  0.00020143
10  32  0.00072132
11  32  0.00024816
12  32  0.00013781
13  32  0.00015938
14  32  0.00015446
15  32  0.00014965
16  32  0.00030708
17  32  0.00019279
18  32  0.00016775
19  32  0.00005051
20  32  0.00024170
21  32  0.00029501
22  32  0.00021617
23  32  0.00054213
24  32  0.00032202
25  32  0.00015402
26  32  0.00003613
27  32  0.00021296
28  32  0.00052193
29  32  0.00011896
30  32  0.00032854
31  32  0.00058217
32  32  0.00026058
33  32  0.00057143
34  32  0.00072869
35  32  0.00022924
36  32  0.00013790
37  32  0.00020998
38  32  0.00012616
39  32  0.00006452
40  32  0.00017692
41  32  0.00011921
42  32  0.00011854
43  32  0.00040031
44  32  0.00006670
45  32  0.00044095
46  32  0.00005827
47  32  0.00019423
48  32  0.00014208
49  32  0.00010293
50  32  0.00043046
51  32  0.00025660
52  32  0.00041573
53  32  0.00021573
54  32  0.00021269
55  32  0.00027593
56  32  0.00013359
57  32  0.00012712
58  32  0.00022425
59  32  0.00019582
60  32  0.00025420
61  32  0.00025955
62  32  0.00009308
63  32  0.00020416
0  33  0.00008290
1  33  0.00010029
2  33  0.00037007
3  33  0.00014461
4  33  0.00015004
5  33  0.00040100
6  33  0.00019644
7  33  0.00042763
8  33  0.00028046
9  33  0.00020939
10  33  0.00015038
11  33  0.00009881
12  33  0.00027245
13  33  0.00017996
14  33  0.00003544
15  33  0.00019554
16  33  0.00022692
17  33  0.00012290
18  33  0.00051574
19  33  0.00014460
20  33  0.00025041
21  33  0.00027920
22  33  0.00014525
23  33  0.00012115
24  33  0.00015519
25  33  0.00039967
26  33  0.00017804
27  33  0.00017058
28  33  0.00004932
29  33  0.00010292
30  33  0.00015995
31  33  0.00049238
32  33  0.00042769
33  33  0.00049997
34  33  0.00011206
35  33  0.00024551
36  33  0.00025200
37  33  0.00016329
38  33  0.00020470
39  33  0.00036402
40  33  0.00018987
41  33  0.00022004
42  33  0.00021984
43  33  0.00018946
44  33  0.00029507
45  33  0.00017432
46  33  0.00013150
47  33  0.00051545
48  33  0.00030832
49  33  0.00059294
50  33  0.00021207
51  33  0.00026830
52  33  0.00010478
53  33  0.00019981
54  33  0.00013963
55  33  0.00029768
56  33  0.00024788
57  33  0.00012433
58  33  0.00038839
59  33  0.00074326
60  33  0.00021601
61  33  0.00036112
62  33  0.00011066
63  33  0.00013024
0  34  0.00035949
1  34  0.00016581
2  34  0.00012700
3  34  0.00029812
4  34  0.00023951
5  34  0.00025519
6  34  0.00025404
7  34  0.00019774
8  34  0.00018942
9  34  0.00034234
10  34  0.00044435
11  34  0.00019901
12  34  0.00019897
13  34  0.00032354
14  34  0.00012099
15  34  0.00062424
16  34  0.00019758
17  34  0.00027648
18  34  0.00044506
19  34  0.00016328
20  34  0.00019845
21  34  0.00019377
22  34  0.00006390
23  34  0.00014361
24  34  0.00006666
25  34  0.00034954
26  34  0.00015023
27  34  0.00020078
28  34  0.00015161
29  34  0.00014691
30  34  0.00020555
31  34  0.00017664
32  34  0.00046842
33  34  0.00024633
34  34  0.00010147
35  34  0.00017347
36  34  0.00020092
37  34  0.00017692
38  34  0.00026453
39  34  0.00015162
40  34  0.00047451
41  34  0.00022701
42  34  0.00030244
43  34  0.00043297
44  34  0.00021815
45  34  0.00030813
46  34  0.00013268
47  34  0.00027561
48  34  0.00012693
49  34  0.00037016
50  34  0.00012354
51  34  0.00014786
52  34  0.00025560
53  34  0.00035268
54  34  0.00031173
55  34  0.00011303
56  34  0.00052080
57  34  0.00015437
58  34  0.00023823
59  34  0.00024404
60  34  0.00032621
61  34  0.00015876
62  34  0.00019462
63  34  0.00014726
0  35  0.00022004
1  35  0.00014352
2  35  0.00020040
3  35  0.00021076
4  35  0.00011485
5  35  0.00048287
6  35  0.00014118
7  35  0.00023816
8  35  0.00015218
9  35  0.00028364
10  35  0.00021704
11  35  0.00035995
12  35  0.00020317
13  35  0.00043866
14  35  0.00047459
15  35  0.00017871
16  35  0.00017019
17  35  0.00019464
18  35  0.00014672
19  35  0.00051637
20  35  0.00023584
21  35  0.00015799
22  35  0.00027784
23  35  0.00015736
24  35  0.00013377
25  35  0.00028258
26  35  0.00031612
27  35  0.00022467
28  35  0.00018037
29  35  0.00021349
30  35  0.00034980
31  35  0.00034470
32  35  0.00029978
33  35  0.00045437
34  35  0.00021938
35  35  0.00032911
36  35  0.00014654
37  35  0.00016373
38  35  0.00016317
39  35  0.00020369
40  35  0.00053733
41  35  0.00031227
42  35  0.00002072
43  35  0.00045316
44  35  0.00045784
45  35  0.00057690
46  35  0.00031889
47  35  0.00015317
48  35  0.00011383
49  35  0.00035494
50  35  0.00017000
51  35  0.00017331
52  35  0.00046617
53  35  0.00051456
54  35  0.00027205
55  35  0.00015220
56  35  0.00031557
57  35  0.00033302
58  35  0.00013662
59  35  0.00035412
60  35  0.00033260
61  35  0.00045298
62  35  0.00009642
63  35  0.00019840
0  36  0.00014736
1  36  0.00027876
2  36  0.00060927
3  36  0.00023895
4  36  0.00033509
5  36  0.00017427
6  36  0.00013248
7  36  0.00034031
8  36  0.00029585
9  36  0.00043740
10  36  0.00022021
11  36  0.00035194
12  36  0.00004332
13  36  0.00026639
14  36  0.00014259
15  36  0.00029241
16  36  0.00026016
17  36  0.00031387
18  36  0.00023951
19  36  0.00025079
20  36  0.00028044
21  36  0.00026392
22  36  0.00010202
23  36  0.00034596
24  36  0.00013753
25  36  0.00036951
26  36  0.00024822
27  36  0.00028792
28  36  0.00019600
29  36  0.00022980
30  36  0.00015587
31  36  0.00030195
32  36  0.00011973
33  36  0.00014781
34  36  0.00015715
35  36  0.00013878
36  36  0.00025191
37  36  0.00015155
38  36  0.00016933
39  36  0.00010485
40  36  0.00037882
41  36  0.00041902
42  36  0.00033023
43  36  0.00054384
44  36  0.00025716
45  36  0.00027259
46  36  0.00016273
47  36  0.00030513
48  36  0.00018634
49  36  0.00030811
50  36  0.00004921
51  36  0.00013569
52  36  0.00018031
53  36  0.00018565
54  36  0.00018215
55  36  0.00012080
56  36  0.00022215
57  36  0.00027263
58  36  0.00015919
59  36  0.00027546
60  36  0.00036837
61  36  0.00006986
62  36  0.00023327
63  36  0.00013750
0  37  0.00011309
1  37  0.00022101
2  37  0.00032093
3  37  0.00018124
4  37  0.00013149
5  37  0.00022791
6  37  0.00026964
7  37  0.00010480
8  37  0.00025195
9  37  0.00033229
10  37  0.00031206
11  37  0.00055718
12  37  0.00050397
13  37  0.00043915
14  37  0.00021974
15  37  0.00014881
16  37  0.00015996
17  37  0.00030993
18  37  0.00020645
19  37  0.00023130
20  37  0.00010896
21  37  0.00033009
22  37  0.00014565
23  37  0.00051361
24  37  0.00015492
25  37  0.00051828
26  37  0.00019291
27  37  0.00024357
28  37  0.00011025
29  37  0.00034365
30  37  0.00018799
31  37  0.00034901
32  37  0.00007678
33  37  0.00042957
34  37  0.00033121
35  37  0.00029961
36  37  0.00012530
37  37  0.00016187
38  37  0.00015289
39  37  0.00026794
40  37  0.00040488
41  37  0.00038613
42  37  0.00015830
43  37  0.00015800
44  37  0.00014170
45  37  0.00015352
46  37  0.00038962
47  37  0.00029030
48  37  0.00026424
49  37  0.00022109
50  37  0.00021079
51  37  0.00026945
52  37  0.00044852
53  37  0.00019634
54  37  0.00015213
55  37  0.00030037
56  37  0.00009880
57  37  0.00025452
58  37  0.00027793
59  37  0.00048898
60  37  0.00022895
61  37  0.00022042
62  37  0.00055141
63  37  0.00027245
0  38  0.00029100
1  38  0.00018618
2  38  0.00014895
3  38  0.00035984
4  38  0.00039322
5  38  0.00026025
6  38  0.00013328
7  38  0.00021275
8  38  0.00027814
9  38  0.00047723
10  38  0.00005353
11  38  0.00054572
12  38  0.00055885
13  38  0.00017774
14  38  0.00023695
15  38  0.00013692
16  38  0.00023907
17  38  0.00028806
18  38  0.00041790
19  38  0.00026857
20  38  0.00036319
21  38  0.00026902
22  38  0.00022556
23  38  0.00014477
24  38  0.00016613
25  38  0.00005198
26  38  0.00018269
27  38  0.00015106
28  38  0.00037670
29  38  0.00034374
30  38  0.00014458
31  38  0.00018257
32  38  0.00031543
33  38  0.00040053
34  38  0.00031041
35  38  0.00054189
36  38  0.00025736
37  38  0.00026676
38  38  0.00026924
39  38  0.00076883
40  38  0.00015868
41  38  0.00062890
42  38  0.00012481
43  38  0.00010841
44  38  0.00007757
45  38  0.00021722
46  38  0.00032291
47  38  0.00018466
48  38  0.00024581
49  38  0.00016404
50  38  0.00018951
51  38  0.00025813
52  38  0.00025321
53  38  0.00046092
54  38  0.00024786
55  38  0.00039022
56  38  0.00039322
57  38  0.00022438
58  38  0.00048053
59  38  0.00020416
60  38  0.00040565
61  38  0.00044791
62  38  0.00015421
63  38  0.00030523
0  39  0.00029096
1  39  0.00016614
2  39  0.00043728
3  39  0.00022172
4  39  0.00034041
5  39  0.00013820
6  39  0.00023605
7  39  0.00004399
8  39  0.00033220
9  39  0.00018174
10  39  0.00037086
11  39  0.00022603
12  39  0.00016104
13  39  0.00021436
14  39  0.00010274
15  39  0.00051095
16  39  0.00009989
17  39  0.00016394
18  39  0.00088923
19  39  0.00022580
20  39  0.00022144
21  39  0.00027367
22  39  0.00053825
23  39  0.00007646
24  39  0.00024559
25  39  0.00014265
26  39  0.00023425
27  39  0.00010720
28  39  0.00014488
29  39  0.00015242
30  39  0.00014630
31  39  0.00023970
32  39  0.00023770
33  39  0.00021286
34  39  0.00018284
35  39  0.00042649
36  39  0.00039868
37  39  0.00013526
38  39  0.00034601
39  39  0.00014133
40  39  0.00015971
41  39  0.00031376
42  39  0.00005810
43  39  0.00026399
44  39  0.00016468
45  39  0.00016429
46  39  0.00011502
47  39  0.00025823
48  39  0.00025938
49  39  0.00033360
50  39  0.00010870
51  39  0.00014401
52  39  0.00032371
53  39  0.00018487
54  39  0.00023404
55  39  0.00036438
56  39  0.00036184
57  39  0.00027796
58  39  0.00025612
59  39  0.00017144
60  39  0.00011875
61  39  0.00021945
62  39  0.00047835
63  39  0.00034489
0  40  0.00007281
1  40  0.00028501
2  40  0.00010868
3  40  0.00023555
4  40  0.00049321
5  40  0.00036129
6  40  0.00024793
7  40  0.00024996
8  40  0.00015969
9  40  0.00034480
10  40  0.00020718
11  40  0.00009814
12  40  0.00023696
13  40  0.00031958
14  40  0.00024113
15  40  0.00031581
16  40  0.00013144
17  40  0.00014406
18  40  0.00015355
19  40  0.00037179
20  40  0.00042319
21  40  0.00015011
22  40  0.00048768
23  40  0.00041083
24  40  0.00020332
25  40  0.00016537
26  40  0.00018607
27  40  0.00015390
28  40  0.00024250
29  40  0.00015720
30  40  0.00008345
31  40  0.00016887
32  40  0.00060031
33  40  0.00023345
34  40  0.00018875
35  40  0.00018558
36  40  0.00035360
37  40  0.00009744
38  40  0.00013652
39  40  0.00021524
40  40  0.00016193
41  40  0.00025916
42  40  0.00050299
43  40  0.00025461
44  40  0.00051159
45  40  0.00040169
46  40  0.00023837
47  40  0.00015878
48  40  0.00037151
49  40  0.00054825
50  40  0.00019467
51  40  0.00010812
52  40  0.00013154
53  40  0.00013308
54  40  0.00016917
55  40  0.00019063
56  40  0.00006774
57  40  0.00014013
58  40  0.00011035
59  40  0.00020925
60  40  0.00013806
61  40  0.00030305
62  40  0.00023119
63  40  0.00017448
0  41  0.00036481
1  41  0.00008297
2  41  0.00022077
3  41  0.00036858
4  41  0.00021782
5  41  0.00026404
6  41  0.00011255
7  41  0.00034514
8  41  0.00010695
9  41  0.00014594
10  41  0.00047876
11  41  0.00016759
12  41  0.00028381
13  41  0.00049320
14  41  0.00033828
15  41  0.00021221
16  41  0.00013853
17  41  0.00026563
18  41  0.00022807
19  41  0.00024230
20  41  0.00020048
21  41  0.00050357
22  41  0.00035525
23  41  0.00007143
24  41  0.00020065
25  41  0.00020129
26  41  0.00045471
27  41  0.00036540
28  41  0.00014635
29  41  0.00021139
30  41  0.00024655
31  41  0.00021427
32  41  0.00036638
33  41  0.00027143
34  41  0.00023185
35  41  0.00032517
36  41  0.00008251
37  41  0.00022756
38  41  0.00022132
39  41  0.00011003
40  41  0.00047561
41  41  0.00024802
42  41  0.00017298
43  41  0.00024420
44  41  0.00029328
45  41  0.00020826
46  41  0.00010346
47  41  0.00022718
48  41  0.00045592
49  41  0.00026969
50  41  0.00009995
51  41  0.00007677
52  41  0.00016860
53  41  0.00040176
54  41  0.00021151
55  41  0.00022683
56  41  0.00013773
57  41  0.00008324
58  41  0.00045475
59  41  0.00054733
60  41  0.00013378
61  41  0.00027972
62  41  0.00048114
63  41  0.00010502
0  42  0.00014581
1  42  0.00019749
2  42  0.00029949
3  42  0.00024449
4  42  0.00012561
5  42  0.00020913
6  42  0.00034119
7  42  0.00014706
8  42  0.00014730
9  42  0.00009566
10  42  0.00044583
11  42  0.00019025
12  42  0.00024063
13  42  0.00004559
14  42  0.00036381
15  42  0.00022311
16  42  0.00026002
17  42  0.00012172
18  42  0.00017323
19  42  0.00041897
20  42  0.00016023
21  42  0.00017707
22  42  0.00023756
23  42  0.00031851
24  42  0.00023969
25  42  0.00022729
26  42  0.00028965
27  42  0.00020570
28  42  0.00017060
29  42  0.00020840
30  42  0.00025718
31  42  0.00019499
32  42  0.00019087
33  42  0.00010534
34  42  0.00022060
35  42  0.00033803
36  42  0.00027355
37  42  0.00031584
38  42  0.00059831
39  42  0.00008779
40  42  0.00014042
41  42  0.00042929
42  42  0.00021097
43  42  0.00024446
44  42  0.00031722
45  42  0.00017909
46  42  0.00017194
47  42  0.00052318
48  42  0.00073221
49  42  0.00019990
50  42  0.00023202
51  42  0.00034579
52  42  0.00037754
53  42  0.00018946
54  42  0.00019855
55  42  0.00032165
56  42  0.00016838
57  42  0.00054538
58  42  0.00034375
59  42  0.00023397
60  42  0.00032141
61  42  0.00048223
62  42  0.00013254
63  42  0.00007306
0  43  0.00035424
1  43  0.00023623
2  43  0.00039709
3  43  0.00011095
4  43  0.00028510
5  43  0.00036756
6  43  0.00019131
7  43  0.00024016
8  43  0.00020680
9  43  0.00018070
10  43  0.00013372
11  43  0.00042946
12  43  0.00038131
13  43  0.00013332
14  43  0.00048505
15  43  0.00005129
16  43  0.00018820
17  43  0.00020889
18  43  0.00005789
19  43  0.00015283
20  43  0.00028676
21  43  0.00029589
22  43  0.00008534
23  43  0.00040132
24  43  0.00009476
25  43  0.00013467
26  43  0.00035074
27  43  0.00007322
28  43  0.00025396
29  43  0.00017990
30  43  0.00021404
31  43  0.00039222
32  43  0.00029363
33  43  0.00027590
34  43  0.00018242
35  43  0.00029939
36  43  0.00024328
37  43  0.00014496
38  43  0.00033087
39  43  0.00053755
40  43  0.00038205
41  43  0.00020328
42  43  0.00012113
43  43  0.00055112
44  43  0.00025804
45  43  0.00067524
46  43  0.00028529
47  43  0.00009543
48  43  0.00044737
49  43  0.00009900
50  43  0.00005827
51  43  0.00027895
52  43  0.00014971
53  43  0.00028619
54  43  0.00021867
55  43  0.00016028
56  43  0.00023291
57  43  0.00010532
58  43  0.00055383
59  43  0.00053475
60  43  0.00023970
61  43  0.00018355
62  43  0.00040321
63  43  0.00039907
0  44  0.00020792
1  44  0.00038122
2  44  0.00007745
3  44  0.00012233
4  44  0.00020937
5  44  0.00016004
6  44  0.00011948
7  44  0.00038286
8  44  0.00028271
9  44  0.00013845
10  44  0.00026124
11  44  0.00015952
12  44  0.00041758
13  44  0.00031310
14  44  0.00054624
15  44  0.00016400
16  44  0.00018692
17  44  0.00021469
18  44  0.00049043
19  44  0.00042733
20  44  0.00009583
21  44  0.00024699
22  44  0.00020709
23  44  0.00016812
24  44  0.00026881
25  44  0.00005952
26  44  0.00035213
27  44  0.00016055
28  44  0.00028641
29  44  0.00019750
30  44  0.00043043
31  44  0.00028137
32  44  0.00014781
33  44  0.00028159
34  44  0.00017655
35  44  0.00011393
36  44  0.00035154
37  44  0.00039390
38  44  0.00036997
39  44  0.00005885
40  44  0.00036606
41  44  0.00053399
42  44  0.00017384
43  44  0.00045339
44  44  0.00027563
45  44  0.00046749
46  44  0.00027605
47  44  0.00020938
48  44  0.00008467
49  44  0.00022735
50  44  0.00038322
51  44  0.00017412
52  44  0.00026853
53  44  0.00030098
54  44  0.00003681
55  44  0.00033968
56  44  0.00035858
57  44  0.00019747
58  44  0.00020298
59  44  0.00017358
60  44  0.00020281
61  44  0.00023693
62  44  0.00015422
63  44  0.00011144
0  45  0.00026659
1  45  0.00027279
2  45  0.00016789
3  45  0.00011343
4  45  0.00030629
5  45  0.00026891
6  45  0.00034388
7  45  0.00016297
8  45  0.00015492
9  45  0.00041164
10  45  0.00016661
11  45  0.00014059
12  45  0.00065155
13  45  0.00030989
14  45  0.00057973
15  45  0.00002242
16  45  0.00002660
17  45  0.00048097
18  45  0.00021237
19  45  0.00011907
20  45  0.00011175
21  45  0.00024783
22  45  0.00022362
23  45  0.00036704
24  45  0.00052173
25  45  0.00015557
26  45  0.00027140
27  45  0.00019838
28  45  0.00019938
29  45  0.00051506
30  45  0.00028984
31  45  0.00013368
32  45  0.00015806
33  45  0.00015597
34  45  0.00018721
35  45  0.00028111
36  45  0.00030009
37  45  0.00021761
38  45  0.00026052
39  45  0.00018158
40  45  0.00025561
41  45  0.00028092
42  45  0.00018658
43  45  0.00011623
44  45  0.00042126
45  45  0.00025313
46  45  0.00040260
47  45  0.00039802
48  45  0.00006838
49  45  0.00005277
50  45  0.00030432
51  45  0.00018249
52  45  0.00021925
53  45  0.00014222
54  45  0.00025123
55  45  0.00011288
56  45  0.00019599
57  45  0.00032014
58  45  0.00032275
59  45  0.00007915
60  45  0.00019689
61  45  0.00029333
62  45  0.00017137
63  45  0.00017000
0  46  0.00040580
1  46  0.00032868
2  46  0.00049421
3  46  0.00014701
4  46  0.00055796
5  46  0.00023716
6  46  0.00014131
7  46  0.00019001
8  46  0.00017820
9  46  0.00027304
10  46  0.00038967
11  46  0.00016931
12  46  0.00018477
13  46  0.00017600
14  46  0.00031240
15  46  0.00009885
16  46  0.00020759
17  46  0.00026356
18  46  0.00025188
19  46  0.00011144
20  46  0.00014709
21  46  0.00017036
22  46  0.00035670
23  46  0.00016481
24  46  0.00021149
25  46  0.00021764
26  46  0.00040437
27  46  0.00032312
28  46  0.00032281
29  46  0.00021017
30  46  0.00005552
31  46  0.00023750
32  46  0.00022704
33  46  0.00020655
34  46  0.00026643
35  46  0.00013633
36  46  0.00027513
37  46  0.00031802
38  46  0.00052882
39  46  0.00013175
40  46  0.00027213
41  46  0.00023124
42  46  0.00014485
43  46  0.00014426
44  46  0.00028985
45  46  0.00025985
46  46  0.00033248
47  46  0.00020263
48  46  0.00030484
49  46  0.00014411
50  46  0.00016124
51  46  0.00011217
52  46  0.00018591
53  46  0.00021089
54  46  0.00011711
55  46  0.00036038
56  46  0.00032779
57  46  0.00026612
58  46  0.00021183
59  46  0.00005694
60  46  0.00006862
61  46  0.00041986
62  46  0.00027661
63  46  0.00026069
0  47  0.00022440
1  47  0.00035202
2  47  0.00027783
3  47  0.00017671
4  47  0.00037455
5  47  0.00023509
6  47  0.00041445
7  47  0.00023447
8  47  0.00012591
9  47  0.00035664
10  47  0.00026934
11  47  0.00027094
12  47  0.00014120
13  47  0.00027333
14  47  0.00045672
15  47  0.00023792
16  47  0.00020231
17  47  0.00024154
18  47  0.00018658
19  47  0.00026566
20  47  0.00029069
21  47  0.00010159
22  47  0.00022672
23  47  0.00017891
24  47  0.00022081
25  47  0.00023590
26  47  0.00005217
27  47  0.00017814
28  47  0.00022008
29  47  0.00019526
30  47  0.00030056
31  47  0.00013293
32  47  0.00028664
33  47  0.00026682
34  47  0.00028070
35  47  0.00020110
36  47  0.00012418
37  47  0.00016356
38  47  0.00021206
39  47  0.00008216
40  47  0.00035331
41  47  0.00041876
42  47  0.00033297
43  47  0.00019392
44  47  0.00014312
45  47  0.00013390
46  47  0.00032583
47  47  0.00060192
48  47  0.00034852
49  47  0.00007571
50  47  0.00026127
51  47  0.00039746
52  47  0.00017500
53  47  0.00022373
54  47  0.00024686
55  47  0.00024000
56  47  0.00021604
57  47  0.00021800
58  47  0.00012824
59  47  0.00024003
60  47  0.00016871
61  47  0.00019217
62  47  0.00029523
63  47  0.00016948
0  48  0.00022991
1  48  0.00026935
2  48  0.00013208
3  48  0.00018304
4  48  0.00037222
5  48  0.00017207
6  48  0.00022237
7  48  0.00014669
8  48  0.00023876
9  48  0.00023384
10  48  0.00022414
11  48  0.00032919
12  48  0.00017548
13  48  0.00038276
14  48  0.00022430
15  48  0.00026443
16  48  0.00024723
17  48  0.00041499
18  48  0.00036051
19  48  0.00022659
20  48  0.00021569
21  48  0.00030174
22  48  0.00029011
23  48  0.00021244
24  48  0.00019836
25  48  0.00026484
26  48  0.00020802
27  48  0.00018903
28  48  0.00006286
29  48  0.00052365
30  48  0.00021038
31  48  0.00020073
32  48  0.00035927
33  48  0.00014313
34  48  0.00024915
35  48  0.00033685
36  48  0.00021490
37  48  0.00012016
38  48  0.00025388
39  48  0.00005547
40  48  0.00011933
41  48  0.00024016
42  48  0.00030079
43  48  0.00019243
44  48  0.00010355
45  48  0.00013842
46  48  0.00018755
47  48  0.00035727
48  48  0.00023831
49  48  0.00024019
50  48  0.00030208
51  48  0.00024479
52  48  0.00028332
53  48  0.00020936
54  48  0.00024792
55  48  0.00024392
56  48  0.00011038
57  48  0.00012872
58  48  0.00019136
59  48  0.00032202
60  48  0.00014457
61  48  0.00025052
62  48  0.00034079
63  48  0.00024068
0  49  0.00009499
1  49  0.00014809
2  49  0.00024898
3  49  0.00021712
4  49  0.00025508
5  49  0.00029730
6  49  0.00033817
7  49  0.00018167
8  49  0.00012615
9  49  0.00017679
10  49  0.00014597
11  49  0.00010610
12  49  0.00015018
13  49  0.00034902
14  49  0.00017373
15  49  0.00025689
16  49  0.00003794
17  49  0.00038455
18  49  0.00014478
19  49  0.00062246
20  49  0.00017969
21  49  0.00016133
22  49  0.00021087
23  49  0.00003916
24  49  0.00016172
25  49  0.00073541
26  49  0.00046524
27  49  0.00011342
28  49  0.00065105
29  49  0.00022878
30  49  0.00016079
31  49  0.00033132
32  49  0.00029608
33  49  0.00034195
34  49  0.00030089
35  49  0.00030764
36  49  0.00045284
37  49  0.00016769
38  49  0.00006691
39  49  0.00016359
40  49  0.00041683
41  49  0.00010392
42  49  0.00039290
43  49  0.00047428
44  49  0.00052044
45  49  0.00008848
46  49  0.00030326
47  49  0.00022471
48  49  0.00043444
49  49  0.00036190
50  49  0.00019070
51  49  0.00007029
52  49  0.00014211
53  49  0.00052912
54  49  0.00009006
55  49  0.00034606
56  49  0.00034304
57  49  0.00041122
58  49  0.00016020
59  49  0.00013275
60  49  0.00006258
61  49  0.00028672
62  49  0.00014493
63  49  0.00016874
0  50  0.00016756
1  50  0.00006792
2  50  0.00035331
3  50  0.00029611
4  50  0.00027643
5  50  0.00027503
6  50  0.00021768
7  50  0.00042825
8  50  0.00035920
9  50  0.00034630
10  50  0.00029938
11  50  0.00042816
12  50  0.00029733
13  50  0.00043915
14  50  0.00044011
15  50  0.00022690
16  50  0.00008392
17  50  0.00008393
18  50  0.00027144
19  50  0.00007529
20  50  0.00019402
21  50  0.00039676
22  50  0.00021536
23  50  0.00014872
24  50  0.00018584
25  50  0.00037645
26  50  0.00027912
27  50  0.00012307
28  50  0.00021630
29  50  0.00014083
30  50  0.00008223
31  50  0.00023284
32  50  0.00018318
33  50  0.00025733
34  50  0.00027006
35  50  0.00021314
36  50  0.00006887
37  50  0.00048372
38  50  0.00023489
39  50  0.00023251
40  50  0.00010000
41  50  0.00025819
42  50  0.00028833
43  50  0.00020429
44  50  0.00027993
45  50  0.00010068
46  50  0.00009366
47  50  0.00019222
48  50  0.00034685
49  50  0.00024399
50  50  0.00010962
51  50  0.00011302
52  50  0.00079123
53  50  0.00013703
54  50  0.00028344
55  50  0.00053971
56  50  0.00005484
57  50  0.00023849
58  50  0.00008269
59  50  0.00022134
60  50  0.00028112
61  50  0.00041648
62  50  0.00032984
63  50  0.00029684
0  51  0.00027453
1  51  0.00008052
2  51  0.00042788
3  51  0.00035313
4  51  0.00039931
5  51  0.00016118
6  51  0.00041936
7  51  0.00017073
8  51  0.00028440
9  51  0.00026187
10  51  0.00031906
11  51  0.00019961
12  51  0.00040166
13  51  0.00063794
14  51  0.00021371
15  51  0.00029790
16  51  0.00011795
17  51  0.00007392
18  51  0.00015665
19  51  0.00009285
20  51  0.00024878
21  51  0.00025696
22  51  0.00030022
23  51  0.00014944
24  51  0.00022154
25  51  0.00020652
26  51  0.00036494
27  51  0.00027740
28  51  0.00054511
29  51  0.00043518
30  51  0.00016549
31  51  0.00015917
32  51  0.00017401
33  51  0.00041986
34  51  0.00028192
35  51  0.00011260
36  51  0.00019246
37  51  0.00012707
38  51  0.00020509
39  51  0.00030186
40  51  0.00010320
41  51  0.00033014
42  51  0.00009156
43  51  0.00025100
44  51  0.00012526
45  51  0.00015580
46  51  0.00025047
47  51  0.00032049
48  51  0.00007985
49  51  0.00006111
50  51  0.00024929
51  51  0.00037694
52  51  0.00043232
53  51  0.00027184
54  51  0.00028864
55  51  0.00040862
56  51  0.00022316
57  51  0.00019961
58  51  0.00014108
59  51  0.00021774
60  51  0.00019645
61  51  0.00012006
62  51  0.00014442
63  51  0.00024239
0  52  0.00021326
1  52  0.00013779
2  52  0.00012212
3  52  0.00053951
4  52  0.00010803
5  52  0.00013980
6  52  0.00025631
7  52  0.00012317
8  52  0.00026150
9  52  0.00025544
10  52  0.00015801
11  52  0.00006161
12  52  0.00042191
13  52  0.00012937
14  52  0.00034921
15  52  0.00037176
16  52  0.00026351
17  52  0.00033507
18  52  0.00015402
19  52  0.00058698
20  52  0.00013742
21  52  0.00020471
22  52  0.00024644
23  52  0.00024321
24  52  0.00035772
25  52  0.00015600
26  52  0.00027244
27  52  0.00009658
28  52  0.00012097
29  52  0.00024714
30  52  0.00019150
31  52  0.00014992
32  52  0.00014932
33  52  0.00021974
34  52  0.00017644
35  52  0.00017565
36  52  0.00021356
37  52  0.00025813
38  52  0.00016668
39  52  0.00022738
40  52  0.00010082
41  52  0.00018005
42  52  0.00021373
43  52  0.00013779
44  52  0.00012850
45  52  0.00021811
46  52  0.00013469
47  52  0.00008877
48  52  0.00027545
49  52  0.00013081
50  52  0.00011730
51  52  0.00015862
52  52  0.00013634
53  52  0.00010604
54  52  0.00018959
55  52  0.00031680
56  52  0.00020587
57  52  0.00016278
58  52  0.00011091
59  52  0.00024760
60  52  0.00026501
61  52  0.00018436
62  52  0.00022324
63  52  0.00016590
0  53  0.00025369
1  53  0.00046888
2  53  0.00014281
3  53  0.00004452
4  53  0.00015211
5  53  0.00019189
6  53  0.00023838
7  53  0.00022879
8  53  0.00055629
9  53  0.00030987
10  53  0.00030470
11  53  0.00023480
12  53  0.00033547
13  53  0.00006883
14  53  0.00018827
15  53  0.00029016
16  53  0.00040871
17  53  0.00013763
18  53  0.00026562
19  53  0.00024296
20  53  0.00012147
21  53  0.00036020
22  53  0.00027942
23  53  0.00031308
24  53  0.00031292
25  53  0.00013458
26  53  0.00020636
27  53  0.00011275
28  53  0.00028555
29  53  0.00007510
30  53  0.00042747
31  53  0.00020851
32  53  0.00026060
33  53  0.00027137
34  53  0.00051619
35  53  0.00012666
36  53  0.00038051
37  53  0.00032471
38  53  0.00046644
39  53  0.00015455
40  53  0.00053440
41  53  0.00008627
42  53  0.00029323
43  53  0.00030978
44  53  0.00007474
45  53  0.00028286
46  53  0.00013127
47  53  0.00043709
48  53  0.00025027
49  53  0.00011345
50  53  0.00024659
51  53  0.00031835
52  53  0.00025893
53  53  0.00033799
54  53  0.00025692
55  53  0.00023630
56  53  0.00019406
57  53  0.00012049
58  53  0.00007387
59  53  0.00015160
60  53  0.00023586
61  53  0.00013578
62  53  0.00010972
63  53  0.00013850
0  54  0.00030242
1  54  0.00038352
2  54  0.00014958
3  54  0.00010001
4  54  0.00008615
5  54  0.00015090
6  54  0.00046720
7  54  0.00057893
8  54  0.00016786
9  54  0.00039936
10  54  0.00018366
11  54  0.00013014
12  54  0.00017385
13  54  0.00015139
14  54  0.00018474
15  54  0.00025751
16  54  0.00021750
17  54  0.00004234
18  54  0.00012208
19  54  0.00023740
20  54  0.00032489
21  54  0.00016983
22  54  0.00016841
23  54  0.00031117
24  54  0.00013796
25  54  0.00021487
26  54  0.00010064
27  54  0.00008964
28  54  0.00018670
29  54  0.00016042
30  54  0.00010561
31  54  0.00060972
32  54  0.00026487
33  54  0.00020461
34  54  0.00003464
35  54  0.00044565
36  54  0.00007050
37  54  0.00010740
38  54  0.00021223
39  54  0.00038715
40  54  0.00025203
41  54  0.00035882
42  54  0.00032549
43  54  0.00024289
44  54  0.00025389
45  54  0.00038083
46  54  0.00008501
47  54  0.00023230
48  54  0.00037515
49  54  0.00010213
50  54  0.00016161
51  54  0.00031434
52  54  0.00023143
53  54  0.00010392
54  54  0.00017973
55  54  0.00018075
56  54  0.00033191
57  54  0.00015551
58  54  0.00032155
59  54  0.00029854
60  54  0.00018084
61  54  0.00013830
62  54  0.00021810
63  54  0.00025295
0  55  0.00034868
1  55  0.00024395
2  55  0.00029784
3  55  0.00022460
4  55  0.00023876
5  55  0.00039488
6  55  0.00032409
7  55  0.00008837
8  55  0.00024926
9  55  0.00020708
10  55  0.00038715
11  55  0.00009351
12  55  0.00036015
13  55  0.00046031
14  55  0.00021393
15  55  0.00019297
16  55  0.00026888
17  55  0.00016246
18  55  0.00029013
19  55  0.00017527
20  55  0.00004388
21  55  0.00026392
22  55  0.00028832
23  55  0.00018795
24  55  0.00055973
25  55  0.00014759
26  55  0.00013948
27  55  0.00018151
28  55  0.00040575
29  55  0.00024284
30  55  0.00013630
31  55  0.00069803
32  55  0.00030200
33  55  0.00015613
34  55  0.00038076
35  55  0.00008891
36  55  0.00043496
37  55  0.00023232
38  55  0.00033459
39  55  0.00020367
40  55  0.00016105
41  55  0.00029906
42  55  0.00036620
43  55  0.00015520
44  55  0.00043707
45  55  0.00035067
46  55  0.00016726
47  55  0.00030625
48  55  0.00032433
49  55  0.00014883
50  55  0.00021732
51  55  0.00025476
52  55  0.00018458
53  55  0.00013921
54  55  0.00027703
55  55  0.00023796
56  55  0.00017964
57  55  0.00045038
58  55  0.00010309
59  55  0.00019641
60  55  0.00050619
61  55  0.00010433
62  55  0.00030719
63  55  0.00053196
0  56  0.00022630
1  56  0.00007829
2  56  0.00026854
3  56  0.00025868
4  56  0.00047194
5  56  0.00028990
6  56  0.00022766
7  56  0.00012198
8  56  0.00019267
9  56  0.00022031
10  56  0.00016275
11  56  0.00009630
12  56  0.00032843
13  56  0.00009630
14  56  0.00022987
15  56  0.00024474
16  56  0.00012447
17  56  0.00026806
18  56  0.00012841
19  56  0.00017007
20  56  0.00023470
21  56  0.00021731
22  56  0.00017694
23  56  0.00019619
24  56  0.00015066
25  56  0.00036216
26  56  0.00008712
27  56  0.00041904
28  56  0.00013340
29  56  0.00038626
30  56  0.00020678
31  56  0.00014397
32  56  0.00023466
33  56  0.00014718
34  56  0.00012075
35  56  0.00010829
36  56  0.00008115
37  56  0.00024647
38  56  0.00028444
39  56  0.00034092
40  56  0.00024647
41  56  0.00023513
42  56  0.00024532
43  56  0.00022245
44  56  0.00041469
45  56  0.00006643
46  56  0.00008518
47  56  0.00031942
48  56  0.00024034
49  56  0.00032451
50  56  0.00010545
51  56  0.00023456
52  56  0.00030060
53  56  0.00014206
54  56  0.00033659
55  56  0.00021366
56  56  0.00015382
57  56  0.00036750
58  56  0.00039945
59  56  0.00018371
60  56  0.00034169
61  56  0.00013883
62  56  0.00035515
63  56  0.00021199
0  57  0.00011020
1  57  0.00030246
2  57  0.00018853
3  57  0.00035099
4  57  0.00010768
5  57  0.00119133
6  57  0.00025632
7  57  0.00027687
8  57  0.00053981
9  57  0.00021690
10  57  0.00015269
11  57  0.00021710
12  57  0.00042435
13  57  0.00013550
14  57  0.00042721
15  57  0.00018148
16  57  0.00026148
17  57  0.00029759
18  57  0.00008894
19  57  0.00017391
20  57  0.00018784
21  57  0.00011020
22  57  0.00033344
23  57  0.00019904
24  57  0.00042901
25  57  0.00016917
26  57  0.00014282
27  57  0.00006334
28  57  0.00054294
29  57  0.00016642
30  57  0.00020896
31  57  0.00006519
32  57  0.00047001
33  57  0.00029607
34  57  0.00011572
35  57  0.00011536
36  57  0.00036412
37  57  0.00027703
38  57  0.00025024
39  57  0.00013416
40  57  0.00032758
41  57  0.00030941
42  57  0.00039905
43  57  0.00055442
44  57  0.00028424
45  57  0.00010375
46  57  0.00035929
47  57  0.00022084
48  57  0.00013481
49  57  0.00055951
50  57  0.00015632
51  57  0.00013754
52  57  0.00027285
53  57  0.00023390
54  57  0.00016445
55  57  0.00027550
56  57  0.00032407
57  57  0.00019414
58  57  0.00008637
59  57  0.00029631
60  57  0.00012906
61  57  0.00023099
62  57  0.00013615
63  57  0.00019349
0  58  0.00012492
1  58  0.00013903
2  58  0.00033196
3  58  0.00016000
4  58  0.00013786
5  58  0.00041264
6  58  0.00031207
7  58  0.00028509
8  58  0.00032483
9  58  0.00011680
10  58  0.00027960
11  58  0.00018556
12  58  0.00030844
13  58  0.00014463
14  58  0.00054757
15  58  0.00011431
16  58  0.00063855
17  58  0.00030504
18  58  0.00041161
19  58  0.00013319
20  58  0.00014379
21  58  0.00005903
22  58  0.00012442
23  58  0.00033257
24  58  0.00047142
25  58  0.00009872
26  58  0.00035897
27  58  0.00035156
28  58  0.00022985
29  58  0.00010406
30  58  0.00046217
31  58  0.00047965
32  58  0.00022538
33  58  0.00015117
34  58  0.00020888
35  58  0.00035471
36  58  0.00011280
37  58  0.00030929
38  58  0.00010386
39  58  0.00018944
40  58  0.00028380
41  58  0.00013675
42  58  0.00010971
43  58  0.00036812
44  58  0.00023591
45  58  0.00013880
46  58  0.00035790
47  58  0.00030579
48  58  0.00027763
49  58  0.00051458
50  58  0.00043450
51  58  0.00037755
52  58  0.00013150
53  58  0.00026475
54  58  0.00018647
55  58  0.00025315
56  58  0.00013953
57  58  0.00040746
58  58  0.00009445
59  58  0.00025780
60  58  0.00034961
61  58  0.00025451
62  58  0.00049650
63  58  0.00039721
0  59  0.00016786
1  59  0.00015043
2  59  0.00018019
3  59  0.00010543
4  59  0.00063488
5  59  0.00043573
6  59  0.00029526
7  59  0.00016871
8  59  0.00025874
9  59  0.00023550
10  59  0.00008650
11  59  0.00027915
12  59  0.00010606
13  59  0.00013100
14  59  0.00022082
15  59  0.00028891
16  59  0.00021391
17  59  0.00031856
18  59  0.00015447
19  59  0.00013844
20  59  0.00010342
21  59  0.00010656
22  59  0.00018783
23  59  0.00023984
24  59  0.00032689
25  59  0.00014452
26  59  0.00025924
27  59  0.00020228
28  59  0.00034416
29  59  0.00021097
30  59  0.00022314
31  59  0.00033988
32  59  0.00012168
33  59  0.00036438
34  59  0.00020362
35  59  0.00023668
36  59  0.00018219
37  59  0.00030216
38  59  0.00020674
39  59  0.00014396
40  59  0.00050758
41  59  0.00026382
42  59  0.00012221
43  59  0.00008827
44  59  0.00013991
45  59  0.00034735
46  59  0.00033467
47  59  0.00017551
48  59  0.00036638
49  59  0.00018782
50  59  0.00038340
51  59  0.00021697
52  59  0.00019746
53  59  0.00018839
54  59  0.00045168
55  59  0.00038287
56  59  0.00025984
57  59  0.00029400
58  59  0.00038567
59  59  0.00021418
60  59  0.00026181
61  59  0.00052099
62  59  0.00014761
63  59  0.00013390
0  60  0.00019898
1  60  0.00037213
2  60  0.00013908
3  60  0.00014586
4  60  0.00031963
5  60  0.00018003
6  60  0.00008948
7  60  0.00011778
8  60  0.00034871
9  60  0.00009903
10  60  0.00033843
11  60  0.00011393
12  60  0.00037636
13  60  0.00021574
14  60  0.00008994
15  60  0.00030401
16  60  0.00016875
17  60  0.00018752
18  60  0.00025153
19  60  0.00003932
20  60  0.00040877
21  60  0.00021035
22  60  0.00015095
23  60  0.00015635
24  60  0.00021520
25  60  0.00013432
26  60  0.00021781
27  60  0.00006691
28  60  0.00029670
29  60  0.00026416
30  60  0.00017709
31  60  0.00020702
32  60  0.00011657
33  60  0.00007516
34  60  0.00012541
35  60  0.00009313
36  60  0.00032753
37  60  0.00011940
38  60  0.00037636
39  60  0.00012251
40  60  0.00028508
41  60  0.00040215
42  60  0.00027392
43  60  0.00021588
44  60  0.00046496
45  60  0.00013019
46  60  0.00034256
47  60  0.00031480
48  60  0.00014985
49  60  0.00030411
50  60  0.00028136
51  60  0.00031516
52  60  0.00023791
53  60  0.00008523
54  60  0.00014599
55  60  0.00016144
56  60  0.00014920
57  60  0.00021848
58  60  0.00039019
59  60  0.00056620
60  60  0.00035969
61  60  0.00013191
62  60  0.00008285
63  60  0.00063283
0  61  0.00021393
1  61  0.00021327
2  61  0.00003242
3  61  0.00026336
4  61  0.00026262
5  61  0.00014324
6  61  0.00021771
7  61  0.00027764
8  61  0.00015049
9  61  0.00014568
10  61  0.00031454
11  61  0.00021847
12  61  0.00021934
13  61  0.00016150
14  61  0.00012540
15  61  0.00045204
16  61  0.00022951
17  61  0.00022080
18  61  0.00010057
19  61  0.00010550
20  61  0.00034854
21  61  0.00021611
22  61  0.00025276
23  61  0.00012267
24  61  0.00023906
25  61  0.00018514
26  61  0.00020189
27  61  0.00040595
28  61  0.00011065
29  61  0.00039321
30  61  0.00019911
31  61  0.00024069
32  61  0.00017777
33  61  0.00024326
34  61  0.00014663
35  61  0.00024562
36  61  0.00008416
37  61  0.00015365
38  61  0.00042366
39  61  0.00024139
40  61  0.00004181
41  61  0.00022962
42  61  0.00015681
43  61  0.00013031
44  61  0.00032645
45  61  0.00039760
46  61  0.00009014
47  61  0.00023033
48  61  0.00027313
49  61  0.00029744
50  61  0.00039327
51  61  0.00027196
52  61  0.00021027
53  61  0.00032219
54  61  0.00033840
55  61  0.00005951
56  61  0.00034178
57  61  0.00033994
58  61  0.00074610
59  61  0.00026878
60  61  0.00045715
61  61  0.00013064
62  61  0.00040167
63  61  0.00018217
0  62  0.00049992
1  62  0.00031548
2  62  0.00013260
3  62  0.00018516
4  62  0.00017227
5  62  0.00011553
6  62  0.00015090
7  62  0.00014614
8  62  0.00007241
9  62  0.00006056
10  62  0.00021620
11  62  0.00028975
12  62  0.00040993
13  62  0.00007939
14  62  0.00033654
15  62  0.00016210
16  62  0.00020962
17  62  0.00015715
18  62  0.00022067
19  62  0.00021144
20  62  0.00022173
21  62  0.00015241
22  62  0.00015712
23  62  0.00020736
24  62  0.00032984
25  62  0.00018548
26  62  0.00016365
27  62  0.00022878
28  62  0.00012530
29  62  0.00025400
30  62  0.00032006
31  62  0.00009327
32  62  0.00019233
33  62  0.00035010
34  62  0.00024348
35  62  0.00024703
36  62  0.00024121
37  62  0.00042306
38  62  0.00016754
39  62  0.00018067
40  62  0.00014457
41  62  0.00026181
42  62  0.00014887
43  62  0.00031621
44  62  0.00026255
45  62  0.00009059
46  62  0.00004927
47  62  0.00015519
48  62  0.00045852
49  62  0.00012079
50  62  0.00037633
51  62  0.00010680
52  62  0.00016518
53  62  0.00023632
54  62  0.00030306
55  62  0.00020862
56  62  0.00015554
57  62  0.00041622
58  62  0.00004309
59  62  0.00024970
60  62  0.00031610
61  62  0.00050950
62  62  0.00020631
63  62  0.00010763
0  63  0.00015311
1  63  0.00024624
2  63  0.00022691
3  63  0.00014012
4  63  0.00019030
5  63  0.00020709
6  63  0.00024066
7  63  0.00031003
8  63  0.00026210
9  63  0.00019567
10  63  0.00020860
11  63  0.00023570
12  63  0.00036757
13  63  0.00021292
14  63  0.00015971
15  63  0.00029826
16  63  0.00020472
17  63  0.00029158
18  63  0.00018196
19  63  0.00018839
20  63  0.00021811
21  63  0.00032240
22  63  0.00031661
23  63  0.00019028
24  63  0.00031619
25  63  0.00009365
26  63  0.00012823
27  63  0.00015439
28  63  0.00006127
29  63  0.00020440
30  63  0.00016517
31  63  0.00018920
32  63  0.00057980
33  63  0.00034572
34  63  0.00022518
35  63  0.00010723
36  63  0.00021811
37  63  0.00013584
38  63  0.00019637
39  63  0.00014673
40  63  0.00010643
41  63  0.00011011
42  63  0.00040797
43  63  0.00039867
44  63  0.00030228
45  63  0.00016621
46  63  0.00023746
47  63  0.00027859
48  63  0.00016269
49  63  0.00024301
50  63  0.00012870
51  63  0.00022866
52  63  0.00020543
53  63  0.00020150
54  63  0.00016319
55  63  0.00013365
56  63  0.00012317
57  63  0.00025748
58  63  0.00017250
59  63  0.00020185
60  63  0.00017735
61  63  0.00007453
62  63  0.00043344
63  63  0.00030423
