# Spinor density |Psi|^2 at t = 40 seconds
# Grid: 64 x 64
# Columns: x  y  density
0  0  0.00025293
1  0  0.00025266
2  0  0.00021230
3  0  0.00017809
4  0  0.00026045
5  0  0.00013599
6  0  0.00022939
7  0  0.00014171
8  0  0.00021127
9  0  0.00020048
10  0  0.00018018
11  0  0.00027006
12  0  0.00025782
13  0  0.00016096
14  0  0.00023277
15  0  0.00026875
16  0  0.00028477
17  0  0.00008240
18  0  0.00018143
19  0  0.00014378
20  0  0.00052081
21  0  0.00008888
22  0  0.00045466
23  0  0.00023773
24  0  0.00026883
25  0  0.00010659
26  0  0.00020504
27  0  0.00011910
28  0  0.00022303
29  0  0.00030364
30  0  0.00028130
31  0  0.00052533
32  0  0.00043892
33  0  0.00021059
34  0  0.00029494
35  0  0.00033178
36  0  0.00006570
37  0  0.00013056
38  0  0.00011962
39  0  0.00040336
40  0  0.00017667
41  0  0.00020943
42  0  0.00028894
43  0  0.00034642
44  0  0.00030782
45  0  0.00027700
46  0  0.00032455
47  0  0.00015837
48  0  0.00030440
49  0  0.00023184
50  0  0.00018108
51  0  0.00007717
52  0  0.00026582
53  0  0.00015006
54  0  0.00015710
55  0  0.00018261
56  0  0.00008793
57  0  0.00042893
58  0  0.00048050
59  0  0.00028826
60  0  0.00031876
61  0  0.00020229
62  0  0.00016251
63  0  0.00021080
0  1  0.00029019
1  1  0.00048695
2  1  0.00014357
3  1  0.00021329
4  1  0.00024470
5  1  0.00015345
6  1  0.00011372
7  1  0.00008290
8  1  0.00053979
9  1  0.00046840
10  1  0.00027291
11  1  0.00014486
12  1  0.00018364
13  1  0.00032042
14  1  0.00018124
15  1  0.00009982
16  1  0.00021074
17  1  0.00025258
18  1  0.00016290
19  1  0.00015641
20  1  0.00011758
21  1  0.00013120
22  1  0.00011523
23  1  0.00014665
24  1  0.00036445
25  1  0.00036766
26  1  0.00033859
27  1  0.00020812
28  1  0.00011132
29  1  0.00008801
30  1  0.00044450
31  1  0.00051889
32  1  0.00015247
33  1  0.00027133
34  1  0.00013038
35  1  0.00015555
36  1  0.00012459
37  1  0.00021957
38  1  0.00029816
39  1  0.00040502
40  1  0.00012769
41  1  0.00005906
42  1  0.00053554
43  1  0.00030086
44  1  0.00017465
45  1  0.00020735
46  1  0.00019423
47  1  0.00014520
48  1  0.00008082
49  1  0.00038704
50  1  0.00019051
51  1  0.00021603
52  1  0.00018621
53  1  0.00029749
54  1  0.00050393
55  1  0.00028513
56  1  0.00018321
57  1  0.00012441
58  1  0.00016348
59  1  0.00029225
60  1  0.00022848
61  1  0.00010488
62  1  0.00012859
63  1  0.00025649
0  2  0.00047288
1  2  0.00013047
2  2  0.00037426
3  2  0.00040035
4  2  0.00039142
5  2  0.00039759
6  2  0.00016210
7  2  0.00019956
8  2  0.00044218
9  2  0.00030126
10  2  0.00023685
11  2  0.00014433
12  2  0.00016123
13  2  0.00022975
14  2  0.00010900
15  2  0.00010695
16  2  0.00059862
17  2  0.00012654
18  2  0.00031265
19  2  0.00021111
20  2  0.00015501
21  2  0.00024631
22  2  0.00031692
23  2  0.00016425
24  2  0.00014290
25  2  0.00025093
26  2  0.00032297
27  2  0.00008064
28  2  0.00020633
29  2  0.00035524
30  2  0.00008020
31  2  0.00033290
32  2  0.00039624
33  2  0.00013780
34  2  0.00017057
35  2  0.00014856
36  2  0.00017536
37  2  0.00011868
38  2  0.00022884
39  2  0.00021912
40  2  0.00010202
41  2  0.00015808
42  2  0.00061460
43  2  0.00007399
44  2  0.00009148
45  2  0.00034147
46  2  0.00016582
47  2  0.00009851
48  2  0.00016506
49  2  0.00038836
50  2  0.00013343
51  2  0.00012527
52  2  0.00024141
53  2  0.00025225
54  2  0.00039870
55  2  0.00024739
56  2  0.00023272
57  2  0.00014020
58  2  0.00008596
59  2  0.00010211
60  2  0.00014311
61  2  0.00030768
62  2  0.00009682
63  2  0.00033571
0  3  0.00030312
1  3  0.00009826
2  3  0.00029014
3  3  0.00037010
4  3  0.00038826
5  3  0.00029369
6  3  0.00040617
7  3  0.00023361
8  3  0.00037676
9  3  0.00016166
10  3  0.00018896
11  3  0.00035846
12  3  0.00034604
13  3  0.00019775
14  3  0.00028414
15  3  0.00032212
16  3  0.00018646
17  3  0.00024170
18  3  0.00018908
19  3  0.00012000
20  3  0.00017002
21  3  0.00041730
22  3  0.00027866
23  3  0.00018445
24  3  0.00015537
25  3  0.00024879
26  3  0.00019542
27  3  0.00047811
28  3  0.00019563
29  3  0.00034289
30  3  0.00040059
31  3  0.00013154
32  3  0.00006939
33  3  0.00014265
34  3  0.00027111
35  3  0.00023139
36  3  0.00037891
37  3  0.00027913
38  3  0.00035089
39  3  0.00019015
40  3  0.00021200
41  3  0.00011643
42  3  0.00039276
43  3  0.00013329
44  3  0.00030958
45  3  0.00006005
46  3  0.00024282
47  3  0.00015097
48  3  0.00016597
49  3  0.00011054
50  3  0.00016216
51  3  0.00021177
52  3  0.00017490
53  3  0.00026163
54  3  0.00053968
55  3  0.00049015
56  3  0.00019513
57  3  0.00028702
58  3  0.00017469
59  3  0.00039904
60  3  0.00017677
61  3  0.00017881
62  3  0.00011652
63  3  0.00036132
0  4  0.00019994
1  4  0.00014935
2  4  0.00039489
3  4  0.00029758
4  4  0.00018899
5  4  0.00030847
6  4  0.00022679
7  4  0.00027977
8  4  0.00056938
9  4  0.00037620
10  4  0.00020091
11  4  0.00018737
12  4  0.00006935
13  4  0.00053621
14  4  0.00024685
15  4  0.00038624
16  4  0.00014658
17  4  0.00022300
18  4  0.00021231
19  4  0.00044999
20  4  0.00016998
21  4  0.00006140
22  4  0.00048479
23  4  0.00016102
24  4  0.00025115
25  4  0.00032524
26  4  0.00016547
27  4  0.00043841
28  4  0.00029515
29  4  0.00024272
30  4  0.00010086
31  4  0.00010410
32  4  0.00017232
33  4  0.00017965
34  4  0.00024351
35  4  0.00033082
36  4  0.00009244
37  4  0.00037576
38  4  0.00034535
39  4  0.00005234
40  4  0.00014632
41  4  0.00020559
42  4  0.00046929
43  4  0.00022972
44  4  0.00008626
45  4  0.00015447
46  4  0.00043262
47  4  0.00020124
48  4  0.00056411
49  4  0.00045460
50  4  0.00011761
51  4  0.00018841
52  4  0.00037762
53  4  0.00057621
54  4  0.00018835
55  4  0.00017192
56  4  0.00021795
57  4  0.00029819
58  4  0.00021397
59  4  0.00011833
60  4  0.00027385
61  4  0.00006662
62  4  0.00030855
63  4  0.00033522
0  5  0.00039976
1  5  0.00038834
2  5  0.00014591
3  5  0.00025525
4  5  0.00023861
5  5  0.00028040
6  5  0.00019384
7  5  0.00025549
8  5  0.00003973
9  5  0.00010479
10  5  0.00019391
11  5  0.00040275
12  5  0.00028407
13  5  0.00029526
14  5  0.00033641
15  5  0.00043984
16  5  0.00011767
17  5  0.00019442
18  5  0.00019552
19  5  0.00027718
20  5  0.00025012
21  5  0.00019305
22  5  0.00036110
23  5  0.00039726
24  5  0.00021349
25  5  0.00026770
26  5  0.00034937
27  5  0.00020638
28  5  0.00005907
29  5  0.00026939
30  5  0.00009837
31  5  0.00049258
32  5  0.00014624
33  5  0.00023189
34  5  0.00033372
35  5  0.00029857
36  5  0.00032918
37  5  0.00027884
38  5  0.00054931
39  5  0.00028069
40  5  0.00017852
41  5  0.00015438
42  5  0.00019337
43  5  0.00028880
44  5  0.00031819
45  5  0.00006207
46  5  0.00022120
47  5  0.00019217
48  5  0.00030973
49  5  0.00023753
50  5  0.00024929
51  5  0.00010048
52  5  0.00018351
53  5  0.00037992
54  5  0.00021361
55  5  0.00027858
56  5  0.00025800
57  5  0.00011787
58  5  0.00020222
59  5  0.00029306
60  5  0.00012294
61  5  0.00029110
62  5  0.00012231
63  5  0.00030609
0  6  0.00027160
1  6  0.00010974
2  6  0.00034415
3  6  0.00034247
4  6  0.00026193
5  6  0.00021458
6  6  0.00011744
7  6  0.00011497
8  6  0.00009945
9  6  0.00036786
10  6  0.00030096
11  6  0.00022928
12  6  0.00037734
13  6  0.00022462
14  6  0.00024548
15  6  0.00032648
16  6  0.00022968
17  6  0.00053015
18  6  0.00021590
19  6  0.00051048
20  6  0.00011028
21  6  0.00017904
22  6  0.00032418
23  6  0.00019538
24  6  0.00025751
25  6  0.00040443
26  6  0.00026232
27  6  0.00028869
28  6  0.00019288
29  6  0.00027742
30  6  0.00042637
31  6  0.00020437
32  6  0.00018322
33  6  0.00017859
34  6  0.00023891
35  6  0.00030884
36  6  0.00015374
37  6  0.00013892
38  6  0.00028824
39  6  0.00039045
40  6  0.00030839
41  6  0.00019639
42  6  0.00012853
43  6  0.00013149
44  6  0.00017471
45  6  0.00062144
46  6  0.00026358
47  6  0.00016571
48  6  0.00011456
49  6  0.00018069
50  6  0.00022372
51  6  0.00018899
52  6  0.00018128
53  6  0.00013542
54  6  0.00027023
55  6  0.00022996
56  6  0.00027768
57  6  0.00024491
58  6  0.00033124
59  6  0.00026550
60  6  0.00031498
61  6  0.00005436
62  6  0.00046865
63  6  0.00009254
0  7  0.00016869
1  7  0.00013947
2  7  0.00065286
3  7  0.00030410
4  7  0.00012346
5  7  0.00024989
6  7  0.00017300
7  7  0.00025030
8  7  0.00021866
9  7  0.00012487
10  7  0.00012882
11  7  0.00006063
12  7  0.00015514
13  7  0.00022040
14  7  0.00009296
15  7  0.00015851
16  7  0.00025627
17  7  0.00018627
18  7  0.00023173
19  7  0.00016398
20  7  0.00040501
21  7  0.00019975
22  7  0.00048481
23  7  0.00025526
24  7  0.00031336
25  7  0.00020909
26  7  0.00012963
27  7  0.00008608
28  7  0.00015570
29  7  0.00026164
30  7  0.00021007
31  7  0.00018100
32  7  0.00030034
33  7  0.00017271
34  7  0.00012480
35  7  0.00032436
36  7  0.00025979
37  7  0.00030886
38  7  0.00039022
39  7  0.00012002
40  7  0.00022884
41  7  0.00013513
42  7  0.00015708
43  7  0.00033853
44  7  0.00017722
45  7  0.00023530
46  7  0.00029976
47  7  0.00021747
48  7  0.00013407
49  7  0.00031283
50  7  0.00019931
51  7  0.00006485
52  7  0.00022284
53  7  0.00026300
54  7  0.00022983
55  7  0.00033071
56  7  0.00017763
57  7  0.00025757
58  7  0.00035650
59  7  0.00033557
60  7  0.00031467
61  7  0.00007427
62  7  0.00046768
63  7  0.00035360
0  8  0.00016371
1  8  0.00045028
2  8  0.00027093
3  8  0.00014061
4  8  0.00038963
5  8  0.00015083
6  8  0.00027614
7  8  0.00033022
8  8  0.00010193
9  8  0.00023634
10  8  0.00007905
11  8  0.00018518
12  8  0.00018093
13  8  0.00012378
14  8  0.00010064
15  8  0.00017874
16  8  0.00020954
17  8  0.00010464
18  8  0.00013364
19  8  0.00038849
20  8  0.00018418
21  8  0.00008054
22  8  0.00023105
23  8  0.00009987
24  8  0.00015500
25  8  0.00028097
26  8  0.00010753
27  8  0.00005080
28  8  0.00026120
29  8  0.00040617
30  8  0.00027991
31  8  0.00027379
32  8  0.00008030
33  8  0.00016100
34  8  0.00029068
35  8  0.00018959
36  8  0.00036647
37  8  0.00014740
38  8  0.00006639
39  8  0.00027117
40  8  0.00032612
41  8  0.00026741
42  8  0.00015042
43  8  0.00022444
44  8  0.00020876
45  8  0.00031076
46  8  0.00015497
47  8  0.00038265
48  8  0.00022311
49  8  0.00037662
50  8  0.00015228
51  8  0.00019502
52  8  0.00016464
53  8  0.00031632
54  8  0.00022938
55  8  0.00018187
56  8  0.00014138
57  8  0.00039249
58  8  0.00030663
59  8  0.00031238
60  8  0.00038609
61  8  0.00026981
62  8  0.00015508
63  8  0.00032314
0  9  0.00018543
1  9  0.00014476
2  9  0.00006483
3  9  0.00026707
4  9  0.00023492
5  9  0.00039855
6  9  0.00031937
7  9  0.00017232
8  9  0.00023665
9  9  0.00021945
10  9  0.00034969
11  9  0.00007219
12  9  0.00047731
13  9  0.00024490
14  9  0.00022546
15  9  0.00025193
16  9  0.00014231
17  9  0.00012738
18  9  0.00015256
19  9  0.00055544
20  9  0.00036167
21  9  0.00031598
22  9  0.00010672
23  9  0.00003607
24  9  0.00016474
25  9  0.00036517
26  9  0.00047879
27  9  0.00003669
28  9  0.00015941
29  9  0.00047253
30  9  0.00008885
31  9  0.00022733
32  9  0.00020937
33  9  0.00006542
34  9  0.00021217
35  9  0.00032515
36  9  0.00016460
37  9  0.00030009
38  9  0.00014320
39  9  0.00015459
40  9  0.00024098
41  9  0.00012714
42  9  0.00011121
43  9  0.00029789
44  9  0.00019082
45  9  0.00011238
46  9  0.00023888
47  9  0.00016698
48  9  0.00030519
49  9  0.00017059
50  9  0.00026370
51  9  0.00033809
52  9  0.00023203
53  9  0.00013611
54  9  0.00039536
55  9  0.00019155
56  9  0.00016412
57  9  0.00035777
58  9  0.00028532
59  9  0.00010137
60  9  0.00026110
61  9  0.00020941
62  9  0.00024777
63  9  0.00025375
0  10  0.00040755
1  10  0.00009813
2  10  0.00026179
3  10  0.00018781
4  10  0.00025677
5  10  0.00036616
6  10  0.00015444
7  10  0.00044722
8  10  0.00005952
9  10  0.00022741
10  10  0.00033192
11  10  0.00017053
12  10  0.00029303
13  10  0.00039188
14  10  0.00007828
15  10  0.00015845
16  10  0.00027168
17  10  0.00005045
18  10  0.00009162
19  10  0.00017635
20  10  0.00041926
21  10  0.00019480
22  10  0.00017490
23  10  0.00045523
24  10  0.00009688
25  10  0.00038362
26  10  0.00010541
27  10  0.00026368
28  10  0.00032150
29  10  0.00013084
30  10  0.00062847
31  10  0.00037089
32  10  0.00021142
33  10  0.00020722
34  10  0.00033749
35  10  0.00025098
36  10  0.00022952
37  10  0.00024439
38  10  0.00016668
39  10  0.00032944
40  10  0.00015437
41  10  0.00037038
42  10  0.00036127
43  10  0.00028630
44  10  0.00028835
45  10  0.00014099
46  10  0.00046115
47  10  0.00025966
48  10  0.00011405
49  10  0.00024460
50  10  0.00024423
51  10  0.00028254
52  10  0.00032261
53  10  0.00014732
54  10  0.00028839
55  10  0.00015433
56  10  0.00038400
57  10  0.00040375
58  10  0.00005627
59  10  0.00022000
60  10  0.00038264
61  10  0.00019550
62  10  0.00018311
63  10  0.00048402
0  11  0.00013903
1  11  0.00035824
2  11  0.00024208
3  11  0.00037607
4  11  0.00021785
5  11  0.00038177
6  11  0.00007915
7  11  0.00005156
8  11  0.00031175
9  11  0.00008366
10  11  0.00057192
11  11  0.00027233
12  11  0.00024513
13  11  0.00039291
14  11  0.00035972
15  11  0.00003698
16  11  0.00019449
17  11  0.00029162
18  11  0.00009101
19  11  0.00015601
20  11  0.00017517
21  11  0.00024988
22  11  0.00013119
23  11  0.00025778
24  11  0.00019243
25  11  0.00031528
26  11  0.00057415
27  11  0.00025702
28  11  0.00012223
29  11  0.00014922
30  11  0.00031720
31  11  0.00020170
32  11  0.00002279
33  11  0.00021500
34  11  0.00016653
35  11  0.00042244
36  11  0.00034539
37  11  0.00018547
38  11  0.00018076
39  11  0.00005962
40  11  0.00066813
41  11  0.00038224
42  11  0.00012593
43  11  0.00008203
44  11  0.00014120
45  11  0.00005550
46  11  0.00021793
47  11  0.00027356
48  11  0.00053004
49  11  0.00020319
50  11  0.00026217
51  11  0.00017897
52  11  0.00035132
53  11  0.00036387
54  11  0.00019948
55  11  0.00022286
56  11  0.00013866
57  11  0.00032427
58  11  0.00017832
59  11  0.00008445
60  11  0.00035604
61  11  0.00024435
62  11  0.00012157
63  11  0.00024840
0  12  0.00009698
1  12  0.00014249
2  12  0.00029089
3  12  0.00013237
4  12  0.00022603
5  12  0.00039394
6  12  0.00023278
7  12  0.00016634
8  12  0.00021067
9  12  0.00041659
10  12  0.00008306
11  12  0.00013763
12  12  0.00020767
13  12  0.00030471
14  12  0.00014540
15  12  0.00018684
16  12  0.00009029
17  12  0.00025637
18  12  0.00036293
19  12  0.00006401
20  12  0.00011104
21  12  0.00058895
22  12  0.00002990
23  12  0.00014271
24  12  0.00009638
25  12  0.00014474
26  12  0.00027627
27  12  0.00022106
28  12  0.00011305
29  12  0.00014490
30  12  0.00025950
31  12  0.00014942
32  12  0.00017973
33  12  0.00018201
34  12  0.00037629
35  12  0.00026872
36  12  0.00017704
37  12  0.00017310
38  12  0.00009996
39  12  0.00011810
40  12  0.00016574
41  12  0.00015006
42  12  0.00026507
43  12  0.00014241
44  12  0.00029054
45  12  0.00035798
46  12  0.00021574
47  12  0.00041582
48  12  0.00018292
49  12  0.00027482
50  12  0.00047790
51  12  0.00017385
52  12  0.00035768
53  12  0.00039510
54  12  0.00034032
55  12  0.00027302
56  12  0.00076227
57  12  0.00005169
58  12  0.00033273
59  12  0.00043786
60  12  0.00017263
61  12  0.00015603
62  12  0.00041290
63  12  0.00018625
0  13  0.00034149
1  13  0.00024251
2  13  0.00022295
3  13  0.00029523
4  13  0.00018609
5  13  0.00018855
6  13  0.00031835
7  13  0.00040925
8  13  0.00022477
9  13  0.00042360
10  13  0.00024190
11  13  0.00018911
12  13  0.00015282
13  13  0.00025969
14  13  0.00038106
15  13  0.00067899
16  13  0.00044409
17  13  0.00006584
18  13  0.00033803
19  13  0.00029891
20  13  0.00073756
21  13  0.00025193
22  13  0.00006814
23  13  0.00017539
24  13  0.00041759
25  13  0.00028292
26  13  0.00026471
27  13  0.00034595
28  13  0.00016777
29  13  0.00035800
30  13  0.00028646
31  13  0.00012742
32  13  0.00032667
33  13  0.00029296
34  13  0.00015108
35  13  0.00031627
36  13  0.00034499
37  13  0.00048771
38  13  0.00003391
39  13  0.00013048
40  13  0.00048432
41  13  0.00056236
42  13  0.00058234
43  13  0.00042478
44  13  0.00027959
45  13  0.00022788
46  13  0.00017728
47  13  0.00012775
48  13  0.00013971
49  13  0.00045468
50  13  0.00033741
51  13  0.00027708
52  13  0.00008756
53  13  0.00013247
54  13  0.00016800
55  13  0.00028545
56  13  0.00023760
57  13  0.00030868
58  13  0.00033786
59  13  0.00009285
60  13  0.00016352
61  13  0.00025249
62  13  0.00019338
63  13  0.00018782
0  14  0.00023670
1  14  0.00025034
2  14  0.00049994
3  14  0.00043275
4  14  0.00030917
5  14  0.00037553
6  14  0.00014142
7  14  0.00016023
8  14  0.00029191
9  14  0.00046858
10  14  0.00031896
11  14  0.00010360
12  14  0.00042097
13  14  0.00039499
14  14  0.00009858
15  14  0.00014572
16  14  0.00020012
17  14  0.00032409
18  14  0.00008165
19  14  0.00043612
20  14  0.00018129
21  14  0.00024303
22  14  0.00016097
23  14  0.00040171
24  14  0.00007141
25  14  0.00040357
26  14  0.00010881
27  14  0.00019445
28  14  0.00017794
29  14  0.00019631
30  14  0.00018306
31  14  0.00006266
32  14  0.00015971
33  14  0.00045938
34  14  0.00006821
35  14  0.00031949
36  14  0.00011881
37  14  0.00044234
38  14  0.00024059
39  14  0.00017939
40  14  0.00036239
41  14  0.00018187
42  14  0.00025219
43  14  0.00035789
44  14  0.00027672
45  14  0.00023399
46  14  0.00054527
47  14  0.00027862
48  14  0.00039935
49  14  0.00011076
50  14  0.00040819
51  14  0.00039329
52  14  0.00020570
53  14  0.00029078
54  14  0.00056175
55  14  0.00046494
56  14  0.00008565
57  14  0.00025539
58  14  0.00023927
59  14  0.00032094
60  14  0.00016252
61  14  0.00029045
62  14  0.00019288
63  14  0.00016702
0  15  0.00016127
1  15  0.00027378
2  15  0.00016892
3  15  0.00052899
4  15  0.00030599
5  15  0.00023267
6  15  0.00038941
7  15  0.00047563
8  15  0.00046082
9  15  0.00033674
10  15  0.00025140
11  15  0.00020524
12  15  0.00007653
13  15  0.00026451
14  15  0.00029225
15  15  0.00019020
16  15  0.00010271
17  15  0.00008943
18  15  0.00038612
19  15  0.00024697
20  15  0.00028738
21  15  0.00015049
22  15  0.00014314
23  15  0.00021449
24  15  0.00021711
25  15  0.00041500
26  15  0.00025475
27  15  0.00018575
28  15  0.00011522
29  15  0.00010672
30  15  0.00032373
31  15  0.00025077
32  15  0.00038049
33  15  0.00034936
34  15  0.00017259
35  15  0.00033693
36  15  0.00015010
37  15  0.00013013
38  15  0.00026187
39  15  0.00019027
40  15  0.00025260
41  15  0.00045382
42  15  0.00010723
43  15  0.00007426
44  15  0.00021453
45  15  0.00013815
46  15  0.00026066
47  15  0.00018146
48  15  0.00021093
49  15  0.00021246
50  15  0.00014273
51  15  0.00012295
52  15  0.00021808
53  15  0.00009536
54  15  0.00024027
55  15  0.00022137
56  15  0.00021799
57  15  0.00013196
58  15  0.00028197
59  15  0.00038562
60  15  0.00021092
61  15  0.00012681
62  15  0.00049016
63  15  0.00053594
0  16  0.00019129
1  16  0.00024130
2  16  0.00025876
3  16  0.00028792
4  16  0.00013333
5  16  0.00040994
6  16  0.00023441
7  16  0.00025447
8  16  0.00010324
9  16  0.00016838
10  16  0.00026298
11  16  0.00032706
12  16  0.00018857
13  16  0.00026809
14  16  0.00014159
15  16  0.00027875
16  16  0.00013743
17  16  0.00038845
18  16  0.00045339
19  16  0.00037917
20  16  0.00029782
21  16  0.00014622
22  16  0.00012423
23  16  0.00036787
24  16  0.00047503
25  16  0.00019911
26  16  0.00025228
27  16  0.00010026
28  16  0.00008921
29  16  0.00037583
30  16  0.00025790
31  16  0.00013698
32  16  0.00016522
33  16  0.00026193
34  16  0.00036925
35  16  0.00048190
36  16  0.00017773
37  16  0.00045300
38  16  0.00009336
39  16  0.00030344
40  16  0.00025933
41  16  0.00043199
42  16  0.00010349
43  16  0.00034556
44  16  0.00032976
45  16  0.00019354
46  16  0.00016245
47  16  0.00025749
48  16  0.00017923
49  16  0.00026971
50  16  0.00013555
51  16  0.00046531
52  16  0.00003181
53  16  0.00007944
54  16  0.00026187
55  16  0.00011675
56  16  0.00027211
57  16  0.00020924
58  16  0.00026088
59  16  0.00043091
60  16  0.00036886
61  16  0.00028701
62  16  0.00031639
63  16  0.00031552
0  17  0.00022104
1  17  0.00024274
2  17  0.00031029
3  17  0.00011161
4  17  0.00010134
5  17  0.00015233
6  17  0.00042273
7  17  0.00019473
8  17  0.00021254
9  17  0.00015479
10  17  0.00014189
11  17  0.00014150
12  17  0.00011370
13  17  0.00020180
14  17  0.00020923
15  17  0.00016620
16  17  0.00017315
17  17  0.00032904
18  17  0.00016307
19  17  0.00019898
20  17  0.00067844
21  17  0.00015945
22  17  0.00011471
23  17  0.00024110
24  17  0.00020252
25  17  0.00020816
26  17  0.00013612
27  17  0.00009891
28  17  0.00028475
29  17  0.00029225
30  17  0.00013446
31  17  0.00051030
32  17  0.00014544
33  17  0.00028654
34  17  0.00026520
35  17  0.00008943
36  17  0.00023645
37  17  0.00013078
38  17  0.00022849
39  17  0.00041144
40  17  0.00016342
41  17  0.00006042
42  17  0.00039137
43  17  0.00018539
44  17  0.00036506
45  17  0.00010968
46  17  0.00020328
47  17  0.00015704
48  17  0.00017590
49  17  0.00026879
50  17  0.00025435
51  17  0.00009647
52  17  0.00015846
53  17  0.00022712
54  17  0.00015614
55  17  0.00022184
56  17  0.00013896
57  17  0.00024648
58  17  0.00022379
59  17  0.00015895
60  17  0.00039465
61  17  0.00011807
62  17  0.00025934
63  17  0.00019177
0  18  0.00021122
1  18  0.00016898
2  18  0.00011212
3  18  0.00012499
4  18  0.00038730
5  18  0.00015090
6  18  0.00008983
7  18  0.00029748
8  18  0.00011634
9  18  0.00018295
10  18  0.00021228
11  18  0.00029373
12  18  0.00022613
13  18  0.00014601
14  18  0.00042116
15  18  0.00033129
16  18  0.00013140
17  18  0.00047028
18  18  0.00020011
19  18  0.00023176
20  18  0.00036406
21  18  0.00027375
22  18  0.00034693
23  18  0.00013731
24  18  0.00040207
25  18  0.00019833
26  18  0.00034385
27  18  0.00010190
28  18  0.00007927
29  18  0.00009687
30  18  0.00028802
31  18  0.00014212
32  18  0.00013817
33  18  0.00021575
34  18  0.00031467
35  18  0.00041164
36  18  0.00004448
37  18  0.00013507
38  18  0.00013652
39  18  0.00028921
40  18  0.00013601
41  18  0.00054461
42  18  0.00024503
43  18  0.00028745
44  18  0.00014203
45  18  0.00010427
46  18  0.00011721
47  18  0.00017185
48  18  0.00010732
49  18  0.00057338
50  18  0.00023080
51  18  0.00022159
52  18  0.00019139
53  18  0.00021619
54  18  0.00014414
55  18  0.00025171
56  18  0.00013113
57  18  0.00025996
58  18  0.00013363
59  18  0.00018394
60  18  0.00047295
61  18  0.00026038
62  18  0.00019659
63  18  0.00042462
0  19  0.00020830
1  19  0.00024462
2  19  0.00033302
3  19  0.00031876
4  19  0.00029149
5  19  0.00031028
6  19  0.00023574
7  19  0.00009935
8  19  0.00015996
9  19  0.00025993
10  19  0.00020429
11  19  0.00018977
12  19  0.00029697
13  19  0.00014211
14  19  0.00022886
15  19  0.00025700
16  19  0.00012055
17  19  0.00014995
18  19  0.00014521
19  19  0.00030665
20  19  0.00013888
21  19  0.00033671
22  19  0.00016745
23  19  0.00029015
24  19  0.00011054
25  19  0.00034860
26  19  0.00040112
27  19  0.00023484
28  19  0.00029272
29  19  0.00019068
30  19  0.00008080
31  19  0.00040812
32  19  0.00029897
33  19  0.00024442
34  19  0.00019109
35  19  0.00041462
36  19  0.00024472
37  19  0.00013949
38  19  0.00045778
39  19  0.00012076
40  19  0.00009554
41  19  0.00009348
42  19  0.00013068
43  19  0.00023088
44  19  0.00036484
45  19  0.00031112
46  19  0.00029588
47  19  0.00010164
48  19  0.00011018
49  19  0.00013465
50  19  0.00010038
51  19  0.00040639
52  19  0.00011553
53  19  0.00029280
54  19  0.00031628
55  19  0.00028866
56  19  0.00020226
57  19  0.00011631
58  19  0.00017469
59  19  0.00019935
60  19  0.00029914
61  19  0.00010238
62  19  0.00045632
63  19  0.00032635
0  20  0.00025829
1  20  0.00015893
2  20  0.00011496
3  20  0.00015482
4  20  0.00018576
5  20  0.00060153
6  20  0.00023274
7  20  0.00025269
8  20  0.00025445
9  20  0.00027054
10  20  0.00033865
11  20  0.00029034
12  20  0.00014940
13  20  0.00037058
14  20  0.00021614
15  20  0.00018858
16  20  0.00023848
17  20  0.00020694
18  20  0.00003800
19  20  0.00023363
20  20  0.00014202
21  20  0.00033791
22  20  0.00016092
23  20  0.00058243
24  20  0.00012229
25  20  0.00030366
26  20  0.00034555
27  20  0.00020165
28  20  0.00020832
29  20  0.00023255
30  20  0.00026176
31  20  0.00018608
32  20  0.00023080
33  20  0.00020255
34  20  0.00073552
35  20  0.00036297
36  20  0.00024526
37  20  0.00015453
38  20  0.00019738
39  20  0.00016971
40  20  0.00021378
41  20  0.00034148
42  20  0.00031384
43  20  0.00019114
44  20  0.00025755
45  20  0.00010810
46  20  0.00018591
47  20  0.00011557
48  20  0.00006598
49  20  0.00036636
50  20  0.00015374
51  20  0.00029619
52  20  0.00018021
53  20  0.00010341
54  20  0.00022212
55  20  0.00030860
56  20  0.00031727
57  20  0.00022733
58  20  0.00019448
59  20  0.00012267
60  20  0.00012721
61  20  0.00017702
62  20  0.00026609
63  20  0.00009521
0  21  0.00024364
1  21  0.00013388
2  21  0.00017466
3  21  0.00017224
4  21  0.00030141
5  21  0.00024766
6  21  0.00020634
7  21  0.00029360
8  21  0.00022818
9  21  0.00023424
10  21  0.00012449
11  21  0.00037424
12  21  0.00023883
13  21  0.00028871
14  21  0.00011131
15  21  0.00026992
16  21  0.00011065
17  21  0.00035775
18  21  0.00027960
19  21  0.00009399
20  21  0.00027261
21  21  0.00018596
22  21  0.00005810
23  21  0.00029286
24  21  0.00034833
25  21  0.00040340
26  21  0.00026810
27  21  0.00014622
28  21  0.00020803
29  21  0.00014443
30  21  0.00021455
31  21  0.00057171
32  21  0.00011104
33  21  0.00036651
34  21  0.00018690
35  21  0.00019094
36  21  0.00019429
37  21  0.00018560
38  21  0.00039526
39  21  0.00023321
40  21  0.00015833
41  21  0.00018959
42  21  0.00002766
43  21  0.00015604
44  21  0.00025670
45  21  0.00046257
46  21  0.00023028
47  21  0.00008914
48  21  0.00031622
49  21  0.00021499
50  21  0.00014984
51  21  0.00035698
52  21  0.00025604
53  21  0.00020404
54  21  0.00037140
55  21  0.00020581
56  21  0.00051176
57  21  0.00005991
58  21  0.00035289
59  21  0.00074037
60  21  0.00047202
61  21  0.00012774
62  21  0.00018397
63  21  0.00031830
0  22  0.00007822
1  22  0.00022893
2  22  0.00010275
3  22  0.00042972
4  22  0.00019734
5  22  0.00020916
6  22  0.00020836
7  22  0.00017489
8  22  0.00024392
9  22  0.00022039
10  22  0.00011639
11  22  0.00030230
12  22  0.00026335
13  22  0.00008261
14  22  0.00025287
15  22  0.00006333
16  22  0.00045933
17  22  0.00012139
18  22  0.00017195
19  22  0.00025182
20  22  0.00014934
21  22  0.00019044
22  22  0.00018421
23  22  0.00023432
24  22  0.00008117
25  22  0.00025411
26  22  0.00011527
27  22  0.00007942
28  22  0.00010186
29  22  0.00029289
30  22  0.00025195
31  22  0.00015001
32  22  0.00043327
33  22  0.00011238
34  22  0.00014807
35  22  0.00023348
36  22  0.00011602
37  22  0.00013595
38  22  0.00043972
39  22  0.00032062
40  22  0.00006367
41  22  0.00034598
42  22  0.00036886
43  22  0.00016802
44  22  0.00040812
45  22  0.00014973
46  22  0.00053321
47  22  0.00006439
48  22  0.00034232
49  22  0.00054273
50  22  0.00046227
51  22  0.00032829
52  22  0.00022903
53  22  0.00034952
54  22  0.00027232
55  22  0.00024106
56  22  0.00035986
57  22  0.00016643
58  22  0.00013731
59  22  0.00030283
60  22  0.00009034
61  22  0.00039255
62  22  0.00020032
63  22  0.00046698
0  23  0.00036128
1  23  0.00016296
2  23  0.00014519
3  23  0.00020613
4  23  0.00030764
5  23  0.00024367
6  23  0.00026672
7  23  0.00019576
8  23  0.00016319
9  23  0.00017974
10  23  0.00013156
11  23  0.00034399
12  23  0.00063156
13  23  0.00011001
14  23  0.00025958
15  23  0.00011915
16  23  0.00038935
17  23  0.00021869
18  23  0.00014111
19  23  0.00044125
20  23  0.00023316
21  23  0.00030272
22  23  0.00024121
23  23  0.00014525
24  23  0.00027977
25  23  0.00024355
26  23  0.00018776
27  23  0.00008527
28  23  0.00027719
29  23  0.00013495
30  23  0.00006060
31  23  0.00015337
32  23  0.00016162
33  23  0.00016384
34  23  0.00026214
35  23  0.00020980
36  23  0.00033306
37  23  0.00031048
38  23  0.00024811
39  23  0.00007150
40  23  0.00012767
41  23  0.00011654
42  23  0.00037253
43  23  0.00033177
44  23  0.00010856
45  23  0.00019702
46  23  0.00028878
47  23  0.00009771
48  23  0.00023994
49  23  0.00024096
50  23  0.00006715
51  23  0.00016872
52  23  0.00025705
53  23  0.00015877
54  23  0.00042786
55  23  0.00038285
56  23  0.00009473
57  23  0.00027841
58  23  0.00030089
59  23  0.00020232
60  23  0.00007646
61  23  0.00012054
62  23  0.00013498
63  23  0.00010850
0  24  0.00040980
1  24  0.00046851
2  24  0.00029943
3  24  0.00024461
4  24  0.00021724
5  24  0.00031560
6  24  0.00023927
7  24  0.00012368
8  24  0.00021090
9  24  0.00013968
10  24  0.00010718
11  24  0.00013642
12  24  0.00025316
13  24  0.00030596
14  24  0.00034547
15  24  0.00022499
16  24  0.00015384
17  24  0.00018822
18  24  0.00026097
19  24  0.00022147
20  24  0.00013823
21  24  0.00026665
22  24  0.00028368
23  24  0.00018278
24  24  0.00015796
25  24  0.00046331
26  24  0.00029038
27  24  0.00011597
28  24  0.00012555
29  24  0.00032371
30  24  0.00018151
31  24  0.00019462
32  24  0.00044539
33  24  0.00038269
34  24  0.00043108
35  24  0.00020966
36  24  0.00007406
37  24  0.00025969
38  24  0.00020396
39  24  0.00013033
40  24  0.00034389
41  24  0.00010435
42  24  0.00045848
43  24  0.00017313
44  24  0.00013159
45  24  0.00034594
46  24  0.00032398
47  24  0.00031472
48  24  0.00014856
49  24  0.00021865
50  24  0.00004885
51  24  0.00056301
52  24  0.00029663
53  24  0.00031551
54  24  0.00014146
55  24  0.00011600
56  24  0.00012147
57  24  0.00052054
58  24  0.00027828
59  24  0.00014092
60  24  0.00010034
61  24  0.00031631
62  24  0.00020524
63  24  0.00026043
0  25  0.00020956
1  25  0.00071290
2  25  0.00035257
3  25  0.00022844
4  25  0.00027931
5  25  0.00020881
6  25  0.00013575
7  25  0.00018311
8  25  0.00008863
9  25  0.00010020
10  25  0.00011695
11  25  0.00030971
12  25  0.00029631
13  25  0.00012151
14  25  0.00022774
15  25  0.00025368
16  25  0.00021401
17  25  0.00023085
18  25  0.00014180
19  25  0.00016835
20  25  0.00020735
21  25  0.00046673
22  25  0.00016638
23  25  0.00015168
24  25  0.00014127
25  25  0.00020381
26  25  0.00023116
27  25  0.00036288
28  25  0.00050971
29  25  0.00043124
30  25  0.00027049
31  25  0.00014294
32  25  0.00032814
33  25  0.00007695
34  25  0.00044609
35  25  0.00024762
36  25  0.00014623
37  25  0.00021436
38  25  0.00020365
39  25  0.00019275
40  25  0.00030248
41  25  0.00007108
42  25  0.00016556
43  25  0.00015224
44  25  0.00024496
45  25  0.00015972
46  25  0.00028738
47  25  0.00026043
48  25  0.00020939
49  25  0.00019880
50  25  0.00018656
51  25  0.00015310
52  25  0.00024793
53  25  0.00018232
54  25  0.00017090
55  25  0.00006212
56  25  0.00008673
57  25  0.00023131
58  25  0.00026771
59  25  0.00048245
60  25  0.00017562
61  25  0.00028998
62  25  0.00027489
63  25  0.00023362
0  26  0.00013010
1  26  0.00013168
2  26  0.00026082
3  26  0.00032449
4  26  0.00069695
5  26  0.00007457
6  26  0.00027500
7  26  0.00036437
8  26  0.00003011
9  26  0.00019835
10  26  0.00024164
11  26  0.00027480
12  26  0.00043003
13  26  0.00023364
14  26  0.00017457
15  26  0.00010832
16  26  0.00035826
17  26  0.00004144
18  26  0.00008141
19  26  0.00016597
20  26  0.00044565
21  26  0.00013773
22  26  0.00023444
23  26  0.00051862
24  26  0.00023428
25  26  0.00015506
26  26  0.00012751
27  26  0.00008669
28  26  0.00024324
29  26  0.00013064
30  26  0.00042616
31  26  0.00015130
32  26  0.00027185
33  26  0.00020704
34  26  0.00010701
35  26  0.00022548
36  26  0.00015132
37  26  0.00031070
38  26  0.00057816
39  26  0.00005798
40  26  0.00045401
41  26  0.00016670
42  26  0.00024602
43  26  0.00023790
44  26  0.00040421
45  26  0.00033100
46  26  0.00022469
47  26  0.00015198
48  26  0.00008631
49  26  0.00007931
50  26  0.00009036
51  26  0.00016143
52  26  0.00026331
53  26  0.00012224
54  26  0.00040439
55  26  0.00029720
56  26  0.00008966
57  26  0.00034216
58  26  0.00011316
59  26  0.00035925
60  26  0.00014505
61  26  0.00013184
62  26  0.00021932
63  26  0.00037857
0  27  0.00021601
1  27  0.00012377
2  27  0.00002491
3  27  0.00015600
4  27  0.00046153
5  27  0.00018511
6  27  0.00035727
7  27  0.00021720
8  27  0.00010584
9  27  0.00025195
10  27  0.00054474
11  27  0.00012589
12  27  0.00023115
13  27  0.00015535
14  27  0.00027251
15  27  0.00025650
16  27  0.00022588
17  27  0.00008186
18  27  0.00025554
19  27  0.00014119
20  27  0.00018361
21  27  0.00052284
22  27  0.00007515
23  27  0.00025334
24  27  0.00011175
25  27  0.00013867
26  27  0.00035401
27  27  0.00020658
28  27  0.00044584
29  27  0.00016114
30  27  0.00007708
31  27  0.00031991
32  27  0.00022453
33  27  0.00018280
34  27  0.00025572
35  27  0.00020655
36  27  0.00031074
37  27  0.00026263
38  27  0.00030015
39  27  0.00015900
40  27  0.00033470
41  27  0.00016700
42  27  0.00040125
43  27  0.00014554
44  27  0.00021994
45  27  0.00011323
46  27  0.00021756
47  27  0.00024673
48  27  0.00052759
49  27  0.00020899
50  27  0.00021711
51  27  0.00022822
52  27  0.00031757
53  27  0.00040222
54  27  0.00013987
55  27  0.00035384
56  27  0.00017983
57  27  0.00026911
58  27  0.00024011
59  27  0.00015564
60  27  0.00026318
61  27  0.00014829
62  27  0.00020910
63  27  0.00023903
0  28  0.00022822
1  28  0.00024941
2  28  0.00007478
3  28  0.00053150
4  28  0.00032597
5  28  0.00024156
6  28  0.00011506
7  28  0.00027665
8  28  0.00025258
9  28  0.00052829
10  28  0.00034387
11  28  0.00022892
12  28  0.00044510
13  28  0.00009942
14  28  0.00017077
15  28  0.00014084
16  28  0.00018028
17  28  0.00016724
18  28  0.00015907
19  28  0.00018067
20  28  0.00038731
21  28  0.00025360
22  28  0.00022077
23  28  0.00020844
24  28  0.00010929
25  28  0.00017950
26  28  0.00032692
27  28  0.00009059
28  28  0.00019172
29  28  0.00032435
30  28  0.00030492
31  28  0.00013814
32  28  0.00024740
33  28  0.00016795
34  28  0.00038751
35  28  0.00030351
36  28  0.00011843
37  28  0.00028894
38  28  0.00024883
39  28  0.00048924
40  28  0.00020914
41  28  0.00038021
42  28  0.00019025
43  28  0.00048419
44  28  0.00032483
45  28  0.00019742
46  28  0.00022767
47  28  0.00021301
48  28  0.00032973
49  28  0.00006987
50  28  0.00023556
51  28  0.00038258
52  28  0.00050025
53  28  0.00037198
54  28  0.00032213
55  28  0.00015009
56  28  0.00045327
57  28  0.00008199
58  28  0.00026483
59  28  0.00045242
60  28  0.00014967
61  28  0.00024589
62  28  0.00036963
63  28  0.00025847
0  29  0.00018517
1  29  0.00010878
2  29  0.00031465
3  29  0.00029486
4  29  0.00027002
5  29  0.00016822
6  29  0.00028111
7  29  0.00006554
8  29  0.00055336
9  29  0.00013503
10  29  0.00075972
11  29  0.00012495
12  29  0.00028995
13  29  0.00016854
14  29  0.00020058
15  29  0.00049903
16  29  0.00037071
17  29  0.00019801
18  29  0.00013484
19  29  0.00020823
20  29  0.00032418
21  29  0.00024176
22  29  0.00015833
23  29  0.00023978
24  29  0.00017285
25  29  0.00013891
26  29  0.00038280
27  29  0.00016565
28  29  0.00040981
29  29  0.00029676
30  29  0.00018664
31  29  0.00014060
32  29  0.00029775
33  29  0.00014705
34  29  0.00018410
35  29  0.00013010
36  29  0.00027919
37  29  0.00030464
38  29  0.00018056
39  29  0.00020907
40  29  0.00036640
41  29  0.00031523
42  29  0.00015665
43  29  0.00019461
44  29  0.00016477
45  29  0.00017105
46  29  0.00064788
47  29  0.00026941
48  29  0.00028025
49  29  0.00003614
50  29  0.00050233
51  29  0.00018115
52  29  0.00008375
53  29  0.00025655
54  29  0.00041283
55  29  0.00025528
56  29  0.00010744
57  29  0.00030059
58  29  0.00033382
59  29  0.00074478
60  29  0.00019429
61  29  0.00045476
62  29  0.00035795
63  29  0.00029587
0  30  0.00019378
1  30  0.00010165
2  30  0.00022713
3  30  0.00023183
4  30  0.00012172
5  30  0.00030976
6  30  0.00014906
7  30  0.00016271
8  30  0.00045462
9  30  0.00061012
10  30  0.00031884
11  30  0.00034227
12  30  0.00018305
13  30  0.00025691
14  30  0.00038920
15  30  0.00023626
16  30  0.00051608
17  30  0.00013215
18  30  0.00024528
19  30  0.00022094
20  30  0.00025467
21  30  0.00020397
22  30  0.00062904
23  30  0.00041960
24  30  0.00032514
25  30  0.00029619
26  30  0.00019558
27  30  0.00025465
28  30  0.00032404
29  30  0.00029431
30  30  0.00031015
31  30  0.00047430
32  30  0.00021634
33  30  0.00036417
34  30  0.00018000
35  30  0.00025291
36  30  0.00019236
37  30  0.00041777
38  30  0.00045384
39  30  0.00022967
40  30  0.00022379
41  30  0.00016926
42  30  0.00017865
43  30  0.00009622
44  30  0.00020761
45  30  0.00018522
46  30  0.00032166
47  30  0.00030871
48  30  0.00030228
49  30  0.00030121
50  30  0.00021249
51  30  0.00034251
52  30  0.00014667
53  30  0.00010896
54  30  0.00019401
55  30  0.00017706
56  30  0.00028232
57  30  0.00019645
58  30  0.00009329
59  30  0.00042397
60  30  0.00008673
61  30  0.00038050
62  30  0.00022220
63  30  0.00015407
0  31  0.00009416
1  31  0.00038225
2  31  0.00047818
3  31  0.00019277
4  31  0.00023924
5  31  0.00030832
6  31  0.00013279
7  31  0.00026689
8  31  0.00028088
9  31  0.00026807
10  31  0.00017732
11  31  0.00049744
12  31  0.00021466
13  31  0.00025108
14  31  0.00012571
15  31  0.00025988
16  31  0.00007714
17  31  0.00025163
18  31  0.00033634
19  31  0.00030777
20  31  0.00013916
21  31  0.00030272
22  31  0.00017752
23  31  0.00009226
24  31  0.00035856
25  31  0.00010915
26  31  0.00016702
27  31  0.00021749
28  31  0.00008914
29  31  0.00017763
30  31  0.00004349
31  31  0.00036033
32  31  0.00005465
33  31  0.00023760
34  31  0.00024008
35  31  0.00018025
36  31  0.00027464
37  31  0.00010578
38  31  0.00017887
39  31  0.00020337
40  31  0.00025787
41  31  0.00014406
42  31  0.00026351
43  31  0.00016401
44  31  0.00057331
45  31  0.00066306
46  31  0.00022469
47  31  0.00017017
48  31  0.00025814
49  31  0.00029868
50  31  0.00041243
51  31  0.00042020
52  31  0.00029885
53  31  0.00027302
54  31  0.00027004
55  31  0.00007496
56  31  0.00019907
57  31  0.00050517
58  31  0.00018399
59  31  0.00023923
60  31  0.00020076
61  31  0.00059772
62  31  0.00019910
63  31  0.00021398
0  32  0.00023989
1  32  0.00015354
2  32  0.00038658
3  32  0.00024551
4  32  0.00018159
5  32  0.00012367
6  32  0.00011711
7  32  0.00022601
8  32  0.00042785
9  32  0.00011554
10  32  0.00024063
11  32  0.00033523
12  32  0.00042783
13  32  0.00018304
14  32  0.00024369
15  32  0.00037119
16  32  0.00058496
17  32  0.00038041
18  32  0.00023121
19  32  0.00017771
20  32  0.00014742
21  32  0.00037793
22  32  0.00037323
23  32  0.00018425
24  32  0.00026387
25  32  0.00011693
26  32  0.00043054
27  32  0.00038131
28  32  0.00031469
29  32  0.00016183
30  32  0.00005744
31  32  0.00014719
32  32  0.00019989
33  32  0.00043991
34  32  0.00035383
35  32  0.00006377
36  32  0.00026304
37  32  0.00008871
38  32  0.00026374
39  32  0.00012844
40  32  0.00014718
41  32  0.00032841
42  32  0.00012633
43  32  0.00031512
44  32  0.00034117
45  32  0.00012264
46  32  0.00051753
47  32  0.00023014
48  32  0.00015376
49  32  0.00035328
50  32  0.00006057
51  32  0.00013506
52  32  0.00005551
53  32  0.00036087
54  32  0.00029062
55  32  0.00007147
56  32  0.00013176
57  32  0.00014038
58  32  0.00030126
59  32  0.00039295
60  32  0.00009773
61  32  0.00020648
62  32  0.00035661
63  32  0.00029741
0  33  0.00031542
1  33  0.00020364
2  33  0.00027549
3  33  0.00022515
4  33  0.00010953
5  33  0.00025090
6  33  0.00054071
7  33  0.00049913
8  33  0.00018940
9  33  0.00010544
10  33  0.00033934
11  33  0.00048444
12  33  0.00012758
13  33  0.00027244
14  33  0.00033765
15  33  0.00020364
16  33  0.00021041
17  33  0.00034176
18  33  0.00019690
19  33  0.00010790
20  33  0.00022261
21  33  0.00014603
22  33  0.00032622
23  33  0.00005627
24  33  0.00021682
25  33  0.00036271
26  33  0.00026148
27  33  0.00053923
28  33  0.00026032
29  33  0.00016740
30  33  0.00036623
31  33  0.00031396
32  33  0.00010172
33  33  0.00021654
34  33  0.00020086
35  33  0.00040779
36  33  0.00045336
37  33  0.00022602
38  33  0.00010567
39  33  0.00010223
40  33  0.00004996
41  33  0.00054982
42  33  0.00010181
43  33  0.00017189
44  33  0.00030883
45  33  0.00025845
46  33  0.00031288
47  33  0.00032754
48  33  0.00032642
49  33  0.00031193
50  33  0.00031705
51  33  0.00025167
52  33  0.00002933
53  33  0.00036316
54  33  0.00029120
55  33  0.00017593
56  33  0.00017116
57  33  0.00014741
58  33  0.00022936
59  33  0.00023994
60  33  0.00012014
61  33  0.00010552
62  33  0.00011704
63  33  0.00014966
0  34  0.00019157
1  34  0.00023878
2  34  0.00020281
3  34  0.00026149
4  34  0.00015146
5  34  0.00021116
6  34  0.00019758
7  34  0.00044740
8  34  0.00008327
9  34  0.00012838
10  34  0.00008105
11  34  0.00024318
12  34  0.00015925
13  34  0.00013951
14  34  0.00029452
15  34  0.00021523
16  34  0.00023433
17  34  0.00008262
18  34  0.00032174
19  34  0.00017645
20  34  0.00023452
21  34  0.00003158
22  34  0.00040993
23  34  0.00016953
24  34  0.00018777
25  34  0.00007954
26  34  0.00019706
27  34  0.00041387
28  34  0.00014398
29  34  0.00021093
30  34  0.00042347
31  34  0.00018622
32  34  0.00024783
33  34  0.00014112
34  34  0.00032737
35  34  0.00004841
36  34  0.00023441
37  34  0.00017323
38  34  0.00009736
39  34  0.00028645
40  34  0.00018937
41  34  0.00022791
42  34  0.00025682
43  34  0.00018832
44  34  0.00019574
45  34  0.00016522
46  34  0.00018919
47  34  0.00021405
48  34  0.00026517
49  34  0.00015782
50  34  0.00032854
51  34  0.00029990
52  34  0.00016070
53  34  0.00025506
54  34  0.00029792
55  34  0.00006905
56  34  0.00015478
57  34  0.00013383
58  34  0.00012788
59  34  0.00013814
60  34  0.00031123
61  34  0.00023421
62  34  0.00011360
63  34  0.00010258
0  35  0.00024147
1  35  0.00029058
2  35  0.00039360
3  35  0.00026810
4  35  0.00036163
5  35  0.00014873
6  35  0.00018322
7  35  0.00019442
8  35  0.00021937
9  35  0.00032804
10  35  0.00039658
11  35  0.00028760
12  35  0.00029209
13  35  0.00014306
14  35  0.00019079
15  35  0.00013610
16  35  0.00004430
17  35  0.00017032
18  35  0.00027267
19  35  0.00024174
20  35  0.00021215
21  35  0.00022639
22  35  0.00010880
23  35  0.00037242
24  35  0.00026845
25  35  0.00042057
26  35  0.00042874
27  35  0.00053764
28  35  0.00004331
29  35  0.00013889
30  35  0.00027354
31  35  0.00012200
32  35  0.00025172
33  35  0.00035188
34  35  0.00022305
35  35  0.00016950
36  35  0.00021919
37  35  0.00012060
38  35  0.00027486
39  35  0.00042609
40  35  0.00029278
41  35  0.00013235
42  35  0.00015323
43  35  0.00026815
44  35  0.00021953
45  35  0.00041840
46  35  0.00013477
47  35  0.00044383
48  35  0.00030187
49  35  0.00014558
50  35  0.00010225
51  35  0.00018560
52  35  0.00008909
53  35  0.00040217
54  35  0.00018974
55  35  0.00008143
56  35  0.00017921
57  35  0.00014354
58  35  0.00037450
59  35  0.00015285
60  35  0.00018126
61  35  0.00011882
62  35  0.00033628
63  35  0.00037935
0  36  0.00023911
1  36  0.00046665
2  36  0.00033634
3  36  0.00017705
4  36  0.00047792
5  36  0.00036261
6  36  0.00017897
7  36  0.00015394
8  36  0.00026744
9  36  0.00029139
10  36  0.00020886
11  36  0.00016843
12  36  0.00014232
13  36  0.00002636
14  36  0.00039550
15  36  0.00018528
16  36  0.00006587
17  36  0.00015516
18  36  0.00044105
19  36  0.00023694
20  36  0.00023370
21  36  0.00005768
22  36  0.00013125
23  36  0.00010200
24  36  0.00015735
25  36  0.00021978
26  36  0.00014362
27  36  0.00006636
28  36  0.00025493
29  36  0.00015468
30  36  0.00022957
31  36  0.00019383
32  36  0.00019573
33  36  0.00012238
34  36  0.00024547
35  36  0.00014668
36  36  0.00024326
37  36  0.00029036
38  36  0.00024151
39  36  0.00029492
40  36  0.00034932
41  36  0.00025440
42  36  0.00025410
43  36  0.00020407
44  36  0.00024285
45  36  0.00017268
46  36  0.00031786
47  36  0.00029753
48  36  0.00014038
49  36  0.00010742
50  36  0.00030934
51  36  0.00014254
52  36  0.00017169
53  36  0.00021203
54  36  0.00008853
55  36  0.00039471
56  36  0.00035313
57  36  0.00044887
58  36  0.00034232
59  36  0.00020617
60  36  0.00018167
61  36  0.00026030
62  36  0.00040843
63  36  0.00045269
0  37  0.00014138
1  37  0.00012555
2  37  0.00008242
3  37  0.00007381
4  37  0.00031584
5  37  0.00019836
6  37  0.00032704
7  37  0.00035593
8  37  0.00046401
9  37  0.00041674
10  37  0.00021875
11  37  0.00078019
12  37  0.00011235
13  37  0.00022568
14  37  0.00042043
15  37  0.00032001
16  37  0.00020984
17  37  0.00012827
18  37  0.00025362
19  37  0.00029349
20  37  0.00031783
21  37  0.00016181
22  37  0.00052772
23  37  0.00018907
24  37  0.00017989
25  37  0.00024099
26  37  0.00023200
27  37  0.00038370
28  37  0.00005174
29  37  0.00019571
30  37  0.00008683
31  37  0.00030047
32  37  0.00024331
33  37  0.00024416
34  37  0.00013778
35  37  0.00021518
36  37  0.00018055
37  37  0.00017505
38  37  0.00027932
39  37  0.00038208
40  37  0.00018324
41  37  0.00024593
42  37  0.00022788
43  37  0.00011606
44  37  0.00027082
45  37  0.00013307
46  37  0.00027908
47  37  0.00028542
48  37  0.00048687
49  37  0.00022079
50  37  0.00035266
51  37  0.00013428
52  37  0.00029205
53  37  0.00040022
54  37  0.00032185
55  37  0.00027978
56  37  0.00041807
57  37  0.00024108
58  37  0.00081892
59  37  0.00016881
60  37  0.00011712
61  37  0.00057106
62  37  0.00032352
63  37  0.00040535
0  38  0.00025269
1  38  0.00036914
2  38  0.00010619
3  38  0.00048514
4  38  0.00025505
5  38  0.00027800
6  38  0.00017215
7  38  0.00006130
8  38  0.00021261
9  38  0.00022764
10  38  0.00029966
11  38  0.00022789
12  38  0.00011475
13  38  0.00040313
14  38  0.00047544
15  38  0.00051657
16  38  0.00018191
17  38  0.00026357
18  38  0.00024719
19  38  0.00024654
20  38  0.00027970
21  38  0.00025504
22  38  0.00031243
23  38  0.00036981
24  38  0.00029566
25  38  0.00021658
26  38  0.00025586
27  38  0.00006292
28  38  0.00026696
29  38  0.00029251
30  38  0.00007844
31  38  0.00017337
32  38  0.00022770
33  38  0.00032254
34  38  0.00025112
35  38  0.00021732
36  38  0.00036185
37  38  0.00017664
38  38  0.00017644
39  38  0.00023813
40  38  0.00026363
41  38  0.00015020
42  38  0.00020188
43  38  0.00009516
44  38  0.00047916
45  38  0.00041101
46  38  0.00020803
47  38  0.00028823
48  38  0.00022868
49  38  0.00018583
50  38  0.00003815
51  38  0.00028087
52  38  0.00014031
53  38  0.00018849
54  38  0.00023087
55  38  0.00031869
56  38  0.00038544
57  38  0.00007863
58  38  0.00020945
59  38  0.00059589
60  38  0.00039473
61  38  0.00021952
62  38  0.00012986
63  38  0.00015293
0  39  0.00023253
1  39  0.00040095
2  39  0.00019450
3  39  0.00024789
4  39  0.00023307
5  39  0.00012366
6  39  0.00019281
7  39  0.00050172
8  39  0.00029224
9  39  0.00016620
10  39  0.00026923
11  39  0.00030973
12  39  0.00024677
13  39  0.00040628
14  39  0.00021396
15  39  0.00019201
16  39  0.00020214
17  39  0.00023999
18  39  0.00007818
19  39  0.00007239
20  39  0.00025783
21  39  0.00024787
22  39  0.00012764
23  39  0.00038206
24  39  0.00020222
25  39  0.00012502
26  39  0.00029026
27  39  0.00004887
28  39  0.00012760
29  39  0.00022612
30  39  0.00009324
31  39  0.00020388
32  39  0.00021029
33  39  0.00013152
34  39  0.00046106
35  39  0.00014697
36  39  0.00041912
37  39  0.00021114
38  39  0.00023836
39  39  0.00007302
40  39  0.00022114
41  39  0.00013405
42  39  0.00016360
43  39  0.00029324
44  39  0.00024187
45  39  0.00020007
46  39  0.00019349
47  39  0.00029845
48  39  0.00011991
49  39  0.00052020
50  39  0.00018869
51  39  0.00017172
52  39  0.00032056
53  39  0.00008745
54  39  0.00029629
55  39  0.00008188
56  39  0.00023877
57  39  0.00024547
58  39  0.00033584
59  39  0.00020239
60  39  0.00019188
61  39  0.00010338
62  39  0.00029817
63  39  0.00038191
0  40  0.00022638
1  40  0.00023480
2  40  0.00012783
3  40  0.00032200
4  40  0.00028629
5  40  0.00015921
6  40  0.00032397
7  40  0.00019145
8  40  0.00022369
9  40  0.00020483
10  40  0.00022219
11  40  0.00010694
12  40  0.00037025
13  40  0.00044519
14  40  0.00039837
15  40  0.00018627
16  40  0.00032358
17  40  0.00035706
18  40  0.00036820
19  40  0.00020621
20  40  0.00015661
21  40  0.00013570
22  40  0.00024129
23  40  0.00041596
24  40  0.00022466
25  40  0.00035445
26  40  0.00015367
27  40  0.00022936
28  40  0.00044505
29  40  0.00019356
30  40  0.00008611
31  40  0.00034596
32  40  0.00008455
33  40  0.00023181
34  40  0.00044638
35  40  0.00014393
36  40  0.00014004
37  40  0.00015061
38  40  0.00016708
39  40  0.00021371
40  40  0.00018380
41  40  0.00039401
42  40  0.00017537
43  40  0.00019985
44  40  0.00036664
45  40  0.00024870
46  40  0.00027357
47  40  0.00016996
48  40  0.00046527
49  40  0.00032477
50  40  0.00024779
51  40  0.00041738
52  40  0.00014943
53  40  0.00012507
54  40  0.00033538
55  40  0.00021922
56  40  0.00029071
57  40  0.00051315
58  40  0.00026312
59  40  0.00016611
60  40  0.00018021
61  40  0.00027215
62  40  0.00029639
63  40  0.00030370
0  41  0.00057819
1  41  0.00012048
2  41  0.00051641
3  41  0.00018537
4  41  0.00027737
5  41  0.00016620
6  41  0.00040114
7  41  0.00016415
8  41  0.00041820
9  41  0.00024468
10  41  0.00014107
11  41  0.00040988
12  41  0.00040459
13  41  0.00015556
14  41  0.00024659
15  41  0.00012626
16  41  0.00021224
17  41  0.00078718
18  41  0.00021715
19  41  0.00026618
20  41  0.00019580
21  41  0.00054261
22  41  0.00031145
23  41  0.00015412
24  41  0.00055814
25  41  0.00004600
26  41  0.00011438
27  41  0.00013183
28  41  0.00025474
29  41  0.00032616
30  41  0.00023610
31  41  0.00042296
32  41  0.00038442
33  41  0.00011866
34  41  0.00029424
35  41  0.00017081
36  41  0.00020843
37  41  0.00031597
38  41  0.00027830
39  41  0.00020366
40  41  0.00015593
41  41  0.00026286
42  41  0.00039585
43  41  0.00008949
44  41  0.00021389
45  41  0.00006964
46  41  0.00027020
47  41  0.00019685
48  41  0.00025401
49  41  0.00026125
50  41  0.00062691
51  41  0.00011332
52  41  0.00021401
53  41  0.00045986
54  41  0.00013356
55  41  0.00017520
56  41  0.00014571
57  41  0.00011362
58  41  0.00045950
59  41  0.00021846
60  41  0.00027146
61  41  0.00024556
62  41  0.00048432
63  41  0.00052131
0  42  0.00024943
1  42  0.00051689
2  42  0.00026083
3  42  0.00036647
4  42  0.00035048
5  42  0.00023394
6  42  0.00010880
7  42  0.00039186
8  42  0.00019552
9  42  0.00027546
10  42  0.00016624
11  42  0.00020371
12  42  0.00011334
13  42  0.00020621
14  42  0.00022021
15  42  0.00021077
16  42  0.00013739
17  42  0.00039302
18  42  0.00022138
19  42  0.00024296
20  42  0.00014916
21  42  0.00050555
22  42  0.00021799
23  42  0.00012267
24  42  0.00014908
25  42  0.00019038
26  42  0.00007730
27  42  0.00017020
28  42  0.00032353
29  42  0.00026045
30  42  0.00031847
31  42  0.00028370
32  42  0.00031341
33  42  0.00045454
34  42  0.00019333
35  42  0.00010480
36  42  0.00018386
37  42  0.00034504
38  42  0.00016104
39  42  0.00014984
40  42  0.00045115
41  42  0.00009568
42  42  0.00012694
43  42  0.00031996
44  42  0.00053466
45  42  0.00036516
46  42  0.00012458
47  42  0.00021865
48  42  0.00028184
49  42  0.00032098
50  42  0.00021727
51  42  0.00010142
52  42  0.00018958
53  42  0.00044168
54  42  0.00011050
55  42  0.00020310
56  42  0.00015557
57  42  0.00038744
58  42  0.00009667
59  42  0.00048088
60  42  0.00011983
61  42  0.00030435
62  42  0.00074789
63  42  0.00034633
0  43  0.00042336
1  43  0.00034580
2  43  0.00009351
3  43  0.00021890
4  43  0.00043296
5  43  0.00039848
6  43  0.00020251
7  43  0.00080218
8  43  0.00008612
9  43  0.00004888
10  43  0.00019930
11  43  0.00034200
12  43  0.00010401
13  43  0.00018175
14  43  0.00021533
15  43  0.00004660
16  43  0.00018503
17  43  0.00027194
18  43  0.00043907
19  43  0.00016144
20  43  0.00042056
21  43  0.00012284
22  43  0.00019633
23  43  0.00012947
24  43  0.00010697
25  43  0.00024682
26  43  0.00032602
27  43  0.00005468
28  43  0.00024412
29  43  0.00016812
30  43  0.00019867
31  43  0.00028522
32  43  0.00009904
33  43  0.00025832
34  43  0.00021255
35  43  0.00043117
36  43  0.00023190
37  43  0.00006547
38  43  0.00037536
39  43  0.00010312
40  43  0.00014606
41  43  0.00020163
42  43  0.00008708
43  43  0.00014439
44  43  0.00020429
45  43  0.00038544
46  43  0.00012868
47  43  0.00033610
48  43  0.00025420
49  43  0.00046596
50  43  0.00044729
51  43  0.00026656
52  43  0.00014684
53  43  0.00015728
54  43  0.00007647
55  43  0.00024752
56  43  0.00013719
57  43  0.00068658
58  43  0.00009169
59  43  0.00056784
60  43  0.00024715
61  43  0.00016186
62  43  0.00032625
63  43  0.00015488
0  44  0.00032261
1  44  0.00009788
2  44  0.00050126
3  44  0.00047102
4  44  0.00011720
5  44  0.00018693
6  44  0.00018819
7  44  0.00024534
8  44  0.00051626
9  44  0.00005134
10  44  0.00005153
11  44  0.00031424
12  44  0.00006428
13  44  0.00015477
14  44  0.00025571
15  44  0.00052260
16  44  0.00008460
17  44  0.00011746
18  44  0.00036265
19  44  0.00022608
20  44  0.00014084
21  44  0.00032154
22  44  0.00010020
23  44  0.00009431
24  44  0.00029828
25  44  0.00059606
26  44  0.00020607
27  44  0.00017697
28  44  0.00031339
29  44  0.00014346
30  44  0.00009683
31  44  0.00034811
32  44  0.00027756
33  44  0.00017749
34  44  0.00016221
35  44  0.00021946
36  44  0.00016588
37  44  0.00018860
38  44  0.00025180
39  44  0.00059759
40  44  0.00031705
41  44  0.00017227
42  44  0.00026882
43  44  0.00014964
44  44  0.00035664
45  44  0.00034065
46  44  0.00009793
47  44  0.00011328
48  44  0.00020710
49  44  0.00033681
50  44  0.00025292
51  44  0.00038276
52  44  0.00031736
53  44  0.00032723
54  44  0.00011437
55  44  0.00022868
56  44  0.00038975
57  44  0.00011037
58  44  0.00018293
59  44  0.00012209
60  44  0.00014324
61  44  0.00022119
62  44  0.00032194
63  44  0.00015660
0  45  0.00024178
1  45  0.00024232
2  45  0.00011284
3  45  0.00027150
4  45  0.00021266
5  45  0.00009219
6  45  0.00038922
7  45  0.00030806
8  45  0.00010581
9  45  0.00025279
10  45  0.00021965
11  45  0.00017952
12  45  0.00013124
13  45  0.00029096
14  45  0.00035620
15  45  0.00023653
16  45  0.00056922
17  45  0.00021707
18  45  0.00013790
19  45  0.00019362
20  45  0.00023667
21  45  0.00019929
22  45  0.00015024
23  45  0.00014255
24  45  0.00030031
25  45  0.00046681
26  45  0.00024033
27  45  0.00014064
28  45  0.00037791
29  45  0.00014871
30  45  0.00025443
31  45  0.00040817
32  45  0.00020841
33  45  0.00018859
34  45  0.00014392
35  45  0.00010148
36  45  0.00012753
37  45  0.00022325
38  45  0.00011389
39  45  0.00013243
40  45  0.00024719
41  45  0.00024541
42  45  0.00032807
43  45  0.00044358
44  45  0.00009295
45  45  0.00005438
46  45  0.00025962
47  45  0.00025173
48  45  0.00012092
49  45  0.00014920
50  45  0.00013734
51  45  0.00036896
52  45  0.00015185
53  45  0.00010969
54  45  0.00024178
55  45  0.00015727
56  45  0.00042007
57  45  0.00016475
58  45  0.00035203
59  45  0.00014172
60  45  0.00019200
61  45  0.00031862
62  45  0.00031578
63  45  0.00025029
0  46  0.00014446
1  46  0.00007071
2  46  0.00018394
3  46  0.00016500
4  46  0.00023305
5  46  0.00049725
6  46  0.00022884
7  46  0.00020051
8  46  0.00013695
9  46  0.00016866
10  46  0.00011507
11  46  0.00046319
12  46  0.00019624
13  46  0.00035844
14  46  0.00020587
15  46  0.00034487
16  46  0.00017721
17  46  0.00022996
18  46  0.00059917
19  46  0.00021557
20  46  0.00006180
21  46  0.00024569
22  46  0.00020371
23  46  0.00046849
24  46  0.00050150
25  46  0.00018081
26  46  0.00017011
27  46  0.00023939
28  46  0.00016296
29  46  0.00020424
30  46  0.00053642
31  46  0.00030692
32  46  0.00020558
33  46  0.00015322
34  46  0.00024397
35  46  0.00020410
36  46  0.00022599
37  46  0.00021846
38  46  0.00021319
39  46  0.00026441
40  46  0.00026292
41  46  0.00017650
42  46  0.00042102
43  46  0.00031997
44  46  0.00019892
45  46  0.00010934
46  46  0.00008585
47  46  0.00017188
48  46  0.00016739
49  46  0.00048669
50  46  0.00007091
51  46  0.00021061
52  46  0.00011169
53  46  0.00017291
54  46  0.00028273
55  46  0.00029661
56  46  0.00022338
57  46  0.00032054
58  46  0.00044948
59  46  0.00037763
60  46  0.00029767
61  46  0.00027548
62  46  0.00024574
63  46  0.00016471
0  47  0.00038524
1  47  0.00008902
2  47  0.00009120
3  47  0.00019777
4  47  0.00015706
5  47  0.00014712
6  47  0.00050202
7  47  0.00026210
8  47  0.00024510
9  47  0.00025902
10  47  0.00029167
11  47  0.00035600
12  47  0.00030778
13  47  0.00010030
14  47  0.00049237
15  47  0.00022241
16  47  0.00014154
17  47  0.00029663
18  47  0.00033951
19  47  0.00010550
20  47  0.00028645
21  47  0.00039241
22  47  0.00037577
23  47  0.00005999
24  47  0.00018719
25  47  0.00040622
26  47  0.00021480
27  47  0.00036749
28  47  0.00039740
29  47  0.00015380
30  47  0.00061072
31  47  0.00041550
32  47  0.00011371
33  47  0.00014367
34  47  0.00035158
35  47  0.00027423
36  47  0.00008766
37  47  0.00029992
38  47  0.00022677
39  47  0.00026073
40  47  0.00032302
41  47  0.00044457
42  47  0.00039066
43  47  0.00010848
44  47  0.00018065
45  47  0.00008287
46  47  0.00037827
47  47  0.00011864
48  47  0.00029035
49  47  0.00023065
50  47  0.00014459
51  47  0.00016630
52  47  0.00035305
53  47  0.00039084
54  47  0.00014969
55  47  0.00032332
56  47  0.00039041
57  47  0.00018206
58  47  0.00018676
59  47  0.00027716
60  47  0.00006740
61  47  0.00007035
62  47  0.00023368
63  47  0.00012368
0  48  0.00032349
1  48  0.00013742
2  48  0.00021034
3  48  0.00040652
4  48  0.00019600
5  48  0.00029577
6  48  0.00030209
7  48  0.00019604
8  48  0.00035022
9  48  0.00015622
10  48  0.00059254
11  48  0.00019123
12  48  0.00025811
13  48  0.00036456
14  48  0.00015473
15  48  0.00027753
16  48  0.00019313
17  48  0.00017455
18  48  0.00013012
19  48  0.00025630
20  48  0.00008833
21  48  0.00015872
22  48  0.00016904
23  48  0.00015175
24  48  0.00048043
25  48  0.00034532
26  48  0.00010802
27  48  0.00023370
28  48  0.00041345
29  48  0.00016276
30  48  0.00041880
31  48  0.00015771
32  48  0.00029776
33  48  0.00032551
34  48  0.00024031
35  48  0.00059662
36  48  0.00061546
37  48  0.00017212
38  48  0.00018320
39  48  0.00013513
40  48  0.00039747
41  48  0.00007570
42  48  0.00025543
43  48  0.00009983
44  48  0.00022330
45  48  0.00049250
46  48  0.00014878
47  48  0.00027925
48  48  0.00012014
49  48  0.00007676
50  48  0.00029210
51  48  0.00019649
52  48  0.00027706
53  48  0.00014970
54  48  0.00024139
55  48  0.00011859
56  48  0.00021153
57  48  0.00045055
58  48  0.00023002
59  48  0.00019237
60  48  0.00048070
61  48  0.00017364
62  48  0.00033672
63  48  0.00028389
0  49  0.00027913
1  49  0.00036594
2  49  0.00018213
3  49  0.00035090
4  49  0.00017442
5  49  0.00009968
6  49  0.00015794
7  49  0.00020044
8  49  0.00029701
9  49  0.00032978
10  49  0.00022432
11  49  0.00037904
12  49  0.00005342
13  49  0.00024660
14  49  0.00008944
15  49  0.00042536
16  49  0.00050085
17  49  0.00053048
18  49  0.00016955
19  49  0.00018330
20  49  0.00039823
21  49  0.00038697
22  49  0.00003207
23  49  0.00021343
24  49  0.00010798
25  49  0.00016572
26  49  0.00023061
27  49  0.00019683
28  49  0.00019430
29  49  0.00050343
30  49  0.00053577
31  49  0.00043084
32  49  0.00016458
33  49  0.00024643
34  49  0.00039497
35  49  0.00022003
36  49  0.00016211
37  49  0.00012187
38  49  0.00014855
39  49  0.00025053
40  49  0.00017576
41  49  0.00045589
42  49  0.00022413
43  49  0.00020391
44  49  0.00018369
45  49  0.00012609
46  49  0.00020613
47  49  0.00033734
48  49  0.00019171
49  49  0.00026423
50  49  0.00044242
51  49  0.00019812
52  49  0.00026493
53  49  0.00019707
54  49  0.00010966
55  49  0.00029988
56  49  0.00017018
57  49  0.00008388
58  49  0.00026493
59  49  0.00021365
60  49  0.00030099
61  49  0.00013946
62  49  0.00011143
63  49  0.00038147
0  50  0.00026198
1  50  0.00041158
2  50  0.00019114
3  50  0.00007332
4  50  0.00013175
5  50  0.00014090
6  50  0.00040486
7  50  0.00022994
8  50  0.00012211
9  50  0.00030716
10  50  0.00050611
11  50  0.00025104
12  50  0.00014785
13  50  0.00031748
14  50  0.00029244
15  50  0.00015422
16  50  0.00016874
17  50  0.00016882
18  50  0.00020609
19  50  0.00016469
20  50  0.00050023
21  50  0.00021042
22  50  0.00025521
23  50  0.00017248
24  50  0.00035636
25  50  0.00021842
26  50  0.00033013
27  50  0.00020012
28  50  0.00037600
29  50  0.00016988
30  50  0.00032175
31  50  0.00015863
32  50  0.00028181
33  50  0.00031675
34  50  0.00032032
35  50  0.00021367
36  50  0.00035240
37  50  0.00019940
38  50  0.00020204
39  50  0.00029438
40  50  0.00013418
41  50  0.00013044
42  50  0.00009497
43  50  0.00018499
44  50  0.00031703
45  50  0.00033377
46  50  0.00023089
47  50  0.00006723
48  50  0.00026680
49  50  0.00036366
50  50  0.00025032
51  50  0.00017673
52  50  0.00014449
53  50  0.00031517
54  50  0.00041381
55  50  0.00007553
56  50  0.00030764
57  50  0.00029742
58  50  0.00025853
59  50  0.00017114
60  50  0.00046383
61  50  0.00024240
62  50  0.00033012
63  50  0.00009711
0  51  0.00014422
1  51  0.00018033
2  51  0.00022339
3  51  0.00030622
4  51  0.00032813
5  51  0.00013701
6  51  0.00029399
7  51  0.00055731
8  51  0.00029734
9  51  0.00032607
10  51  0.00008055
11  51  0.00008769
12  51  0.00017138
13  51  0.00026462
14  51  0.00061846
15  51  0.00022093
16  51  0.00013509
17  51  0.00019948
18  51  0.00061723
19  51  0.00013187
20  51  0.00012908
21  51  0.00053308
22  51  0.00034932
23  51  0.00029025
24  51  0.00047387
25  51  0.00025921
26  51  0.00016006
27  51  0.00051792
28  51  0.00016369
29  51  0.00041689
30  51  0.00016288
31  51  0.00013931
32  51  0.00010986
33  51  0.00020842
34  51  0.00020157
35  51  0.00025926
36  51  0.00032931
37  51  0.00013493
38  51  0.00032290
39  51  0.00028984
40  51  0.00022514
41  51  0.00014710
42  51  0.00033405
43  51  0.00023434
44  51  0.00029616
45  51  0.00024863
46  51  0.00015562
47  51  0.00023568
48  51  0.00019057
49  51  0.00029814
50  51  0.00008551
51  51  0.00057574
52  51  0.00031575
53  51  0.00023453
54  51  0.00014477
55  51  0.00020122
56  51  0.00030967
57  51  0.00028784
58  51  0.00005602
59  51  0.00018094
60  51  0.00061106
61  51  0.00020557
62  51  0.00009603
63  51  0.00009416
0  52  0.00007341
1  52  0.00021948
2  52  0.00022121
3  52  0.00008325
4  52  0.00004637
5  52  0.00007110
6  52  0.00029159
7  52  0.00024489
8  52  0.00011621
9  52  0.00022532
10  52  0.00026713
11  52  0.00019729
12  52  0.00013640
13  52  0.00008383
14  52  0.00021081
15  52  0.00034433
16  52  0.00015453
17  52  0.00020732
18  52  0.00011624
19  52  0.00037750
20  52  0.00029921
21  52  0.00009940
22  52  0.00044176
23  52  0.00007413
24  52  0.00023704
25  52  0.00022400
26  52  0.00019991
27  52  0.00019869
28  52  0.00028418
29  52  0.00020242
30  52  0.00020990
31  52  0.00034422
32  52  0.00025920
33  52  0.00023695
34  52  0.00042706
35  52  0.00026740
36  52  0.00035514
37  52  0.00014237
38  52  0.00030533
39  52  0.00015367
40  52  0.00026164
41  52  0.00038281
42  52  0.00030997
43  52  0.00024820
44  52  0.00052382
45  52  0.00020743
46  52  0.00045985
47  52  0.00037548
48  52  0.00025563
49  52  0.00022520
50  52  0.00010019
51  52  0.00040883
52  52  0.00015936
53  52  0.00019774
54  52  0.00027149
55  52  0.00021159
56  52  0.00006775
57  52  0.00010688
58  52  0.00018550
59  52  0.00035327
60  52  0.00014669
61  52  0.00018074
62  52  0.00007106
63  52  0.00021586
0  53  0.00040335
1  53  0.00027721
2  53  0.00023592
3  53  0.00014811
4  53  0.00016507
5  53  0.00020711
6  53  0.00034196
7  53  0.00055761
8  53  0.00085170
9  53  0.00025080
10  53  0.00018212
11  53  0.00013990
12  53  0.00013269
13  53  0.00014555
14  53  0.00022061
15  53  0.00026629
16  53  0.00009165
17  53  0.00023342
18  53  0.00053813
19  53  0.00035059
20  53  0.00009751
21  53  0.00012471
22  53  0.00027622
23  53  0.00018264
24  53  0.00009697
25  53  0.00024949
26  53  0.00018820
27  53  0.00015193
28  53  0.00060167
29  53  0.00021039
30  53  0.00011759
31  53  0.00045029
32  53  0.00052471
33  53  0.00018750
34  53  0.00039288
35  53  0.00021029
36  53  0.00047516
37  53  0.00028174
38  53  0.00012051
39  53  0.00015353
40  53  0.00030610
41  53  0.00022777
42  53  0.00040624
43  53  0.00032372
44  53  0.00008027
45  53  0.00035682
46  53  0.00012535
47  53  0.00020117
48  53  0.00008854
49  53  0.00008014
50  53  0.00023072
51  53  0.00032348
52  53  0.00034940
53  53  0.00013443
54  53  0.00016764
55  53  0.00028600
56  53  0.00012805
57  53  0.00018010
58  53  0.00019092
59  53  0.00011119
60  53  0.00044272
61  53  0.00032820
62  53  0.00031616
63  53  0.00032490
0  54  0.00046893
1  54  0.00007074
2  54  0.00019204
3  54  0.00034801
4  54  0.00022206
5  54  0.00023373
6  54  0.00016055
7  54  0.00027945
8  54  0.00006600
9  54  0.00026857
10  54  0.00018146
11  54  0.00005540
12  54  0.00010488
13  54  0.00027029
14  54  0.00042555
15  54  0.00020169
16  54  0.00022356
17  54  0.00025170
18  54  0.00025911
19  54  0.00007250
20  54  0.00031608
21  54  0.00011313
22  54  0.00012087
23  54  0.00052016
24  54  0.00014716
25  54  0.00017622
26  54  0.00018224
27  54  0.00007459
28  54  0.00027551
29  54  0.00032290
30  54  0.00017380
31  54  0.00021890
32  54  0.00032752
33  54  0.00014625
34  54  0.00017026
35  54  0.00020438
36  54  0.00047736
37  54  0.00028862
38  54  0.00021106
39  54  0.00037134
40  54  0.00013097
41  54  0.00067709
42  54  0.00026592
43  54  0.00018174
44  54  0.00025462
45  54  0.00020162
46  54  0.00018373
47  54  0.00020356
48  54  0.00027926
49  54  0.00026215
50  54  0.00024561
51  54  0.00019175
52  54  0.00008961
53  54  0.00020268
54  54  0.00044749
55  54  0.00029379
56  54  0.00013031
57  54  0.00027873
58  54  0.00017452
59  54  0.00010972
60  54  0.00013780
61  54  0.00028029
62  54  0.00033372
63  54  0.00020200
0  55  0.00009358
1  55  0.00024009
2  55  0.00027514
3  55  0.00017244
4  55  0.00012114
5  55  0.00040192
6  55  0.00011691
7  55  0.00042826
8  55  0.00018718
9  55  0.00010798
10  55  0.00023954
11  55  0.00030515
12  55  0.00040967
13  55  0.00049874
14  55  0.00014703
15  55  0.00047712
16  55  0.00007566
17  55  0.00015590
18  55  0.00004905
19  55  0.00022800
20  55  0.00019254
21  55  0.00021258
22  55  0.00041972
23  55  0.00047397
24  55  0.00025079
25  55  0.00063463
26  55  0.00007618
27  55  0.00009047
28  55  0.00009423
29  55  0.00006868
30  55  0.00026088
31  55  0.00018415
32  55  0.00035335
33  55  0.00008894
34  55  0.00045978
35  55  0.00022316
36  55  0.00038119
37  55  0.00023315
38  55  0.00014520
39  55  0.00005297
40  55  0.00008920
41  55  0.00042666
42  55  0.00021668
43  55  0.00013388
44  55  0.00027049
45  55  0.00053225
46  55  0.00029086
47  55  0.00036685
48  55  0.00002874
49  55  0.00012429
50  55  0.00014554
51  55  0.00019271
52  55  0.00025850
53  55  0.00010451
54  55  0.00044802
55  55  0.00062346
56  55  0.00024030
57  55  0.00009292
58  55  0.00023395
59  55  0.00015320
60  55  0.00013618
61  55  0.00022159
62  55  0.00010473
63  55  0.00053018
0  56  0.00021110
1  56  0.00016186
2  56  0.00006553
3  56  0.00036522
4  56  0.00023580
5  56  0.00012657
6  56  0.00026154
7  56  0.00039410
8  56  0.00018975
9  56  0.00029140
10  56  0.00021569
11  56  0.00014364
12  56  0.00006178
13  56  0.00016280
14  56  0.00029358
15  56  0.00007337
16  56  0.00039502
17  56  0.00011251
18  56  0.00016034
19  56  0.00009838
20  56  0.00033191
21  56  0.00012551
22  56  0.00033167
23  56  0.00066314
24  56  0.00030767
25  56  0.00028925
26  56  0.00014173
27  56  0.00006236
28  56  0.00010468
29  56  0.00018725
30  56  0.00042197
31  56  0.00035908
32  56  0.00009179
33  56  0.00010863
34  56  0.00008219
35  56  0.00052895
36  56  0.00007980
37  56  0.00021877
38  56  0.00037215
39  56  0.00011619
40  56  0.00017720
41  56  0.00021563
42  56  0.00032329
43  56  0.00012043
44  56  0.00016120
45  56  0.00021734
46  56  0.00006591
47  56  0.00015191
48  56  0.00019879
49  56  0.00025230
50  56  0.00030715
51  56  0.00016203
52  56  0.00025133
53  56  0.00014302
54  56  0.00027711
55  56  0.00025751
56  56  0.00027663
57  56  0.00012146
58  56  0.00011757
59  56  0.00009034
60  56  0.00032081
61  56  0.00032962
62  56  0.00018416
63  56  0.00048807
0  57  0.00033773
1  57  0.00012950
2  57  0.00012055
3  57  0.00014511
4  57  0.00019967
5  57  0.00016213
6  57  0.00010579
7  57  0.00049862
8  57  0.00041820
9  57  0.00015268
10  57  0.00013387
11  57  0.00029821
12  57  0.00010197
13  57  0.00036987
14  57  0.00029020
15  57  0.00031978
16  57  0.00036323
17  57  0.00017254
18  57  0.00028311
19  57  0.00020709
20  57  0.00046721
21  57  0.00031557
22  57  0.00022626
23  57  0.00010450
24  57  0.00028910
25  57  0.00039129
26  57  0.00028096
27  57  0.00020552
28  57  0.00025791
29  57  0.00023413
30  57  0.00025412
31  57  0.00026359
32  57  0.00026062
33  57  0.00022534
34  57  0.00004718
35  57  0.00009849
36  57  0.00024130
37  57  0.00027273
38  57  0.00018100
39  57  0.00020364
40  57  0.00046759
41  57  0.00026372
42  57  0.00012730
43  57  0.00006880
44  57  0.00017811
45  57  0.00010946
46  57  0.00034063
47  57  0.00030762
48  57  0.00035845
49  57  0.00015862
50  57  0.00019011
51  57  0.00029230
52  57  0.00006830
53  57  0.00027258
54  57  0.00041212
55  57  0.00032088
56  57  0.00023943
57  57  0.00017523
58  57  0.00017086
59  57  0.00013444
60  57  0.00027883
61  57  0.00015699
62  57  0.00040453
63  57  0.00043174
0  58  0.00017783
1  58  0.00035867
2  58  0.00024094
3  58  0.00013444
4  58  0.00038355
5  58  0.00047611
6  58  0.00012159
7  58  0.00040548
8  58  0.00040171
9  58  0.00029486
10  58  0.00034898
11  58  0.00041755
12  58  0.00011256
13  58  0.00028393
14  58  0.00009170
15  58  0.00015680
16  58  0.00010132
17  58  0.00054847
18  58  0.00021508
19  58  0.00014626
20  58  0.00042929
21  58  0.00024707
22  58  0.00027339
23  58  0.00013770
24  58  0.00032127
25  58  0.00021467
26  58  0.00031003
27  58  0.00021201
28  58  0.00032592
29  58  0.00019870
30  58  0.00016447
31  58  0.00019213
32  58  0.00017697
33  58  0.00023834
34  58  0.00015410
35  58  0.00009132
36  58  0.00020053
37  58  0.00018703
38  58  0.00019169
39  58  0.00018570
40  58  0.00013173
41  58  0.00044295
42  58  0.00012029
43  58  0.00020876
44  58  0.00020079
45  58  0.00018199
46  58  0.00041502
47  58  0.00030121
48  58  0.00012976
49  58  0.00041816
50  58  0.00034309
51  58  0.00023007
52  58  0.00030968
53  58  0.00038632
54  58  0.00027475
55  58  0.00019473
56  58  0.00026253
57  58  0.00055566
58  58  0.00019687
59  58  0.00018613
60  58  0.00009856
61  58  0.00017625
62  58  0.00021884
63  58  0.00024844
0  59  0.00041733
1  59  0.00005942
2  59  0.00015807
3  59  0.00015712
4  59  0.00015593
5  59  0.00013706
6  59  0.00037775
7  59  0.00012564
8  59  0.00025376
9  59  0.00020779
10  59  0.00010534
11  59  0.00019924
12  59  0.00028906
13  59  0.00049641
14  59  0.00020168
15  59  0.00030826
16  59  0.00009824
17  59  0.00015359
18  59  0.00015448
19  59  0.00015201
20  59  0.00014285
21  59  0.00022942
22  59  0.00014748
23  59  0.00017106
24  59  0.00012180
25  59  0.00041463
26  59  0.00044355
27  59  0.00011960
28  59  0.00017624
29  59  0.00016951
30  59  0.00038214
31  59  0.00019718
32  59  0.00020273
33  59  0.00010309
34  59  0.00024719
35  59  0.00040485
36  59  0.00037288
37  59  0.00020471
38  59  0.00012847
39  59  0.00028248
40  59  0.00028304
41  59  0.00012381
42  59  0.00012635
43  59  0.00008531
44  59  0.00017495
45  59  0.00020217
46  59  0.00018416
47  59  0.00007531
48  59  0.00026279
49  59  0.00024851
50  59  0.00014310
51  59  0.00017126
52  59  0.00030986
53  59  0.00016877
54  59  0.00014726
55  59  0.00026980
56  59  0.00044532
57  59  0.00018755
58  59  0.00018159
59  59  0.00012699
60  59  0.00044963
61  59  0.00024460
62  59  0.00049867
63  59  0.00036839
0  60  0.00021980
1  60  0.00016189
2  60  0.00039543
3  60  0.00017951
4  60  0.00032696
5  60  0.00017907
6  60  0.00011915
7  60  0.00015126
8  60  0.00022461
9  60  0.00024849
10  60  0.00015918
11  60  0.00010397
12  60  0.00023793
13  60  0.00025070
14  60  0.00056199
15  60  0.00015375
16  60  0.00042399
17  60  0.00021188
18  60  0.00040961
19  60  0.00016692
20  60  0.00015773
21  60  0.00004306
22  60  0.00002011
23  60  0.00046383
24  60  0.00035606
25  60  0.00014512
26  60  0.00037721
27  60  0.00029229
28  60  0.00003134
29  60  0.00041239
30  60  0.00043626
31  60  0.00013475
32  60  0.00033009
33  60  0.00018390
34  60  0.00035010
35  60  0.00011347
36  60  0.00034317
37  60  0.00016702
38  60  0.00016174
39  60  0.00014369
40  60  0.00045450
41  60  0.00011108
42  60  0.00033219
43  60  0.00049555
44  60  0.00035824
45  60  0.00015901
46  60  0.00011431
47  60  0.00048671
48  60  0.00019458
49  60  0.00018342
50  60  0.00020500
51  60  0.00020970
52  60  0.00043690
53  60  0.00042873
54  60  0.00020314
55  60  0.00019512
56  60  0.00030916
57  60  0.00007293
58  60  0.00035166
59  60  0.00029765
60  60  0.00014593
61  60  0.00009503
62  60  0.00022315
63  60  0.00019727
0  61  0.00029198
1  61  0.00028881
2  61  0.00031406
3  61  0.00012887
4  61  0.00014814
5  61  0.00013168
6  61  0.00019334
7  61  0.00025826
8  61  0.00030089
9  61  0.00024579
10  61  0.00021497
11  61  0.00061822
12  61  0.00032615
13  61  0.00036841
14  61  0.00022068
15  61  0.00015802
16  61  0.00041742
17  61  0.00015595
18  61  0.00020235
19  61  0.00031698
20  61  0.00026748
21  61  0.00022585
22  61  0.00017996
23  61  0.00023297
24  61  0.00020403
25  61  0.00016150
26  61  0.00019130
27  61  0.00020014
28  61  0.00030256
29  61  0.00028736
30  61  0.00060988
31  61  0.00028470
32  61  0.00013905
33  61  0.00053176
34  61  0.00013258
35  61  0.00012164
36  61  0.00035435
37  61  0.00028961
38  61  0.00046236
39  61  0.00022560
40  61  0.00023429
41  61  0.00031290
42  61  0.00022858
43  61  0.00033890
44  61  0.00024772
45  61  0.00022479
46  61  0.00035680
47  61  0.00031838
48  61  0.00011972
49  61  0.00023214
50  61  0.00012783
51  61  0.00025808
52  61  0.00023374
53  61  0.00033581
54  61  0.00023465
55  61  0.00028928
56  61  0.00023395
57  61  0.00035634
58  61  0.00049968
59  61  0.00030555
60  61  0.00031094
61  61  0.00033466
62  61  0.00013915
63  61  0.00020992
0  62  0.00006606
1  62  0.00025808
2  62  0.00019660
3  62  0.00014368
4  62  0.00018018
5  62  0.00023254
6  62  0.00013793
7  62  0.00057405
8  62  0.00012633
9  62  0.00022026
10  62  0.00015160
11  62  0.00015846
12  62  0.00055771
13  62  0.00026736
14  62  0.00021079
15  62  0.00030909
16  62  0.00013127
17  62  0.00012049
18  62  0.00044766
19  62  0.00008897
20  62  0.00045090
21  62  0.00036800
22  62  0.00017837
23  62  0.00007852
24  62  0.00038425
25  62  0.00015863
26  62  0.00033228
27  62  0.00013730
28  62  0.00023914
29  62  0.00012791
30  62  0.00009737
31  62  0.00034485
32  62  0.00008597
33  62  0.00024668
34  62  0.00024095
35  62  0.00020381
36  62  0.00024315
37  62  0.00028800
38  62  0.00006655
39  62  0.00056727
40  62  0.00013190
41  62  0.00011108
42  62  0.00022593
43  62  0.00014315
44  62  0.00022886
45  62  0.00024956
46  62  0.00040236
47  62  0.00017836
48  62  0.00023876
49  62  0.00023424
50  62  0.00033601
51  62  0.00033584
52  62  0.00032648
53  62  0.00038908
54  62  0.00017899
55  62  0.00025491
56  62  0.00026209
57  62  0.00019508
58  62  0.00019817
59  62  0.00039957
60  62  0.00055195
61  62  0.00040190
62  62  0.00039492
63  62  0.00025629
0  63  0.00010720
1  63  0.00021637
2  63  0.00032338
3  63  0.00035626
4  63  0.00028925
5  63  0.00021277
6  63  0.00012060
7  63  0.00022690
8  63  0.00025028
9  63  0.00031837
10  63  0.00023753
11  63  0.00026875
12  63  0.00018343
13  63  0.00028728
14  63  0.00023278
15  63  0.00027949
16  63  0.00020596
17  63  0.00014518
18  63  0.00005373
19  63  0.00023661
20  63  0.00034113
21  63  0.00029090
22  63  0.00013624
23  63  0.00017958
24  63  0.00035362
25  63  0.00027900
26  63  0.00041634
27  63  0.00046394
28  63  0.00048245
29  63  0.00011914
30  63  0.00029367
31  63  0.00020836
32  63  0.00026086
33  63  0.00029749
34  63  0.00021506
35  63  0.00012175
36  63  0.00011080
37  63  0.00034541
38  63  0.00017330
39  63  0.00006486
40  63  0.00010860
41  63  0.00034540
42  63  0.00024438
43  63  0.00020392
44  63  0.00030528
45  63  0.00029353
46  63  0.00030214
47  63  0.00017882
48  63  0.00008800
49  63  0.00012793
50  63  0.00010788
51  63  0.00039418
52  63  0.00018428
53  63  0.00031078
54  63  0.00022783
55  63  0.00032656
56  63  0.00007725
57  63  0.00014073
58  63  0.00024023
59  63  0.00018302
60  63  0.00010947
61  63  0.00052729
62  63  0.00035304
63  63  0.00009754
