# Mass field m(x,y) = Delta * R(x,y) at t = 10 seconds
# Grid: 64 x 64
# Columns: x  y  mass
0  0  2.498936
1  0  2.499130
2  0  2.498723
3  0  2.499186
4  0  2.499302
5  0  2.499233
6  0  2.499380
7  0  2.498410
8  0  2.498225
9  0  2.497507
10  0  2.498395
11  0  2.498256
12  0  2.498329
13  0  2.497546
14  0  2.498352
15  0  2.498176
16  0  2.499411
17  0  2.499177
18  0  2.498936
19  0  2.499017
20  0  2.498737
21  0  2.498741
22  0  2.498584
23  0  2.499039
24  0  2.499286
25  0  2.499458
26  0  2.498723
27  0  2.498884
28  0  2.499659
29  0  2.498476
30  0  2.497884
31  0  2.497869
32  0  2.497321
33  0  2.496960
34  0  2.497281
35  0  2.496075
36  0  2.499168
37  0  2.497901
38  0  2.498527
39  0  2.498124
40  0  2.498801
41  0  2.498924
42  0  2.498870
43  0  2.498817
44  0  2.499103
45  0  2.498838
46  0  2.499226
47  0  2.498054
48  0  2.499014
49  0  2.499488
50  0  2.499090
51  0  2.498843
52  0  2.498029
53  0  2.498920
54  0  2.498690
55  0  2.499285
56  0  2.499413
57  0  2.499278
58  0  2.499031
59  0  2.498691
60  0  2.498179
61  0  2.498766
62  0  2.499235
63  0  2.499466
0  1  2.498795
1  1  2.498914
2  1  2.498963
3  1  2.498874
4  1  2.498799
5  1  2.497980
6  1  2.498634
7  1  2.498373
8  1  2.498362
9  1  2.498351
10  1  2.498549
11  1  2.498476
12  1  2.498237
13  1  2.497692
14  1  2.498337
15  1  2.497659
16  1  2.499394
17  1  2.498917
18  1  2.498138
19  1  2.497509
20  1  2.497396
21  1  2.497562
22  1  2.497692
23  1  2.498730
24  1  2.499298
25  1  2.499385
26  1  2.498410
27  1  2.498888
28  1  2.499645
29  1  2.498186
30  1  2.498185
31  1  2.498786
32  1  2.498459
33  1  2.496562
34  1  2.497041
35  1  2.495208
36  1  2.498150
37  1  2.497655
38  1  2.498596
39  1  2.497848
40  1  2.498747
41  1  2.498061
42  1  2.498577
43  1  2.498407
44  1  2.499086
45  1  2.498944
46  1  2.498816
47  1  2.497792
48  1  2.498526
49  1  2.499058
50  1  2.498571
51  1  2.499078
52  1  2.497899
53  1  2.498630
54  1  2.498745
55  1  2.499225
56  1  2.498301
57  1  2.498640
58  1  2.498401
59  1  2.498336
60  1  2.497909
61  1  2.498832
62  1  2.499472
63  1  2.499367
0  2  2.498381
1  2  2.499112
2  2  2.499075
3  2  2.498946
4  2  2.498580
5  2  2.497835
6  2  2.496081
7  2  2.496271
8  2  2.496874
9  2  2.499394
10  2  2.498685
11  2  2.498511
12  2  2.496811
13  2  2.496631
14  2  2.497192
15  2  2.498691
16  2  2.499481
17  2  2.498972
18  2  2.498117
19  2  2.497457
20  2  2.497060
21  2  2.497462
22  2  2.497805
23  2  2.498567
24  2  2.499111
25  2  2.499500
26  2  2.498177
27  2  2.498077
28  2  2.497995
29  2  2.497992
30  2  2.497800
31  2  2.498762
32  2  2.499274
33  2  2.498972
34  2  2.498852
35  2  2.497502
36  2  2.497416
37  2  2.497784
38  2  2.498712
39  2  2.498317
40  2  2.498988
41  2  2.499018
42  2  2.499510
43  2  2.499010
44  2  2.498799
45  2  2.498814
46  2  2.498523
47  2  2.498033
48  2  2.498614
49  2  2.498559
50  2  2.498030
51  2  2.498311
52  2  2.498447
53  2  2.499031
54  2  2.499003
55  2  2.499344
56  2  2.496085
57  2  2.497484
58  2  2.498265
59  2  2.499594
60  2  2.499513
61  2  2.499715
62  2  2.498453
63  2  2.498628
0  3  2.497803
1  3  2.498237
2  3  2.499225
3  3  2.498921
4  3  2.498640
5  3  2.497678
6  3  2.495723
7  3  2.495838
8  3  2.497118
9  3  2.499239
10  3  2.499121
11  3  2.498505
12  3  2.496805
13  3  2.496815
14  3  2.497207
15  3  2.498130
16  3  2.498006
17  3  2.498011
18  3  2.498259
19  3  2.498415
20  3  2.498332
21  3  2.496792
22  3  2.496850
23  3  2.497716
24  3  2.498975
25  3  2.499527
26  3  2.498306
27  3  2.498278
28  3  2.497901
29  3  2.498992
30  3  2.498798
31  3  2.499173
32  3  2.499307
33  3  2.499357
34  3  2.498630
35  3  2.497377
36  3  2.496763
37  3  2.498206
38  3  2.498749
39  3  2.498570
40  3  2.498771
41  3  2.498880
42  3  2.498968
43  3  2.499172
44  3  2.498910
45  3  2.498529
46  3  2.498289
47  3  2.498331
48  3  2.498514
49  3  2.497846
50  3  2.497779
51  3  2.497371
52  3  2.498513
53  3  2.499022
54  3  2.499126
55  3  2.499137
56  3  2.496324
57  3  2.497899
58  3  2.498090
59  3  2.499586
60  3  2.499242
61  3  2.499145
62  3  2.498064
63  3  2.497470
0  4  2.497154
1  4  2.498141
2  4  2.499306
3  4  2.498956
4  4  2.498555
5  4  2.498563
6  4  2.496037
7  4  2.496653
8  4  2.496325
9  4  2.498991
10  4  2.499426
11  4  2.498667
12  4  2.497781
13  4  2.498143
14  4  2.497957
15  4  2.498505
16  4  2.498893
17  4  2.499055
18  4  2.498739
19  4  2.497795
20  4  2.497483
21  4  2.497415
22  4  2.498000
23  4  2.498365
24  4  2.498464
25  4  2.499171
26  4  2.498582
27  4  2.498730
28  4  2.498056
29  4  2.498959
30  4  2.499458
31  4  2.499760
32  4  2.499124
33  4  2.499058
34  4  2.497445
35  4  2.497607
36  4  2.498035
37  4  2.499230
38  4  2.498633
39  4  2.498670
40  4  2.498788
41  4  2.499350
42  4  2.499091
43  4  2.499177
44  4  2.498389
45  4  2.497970
46  4  2.498707
47  4  2.498652
48  4  2.499090
49  4  2.498276
50  4  2.498150
51  4  2.497343
52  4  2.498065
53  4  2.498370
54  4  2.499065
55  4  2.499572
56  4  2.497820
57  4  2.497808
58  4  2.497891
59  4  2.499353
60  4  2.499458
61  4  2.499366
62  4  2.497805
63  4  2.497317
0  5  2.497494
1  5  2.498121
2  5  2.499389
3  5  2.498955
4  5  2.498855
5  5  2.499442
6  5  2.498027
7  5  2.498117
8  5  2.497506
9  5  2.498689
10  5  2.498285
11  5  2.498595
12  5  2.498643
13  5  2.499294
14  5  2.498796
15  5  2.498353
16  5  2.498981
17  5  2.499182
18  5  2.499214
19  5  2.498963
20  5  2.498682
21  5  2.498714
22  5  2.499070
23  5  2.499147
24  5  2.498311
25  5  2.498177
26  5  2.498622
27  5  2.499308
28  5  2.498865
29  5  2.498835
30  5  2.498417
31  5  2.498811
32  5  2.498058
33  5  2.498692
34  5  2.497822
35  5  2.497737
36  5  2.498087
37  5  2.499403
38  5  2.499027
39  5  2.499136
40  5  2.498427
41  5  2.499569
42  5  2.499256
43  5  2.499331
44  5  2.498594
45  5  2.498316
46  5  2.499403
47  5  2.498978
48  5  2.498844
49  5  2.498845
50  5  2.499489
51  5  2.499152
52  5  2.498394
53  5  2.498345
54  5  2.499097
55  5  2.499537
56  5  2.499284
57  5  2.499329
58  5  2.499376
59  5  2.499453
60  5  2.499411
61  5  2.499347
62  5  2.498394
63  5  2.497834
0  6  2.498302
1  6  2.499454
2  6  2.499503
3  6  2.499143
4  6  2.498776
5  6  2.498934
6  6  2.497562
7  6  2.497821
8  6  2.497257
9  6  2.498169
10  6  2.497808
11  6  2.498717
12  6  2.498900
13  6  2.499525
14  6  2.499262
15  6  2.499408
16  6  2.499393
17  6  2.499096
18  6  2.498679
19  6  2.499481
20  6  2.499179
21  6  2.498447
22  6  2.498368
23  6  2.498178
24  6  2.497263
25  6  2.496409
26  6  2.497389
27  6  2.498331
28  6  2.498189
29  6  2.498854
30  6  2.498331
31  6  2.498806
32  6  2.497967
33  6  2.498622
34  6  2.498551
35  6  2.498208
36  6  2.498507
37  6  2.499421
38  6  2.498939
39  6  2.498912
40  6  2.498640
41  6  2.498738
42  6  2.498973
43  6  2.498699
44  6  2.498056
45  6  2.498591
46  6  2.498944
47  6  2.498863
48  6  2.498847
49  6  2.498813
50  6  2.499130
51  6  2.499355
52  6  2.498374
53  6  2.497702
54  6  2.497322
55  6  2.498544
56  6  2.498406
57  6  2.499152
58  6  2.499290
59  6  2.499648
60  6  2.499529
61  6  2.499307
62  6  2.498222
63  6  2.498290
0  7  2.499419
1  7  2.499480
2  7  2.499025
3  7  2.499209
4  7  2.498768
5  7  2.498853
6  7  2.499062
7  7  2.498365
8  7  2.496348
9  7  2.497233
10  7  2.497684
11  7  2.499401
12  7  2.499212
13  7  2.499624
14  7  2.498624
15  7  2.497941
16  7  2.497941
17  7  2.498034
18  7  2.498201
19  7  2.499374
20  7  2.499346
21  7  2.499268
22  7  2.499361
23  7  2.498603
24  7  2.497585
25  7  2.497083
26  7  2.499525
27  7  2.499392
28  7  2.498097
29  7  2.498726
30  7  2.497483
31  7  2.497742
32  7  2.497902
33  7  2.499001
34  7  2.498991
35  7  2.498205
36  7  2.498618
37  7  2.498543
38  7  2.498264
39  7  2.498075
40  7  2.498944
41  7  2.497666
42  7  2.498205
43  7  2.498164
44  7  2.498022
45  7  2.498778
46  7  2.498884
47  7  2.497940
48  7  2.498065
49  7  2.498753
50  7  2.497849
51  7  2.497237
52  7  2.497003
53  7  2.498474
54  7  2.497201
55  7  2.497634
56  7  2.497489
57  7  2.499150
58  7  2.499259
59  7  2.499648
60  7  2.499549
61  7  2.499258
62  7  2.499228
63  7  2.499572
0  8  2.499009
1  8  2.499019
2  8  2.498817
3  8  2.498929
4  8  2.498563
5  8  2.498858
6  8  2.498441
7  8  2.497816
8  8  2.498281
9  8  2.498868
10  8  2.499006
11  8  2.499439
12  8  2.498859
13  8  2.498910
14  8  2.498258
15  8  2.498431
16  8  2.498563
17  8  2.498041
18  8  2.498315
19  8  2.499106
20  8  2.499238
21  8  2.499389
22  8  2.499314
23  8  2.499508
24  8  2.498891
25  8  2.498529
26  8  2.498852
27  8  2.499317
28  8  2.498766
29  8  2.498149
30  8  2.498094
31  8  2.498181
32  8  2.498660
33  8  2.498988
34  8  2.498647
35  8  2.498340
36  8  2.498379
37  8  2.498590
38  8  2.498950
39  8  2.498644
40  8  2.499287
41  8  2.497525
42  8  2.498591
43  8  2.498508
44  8  2.498789
45  8  2.498874
46  8  2.499326
47  8  2.498648
48  8  2.498758
49  8  2.498248
50  8  2.497294
51  8  2.495855
52  8  2.496138
53  8  2.497505
54  8  2.497086
55  8  2.497036
56  8  2.497654
57  8  2.498986
58  8  2.499216
59  8  2.499075
60  8  2.499640
61  8  2.498855
62  8  2.498308
63  8  2.498763
0  9  2.498570
1  9  2.497338
2  9  2.497823
3  9  2.497398
4  9  2.497709
5  9  2.498019
6  9  2.498870
7  9  2.498524
8  9  2.498286
9  9  2.498164
10  9  2.498509
11  9  2.498816
12  9  2.498638
13  9  2.498779
14  9  2.498430
15  9  2.499219
16  9  2.499017
17  9  2.497957
18  9  2.498392
19  9  2.498948
20  9  2.499540
21  9  2.499479
22  9  2.499356
23  9  2.499621
24  9  2.499364
25  9  2.498602
26  9  2.498238
27  9  2.498384
28  9  2.499041
29  9  2.498063
30  9  2.498374
31  9  2.499191
32  9  2.499375
33  9  2.498954
34  9  2.498369
35  9  2.498509
36  9  2.497917
37  9  2.498067
38  9  2.498552
39  9  2.498800
40  9  2.498622
41  9  2.498108
42  9  2.498468
43  9  2.498673
44  9  2.499410
45  9  2.498763
46  9  2.498778
47  9  2.498421
48  9  2.498510
49  9  2.498583
50  9  2.498197
51  9  2.496064
52  9  2.496529
53  9  2.497894
54  9  2.498919
55  9  2.497897
56  9  2.498089
57  9  2.498441
58  9  2.499190
59  9  2.498846
60  9  2.498938
61  9  2.498949
62  9  2.498045
63  9  2.497597
0  10  2.497660
1  10  2.496256
2  10  2.497669
3  10  2.498721
4  10  2.498519
5  10  2.498131
6  10  2.499200
7  10  2.499365
8  10  2.499271
9  10  2.498583
10  10  2.498845
11  10  2.498018
12  10  2.498032
13  10  2.497806
14  10  2.498116
15  10  2.498366
16  10  2.498490
17  10  2.498410
18  10  2.498241
19  10  2.499218
20  10  2.499283
21  10  2.499439
22  10  2.499575
23  10  2.499527
24  10  2.499561
25  10  2.499361
26  10  2.498185
27  10  2.498225
28  10  2.498828
29  10  2.498173
30  10  2.498314
31  10  2.499294
32  10  2.499596
33  10  2.499428
34  10  2.498745
35  10  2.498713
36  10  2.498179
37  10  2.498672
38  10  2.498921
39  10  2.499101
40  10  2.498645
41  10  2.498024
42  10  2.497327
43  10  2.496764
44  10  2.499341
45  10  2.499207
46  10  2.498837
47  10  2.498746
48  10  2.499093
49  10  2.499191
50  10  2.499196
51  10  2.498598
52  10  2.498375
53  10  2.497973
54  10  2.498487
55  10  2.498068
56  10  2.498739
57  10  2.499196
58  10  2.499171
59  10  2.498303
60  10  2.498100
61  10  2.499014
62  10  2.497270
63  10  2.496913
0  11  2.497634
1  11  2.496646
2  11  2.497609
3  11  2.497554
4  11  2.498375
5  11  2.498159
6  11  2.498941
7  11  2.499324
8  11  2.498828
9  11  2.497492
10  11  2.497503
11  11  2.497373
12  11  2.498358
13  11  2.498110
14  11  2.498359
15  11  2.498240
16  11  2.497866
17  11  2.498104
18  11  2.498426
19  11  2.499274
20  11  2.499399
21  11  2.499386
22  11  2.499361
23  11  2.498953
24  11  2.499154
25  11  2.499308
26  11  2.498559
27  11  2.498476
28  11  2.499023
29  11  2.498883
30  11  2.498708
31  11  2.499217
32  11  2.499206
33  11  2.499252
34  11  2.498939
35  11  2.498877
36  11  2.499030
37  11  2.498871
38  11  2.498568
39  11  2.498384
40  11  2.498233
41  11  2.497455
42  11  2.497624
43  11  2.495915
44  11  2.497555
45  11  2.497312
46  11  2.498082
47  11  2.498044
48  11  2.498730
49  11  2.498106
50  11  2.498214
51  11  2.497941
52  11  2.498611
53  11  2.498473
54  11  2.498738
55  11  2.498837
56  11  2.498493
57  11  2.499061
58  11  2.499522
59  11  2.498906
60  11  2.498506
61  11  2.498774
62  11  2.497789
63  11  2.497722
0  12  2.498608
1  12  2.498414
2  12  2.498464
3  12  2.498743
4  12  2.498836
5  12  2.498874
6  12  2.498806
7  12  2.499322
8  12  2.498829
9  12  2.498701
10  12  2.498728
11  12  2.498195
12  12  2.497954
13  12  2.497204
14  12  2.498088
15  12  2.498701
16  12  2.496707
17  12  2.496777
18  12  2.496734
19  12  2.498914
20  12  2.499030
21  12  2.498920
22  12  2.498478
23  12  2.497891
24  12  2.497877
25  12  2.499529
26  12  2.498739
27  12  2.498382
28  12  2.498108
29  12  2.498657
30  12  2.498816
31  12  2.499058
32  12  2.499075
33  12  2.499380
34  12  2.499002
35  12  2.498444
36  12  2.499156
37  12  2.498853
38  12  2.498783
39  12  2.498617
40  12  2.498866
41  12  2.497888
42  12  2.498098
43  12  2.496779
44  12  2.498163
45  12  2.497754
46  12  2.498705
47  12  2.498505
48  12  2.498872
49  12  2.497937
50  12  2.498376
51  12  2.498709
52  12  2.499062
53  12  2.498549
54  12  2.497835
55  12  2.498973
56  12  2.498806
57  12  2.499154
58  12  2.499188
59  12  2.498836
60  12  2.498207
61  12  2.498791
62  12  2.498358
63  12  2.498737
0  13  2.498557
1  13  2.498249
2  13  2.498787
3  13  2.498846
4  13  2.498576
5  13  2.498811
6  13  2.498812
7  13  2.498801
8  13  2.498212
9  13  2.498013
10  13  2.498316
11  13  2.498244
12  13  2.498176
13  13  2.498044
14  13  2.498565
15  13  2.498984
16  13  2.497592
17  13  2.497290
18  13  2.497914
19  13  2.498227
20  13  2.498466
21  13  2.498506
22  13  2.498392
23  13  2.497778
24  13  2.497846
25  13  2.499493
26  13  2.499394
27  13  2.499359
28  13  2.499022
29  13  2.499008
30  13  2.498804
31  13  2.499069
32  13  2.499230
33  13  2.499452
34  13  2.498976
35  13  2.497826
36  13  2.498370
37  13  2.499234
38  13  2.499157
39  13  2.498791
40  13  2.498676
41  13  2.498833
42  13  2.499016
43  13  2.497885
44  13  2.497681
45  13  2.497708
46  13  2.498647
47  13  2.499085
48  13  2.498962
49  13  2.498622
50  13  2.498515
51  13  2.498211
52  13  2.499237
53  13  2.498966
54  13  2.498130
55  13  2.498553
56  13  2.498562
57  13  2.499029
58  13  2.498926
59  13  2.498772
60  13  2.499030
61  13  2.499285
62  13  2.499202
63  13  2.498575
0  14  2.498586
1  14  2.498344
2  14  2.499137
3  14  2.498787
4  14  2.498554
5  14  2.499512
6  14  2.499557
7  14  2.499280
8  14  2.498903
9  14  2.498504
10  14  2.498462
11  14  2.498509
12  14  2.498168
13  14  2.498075
14  14  2.498820
15  14  2.498340
16  14  2.498076
17  14  2.498460
18  14  2.499214
19  14  2.498299
20  14  2.498342
21  14  2.498770
22  14  2.498957
23  14  2.497920
24  14  2.497779
25  14  2.499418
26  14  2.499363
27  14  2.499580
28  14  2.499682
29  14  2.499603
30  14  2.499124
31  14  2.498540
32  14  2.498608
33  14  2.499027
34  14  2.498094
35  14  2.496712
36  14  2.496390
37  14  2.498688
38  14  2.499362
39  14  2.499387
40  14  2.498753
41  14  2.498846
42  14  2.497870
43  14  2.499678
44  14  2.498496
45  14  2.498852
46  14  2.499342
47  14  2.499655
48  14  2.499460
49  14  2.498739
50  14  2.497760
51  14  2.498321
52  14  2.498917
53  14  2.499335
54  14  2.498694
55  14  2.499190
56  14  2.499212
57  14  2.499289
58  14  2.498263
59  14  2.498216
60  14  2.498381
61  14  2.499350
62  14  2.499302
63  14  2.498741
0  15  2.498796
1  15  2.498558
2  15  2.499084
3  15  2.498571
4  15  2.498417
5  15  2.499235
6  15  2.499724
7  15  2.499470
8  15  2.499436
9  15  2.498905
10  15  2.498748
11  15  2.499034
12  15  2.499032
13  15  2.499144
14  15  2.499475
15  15  2.498655
16  15  2.498660
17  15  2.499272
18  15  2.499054
19  15  2.499296
20  15  2.499312
21  15  2.499227
22  15  2.499191
23  15  2.498295
24  15  2.498423
25  15  2.499062
26  15  2.499023
27  15  2.499023
28  15  2.499197
29  15  2.498813
30  15  2.498544
31  15  2.497934
32  15  2.498457
33  15  2.498721
34  15  2.498482
35  15  2.498203
36  15  2.497647
37  15  2.498293
38  15  2.498035
39  15  2.498829
40  15  2.498611
41  15  2.498933
42  15  2.498009
43  15  2.499432
44  15  2.497806
45  15  2.498518
46  15  2.499259
47  15  2.499503
48  15  2.499164
49  15  2.498878
50  15  2.497905
51  15  2.498938
52  15  2.498250
53  15  2.498747
54  15  2.499189
55  15  2.498880
56  15  2.499215
57  15  2.498428
58  15  2.498206
59  15  2.497983
60  15  2.498707
61  15  2.499114
62  15  2.499032
63  15  2.498538
0  16  2.499391
1  16  2.499514
2  16  2.499363
3  16  2.498543
4  16  2.497480
5  16  2.497071
6  16  2.499431
7  16  2.499122
8  16  2.499177
9  16  2.499205
10  16  2.499519
11  16  2.499591
12  16  2.499430
13  16  2.499609
14  16  2.499613
15  16  2.498748
16  16  2.498476
17  16  2.499204
18  16  2.498889
19  16  2.499393
20  16  2.499496
21  16  2.499485
22  16  2.499336
23  16  2.498803
24  16  2.498888
25  16  2.499155
26  16  2.499105
27  16  2.498268
28  16  2.498245
29  16  2.498406
30  16  2.498231
31  16  2.497372
32  16  2.497193
33  16  2.497319
34  16  2.497216
35  16  2.498837
36  16  2.498863
37  16  2.499017
38  16  2.498657
39  16  2.499349
40  16  2.498895
41  16  2.498954
42  16  2.498484
43  16  2.499520
44  16  2.498396
45  16  2.498452
46  16  2.498609
47  16  2.499014
48  16  2.499049
49  16  2.499271
50  16  2.498622
51  16  2.498545
52  16  2.497658
53  16  2.498636
54  16  2.499120
55  16  2.498947
56  16  2.499196
57  16  2.498519
58  16  2.497491
59  16  2.497442
60  16  2.498126
61  16  2.498662
62  16  2.498725
63  16  2.499000
0  17  2.499329
1  17  2.499429
2  17  2.499059
3  17  2.498730
4  17  2.497687
5  17  2.497065
6  17  2.499556
7  17  2.499617
8  17  2.499304
9  17  2.499377
10  17  2.499707
11  17  2.499723
12  17  2.499529
13  17  2.499611
14  17  2.499414
15  17  2.498889
16  17  2.499164
17  17  2.499711
18  17  2.498891
19  17  2.498906
20  17  2.499373
21  17  2.499402
22  17  2.499233
23  17  2.499004
24  17  2.498868
25  17  2.499110
26  17  2.498697
27  17  2.497438
28  17  2.498238
29  17  2.499485
30  17  2.498644
31  17  2.497637
32  17  2.497823
33  17  2.497329
34  17  2.497860
35  17  2.499054
36  17  2.498934
37  17  2.498647
38  17  2.498488
39  17  2.499013
40  17  2.499047
41  17  2.499697
42  17  2.499343
43  17  2.499312
44  17  2.499004
45  17  2.498933
46  17  2.499011
47  17  2.499506
48  17  2.499468
49  17  2.498674
50  17  2.497164
51  17  2.496935
52  17  2.497284
53  17  2.498962
54  17  2.499135
55  17  2.498760
56  17  2.499048
57  17  2.498375
58  17  2.498340
59  17  2.498420
60  17  2.498889
61  17  2.497781
62  17  2.497698
63  17  2.498278
0  18  2.499609
1  18  2.498518
2  18  2.498120
3  18  2.497728
4  18  2.497803
5  18  2.497268
6  18  2.498914
7  18  2.498819
8  18  2.498355
9  18  2.498873
10  18  2.499224
11  18  2.499664
12  18  2.499522
13  18  2.499182
14  18  2.498889
15  18  2.497807
16  18  2.499225
17  18  2.499516
18  18  2.499048
19  18  2.499299
20  18  2.499508
21  18  2.499471
22  18  2.499045
23  18  2.499275
24  18  2.498672
25  18  2.499168
26  18  2.498821
27  18  2.497853
28  18  2.498607
29  18  2.499114
30  18  2.498835
31  18  2.497554
32  18  2.497397
33  18  2.497094
34  18  2.498289
35  18  2.499006
36  18  2.498690
37  18  2.498881
38  18  2.498960
39  18  2.499400
40  18  2.499333
41  18  2.499496
42  18  2.499006
43  18  2.499083
44  18  2.499133
45  18  2.499264
46  18  2.497918
47  18  2.497746
48  18  2.497985
49  18  2.498176
50  18  2.497600
51  18  2.498168
52  18  2.499070
53  18  2.499349
54  18  2.498794
55  18  2.498455
56  18  2.498684
57  18  2.498895
58  18  2.498346
59  18  2.497754
60  18  2.498237
61  18  2.496169
62  18  2.497157
63  18  2.498238
0  19  2.499843
1  19  2.498467
2  19  2.497893
3  19  2.498108
4  19  2.498433
5  19  2.498979
6  19  2.499158
7  19  2.499133
8  19  2.499237
9  19  2.499122
10  19  2.498932
11  19  2.499555
12  19  2.499532
13  19  2.498912
14  19  2.498438
15  19  2.497308
16  19  2.499166
17  19  2.499520
18  19  2.498504
19  19  2.498290
20  19  2.498496
21  19  2.497971
22  19  2.498487
23  19  2.498533
24  19  2.498416
25  19  2.498269
26  19  2.498360
27  19  2.498601
28  19  2.498497
29  19  2.498344
30  19  2.498751
31  19  2.497890
32  19  2.498245
33  19  2.498080
34  19  2.499114
35  19  2.497549
36  19  2.498061
37  19  2.498515
38  19  2.499068
39  19  2.499311
40  19  2.498816
41  19  2.499126
42  19  2.498398
43  19  2.498918
44  19  2.499003
45  19  2.499610
46  19  2.498332
47  19  2.497833
48  19  2.497943
49  19  2.498181
50  19  2.497400
51  19  2.497571
52  19  2.497455
53  19  2.497957
54  19  2.498110
55  19  2.498216
56  19  2.499071
57  19  2.498987
58  19  2.498806
59  19  2.497839
60  19  2.498735
61  19  2.498335
62  19  2.499046
63  19  2.499658
0  20  2.499471
1  20  2.498399
2  20  2.498124
3  20  2.498267
4  20  2.497811
5  20  2.498752
6  20  2.499132
7  20  2.499487
8  20  2.499500
9  20  2.498910
10  20  2.498827
11  20  2.499395
12  20  2.499372
13  20  2.498753
14  20  2.498263
15  20  2.496880
16  20  2.498897
17  20  2.498244
18  20  2.497677
19  20  2.498756
20  20  2.498260
21  20  2.497797
22  20  2.498832
23  20  2.498781
24  20  2.498967
25  20  2.497845
26  20  2.497488
27  20  2.498532
28  20  2.498460
29  20  2.498808
30  20  2.499168
31  20  2.498483
32  20  2.498445
33  20  2.498504
34  20  2.499117
35  20  2.498112
36  20  2.498166
37  20  2.497544
38  20  2.497495
39  20  2.497765
40  20  2.497303
41  20  2.497929
42  20  2.498647
43  20  2.498843
44  20  2.499196
45  20  2.499391
46  20  2.498498
47  20  2.498086
48  20  2.498010
49  20  2.498760
50  20  2.498412
51  20  2.498183
52  20  2.498448
53  20  2.498690
54  20  2.499096
55  20  2.498047
56  20  2.498491
57  20  2.498289
58  20  2.499353
59  20  2.498662
60  20  2.497396
61  20  2.496150
62  20  2.497714
63  20  2.499039
0  21  2.499569
1  21  2.499449
2  21  2.499179
3  21  2.498990
4  21  2.497174
5  21  2.498183
6  21  2.498448
7  21  2.499109
8  21  2.499071
9  21  2.498845
10  21  2.498994
11  21  2.498719
12  21  2.499366
13  21  2.498589
14  21  2.498077
15  21  2.497671
16  21  2.498685
17  21  2.498122
18  21  2.497082
19  21  2.498179
20  21  2.498394
21  21  2.497597
22  21  2.499353
23  21  2.499231
24  21  2.499176
25  21  2.498303
26  21  2.497549
27  21  2.499111
28  21  2.498842
29  21  2.497830
30  21  2.497885
31  21  2.497558
32  21  2.498302
33  21  2.498266
34  21  2.499121
35  21  2.498327
36  21  2.498058
37  21  2.497477
38  21  2.498034
39  21  2.498335
40  21  2.497251
41  21  2.498004
42  21  2.499095
43  21  2.499171
44  21  2.499017
45  21  2.498271
46  21  2.498121
47  21  2.498396
48  21  2.499278
49  21  2.499159
50  21  2.498921
51  21  2.497986
52  21  2.498171
53  21  2.498421
54  21  2.499518
55  21  2.498668
56  21  2.499026
57  21  2.499258
58  21  2.499455
59  21  2.499205
60  21  2.496626
61  21  2.496579
62  21  2.498032
63  21  2.499461
0  22  2.499591
1  22  2.499524
2  22  2.499407
3  22  2.499197
4  22  2.498024
5  22  2.498591
6  22  2.498577
7  22  2.499219
8  22  2.499038
9  22  2.499133
10  22  2.499244
11  22  2.499170
12  22  2.499485
13  22  2.499116
14  22  2.498937
15  22  2.498348
16  22  2.497671
17  22  2.497487
18  22  2.497823
19  22  2.498588
20  22  2.498632
21  22  2.499171
22  22  2.499654
23  22  2.499771
24  22  2.499224
25  22  2.498488
26  22  2.497314
27  22  2.499152
28  22  2.498872
29  22  2.496720
30  22  2.496233
31  22  2.495193
32  22  2.497293
33  22  2.498347
34  22  2.499070
35  22  2.499283
36  22  2.499041
37  22  2.498400
38  22  2.497145
39  22  2.497071
40  22  2.497384
41  22  2.497933
42  22  2.498774
43  22  2.498836
44  22  2.498837
45  22  2.498864
46  22  2.498393
47  22  2.498795
48  22  2.499671
49  22  2.499170
50  22  2.498780
51  22  2.498229
52  22  2.497932
53  22  2.498179
54  22  2.499394
55  22  2.498652
56  22  2.497902
57  22  2.498126
58  22  2.498731
59  22  2.499090
60  22  2.496878
61  22  2.496659
62  22  2.498039
63  22  2.499360
0  23  2.499365
1  23  2.499387
2  23  2.499226
3  23  2.498714
4  23  2.498188
5  23  2.498425
6  23  2.498956
7  23  2.499225
8  23  2.499175
9  23  2.498837
10  23  2.498889
11  23  2.498778
12  23  2.499355
13  23  2.499199
14  23  2.499064
15  23  2.498683
16  23  2.498587
17  23  2.498895
18  23  2.498635
19  23  2.498389
20  23  2.498608
21  23  2.499369
22  23  2.499589
23  23  2.499217
24  23  2.498547
25  23  2.498444
26  23  2.498243
27  23  2.499133
28  23  2.497763
29  23  2.497027
30  23  2.497253
31  23  2.494785
32  23  2.497054
33  23  2.498324
34  23  2.499208
35  23  2.498896
36  23  2.497111
37  23  2.497327
38  23  2.496885
39  23  2.498638
40  23  2.498672
41  23  2.498949
42  23  2.498911
43  23  2.498911
44  23  2.498905
45  23  2.499235
46  23  2.498460
47  23  2.498524
48  23  2.499086
49  23  2.499041
50  23  2.499294
51  23  2.498248
52  23  2.498427
53  23  2.498262
54  23  2.499196
55  23  2.499453
56  23  2.497542
57  23  2.498147
58  23  2.498320
59  23  2.499163
60  23  2.497676
61  23  2.497497
62  23  2.497949
63  23  2.499548
0  24  2.498281
1  24  2.499018
2  24  2.498920
3  24  2.498971
4  24  2.498853
5  24  2.499130
6  24  2.499609
7  24  2.499629
8  24  2.499472
9  24  2.499097
10  24  2.499152
11  24  2.499091
12  24  2.499757
13  24  2.499475
14  24  2.499466
15  24  2.498773
16  24  2.499133
17  24  2.499626
18  24  2.498886
19  24  2.498666
20  24  2.499291
21  24  2.499736
22  24  2.499371
23  24  2.498088
24  24  2.498369
25  24  2.498560
26  24  2.498299
27  24  2.498510
28  24  2.497431
29  24  2.497386
30  24  2.497871
31  24  2.496690
32  24  2.497951
33  24  2.499393
34  24  2.499337
35  24  2.499138
36  24  2.497391
37  24  2.497343
38  24  2.497502
39  24  2.498944
40  24  2.499252
41  24  2.497938
42  24  2.497651
43  24  2.497310
44  24  2.498925
45  24  2.498559
46  24  2.498067
47  24  2.497837
48  24  2.498999
49  24  2.499111
50  24  2.499035
51  24  2.498061
52  24  2.497901
53  24  2.497776
54  24  2.499214
55  24  2.499570
56  24  2.498102
57  24  2.498362
58  24  2.498400
59  24  2.497178
60  24  2.497081
61  24  2.496325
62  24  2.498206
63  24  2.498617
0  25  2.498179
1  25  2.499091
2  25  2.498950
3  25  2.498502
4  25  2.498049
5  25  2.498298
6  25  2.499123
7  25  2.499269
8  25  2.499311
9  25  2.499193
10  25  2.498782
11  25  2.498432
12  25  2.499225
13  25  2.499154
14  25  2.499675
15  25  2.499392
16  25  2.499534
17  25  2.499426
18  25  2.498910
19  25  2.498894
20  25  2.499769
21  25  2.499762
22  25  2.499451
23  25  2.498299
24  25  2.498579
25  25  2.498341
26  25  2.499057
27  25  2.499505
28  25  2.498954
29  25  2.498801
30  25  2.498729
31  25  2.499215
32  25  2.499120
33  25  2.499407
34  25  2.499301
35  25  2.499407
36  25  2.498335
37  25  2.498544
38  25  2.498390
39  25  2.498979
40  25  2.499365
41  25  2.498324
42  25  2.498520
43  25  2.498563
44  25  2.499046
45  25  2.498061
46  25  2.498290
47  25  2.498157
48  25  2.498896
49  25  2.499067
50  25  2.498881
51  25  2.498052
52  25  2.498142
53  25  2.498036
54  25  2.499088
55  25  2.499146
56  25  2.499594
57  25  2.498791
58  25  2.498301
59  25  2.497183
60  25  2.497309
61  25  2.497273
62  25  2.497579
63  25  2.498288
0  26  2.498469
1  26  2.499337
2  26  2.498681
3  26  2.498526
4  26  2.498419
5  26  2.498826
6  26  2.498737
7  26  2.498484
8  26  2.498857
9  26  2.499771
10  26  2.498739
11  26  2.498269
12  26  2.498378
13  26  2.498464
14  26  2.499029
15  26  2.498531
16  26  2.498896
17  26  2.499165
18  26  2.499279
19  26  2.499231
20  26  2.499459
21  26  2.499517
22  26  2.499219
23  26  2.498188
24  26  2.498442
25  26  2.498446
26  26  2.499563
27  26  2.499678
28  26  2.499722
29  26  2.499485
30  26  2.499323
31  26  2.499264
32  26  2.499368
33  26  2.498866
34  26  2.498689
35  26  2.499217
36  26  2.499225
37  26  2.498671
38  26  2.498919
39  26  2.498170
40  26  2.498682
41  26  2.499005
42  26  2.499036
43  26  2.499227
44  26  2.499043
45  26  2.497803
46  26  2.498082
47  26  2.497958
48  26  2.498269
49  26  2.498386
50  26  2.498090
51  26  2.497882
52  26  2.498866
53  26  2.498447
54  26  2.499071
55  26  2.499302
56  26  2.499795
57  26  2.498963
58  26  2.498851
59  26  2.497531
60  26  2.497381
61  26  2.497551
62  26  2.497465
63  26  2.497499
0  27  2.499491
1  27  2.499732
2  27  2.499022
3  27  2.499038
4  27  2.499041
5  27  2.498879
6  27  2.498670
7  27  2.498561
8  27  2.498965
9  27  2.499528
10  27  2.498507
11  27  2.498004
12  27  2.497980
13  27  2.497611
14  27  2.497951
15  27  2.497727
16  27  2.499042
17  27  2.499511
18  27  2.499442
19  27  2.499407
20  27  2.498761
21  27  2.499113
22  27  2.497675
23  27  2.498380
24  27  2.498180
25  27  2.499116
26  27  2.499166
27  27  2.499587
28  27  2.499701
29  27  2.499243
30  27  2.499298
31  27  2.498915
32  27  2.499160
33  27  2.498778
34  27  2.498816
35  27  2.498593
36  27  2.498975
37  27  2.498136
38  27  2.498730
39  27  2.498575
40  27  2.498369
41  27  2.499489
42  27  2.499812
43  27  2.499745
44  27  2.499295
45  27  2.499065
46  27  2.498452
47  27  2.498847
48  27  2.498252
49  27  2.496772
50  27  2.497850
51  27  2.497599
52  27  2.498624
53  27  2.498403
54  27  2.498771
55  27  2.498764
56  27  2.499301
57  27  2.498622
58  27  2.499096
59  27  2.498286
60  27  2.497725
61  27  2.497810
62  27  2.497372
63  27  2.498235
0  28  2.499575
1  28  2.499104
2  28  2.498094
3  28  2.498567
4  28  2.498481
5  28  2.498696
6  28  2.498212
7  28  2.498132
8  28  2.499126
9  28  2.498517
10  28  2.497963
11  28  2.497802
12  28  2.498329
13  28  2.498110
14  28  2.497957
15  28  2.497596
16  28  2.498943
17  28  2.499245
18  28  2.499126
19  28  2.498945
20  28  2.498438
21  28  2.498505
22  28  2.497217
23  28  2.497201
24  28  2.497213
25  28  2.498111
26  28  2.498534
27  28  2.499524
28  28  2.499667
29  28  2.499326
30  28  2.499508
31  28  2.499320
32  28  2.499588
33  28  2.497930
34  28  2.497928
35  28  2.497594
36  28  2.499263
37  28  2.498578
38  28  2.499113
39  28  2.498640
40  28  2.498191
41  28  2.499176
42  28  2.499347
43  28  2.499493
44  28  2.499460
45  28  2.498742
46  28  2.497775
47  28  2.498378
48  28  2.497680
49  28  2.496814
50  28  2.498475
51  28  2.498325
52  28  2.498551
53  28  2.498420
54  28  2.498889
55  28  2.498707
56  28  2.498851
57  28  2.498405
58  28  2.498955
59  28  2.498720
60  28  2.498726
61  28  2.498841
62  28  2.498828
63  28  2.498747
0  29  2.499109
1  29  2.498769
2  29  2.497822
3  29  2.497986
4  29  2.498179
5  29  2.498646
6  29  2.498416
7  29  2.498096
8  29  2.497342
9  29  2.497316
10  29  2.497704
11  29  2.498682
12  29  2.499134
13  29  2.498350
14  29  2.498699
15  29  2.498239
16  29  2.498445
17  29  2.498675
18  29  2.499428
19  29  2.498449
20  29  2.497862
21  29  2.497198
22  29  2.497188
23  29  2.497435
24  29  2.497359
25  29  2.498083
26  29  2.498003
27  29  2.498777
28  29  2.499247
29  29  2.499118
30  29  2.499552
31  29  2.499326
32  29  2.499490
33  29  2.497885
34  29  2.498466
35  29  2.498359
36  29  2.498906
37  29  2.498058
38  29  2.498908
39  29  2.499582
40  29  2.499000
41  29  2.499304
42  29  2.499379
43  29  2.498451
44  29  2.498638
45  29  2.497725
46  29  2.498803
47  29  2.497926
48  29  2.498166
49  29  2.497716
50  29  2.498768
51  29  2.498378
52  29  2.498389
53  29  2.498663
54  29  2.499180
55  29  2.498674
56  29  2.498558
57  29  2.498111
58  29  2.498363
59  29  2.498133
60  29  2.498495
61  29  2.498687
62  29  2.498805
63  29  2.498658
0  30  2.499015
1  30  2.498508
2  30  2.497800
3  30  2.497731
4  30  2.497688
5  30  2.499007
6  30  2.498690
7  30  2.498694
8  30  2.497259
9  30  2.496987
10  30  2.497731
11  30  2.499027
12  30  2.499419
13  30  2.498384
14  30  2.498722
15  30  2.498254
16  30  2.498735
17  30  2.498507
18  30  2.499154
19  30  2.498208
20  30  2.498508
21  30  2.497931
22  30  2.498911
23  30  2.498519
24  30  2.498707
25  30  2.497796
26  30  2.497766
27  30  2.498182
28  30  2.499269
29  30  2.499218
30  30  2.498811
31  30  2.498489
32  30  2.497855
33  30  2.497298
34  30  2.497722
35  30  2.498712
36  30  2.499415
37  30  2.497966
38  30  2.497906
39  30  2.498605
40  30  2.497875
41  30  2.498529
42  30  2.498916
43  30  2.497839
44  30  2.498838
45  30  2.497459
46  30  2.498908
47  30  2.498702
48  30  2.499360
49  30  2.498985
50  30  2.499194
51  30  2.498905
52  30  2.498804
53  30  2.498776
54  30  2.499107
55  30  2.499277
56  30  2.499465
57  30  2.498164
58  30  2.498122
59  30  2.497861
60  30  2.498268
61  30  2.497874
62  30  2.498659
63  30  2.498867
0  31  2.498604
1  31  2.497860
2  31  2.497812
3  31  2.498682
4  31  2.498954
5  31  2.498797
6  31  2.498167
7  31  2.498084
8  31  2.496148
9  31  2.497082
10  31  2.497296
11  31  2.499266
12  31  2.499575
13  31  2.496490
14  31  2.497629
15  31  2.498016
16  31  2.498859
17  31  2.498559
18  31  2.498777
19  31  2.498183
20  31  2.498484
21  31  2.498892
22  31  2.498988
23  31  2.498874
24  31  2.498111
25  31  2.498424
26  31  2.498167
27  31  2.498262
28  31  2.499019
29  31  2.499112
30  31  2.498762
31  31  2.498279
32  31  2.497455
33  31  2.498140
34  31  2.498797
35  31  2.499083
36  31  2.498986
37  31  2.497746
38  31  2.497526
39  31  2.497923
40  31  2.498442
41  31  2.498781
42  31  2.499253
43  31  2.498044
44  31  2.499196
45  31  2.498139
46  31  2.498297
47  31  2.497755
48  31  2.498582
49  31  2.498756
50  31  2.499257
51  31  2.499166
52  31  2.499635
53  31  2.499686
54  31  2.499132
55  31  2.499102
56  31  2.499471
57  31  2.498481
58  31  2.497867
59  31  2.496461
60  31  2.496374
61  31  2.496519
62  31  2.497707
63  31  2.499007
0  32  2.498491
1  32  2.498155
2  32  2.498275
3  32  2.498817
4  32  2.498878
5  32  2.498845
6  32  2.498310
7  32  2.498143
8  32  2.497162
9  32  2.498471
10  32  2.498396
11  32  2.499075
12  32  2.499400
13  32  2.497386
14  32  2.497952
15  32  2.497992
16  32  2.499372
17  32  2.499037
18  32  2.498705
19  32  2.499004
20  32  2.499182
21  32  2.499577
22  32  2.499210
23  32  2.498976
24  32  2.498903
25  32  2.499089
26  32  2.498784
27  32  2.498563
28  32  2.498970
29  32  2.499364
30  32  2.498532
31  32  2.498635
32  32  2.497471
33  32  2.498585
34  32  2.498693
35  32  2.498839
36  32  2.498657
37  32  2.497882
38  32  2.498073
39  32  2.497958
40  32  2.499113
41  32  2.499106
42  32  2.499133
43  32  2.498810
44  32  2.499287
45  32  2.498556
46  32  2.498147
47  32  2.497894
48  32  2.498378
49  32  2.498760
50  32  2.498636
51  32  2.498709
52  32  2.499306
53  32  2.499816
54  32  2.499313
55  32  2.499052
56  32  2.499131
57  32  2.498637
58  32  2.497367
59  32  2.495914
60  32  2.495275
61  32  2.498224
62  32  2.498773
63  32  2.499206
0  33  2.497311
1  33  2.498554
2  33  2.499273
3  33  2.499771
4  33  2.498974
5  33  2.499082
6  33  2.498541
7  33  2.499157
8  33  2.498098
9  33  2.497972
10  33  2.498115
11  33  2.498668
12  33  2.499114
13  33  2.496727
14  33  2.496678
15  33  2.496951
16  33  2.499162
17  33  2.499246
18  33  2.498939
19  33  2.499022
20  33  2.499076
21  33  2.499300
22  33  2.499083
23  33  2.498890
24  33  2.498837
25  33  2.499226
26  33  2.499375
27  33  2.499241
28  33  2.499228
29  33  2.499222
30  33  2.499200
31  33  2.499199
32  33  2.497914
33  33  2.498487
34  33  2.498564
35  33  2.498849
36  33  2.498307
37  33  2.498450
38  33  2.498559
39  33  2.498400
40  33  2.499437
41  33  2.499351
42  33  2.499436
43  33  2.499372
44  33  2.498833
45  33  2.498612
46  33  2.498959
47  33  2.498289
48  33  2.498519
49  33  2.498863
50  33  2.499164
51  33  2.498814
52  33  2.498582
53  33  2.499066
54  33  2.499082
55  33  2.498828
56  33  2.498805
57  33  2.498242
58  33  2.497232
59  33  2.496876
60  33  2.494997
61  33  2.498255
62  33  2.498788
63  33  2.499146
0  34  2.497377
1  34  2.497668
2  34  2.499374
3  34  2.499599
4  34  2.498957
5  34  2.499197
6  34  2.497921
7  34  2.497765
8  34  2.497265
9  34  2.498383
10  34  2.498659
11  34  2.498827
12  34  2.499010
13  34  2.498820
14  34  2.498806
15  34  2.498831
16  34  2.498869
17  34  2.499215
18  34  2.499194
19  34  2.499221
20  34  2.499228
21  34  2.498808
22  34  2.499324
23  34  2.499309
24  34  2.499604
25  34  2.499573
26  34  2.499700
27  34  2.499332
28  34  2.499333
29  34  2.498847
30  34  2.498081
31  34  2.498439
32  34  2.498239
33  34  2.498994
34  34  2.498563
35  34  2.499063
36  34  2.498634
37  34  2.498860
38  34  2.498144
39  34  2.498775
40  34  2.499413
41  34  2.499525
42  34  2.499454
43  34  2.499496
44  34  2.498584
45  34  2.498608
46  34  2.499361
47  34  2.498612
48  34  2.498693
49  34  2.498718
50  34  2.499277
51  34  2.498740
52  34  2.498150
53  34  2.499165
54  34  2.499139
55  34  2.499035
56  34  2.498523
57  34  2.497391
58  34  2.494331
59  34  2.494704
60  34  2.495506
61  34  2.499058
62  34  2.499427
63  34  2.499409
0  35  2.497526
1  35  2.498241
2  35  2.499428
3  35  2.498808
4  35  2.498011
5  35  2.498422
6  35  2.497615
7  35  2.497674
8  35  2.497341
9  35  2.498455
10  35  2.498872
11  35  2.498860
12  35  2.498903
13  35  2.498889
14  35  2.499315
15  35  2.499257
16  35  2.499041
17  35  2.499453
18  35  2.499546
19  35  2.498837
20  35  2.498785
21  35  2.498072
22  35  2.499170
23  35  2.499250
24  35  2.499571
25  35  2.498977
26  35  2.498712
27  35  2.497956
28  35  2.498996
29  35  2.498920
30  35  2.498474
31  35  2.498585
32  35  2.497678
33  35  2.497761
34  35  2.497463
35  35  2.498128
36  35  2.497905
37  35  2.498221
38  35  2.496733
39  35  2.497030
40  35  2.498098
41  35  2.498792
42  35  2.499338
43  35  2.499094
44  35  2.498891
45  35  2.498810
46  35  2.498580
47  35  2.498448
48  35  2.498795
49  35  2.499314
50  35  2.499420
51  35  2.499213
52  35  2.499001
53  35  2.499325
54  35  2.499430
55  35  2.499525
56  35  2.498978
57  35  2.497717
58  35  2.495628
59  35  2.495632
60  35  2.497058
61  35  2.498917
62  35  2.498959
63  35  2.498310
0  36  2.498245
1  36  2.498570
2  36  2.499490
3  36  2.498621
4  36  2.498252
5  36  2.498321
6  36  2.497155
7  36  2.498235
8  36  2.498294
9  36  2.498941
10  36  2.498822
11  36  2.498447
12  36  2.498748
13  36  2.498833
14  36  2.499746
15  36  2.499631
16  36  2.499388
17  36  2.498400
18  36  2.498591
19  36  2.498000
20  36  2.498737
21  36  2.498155
22  36  2.499169
23  36  2.499161
24  36  2.499611
25  36  2.498779
26  36  2.498023
27  36  2.497386
28  36  2.498824
29  36  2.498666
30  36  2.498507
31  36  2.498574
32  36  2.498357
33  36  2.498545
34  36  2.498169
35  36  2.498234
36  36  2.498780
37  36  2.498573
38  36  2.497611
39  36  2.497213
40  36  2.498298
41  36  2.498730
42  36  2.499016
43  36  2.499098
44  36  2.499347
45  36  2.499348
46  36  2.498815
47  36  2.498500
48  36  2.498232
49  36  2.498550
50  36  2.499112
51  36  2.499426
52  36  2.499200
53  36  2.499319
54  36  2.499558
55  36  2.499752
56  36  2.499263
57  36  2.498834
58  36  2.499125
59  36  2.498865
60  36  2.499125
61  36  2.498765
62  36  2.498756
63  36  2.498095
0  37  2.499578
1  37  2.499387
2  37  2.498847
3  37  2.499199
4  37  2.498902
5  37  2.498499
6  37  2.497946
7  37  2.498522
8  37  2.498482
9  37  2.498787
10  37  2.499062
11  37  2.498436
12  37  2.498760
13  37  2.498565
14  37  2.499401
15  37  2.499470
16  37  2.499018
17  37  2.497918
18  37  2.497589
19  37  2.496495
20  37  2.497717
21  37  2.497988
22  37  2.499502
23  37  2.499650
24  37  2.499084
25  37  2.497870
26  37  2.497383
27  37  2.497688
28  37  2.498754
29  37  2.498603
30  37  2.498543
31  37  2.498141
32  37  2.497584
33  37  2.497929
34  37  2.497597
35  37  2.496687
36  37  2.497117
37  37  2.498631
38  37  2.497947
39  37  2.497147
40  37  2.498190
41  37  2.498312
42  37  2.498507
43  37  2.499246
44  37  2.499612
45  37  2.499250
46  37  2.498425
47  37  2.498026
48  37  2.497713
49  37  2.498774
50  37  2.498730
51  37  2.499112
52  37  2.499180
53  37  2.499485
54  37  2.499635
55  37  2.499652
56  37  2.497957
57  37  2.497776
58  37  2.498320
59  37  2.497870
60  37  2.498060
61  37  2.497006
62  37  2.498930
63  37  2.499724
0  38  2.498219
1  38  2.498045
2  38  2.498067
3  38  2.498888
4  38  2.499035
5  38  2.498214
6  38  2.498065
7  38  2.498208
8  38  2.498490
9  38  2.498631
10  38  2.498651
11  38  2.498767
12  38  2.499524
13  38  2.498992
14  38  2.497887
15  38  2.496775
16  38  2.496797
17  38  2.496646
18  38  2.497353
19  38  2.497163
20  38  2.499023
21  38  2.497959
22  38  2.498033
23  38  2.498092
24  38  2.499162
25  38  2.499130
26  38  2.498702
27  38  2.498566
28  38  2.498406
29  38  2.498435
30  38  2.498765
31  38  2.498759
32  38  2.499068
33  38  2.498516
34  38  2.498276
35  38  2.498760
36  38  2.497670
37  38  2.498737
38  38  2.499104
39  38  2.498740
40  38  2.498682
41  38  2.498809
42  38  2.498789
43  38  2.498826
44  38  2.498659
45  38  2.498676
46  38  2.498546
47  38  2.498265
48  38  2.498193
49  38  2.498653
50  38  2.498319
51  38  2.498574
52  38  2.499042
53  38  2.499054
54  38  2.499100
55  38  2.499313
56  38  2.497562
57  38  2.497601
58  38  2.498672
59  38  2.498732
60  38  2.498385
61  38  2.497576
62  38  2.498982
63  38  2.499168
0  39  2.498341
1  39  2.498585
2  39  2.498614
3  39  2.498921
4  39  2.498748
5  39  2.498446
6  39  2.498772
7  39  2.498675
8  39  2.499762
9  39  2.499326
10  39  2.498795
11  39  2.498707
12  39  2.499143
13  39  2.498386
14  39  2.497436
15  39  2.496569
16  39  2.497356
17  39  2.497708
18  39  2.497588
19  39  2.497378
20  39  2.497844
21  39  2.498620
22  39  2.498312
23  39  2.498056
24  39  2.499030
25  39  2.498792
26  39  2.498434
27  39  2.498547
28  39  2.499300
29  39  2.499029
30  39  2.498796
31  39  2.498268
32  39  2.498708
33  39  2.497523
34  39  2.498221
35  39  2.498857
36  39  2.498435
37  39  2.499064
38  39  2.499264
39  39  2.499123
40  39  2.499176
41  39  2.499219
42  39  2.498785
43  39  2.498871
44  39  2.498689
45  39  2.498533
46  39  2.498119
47  39  2.497977
48  39  2.497814
49  39  2.498437
50  39  2.498972
51  39  2.499037
52  39  2.499397
53  39  2.499356
54  39  2.499324
55  39  2.499403
56  39  2.497494
57  39  2.497393
58  39  2.498925
59  39  2.498722
60  39  2.498674
61  39  2.498265
62  39  2.499332
63  39  2.499429
0  40  2.499223
1  40  2.499621
2  40  2.499494
3  40  2.498901
4  40  2.498633
5  40  2.498388
6  40  2.498668
7  40  2.498822
8  40  2.499288
9  40  2.498614
10  40  2.498668
11  40  2.498812
12  40  2.499276
13  40  2.498507
14  40  2.497699
15  40  2.497347
16  40  2.498803
17  40  2.498491
18  40  2.498219
19  40  2.497735
20  40  2.498170
21  40  2.497995
22  40  2.497502
23  40  2.497375
24  40  2.498843
25  40  2.498929
26  40  2.498743
27  40  2.498740
28  40  2.499272
29  40  2.498632
30  40  2.497617
31  40  2.496548
32  40  2.497163
33  40  2.497103
34  40  2.498588
35  40  2.498964
36  40  2.499266
37  40  2.498898
38  40  2.498859
39  40  2.498950
40  40  2.499436
41  40  2.499595
42  40  2.499141
43  40  2.498872
44  40  2.498757
45  40  2.498320
46  40  2.499257
47  40  2.499346
48  40  2.499013
49  40  2.498994
50  40  2.499428
51  40  2.499285
52  40  2.499315
53  40  2.499248
54  40  2.498933
55  40  2.499142
56  40  2.498486
57  40  2.498015
58  40  2.498598
59  40  2.498760
60  40  2.499258
61  40  2.499370
62  40  2.499195
63  40  2.499251
0  41  2.499307
1  41  2.499672
2  41  2.499141
3  41  2.498564
4  41  2.498504
5  41  2.497735
6  41  2.497940
7  41  2.497947
8  41  2.498803
9  41  2.499212
10  41  2.499615
11  41  2.499738
12  41  2.499441
13  41  2.498612
14  41  2.497972
15  41  2.497874
16  41  2.498281
17  41  2.499230
18  41  2.498117
19  41  2.497797
20  41  2.498350
21  41  2.498750
22  41  2.498191
23  41  2.498060
24  41  2.498719
25  41  2.498889
26  41  2.499085
27  41  2.498896
28  41  2.499386
29  41  2.498719
30  41  2.497217
31  41  2.495179
32  41  2.495484
33  41  2.495959
34  41  2.498529
35  41  2.498649
36  41  2.499189
37  41  2.499238
38  41  2.499317
39  41  2.499274
40  41  2.499517
41  41  2.499077
42  41  2.498584
43  41  2.498976
44  41  2.499227
45  41  2.498802
46  41  2.499100
47  41  2.499217
48  41  2.499044
49  41  2.499029
50  41  2.499134
51  41  2.499175
52  41  2.499465
53  41  2.499394
54  41  2.498800
55  41  2.498684
56  41  2.497906
57  41  2.497267
58  41  2.495531
59  41  2.496161
60  41  2.496033
61  41  2.497992
62  41  2.498057
63  41  2.498895
0  42  2.499715
1  42  2.499733
2  42  2.499101
3  42  2.498603
4  42  2.499017
5  42  2.497457
6  42  2.498171
7  42  2.497395
8  42  2.498305
9  42  2.499530
10  42  2.498437
11  42  2.498621
12  42  2.498364
13  42  2.498827
14  42  2.498811
15  42  2.498565
16  42  2.498381
17  42  2.498901
18  42  2.498821
19  42  2.498660
20  42  2.499197
21  42  2.498035
22  42  2.497871
23  42  2.498612
24  42  2.498408
25  42  2.498808
26  42  2.499269
27  42  2.499789
28  42  2.498885
29  42  2.498013
30  42  2.496287
31  42  2.498112
32  42  2.498649
33  42  2.498459
34  42  2.498650
35  42  2.498736
36  42  2.499151
37  42  2.499049
38  42  2.498997
39  42  2.498811
40  42  2.499245
41  42  2.498996
42  42  2.498498
43  42  2.498618
44  42  2.498763
45  42  2.498838
46  42  2.499243
47  42  2.498386
48  42  2.499162
49  42  2.498818
50  42  2.498108
51  42  2.498044
52  42  2.498403
53  42  2.498904
54  42  2.497919
55  42  2.497802
56  42  2.497592
57  42  2.498984
58  42  2.498247
59  42  2.498215
60  42  2.496052
61  42  2.496984
62  42  2.498204
63  42  2.499125
0  43  2.499494
1  43  2.499587
2  43  2.499178
3  43  2.498314
4  43  2.498487
5  43  2.497220
6  43  2.498007
7  43  2.496665
8  43  2.497694
9  43  2.498462
10  43  2.496840
11  43  2.497306
12  43  2.498248
13  43  2.498935
14  43  2.499530
15  43  2.499469
16  43  2.498785
17  43  2.498875
18  43  2.498459
19  43  2.498385
20  43  2.498423
21  43  2.499258
22  43  2.499089
23  43  2.499126
24  43  2.498286
25  43  2.498469
26  43  2.498665
27  43  2.499358
28  43  2.498870
29  43  2.498753
30  43  2.497535
31  43  2.497934
32  43  2.498401
33  43  2.498361
34  43  2.498220
35  43  2.498055
36  43  2.498290
37  43  2.498644
38  43  2.498822
39  43  2.498722
40  43  2.499184
41  43  2.498844
42  43  2.498980
43  43  2.499489
44  43  2.499132
45  43  2.499135
46  43  2.498545
47  43  2.497790
48  43  2.498831
49  43  2.498958
50  43  2.498839
51  43  2.498111
52  43  2.498269
53  43  2.497612
54  43  2.498585
55  43  2.499270
56  43  2.497811
57  43  2.498802
58  43  2.498010
59  43  2.498096
60  43  2.495587
61  43  2.497237
62  43  2.498529
63  43  2.498829
0  44  2.497860
1  44  2.498567
2  44  2.498514
3  44  2.499208
4  44  2.498873
5  44  2.497570
6  44  2.497362
7  44  2.496608
8  44  2.496826
9  44  2.498395
10  44  2.496583
11  44  2.496659
12  44  2.498054
13  44  2.498793
14  44  2.499609
15  44  2.499580
16  44  2.499104
17  44  2.498667
18  44  2.498521
19  44  2.498452
20  44  2.498407
21  44  2.499009
22  44  2.498752
23  44  2.499208
24  44  2.499161
25  44  2.498157
26  44  2.497580
27  44  2.498519
28  44  2.498876
29  44  2.498735
30  44  2.498173
31  44  2.498479
32  44  2.498385
33  44  2.497835
34  44  2.498406
35  44  2.498739
36  44  2.498179
37  44  2.498044
38  44  2.498228
39  44  2.498254
40  44  2.498620
41  44  2.498438
42  44  2.498620
43  44  2.499359
44  44  2.499121
45  44  2.499280
46  44  2.498044
47  44  2.496419
48  44  2.497330
49  44  2.498765
50  44  2.498060
51  44  2.497229
52  44  2.496625
53  44  2.496455
54  44  2.498898
55  44  2.499234
56  44  2.497143
57  44  2.498290
58  44  2.498603
59  44  2.498647
60  44  2.498256
61  44  2.498531
62  44  2.499366
63  44  2.498834
0  45  2.494903
1  45  2.496494
2  45  2.497868
3  45  2.498589
4  45  2.498558
5  45  2.498194
6  45  2.498079
7  45  2.497720
8  45  2.497098
9  45  2.497816
10  45  2.497171
11  45  2.497184
12  45  2.498916
13  45  2.499215
14  45  2.498992
15  45  2.499058
16  45  2.498688
17  45  2.499039
18  45  2.497824
19  45  2.497546
20  45  2.497137
21  45  2.498063
22  45  2.498273
23  45  2.499082
24  45  2.499104
25  45  2.498111
26  45  2.497391
27  45  2.498294
28  45  2.499091
29  45  2.499301
30  45  2.498945
31  45  2.498824
32  45  2.498859
33  45  2.498087
34  45  2.498419
35  45  2.498643
36  45  2.497406
37  45  2.497170
38  45  2.498888
39  45  2.498839
40  45  2.498898
41  45  2.498719
42  45  2.498833
43  45  2.498804
44  45  2.499174
45  45  2.499422
46  45  2.498275
47  45  2.496417
48  45  2.497077
49  45  2.498866
50  45  2.499218
51  45  2.498988
52  45  2.497610
53  45  2.496864
54  45  2.499583
55  45  2.499215
56  45  2.498494
57  45  2.498589
58  45  2.498465
59  45  2.498061
60  45  2.498623
61  45  2.499364
62  45  2.498245
63  45  2.496787
0  46  2.495706
1  46  2.496764
2  46  2.497594
3  46  2.498600
4  46  2.497982
5  46  2.497519
6  46  2.497145
7  46  2.497666
8  46  2.497463
9  46  2.498816
10  46  2.498416
11  46  2.498791
12  46  2.498754
13  46  2.499339
14  46  2.498732
15  46  2.498737
16  46  2.498918
17  46  2.499422
18  46  2.498642
19  46  2.498309
20  46  2.497718
21  46  2.498026
22  46  2.498386
23  46  2.498387
24  46  2.498166
25  46  2.497037
26  46  2.496815
27  46  2.498202
28  46  2.498663
29  46  2.499238
30  46  2.499084
31  46  2.499063
32  46  2.497951
33  46  2.498109
34  46  2.498462
35  46  2.498287
36  46  2.498111
37  46  2.497216
38  46  2.498573
39  46  2.498719
40  46  2.498821
41  46  2.498753
42  46  2.498662
43  46  2.498819
44  46  2.499278
45  46  2.499468
46  46  2.499160
47  46  2.496344
48  46  2.496837
49  46  2.498552
50  46  2.498461
51  46  2.498053
52  46  2.497660
53  46  2.498101
54  46  2.499415
55  46  2.499422
56  46  2.499179
57  46  2.499117
58  46  2.498904
59  46  2.498448
60  46  2.499265
61  46  2.498977
62  46  2.498842
63  46  2.498665
0  47  2.497888
1  47  2.498561
2  47  2.499280
3  47  2.499014
4  47  2.498842
5  47  2.498577
6  47  2.498550
7  47  2.498432
8  47  2.498598
9  47  2.497669
10  47  2.497725
11  47  2.498144
12  47  2.498112
13  47  2.499064
14  47  2.498567
15  47  2.498852
16  47  2.499099
17  47  2.499790
18  47  2.499205
19  47  2.498811
20  47  2.498346
21  47  2.498059
22  47  2.498151
23  47  2.497618
24  47  2.496784
25  47  2.498389
26  47  2.499041
27  47  2.499621
28  47  2.498693
29  47  2.497918
30  47  2.498063
31  47  2.499325
32  47  2.497996
33  47  2.498114
34  47  2.498719
35  47  2.499283
36  47  2.499047
37  47  2.498419
38  47  2.499279
39  47  2.498671
40  47  2.499254
41  47  2.498856
42  47  2.498725
43  47  2.498698
44  47  2.498605
45  47  2.499311
46  47  2.499394
47  47  2.497792
48  47  2.497653
49  47  2.497046
50  47  2.498201
51  47  2.498370
52  47  2.498575
53  47  2.497288
54  47  2.497608
55  47  2.497441
56  47  2.499565
57  47  2.499749
58  47  2.499637
59  47  2.499259
60  47  2.499267
61  47  2.498717
62  47  2.498381
63  47  2.498610
0  48  2.498940
1  48  2.499030
2  48  2.499120
3  48  2.498862
4  48  2.498664
5  48  2.498883
6  48  2.499123
7  48  2.498989
8  48  2.498826
9  48  2.497099
10  48  2.496438
11  48  2.497258
12  48  2.496943
13  48  2.498574
14  48  2.499147
15  48  2.499409
16  48  2.499676
17  48  2.499800
18  48  2.498743
19  48  2.498359
20  48  2.497559
21  48  2.498049
22  48  2.498180
23  48  2.496708
24  48  2.495938
25  48  2.498140
26  48  2.499109
27  48  2.499300
28  48  2.498296
29  48  2.497373
30  48  2.497454
31  48  2.498636
32  48  2.498147
33  48  2.498120
34  48  2.498625
35  48  2.499299
36  48  2.499562
37  48  2.498048
38  48  2.498508
39  48  2.497981
40  48  2.499307
41  48  2.499047
42  48  2.498997
43  48  2.498883
44  48  2.498557
45  48  2.498868
46  48  2.498922
47  48  2.499133
48  48  2.499186
49  48  2.499060
50  48  2.499340
51  48  2.499385
52  48  2.498696
53  48  2.497392
54  48  2.497549
55  48  2.497469
56  48  2.499477
57  48  2.499727
58  48  2.499556
59  48  2.499552
60  48  2.499639
61  48  2.498927
62  48  2.498480
63  48  2.499328
0  49  2.499257
1  49  2.498567
2  49  2.498818
3  49  2.496648
4  49  2.497836
5  49  2.497905
6  49  2.498778
7  49  2.498770
8  49  2.499169
9  49  2.498394
10  49  2.497999
11  49  2.498568
12  49  2.497939
13  49  2.498454
14  49  2.498682
15  49  2.499196
16  49  2.499126
17  49  2.499058
18  49  2.497664
19  49  2.498182
20  49  2.497063
21  49  2.498094
22  49  2.499168
23  49  2.499271
24  49  2.497102
25  49  2.498469
26  49  2.499393
27  49  2.499369
28  49  2.499193
29  49  2.499123
30  49  2.498272
31  49  2.498535
32  49  2.498787
33  49  2.498767
34  49  2.499034
35  49  2.498782
36  49  2.498774
37  49  2.497545
38  49  2.498674
39  49  2.497444
40  49  2.498869
41  49  2.498803
42  49  2.499050
43  49  2.498662
44  49  2.498505
45  49  2.499201
46  49  2.499399
47  49  2.499561
48  49  2.499269
49  49  2.498823
50  49  2.497987
51  49  2.497398
52  49  2.496945
53  49  2.497365
54  49  2.498490
55  49  2.497406
56  49  2.498530
57  49  2.499513
58  49  2.498710
59  49  2.499264
60  49  2.499484
61  49  2.499123
62  49  2.498185
63  49  2.499576
0  50  2.497935
1  50  2.497969
2  50  2.498585
3  50  2.496065
4  50  2.497627
5  50  2.497648
6  50  2.498882
7  50  2.498801
8  50  2.499151
9  50  2.499299
10  50  2.498396
11  50  2.498513
12  50  2.498844
13  50  2.499168
14  50  2.498865
15  50  2.498689
16  50  2.498825
17  50  2.499021
18  50  2.497740
19  50  2.498217
20  50  2.497184
21  50  2.497926
22  50  2.498023
23  50  2.496845
24  50  2.496350
25  50  2.498502
26  50  2.499482
27  50  2.499570
28  50  2.499607
29  50  2.499550
30  50  2.498566
31  50  2.498483
32  50  2.498472
33  50  2.498538
34  50  2.498600
35  50  2.498454
36  50  2.497751
37  50  2.495150
38  50  2.495948
39  50  2.497634
40  50  2.498790
41  50  2.499029
42  50  2.498880
43  50  2.499072
44  50  2.498377
45  50  2.497933
46  50  2.498202
47  50  2.498583
48  50  2.499388
49  50  2.499268
50  50  2.498665
51  50  2.498505
52  50  2.497987
53  50  2.499049
54  50  2.499093
55  50  2.498332
56  50  2.498059
57  50  2.499347
58  50  2.498520
59  50  2.499333
60  50  2.499508
61  50  2.499015
62  50  2.498257
63  50  2.498235
0  51  2.498337
1  51  2.498780
2  51  2.497960
3  51  2.496158
4  51  2.498443
5  51  2.498421
6  51  2.499232
7  51  2.498412
8  51  2.498589
9  51  2.498784
10  51  2.499125
11  51  2.499099
12  51  2.498209
13  51  2.497547
14  51  2.497390
15  51  2.498267
16  51  2.498726
17  51  2.498799
18  51  2.498323
19  51  2.499353
20  51  2.498787
21  51  2.498190
22  51  2.497384
23  51  2.496782
24  51  2.497382
25  51  2.498633
26  51  2.499041
27  51  2.499718
28  51  2.499822
29  51  2.499644
30  51  2.498418
31  51  2.498052
32  51  2.498894
33  51  2.498379
34  51  2.497900
35  51  2.498483
36  51  2.498241
37  51  2.496353
38  51  2.496374
39  51  2.498014
40  51  2.498650
41  51  2.499092
42  51  2.498867
43  51  2.499034
44  51  2.498300
45  51  2.498229
46  51  2.498432
47  51  2.498482
48  51  2.499329
49  51  2.499262
50  51  2.498553
51  51  2.497718
52  51  2.497702
53  51  2.498595
54  51  2.498611
55  51  2.497796
56  51  2.498369
57  51  2.498898
58  51  2.498680
59  51  2.499230
60  51  2.498772
61  51  2.498937
62  51  2.498353
63  51  2.498251
0  52  2.498948
1  52  2.499097
2  52  2.498453
3  52  2.497540
4  52  2.498227
5  52  2.497806
6  52  2.498573
7  52  2.498181
8  52  2.498312
9  52  2.498621
10  52  2.499205
11  52  2.499131
12  52  2.498446
13  52  2.498328
14  52  2.498239
15  52  2.498513
16  52  2.498759
17  52  2.498259
18  52  2.497765
19  52  2.499158
20  52  2.499233
21  52  2.498537
22  52  2.498318
23  52  2.497896
24  52  2.497973
25  52  2.497571
26  52  2.498568
27  52  2.499385
28  52  2.499824
29  52  2.499617
30  52  2.498772
31  52  2.497934
32  52  2.498290
33  52  2.498760
34  52  2.498195
35  52  2.498417
36  52  2.498526
37  52  2.498603
38  52  2.498709
39  52  2.499376
40  52  2.499373
41  52  2.499248
42  52  2.498960
43  52  2.498719
44  52  2.498320
45  52  2.498316
46  52  2.498196
47  52  2.498038
48  52  2.499306
49  52  2.499280
50  52  2.499316
51  52  2.499076
52  52  2.497622
53  52  2.497789
54  52  2.496039
55  52  2.495770
56  52  2.498951
57  52  2.498238
58  52  2.499078
59  52  2.499165
60  52  2.499403
61  52  2.499038
62  52  2.498896
63  52  2.498672
0  53  2.499076
1  53  2.499163
2  53  2.497493
3  53  2.495661
4  53  2.496389
5  53  2.497788
6  53  2.498383
7  53  2.498167
8  53  2.498502
9  53  2.498755
10  53  2.499481
11  53  2.498866
12  53  2.498390
13  53  2.498296
14  53  2.498017
15  53  2.498878
16  53  2.499763
17  53  2.498056
18  53  2.497301
19  53  2.499304
20  53  2.499082
21  53  2.498558
22  53  2.498043
23  53  2.497956
24  53  2.498206
25  53  2.498104
26  53  2.498713
27  53  2.499114
28  53  2.499750
29  53  2.499578
30  53  2.498136
31  53  2.497433
32  53  2.498051
33  53  2.498867
34  53  2.499197
35  53  2.499154
36  53  2.498818
37  53  2.498752
38  53  2.498609
39  53  2.498516
40  53  2.499099
41  53  2.499068
42  53  2.499186
43  53  2.499115
44  53  2.499436
45  53  2.499622
46  53  2.499806
47  53  2.499672
48  53  2.499662
49  53  2.499571
50  53  2.498952
51  53  2.498763
52  53  2.497080
53  53  2.497027
54  53  2.495752
55  53  2.495803
56  53  2.499069
57  53  2.498063
58  53  2.498083
59  53  2.498066
60  53  2.497789
61  53  2.498408
62  53  2.498971
63  53  2.499227
0  54  2.499170
1  54  2.499231
2  54  2.498883
3  54  2.497373
4  54  2.496932
5  54  2.497581
6  54  2.498038
7  54  2.498398
8  54  2.498915
9  54  2.499192
10  54  2.499222
11  54  2.499185
12  54  2.499306
13  54  2.499614
14  54  2.499260
15  54  2.498865
16  54  2.498803
17  54  2.498413
18  54  2.496949
19  54  2.498235
20  54  2.498091
21  54  2.499063
22  54  2.498743
23  54  2.498808
24  54  2.498582
25  54  2.497288
26  54  2.497778
27  54  2.498300
28  54  2.499079
29  54  2.499210
30  54  2.498056
31  54  2.497975
32  54  2.497805
33  54  2.498825
34  54  2.499035
35  54  2.499215
36  54  2.498800
37  54  2.498284
38  54  2.498025
39  54  2.497107
40  54  2.497889
41  54  2.497561
42  54  2.498350
43  54  2.497680
44  54  2.497931
45  54  2.497985
46  54  2.499322
47  54  2.499439
48  54  2.499462
49  54  2.499110
50  54  2.499190
51  54  2.498697
52  54  2.496248
53  54  2.495152
54  54  2.495386
55  54  2.496589
56  54  2.499378
57  54  2.498352
58  54  2.498053
59  54  2.498111
60  54  2.497526
61  54  2.498214
62  54  2.499132
63  54  2.499406
0  55  2.499043
1  55  2.499326
2  55  2.499273
3  55  2.496997
4  55  2.495870
5  55  2.496830
6  55  2.498791
7  55  2.499324
8  55  2.499401
9  55  2.499082
10  55  2.499017
11  55  2.498987
12  55  2.499163
13  55  2.498996
14  55  2.498825
15  55  2.498761
16  55  2.498846
17  55  2.498973
18  55  2.497329
19  55  2.498557
20  55  2.498555
21  55  2.499225
22  55  2.498992
23  55  2.498674
24  55  2.498313
25  55  2.498078
26  55  2.499221
27  55  2.498987
28  55  2.498434
29  55  2.498853
30  55  2.497829
31  55  2.498194
32  55  2.497556
33  55  2.498711
34  55  2.499022
35  55  2.499082
36  55  2.498808
37  55  2.499009
38  55  2.498530
39  55  2.496809
40  55  2.497329
41  55  2.497271
42  55  2.498765
43  55  2.498313
44  55  2.498382
45  55  2.498621
46  55  2.499016
47  55  2.498544
48  55  2.498380
49  55  2.498393
50  55  2.499057
51  55  2.499000
52  55  2.499043
53  55  2.498495
54  55  2.499087
55  55  2.498960
56  55  2.499431
57  55  2.498617
58  55  2.496010
59  55  2.496084
60  55  2.495860
61  55  2.499398
62  55  2.498689
63  55  2.498772
0  56  2.498265
1  56  2.498530
2  56  2.498874
3  56  2.498228
4  56  2.497728
5  56  2.495943
6  56  2.498628
7  56  2.498614
8  56  2.499310
9  56  2.499460
10  56  2.499014
11  56  2.499021
12  56  2.499254
13  56  2.498395
14  56  2.498411
15  56  2.498302
16  56  2.499140
17  56  2.499380
18  56  2.497829
19  56  2.497378
20  56  2.497387
21  56  2.497737
22  56  2.499007
23  56  2.499024
24  56  2.498988
25  56  2.498652
26  56  2.498940
27  56  2.499649
28  56  2.498691
29  56  2.498645
30  56  2.498724
31  56  2.498717
32  56  2.498024
33  56  2.498674
34  56  2.498148
35  56  2.498345
36  56  2.497618
37  56  2.497230
38  56  2.497856
39  56  2.497770
40  56  2.498049
41  56  2.498163
42  56  2.498737
43  56  2.498065
44  56  2.497685
45  56  2.498548
46  56  2.498763
47  56  2.498455
48  56  2.498418
49  56  2.498497
50  56  2.499219
51  56  2.499002
52  56  2.499091
53  56  2.499223
54  56  2.499502
55  56  2.499486
56  56  2.498804
57  56  2.499082
58  56  2.498720
59  56  2.497554
60  56  2.496051
61  56  2.498643
62  56  2.497696
63  56  2.498040
0  57  2.498607
1  57  2.498394
2  57  2.497601
3  57  2.497320
4  57  2.498509
5  57  2.496674
6  57  2.498621
7  57  2.498085
8  57  2.499018
9  57  2.499352
10  57  2.499082
11  57  2.499207
12  57  2.499465
13  57  2.498042
14  57  2.497879
15  57  2.497705
16  57  2.499177
17  57  2.499419
18  57  2.499160
19  57  2.497891
20  57  2.497275
21  57  2.497354
22  57  2.498957
23  57  2.499211
24  57  2.499152
25  57  2.498835
26  57  2.498754
27  57  2.499558
28  57  2.498516
29  57  2.498340
30  57  2.498626
31  57  2.498794
32  57  2.498170
33  57  2.498402
34  57  2.497707
35  57  2.498623
36  57  2.497728
37  57  2.497828
38  57  2.497828
39  57  2.499094
40  57  2.499172
41  57  2.499429
42  57  2.498673
43  57  2.498203
44  57  2.498243
45  57  2.498554
46  57  2.498033
47  57  2.498619
48  57  2.498670
49  57  2.498201
50  57  2.498703
51  57  2.498404
52  57  2.499202
53  57  2.499101
54  57  2.498533
55  57  2.498582
56  57  2.497127
57  57  2.498824
58  57  2.499113
59  57  2.497904
60  57  2.496471
61  57  2.499134
62  57  2.498223
63  57  2.498889
0  58  2.498893
1  58  2.498808
2  58  2.496874
3  58  2.496972
4  58  2.498174
5  58  2.497878
6  58  2.498104
7  58  2.497472
8  58  2.499423
9  58  2.499639
10  58  2.499323
11  58  2.499041
12  58  2.499297
13  58  2.497400
14  58  2.497352
15  58  2.497144
16  58  2.499260
17  58  2.498614
18  58  2.497459
19  58  2.496517
20  58  2.496183
21  58  2.497336
22  58  2.499140
23  58  2.499315
24  58  2.498819
25  58  2.498707
26  58  2.498706
27  58  2.499311
28  58  2.499287
29  58  2.499366
30  58  2.499406
31  58  2.498976
32  58  2.498237
33  58  2.498598
34  58  2.497300
35  58  2.497918
36  58  2.497411
37  58  2.498062
38  58  2.497207
39  58  2.498241
40  58  2.498739
41  58  2.497855
42  58  2.497710
43  58  2.497801
44  58  2.498414
45  58  2.498777
46  58  2.498206
47  58  2.498864
48  58  2.498388
49  58  2.497537
50  58  2.497811
51  58  2.498111
52  58  2.499335
53  58  2.499420
54  58  2.498557
55  58  2.498900
56  58  2.497195
57  58  2.498466
58  58  2.499397
59  58  2.498710
60  58  2.496684
61  58  2.498334
62  58  2.497269
63  58  2.498387
0  59  2.499410
1  59  2.498181
2  59  2.495994
3  59  2.496912
4  59  2.498182
5  59  2.499406
6  59  2.499027
7  59  2.498862
8  59  2.499528
9  59  2.499508
10  59  2.499167
11  59  2.499046
12  59  2.499312
13  59  2.498703
14  59  2.498880
15  59  2.498939
16  59  2.499434
17  59  2.498796
18  59  2.497188
19  59  2.497162
20  59  2.496385
21  59  2.498130
22  59  2.498603
23  59  2.498609
24  59  2.498842
25  59  2.498839
26  59  2.498800
27  59  2.499261
28  59  2.499191
29  59  2.499316
30  59  2.499167
31  59  2.498415
32  59  2.497999
33  59  2.498622
34  59  2.498622
35  59  2.498970
36  59  2.499332
37  59  2.499296
38  59  2.497597
39  59  2.497241
40  59  2.497736
41  59  2.498398
42  59  2.498549
43  59  2.498434
44  59  2.499369
45  59  2.499604
46  59  2.499181
47  59  2.499269
48  59  2.498032
49  59  2.497910
50  59  2.498230
51  59  2.499076
52  59  2.499379
53  59  2.499385
54  59  2.498604
55  59  2.498987
56  59  2.496986
57  59  2.498513
58  59  2.499071
59  59  2.499002
60  59  2.497305
61  59  2.497407
62  59  2.496732
63  59  2.498197
0  60  2.497561
1  60  2.496418
2  60  2.495732
3  60  2.497007
4  60  2.498265
5  60  2.498947
6  60  2.498304
7  60  2.498074
8  60  2.497457
9  60  2.497882
10  60  2.497950
11  60  2.498967
12  60  2.498893
13  60  2.498877
14  60  2.498922
15  60  2.498830
16  60  2.499109
17  60  2.498515
18  60  2.497403
19  60  2.498448
20  60  2.498151
21  60  2.497880
22  60  2.498279
23  60  2.497747
24  60  2.498504
25  60  2.498279
26  60  2.498435
27  60  2.499109
28  60  2.498903
29  60  2.498541
30  60  2.498724
31  60  2.498359
32  60  2.498285
33  60  2.499159
34  60  2.499225
35  60  2.499616
36  60  2.498638
37  60  2.498620
38  60  2.498150
39  60  2.499103
40  60  2.499101
41  60  2.499167
42  60  2.499203
43  60  2.499215
44  60  2.499123
45  60  2.499153
46  60  2.498600
47  60  2.499262
48  60  2.498082
49  60  2.498107
50  60  2.498548
51  60  2.499469
52  60  2.499519
53  60  2.499588
54  60  2.499646
55  60  2.499613
56  60  2.498493
57  60  2.498432
58  60  2.498669
59  60  2.497218
60  60  2.496312
61  60  2.496541
62  60  2.496142
63  60  2.496041
0  61  2.496649
1  61  2.496521
2  61  2.496141
3  61  2.496839
4  61  2.498171
5  61  2.499442
6  61  2.499029
7  61  2.498743
8  61  2.498497
9  61  2.498717
10  61  2.498478
11  61  2.499644
12  61  2.499240
13  61  2.499394
14  61  2.499169
15  61  2.499228
16  61  2.497981
17  61  2.498005
18  61  2.496674
19  61  2.498379
20  61  2.496803
21  61  2.497491
22  61  2.497585
23  61  2.497654
24  61  2.498066
25  61  2.496999
26  61  2.497448
27  61  2.498114
28  61  2.498595
29  61  2.497264
30  61  2.496783
31  61  2.497038
32  61  2.497428
33  61  2.498890
34  61  2.498761
35  61  2.498973
36  61  2.497713
37  61  2.498459
38  61  2.498088
39  61  2.499350
40  61  2.499134
41  61  2.499109
42  61  2.499128
43  61  2.498899
44  61  2.498518
45  61  2.499063
46  61  2.498677
47  61  2.499322
48  61  2.498812
49  61  2.498962
50  61  2.498803
51  61  2.499271
52  61  2.499159
53  61  2.499710
54  61  2.499586
55  61  2.499803
56  61  2.499249
57  61  2.499010
58  61  2.498601
59  61  2.496662
60  61  2.496476
61  61  2.497110
62  61  2.497262
63  61  2.496672
0  62  2.497040
1  62  2.498565
2  62  2.498630
3  62  2.499001
4  62  2.499358
5  62  2.499393
6  62  2.498909
7  62  2.498723
8  62  2.499008
9  62  2.499165
10  62  2.498641
11  62  2.499050
12  62  2.499203
13  62  2.499446
14  62  2.499168
15  62  2.498987
16  62  2.497970
17  62  2.498182
18  62  2.497934
19  62  2.499188
20  62  2.498425
21  62  2.499029
22  62  2.499025
23  62  2.498951
24  62  2.499066
25  62  2.499059
26  62  2.498282
27  62  2.498507
28  62  2.498368
29  62  2.498306
30  62  2.497547
31  62  2.497782
32  62  2.497930
33  62  2.498181
34  62  2.497135
35  62  2.498119
36  62  2.497323
37  62  2.498252
38  62  2.498632
39  62  2.499531
40  62  2.499049
41  62  2.498735
42  62  2.498713
43  62  2.498802
44  62  2.498394
45  62  2.498963
46  62  2.498623
47  62  2.499292
48  62  2.499446
49  62  2.499493
50  62  2.498669
51  62  2.499097
52  62  2.498895
53  62  2.499502
54  62  2.499661
55  62  2.499847
56  62  2.499643
57  62  2.499190
58  62  2.499035
59  62  2.497015
60  62  2.496529
61  62  2.497386
62  62  2.497612
63  62  2.496946
0  63  2.498663
1  63  2.499382
2  63  2.499044
3  63  2.498927
4  63  2.499217
5  63  2.499420
6  63  2.499488
7  63  2.498521
8  63  2.498066
9  63  2.497456
10  63  2.499034
11  63  2.498263
12  63  2.498333
13  63  2.497692
14  63  2.498221
15  63  2.498156
16  63  2.498731
17  63  2.498664
18  63  2.498102
19  63  2.499053
20  63  2.498688
21  63  2.498980
22  63  2.499078
23  63  2.499425
24  63  2.499106
25  63  2.498896
26  63  2.498320
27  63  2.498955
28  63  2.499204
29  63  2.499650
30  63  2.499328
31  63  2.498831
32  63  2.496637
33  63  2.494293
34  63  2.492458
35  63  2.493931
36  63  2.498154
37  63  2.498915
38  63  2.498968
39  63  2.498763
40  63  2.498653
41  63  2.498435
42  63  2.498275
43  63  2.498316
44  63  2.498725
45  63  2.498790
46  63  2.498822
47  63  2.498529
48  63  2.499510
49  63  2.499619
50  63  2.498380
51  63  2.498676
52  63  2.498590
53  63  2.499281
54  63  2.498928
55  63  2.499397
56  63  2.499545
57  63  2.499370
58  63  2.499398
59  63  2.499348
60  63  2.497241
61  63  2.497984
62  63  2.497858
63  63  2.498358
