# Mass field m(x,y) = Delta * R(x,y) at t = 90 seconds
# Grid: 64 x 64
# Columns: x  y  mass
0  0  2.499604
1  0  2.499618
2  0  2.499593
3  0  2.499244
4  0  2.498297
5  0  2.498019
6  0  2.498063
7  0  2.499019
8  0  2.498621
9  0  2.498791
10  0  2.498772
11  0  2.499714
12  0  2.499394
13  0  2.499452
14  0  2.498569
15  0  2.498835
16  0  2.499013
17  0  2.499649
18  0  2.499384
19  0  2.499235
20  0  2.499200
21  0  2.499258
22  0  2.499552
23  0  2.498983
24  0  2.499135
25  0  2.498491
26  0  2.497952
27  0  2.497458
28  0  2.498293
29  0  2.499175
30  0  2.499649
31  0  2.499537
32  0  2.499326
33  0  2.498758
34  0  2.499038
35  0  2.499246
36  0  2.499209
37  0  2.498766
38  0  2.498700
39  0  2.498751
40  0  2.499450
41  0  2.498694
42  0  2.498987
43  0  2.498630
44  0  2.498774
45  0  2.497830
46  0  2.497823
47  0  2.497401
48  0  2.498266
49  0  2.498372
50  0  2.498432
51  0  2.498783
52  0  2.498971
53  0  2.499031
54  0  2.499516
55  0  2.499238
56  0  2.499273
57  0  2.499329
58  0  2.499683
59  0  2.499503
60  0  2.499413
61  0  2.498975
62  0  2.499202
63  0  2.499277
0  1  2.499151
1  1  2.499511
2  1  2.499450
3  1  2.499361
4  1  2.498870
5  1  2.498513
6  1  2.498621
7  1  2.499381
8  1  2.498559
9  1  2.497914
10  1  2.498143
11  1  2.499135
12  1  2.499239
13  1  2.499418
14  1  2.499522
15  1  2.499297
16  1  2.498896
17  1  2.499250
18  1  2.498921
19  1  2.498297
20  1  2.498736
21  1  2.498382
22  1  2.499213
23  1  2.499036
24  1  2.499140
25  1  2.498205
26  1  2.496922
27  1  2.496254
28  1  2.497431
29  1  2.498885
30  1  2.498816
31  1  2.498601
32  1  2.498848
33  1  2.498763
34  1  2.498636
35  1  2.498817
36  1  2.498731
37  1  2.497735
38  1  2.497388
39  1  2.497152
40  1  2.498303
41  1  2.498137
42  1  2.498989
43  1  2.498811
44  1  2.498922
45  1  2.498497
46  1  2.498760
47  1  2.497311
48  1  2.498626
49  1  2.499363
50  1  2.498642
51  1  2.498683
52  1  2.498314
53  1  2.498803
54  1  2.498489
55  1  2.499251
56  1  2.499411
57  1  2.499471
58  1  2.499593
59  1  2.499267
60  1  2.499157
61  1  2.499062
62  1  2.499156
63  1  2.499212
0  2  2.499161
1  2  2.499211
2  2  2.499516
3  2  2.499445
4  2  2.498829
5  2  2.498669
6  2  2.498561
7  2  2.499536
8  2  2.498001
9  2  2.497310
10  2  2.497754
11  2  2.498456
12  2  2.498849
13  2  2.498270
14  2  2.498765
15  2  2.498702
16  2  2.498910
17  2  2.499071
18  2  2.498129
19  2  2.498087
20  2  2.498874
21  2  2.498464
22  2  2.499094
23  2  2.498671
24  2  2.498823
25  2  2.498289
26  2  2.498170
27  2  2.498236
28  2  2.498041
29  2  2.497733
30  2  2.497820
31  2  2.497819
32  2  2.499202
33  2  2.499309
34  2  2.498019
35  2  2.498067
36  2  2.498219
37  2  2.498429
38  2  2.498208
39  2  2.498682
40  2  2.498536
41  2  2.498294
42  2  2.498941
43  2  2.499365
44  2  2.499387
45  2  2.498820
46  2  2.498767
47  2  2.498072
48  2  2.498887
49  2  2.498550
50  2  2.498308
51  2  2.498821
52  2  2.498833
53  2  2.498817
54  2  2.497990
55  2  2.498646
56  2  2.499092
57  2  2.499310
58  2  2.499680
59  2  2.498948
60  2  2.498806
61  2  2.499109
62  2  2.499136
63  2  2.498996
0  3  2.499127
1  3  2.499227
2  3  2.499385
3  3  2.499358
4  3  2.499510
5  3  2.499240
6  3  2.499280
7  3  2.499309
8  3  2.498101
9  3  2.498252
10  3  2.498952
11  3  2.498257
12  3  2.498805
13  3  2.498312
14  3  2.498910
15  3  2.499063
16  3  2.499145
17  3  2.498385
18  3  2.496532
19  3  2.496681
20  3  2.498482
21  3  2.498394
22  3  2.499125
23  3  2.498221
24  3  2.498493
25  3  2.498215
26  3  2.498365
27  3  2.499242
28  3  2.498728
29  3  2.498294
30  3  2.498240
31  3  2.497707
32  3  2.498949
33  3  2.499850
34  3  2.497747
35  3  2.497678
36  3  2.497607
37  3  2.498518
38  3  2.498075
39  3  2.498549
40  3  2.498933
41  3  2.499078
42  3  2.498979
43  3  2.499366
44  3  2.499287
45  3  2.499206
46  3  2.499401
47  3  2.499410
48  3  2.499470
49  3  2.499426
50  3  2.499214
51  3  2.498460
52  3  2.497769
53  3  2.497634
54  3  2.496872
55  3  2.498048
56  3  2.499094
57  3  2.499050
58  3  2.499484
59  3  2.499080
60  3  2.499105
61  3  2.499408
62  3  2.499132
63  3  2.499197
0  4  2.498697
1  4  2.498466
2  4  2.498686
3  4  2.498683
4  4  2.498792
5  4  2.498396
6  4  2.498207
7  4  2.498376
8  4  2.498427
9  4  2.499003
10  4  2.499210
11  4  2.498950
12  4  2.498966
13  4  2.498773
14  4  2.498727
15  4  2.499138
16  4  2.498886
17  4  2.497897
18  4  2.496578
19  4  2.497244
20  4  2.498808
21  4  2.499027
22  4  2.498938
23  4  2.498450
24  4  2.498520
25  4  2.498568
26  4  2.499107
27  4  2.499300
28  4  2.499034
29  4  2.497911
30  4  2.498098
31  4  2.497994
32  4  2.499165
33  4  2.499771
34  4  2.497678
35  4  2.497509
36  4  2.497824
37  4  2.499609
38  4  2.498661
39  4  2.498816
40  4  2.498850
41  4  2.499474
42  4  2.499136
43  4  2.497986
44  4  2.498101
45  4  2.498757
46  4  2.499387
47  4  2.499455
48  4  2.499687
49  4  2.499646
50  4  2.499570
51  4  2.498592
52  4  2.498495
53  4  2.498102
54  4  2.497168
55  4  2.496454
56  4  2.497639
57  4  2.498708
58  4  2.498172
59  4  2.498366
60  4  2.498374
61  4  2.499242
62  4  2.499480
63  4  2.499062
0  5  2.497519
1  5  2.497043
2  5  2.497670
3  5  2.498893
4  5  2.499258
5  5  2.499154
6  5  2.499323
7  5  2.499450
8  5  2.499440
9  5  2.499374
10  5  2.499058
11  5  2.499103
12  5  2.498815
13  5  2.499036
14  5  2.498792
15  5  2.498682
16  5  2.498415
17  5  2.497794
18  5  2.497669
19  5  2.498340
20  5  2.499171
21  5  2.498696
22  5  2.498336
23  5  2.497543
24  5  2.498451
25  5  2.497759
26  5  2.498439
27  5  2.498589
28  5  2.499097
29  5  2.498693
30  5  2.497968
31  5  2.498194
32  5  2.498583
33  5  2.499750
34  5  2.497879
35  5  2.497812
36  5  2.497908
37  5  2.499374
38  5  2.498426
39  5  2.498418
40  5  2.497450
41  5  2.498661
42  5  2.498884
43  5  2.498250
44  5  2.498243
45  5  2.498567
46  5  2.499313
47  5  2.499379
48  5  2.498779
49  5  2.498992
50  5  2.499005
51  5  2.498972
52  5  2.498542
53  5  2.499280
54  5  2.497725
55  5  2.497146
56  5  2.497780
57  5  2.498471
58  5  2.497708
59  5  2.498091
60  5  2.497063
61  5  2.497534
62  5  2.497873
63  5  2.499442
0  6  2.497490
1  6  2.497322
2  6  2.497648
3  6  2.498693
4  6  2.498703
5  6  2.498802
6  6  2.499386
7  6  2.498599
8  6  2.497990
9  6  2.497922
10  6  2.497327
11  6  2.498182
12  6  2.498261
13  6  2.498794
14  6  2.497643
15  6  2.497937
16  6  2.497725
17  6  2.498497
18  6  2.498643
19  6  2.498872
20  6  2.498795
21  6  2.498607
22  6  2.498112
23  6  2.498064
24  6  2.498763
25  6  2.498122
26  6  2.498408
27  6  2.498988
28  6  2.499277
29  6  2.499428
30  6  2.498488
31  6  2.498228
32  6  2.498266
33  6  2.498947
34  6  2.498758
35  6  2.498714
36  6  2.498951
37  6  2.499384
38  6  2.499031
39  6  2.499232
40  6  2.499077
41  6  2.499015
42  6  2.499137
43  6  2.498564
44  6  2.498233
45  6  2.498132
46  6  2.498743
47  6  2.498860
48  6  2.498617
49  6  2.498496
50  6  2.498321
51  6  2.499020
52  6  2.499043
53  6  2.499074
54  6  2.497920
55  6  2.497926
56  6  2.498411
57  6  2.499119
58  6  2.498844
59  6  2.498678
60  6  2.498563
61  6  2.498103
62  6  2.497983
63  6  2.499547
0  7  2.497523
1  7  2.497287
2  7  2.497266
3  7  2.499078
4  7  2.498633
5  7  2.498718
6  7  2.499322
7  7  2.499096
8  7  2.498283
9  7  2.498585
10  7  2.498190
11  7  2.498343
12  7  2.498491
13  7  2.498959
14  7  2.498220
15  7  2.499026
16  7  2.499168
17  7  2.498757
18  7  2.498688
19  7  2.498424
20  7  2.498794
21  7  2.498990
22  7  2.498657
23  7  2.498336
24  7  2.498088
25  7  2.497853
26  7  2.498417
27  7  2.498870
28  7  2.499227
29  7  2.499261
30  7  2.498583
31  7  2.498463
32  7  2.498498
33  7  2.499014
34  7  2.499092
35  7  2.499101
36  7  2.499379
37  7  2.498598
38  7  2.498150
39  7  2.499074
40  7  2.499499
41  7  2.498905
42  7  2.498679
43  7  2.498564
44  7  2.499307
45  7  2.498599
46  7  2.498334
47  7  2.498950
48  7  2.498779
49  7  2.497341
50  7  2.497166
51  7  2.497976
52  7  2.498690
53  7  2.499176
54  7  2.497915
55  7  2.498140
56  7  2.497926
57  7  2.499191
58  7  2.499119
59  7  2.498813
60  7  2.498059
61  7  2.497519
62  7  2.497786
63  7  2.499509
0  8  2.498767
1  8  2.498827
2  8  2.499170
3  8  2.499042
4  8  2.498940
5  8  2.499032
6  8  2.499672
7  8  2.499190
8  8  2.498697
9  8  2.498342
10  8  2.498878
11  8  2.498983
12  8  2.498962
13  8  2.498637
14  8  2.497887
15  8  2.498889
16  8  2.498780
17  8  2.498684
18  8  2.498635
19  8  2.498867
20  8  2.499077
21  8  2.499186
22  8  2.499018
23  8  2.498788
24  8  2.498645
25  8  2.499130
26  8  2.499353
27  8  2.499600
28  8  2.499359
29  8  2.499652
30  8  2.499452
31  8  2.499428
32  8  2.499410
33  8  2.499199
34  8  2.499427
35  8  2.499032
36  8  2.498877
37  8  2.498162
38  8  2.498427
39  8  2.499226
40  8  2.499754
41  8  2.499104
42  8  2.498756
43  8  2.497778
44  8  2.498362
45  8  2.497595
46  8  2.497365
47  8  2.496900
48  8  2.495516
49  8  2.496292
50  8  2.497554
51  8  2.498667
52  8  2.499140
53  8  2.499396
54  8  2.499068
55  8  2.498563
56  8  2.498391
57  8  2.499035
58  8  2.499318
59  8  2.499438
60  8  2.499471
61  8  2.499311
62  8  2.499343
63  8  2.498941
0  9  2.498418
1  9  2.498350
2  9  2.499150
3  9  2.498758
4  9  2.498883
5  9  2.498901
6  9  2.499502
7  9  2.499662
8  9  2.498863
9  9  2.498029
10  9  2.497908
11  9  2.498666
12  9  2.498737
13  9  2.498994
14  9  2.498922
15  9  2.497792
16  9  2.497974
17  9  2.497278
18  9  2.498427
19  9  2.498952
20  9  2.499434
21  9  2.499320
22  9  2.499044
23  9  2.498238
24  9  2.498046
25  9  2.498371
26  9  2.499217
27  9  2.499364
28  9  2.499312
29  9  2.499376
30  9  2.499485
31  9  2.498981
32  9  2.499187
33  9  2.498911
34  9  2.499424
35  9  2.499123
36  9  2.498923
37  9  2.498499
38  9  2.498993
39  9  2.499763
40  9  2.499792
41  9  2.499229
42  9  2.498702
43  9  2.498320
44  9  2.498829
45  9  2.498797
46  9  2.498168
47  9  2.497111
48  9  2.496322
49  9  2.496026
50  9  2.496674
51  9  2.497738
52  9  2.498443
53  9  2.498681
54  9  2.498616
55  9  2.498575
56  9  2.497983
57  9  2.499155
58  9  2.499395
59  9  2.498926
60  9  2.499188
61  9  2.499296
62  9  2.499333
63  9  2.498792
0  10  2.498886
1  10  2.498824
2  10  2.499334
3  10  2.499216
4  10  2.499354
5  10  2.499101
6  10  2.499377
7  10  2.499797
8  10  2.499376
9  10  2.498639
10  10  2.498632
11  10  2.498829
12  10  2.498638
13  10  2.498884
14  10  2.498919
15  10  2.497816
16  10  2.498147
17  10  2.498744
18  10  2.499012
19  10  2.499282
20  10  2.499361
21  10  2.499245
22  10  2.499441
23  10  2.499330
24  10  2.499150
25  10  2.499085
26  10  2.499497
27  10  2.499354
28  10  2.499301
29  10  2.498664
30  10  2.498769
31  10  2.497949
32  10  2.498317
33  10  2.498178
34  10  2.499339
35  10  2.499244
36  10  2.499187
37  10  2.499352
38  10  2.499631
39  10  2.499443
40  10  2.499377
41  10  2.499223
42  10  2.499151
43  10  2.498646
44  10  2.498165
45  10  2.497777
46  10  2.498326
47  10  2.499134
48  10  2.498567
49  10  2.496961
50  10  2.496438
51  10  2.499069
52  10  2.498319
53  10  2.498439
54  10  2.498484
55  10  2.498494
56  10  2.498006
57  10  2.498229
58  10  2.498613
59  10  2.497897
60  10  2.497948
61  10  2.498275
62  10  2.498918
63  10  2.499026
0  11  2.499235
1  11  2.497834
2  11  2.496822
3  11  2.495636
4  11  2.496849
5  11  2.498570
6  11  2.499185
7  11  2.499615
8  11  2.498936
9  11  2.497780
10  11  2.497769
11  11  2.498619
12  11  2.499691
13  11  2.499613
14  11  2.499668
15  11  2.497807
16  11  2.498547
17  11  2.498778
18  11  2.499205
19  11  2.499070
20  11  2.499532
21  11  2.499141
22  11  2.499224
23  11  2.498614
24  11  2.499073
25  11  2.498909
26  11  2.499252
27  11  2.499159
28  11  2.498983
29  11  2.497986
30  11  2.497080
31  11  2.496934
32  11  2.495286
33  11  2.497179
34  11  2.498130
35  11  2.499184
36  11  2.499047
37  11  2.499078
38  11  2.499202
39  11  2.498835
40  11  2.498837
41  11  2.499297
42  11  2.499598
43  11  2.499352
44  11  2.499285
45  11  2.498262
46  11  2.498280
47  11  2.498667
48  11  2.499086
49  11  2.498418
50  11  2.497583
51  11  2.498590
52  11  2.498636
53  11  2.497275
54  11  2.498187
55  11  2.498665
56  11  2.498719
57  11  2.498344
58  11  2.498650
59  11  2.498363
60  11  2.498709
61  11  2.498735
62  11  2.498946
63  11  2.499488
0  12  2.499572
1  12  2.497906
2  12  2.496751
3  12  2.496547
4  12  2.497210
5  12  2.498240
6  12  2.497846
7  12  2.499184
8  12  2.499327
9  12  2.499372
10  12  2.498686
11  12  2.497455
12  12  2.498918
13  12  2.499113
14  12  2.499586
15  12  2.498756
16  12  2.498926
17  12  2.499241
18  12  2.499471
19  12  2.499243
20  12  2.499153
21  12  2.498705
22  12  2.498764
23  12  2.498718
24  12  2.499135
25  12  2.499106
26  12  2.498729
27  12  2.498499
28  12  2.498033
29  12  2.499407
30  12  2.498782
31  12  2.497990
32  12  2.494121
33  12  2.496558
34  12  2.497312
35  12  2.498466
36  12  2.498878
37  12  2.498936
38  12  2.498730
39  12  2.498324
40  12  2.497725
41  12  2.498217
42  12  2.498558
43  12  2.498993
44  12  2.498651
45  12  2.498869
46  12  2.499107
47  12  2.498174
48  12  2.497452
49  12  2.497626
50  12  2.497851
51  12  2.498359
52  12  2.497797
53  12  2.496436
54  12  2.497801
55  12  2.499012
56  12  2.499116
57  12  2.498767
58  12  2.498812
59  12  2.499033
60  12  2.499599
61  12  2.499151
62  12  2.498918
63  12  2.499414
0  13  2.499266
1  13  2.497601
2  13  2.497030
3  13  2.497209
4  13  2.498558
5  13  2.498787
6  13  2.497065
7  13  2.496733
8  13  2.497950
9  13  2.498044
10  13  2.498725
11  13  2.495274
12  13  2.496925
13  13  2.499072
14  13  2.499369
15  13  2.498719
16  13  2.498437
17  13  2.498577
18  13  2.498736
19  13  2.499089
20  13  2.499109
21  13  2.498615
22  13  2.498777
23  13  2.498768
24  13  2.499249
25  13  2.499108
26  13  2.498861
27  13  2.498573
28  13  2.496630
29  13  2.496725
30  13  2.495294
31  13  2.497256
32  13  2.493658
33  13  2.496608
34  13  2.497359
35  13  2.498578
36  13  2.499221
37  13  2.499012
38  13  2.498770
39  13  2.498298
40  13  2.497561
41  13  2.498256
42  13  2.498539
43  13  2.499548
44  13  2.499213
45  13  2.498937
46  13  2.498234
47  13  2.496896
48  13  2.497055
49  13  2.497227
50  13  2.497863
51  13  2.497115
52  13  2.495368
53  13  2.495990
54  13  2.498613
55  13  2.499197
56  13  2.499287
57  13  2.499016
58  13  2.499165
59  13  2.499233
60  13  2.499211
61  13  2.498849
62  13  2.499279
63  13  2.499205
0  14  2.498921
1  14  2.498684
2  14  2.499147
3  14  2.499272
4  14  2.499401
5  14  2.498863
6  14  2.496906
7  14  2.496919
8  14  2.498056
9  14  2.497504
10  14  2.498350
11  14  2.494020
12  14  2.496589
13  14  2.498610
14  14  2.499431
15  14  2.498876
16  14  2.498782
17  14  2.498766
18  14  2.498424
19  14  2.498311
20  14  2.498733
21  14  2.499015
22  14  2.499360
23  14  2.499339
24  14  2.499038
25  14  2.497881
26  14  2.498076
27  14  2.497862
28  14  2.497007
29  14  2.496937
30  14  2.495742
31  14  2.498139
32  14  2.497200
33  14  2.496938
34  14  2.498362
35  14  2.498696
36  14  2.499539
37  14  2.499589
38  14  2.499362
39  14  2.498816
40  14  2.497293
41  14  2.497203
42  14  2.497935
43  14  2.499367
44  14  2.499448
45  14  2.498962
46  14  2.497732
47  14  2.496061
48  14  2.496323
49  14  2.497468
50  14  2.498303
51  14  2.497467
52  14  2.496687
53  14  2.498036
54  14  2.499225
55  14  2.498887
56  14  2.498749
57  14  2.498667
58  14  2.498604
59  14  2.498547
60  14  2.498750
61  14  2.498572
62  14  2.499415
63  14  2.499020
0  15  2.499412
1  15  2.498849
2  15  2.499321
3  15  2.499557
4  15  2.499558
5  15  2.498931
6  15  2.498359
7  15  2.498353
8  15  2.498565
9  15  2.497020
10  15  2.495060
11  15  2.493924
12  15  2.496160
13  15  2.498678
14  15  2.498925
15  15  2.499140
16  15  2.498780
17  15  2.498458
18  15  2.498087
19  15  2.498165
20  15  2.499148
21  15  2.498347
22  15  2.497963
23  15  2.496644
24  15  2.497850
25  15  2.496567
26  15  2.498262
27  15  2.498137
28  15  2.497872
29  15  2.496633
30  15  2.494463
31  15  2.497682
32  15  2.498243
33  15  2.498539
34  15  2.499020
35  15  2.499169
36  15  2.499148
37  15  2.499119
38  15  2.499443
39  15  2.498665
40  15  2.498733
41  15  2.498827
42  15  2.499376
43  15  2.499306
44  15  2.499420
45  15  2.499288
46  15  2.499709
47  15  2.498577
48  15  2.498121
49  15  2.498645
50  15  2.498764
51  15  2.497544
52  15  2.496307
53  15  2.498329
54  15  2.498650
55  15  2.498676
56  15  2.498258
57  15  2.498967
58  15  2.499185
59  15  2.498231
60  15  2.498053
61  15  2.498177
62  15  2.499461
63  15  2.499135
0  16  2.498796
1  16  2.499169
2  16  2.499300
3  16  2.499334
4  16  2.499227
5  16  2.499348
6  16  2.498971
7  16  2.497769
8  16  2.497499
9  16  2.496603
10  16  2.496996
11  16  2.497050
12  16  2.498187
13  16  2.498093
14  16  2.498672
15  16  2.499277
16  16  2.499323
17  16  2.498658
18  16  2.497555
19  16  2.498036
20  16  2.499347
21  16  2.498570
22  16  2.497386
23  16  2.495634
24  16  2.497815
25  16  2.494755
26  16  2.496390
27  16  2.496258
28  16  2.498209
29  16  2.497324
30  16  2.496122
31  16  2.498474
32  16  2.498868
33  16  2.499029
34  16  2.498846
35  16  2.498916
36  16  2.497561
37  16  2.497788
38  16  2.498479
39  16  2.498613
40  16  2.498465
41  16  2.497978
42  16  2.498508
43  16  2.498429
44  16  2.498731
45  16  2.499429
46  16  2.499531
47  16  2.497487
48  16  2.497838
49  16  2.499216
50  16  2.499182
51  16  2.498842
52  16  2.498129
53  16  2.499029
54  16  2.499275
55  16  2.498547
56  16  2.497658
57  16  2.498828
58  16  2.498715
59  16  2.499221
60  16  2.499207
61  16  2.499238
62  16  2.499300
63  16  2.498815
0  17  2.498555
1  17  2.498775
2  17  2.499189
3  17  2.498940
4  17  2.498809
5  17  2.498908
6  17  2.498893
7  17  2.498182
8  17  2.498813
9  17  2.498645
10  17  2.499291
11  17  2.499294
12  17  2.498085
13  17  2.498414
14  17  2.498532
15  17  2.499061
16  17  2.499203
17  17  2.499092
18  17  2.498860
19  17  2.499242
20  17  2.499248
21  17  2.498249
22  17  2.497267
23  17  2.495890
24  17  2.498357
25  17  2.495551
26  17  2.495675
27  17  2.495498
28  17  2.498177
29  17  2.497552
30  17  2.497082
31  17  2.498974
32  17  2.498315
33  17  2.497706
34  17  2.498711
35  17  2.498688
36  17  2.496975
37  17  2.497807
38  17  2.498757
39  17  2.499455
40  17  2.497593
41  17  2.497315
42  17  2.497955
43  17  2.498626
44  17  2.498660
45  17  2.499078
46  17  2.499155
47  17  2.497974
48  17  2.498082
49  17  2.498702
50  17  2.499000
51  17  2.499064
52  17  2.498822
53  17  2.499020
54  17  2.499420
55  17  2.498616
56  17  2.498613
57  17  2.499474
58  17  2.499201
59  17  2.499394
60  17  2.499346
61  17  2.499352
62  17  2.499466
63  17  2.498940
0  18  2.497841
1  18  2.497895
2  18  2.498553
3  18  2.497381
4  18  2.497559
5  18  2.497507
6  18  2.498767
7  18  2.497999
8  18  2.499552
9  18  2.499051
10  18  2.498665
11  18  2.498111
12  18  2.498328
13  18  2.498716
14  18  2.499497
15  18  2.499251
16  18  2.499529
17  18  2.499292
18  18  2.498837
19  18  2.498981
20  18  2.499247
21  18  2.498953
22  18  2.498818
23  18  2.498243
24  18  2.498148
25  18  2.495158
26  18  2.494365
27  18  2.495540
28  18  2.498069
29  18  2.497766
30  18  2.497824
31  18  2.498165
32  18  2.498323
33  18  2.498023
34  18  2.499629
35  18  2.498917
36  18  2.497408
37  18  2.498073
38  18  2.498874
39  18  2.499151
40  18  2.497194
41  18  2.497168
42  18  2.497207
43  18  2.498319
44  18  2.498631
45  18  2.499167
46  18  2.499257
47  18  2.498607
48  18  2.498303
49  18  2.498238
50  18  2.498576
51  18  2.498544
52  18  2.498503
53  18  2.498124
54  18  2.498570
55  18  2.498418
56  18  2.497841
57  18  2.497606
58  18  2.498082
59  18  2.499273
60  18  2.499355
61  18  2.499142
62  18  2.499353
63  18  2.499193
0  19  2.497530
1  19  2.497488
2  19  2.498375
3  19  2.497756
4  19  2.498064
5  19  2.497732
6  19  2.497500
7  19  2.497088
8  19  2.497589
9  19  2.499390
10  19  2.497989
11  19  2.497969
12  19  2.498635
13  19  2.498911
14  19  2.499425
15  19  2.499175
16  19  2.499059
17  19  2.498906
18  19  2.499116
19  19  2.499331
20  19  2.499482
21  19  2.499490
22  19  2.499442
23  19  2.499263
24  19  2.498155
25  19  2.497194
26  19  2.496181
27  19  2.497392
28  19  2.498193
29  19  2.498006
30  19  2.497713
31  19  2.497221
32  19  2.496927
33  19  2.497852
34  19  2.499063
35  19  2.498103
36  19  2.498826
37  19  2.499475
38  19  2.499830
39  19  2.499430
40  19  2.497447
41  19  2.497572
42  19  2.497619
43  19  2.499180
44  19  2.499285
45  19  2.499434
46  19  2.499481
47  19  2.499290
48  19  2.498196
49  19  2.498183
50  19  2.498224
51  19  2.499050
52  19  2.498742
53  19  2.497787
54  19  2.498273
55  19  2.498743
56  19  2.498227
57  19  2.498105
58  19  2.498870
59  19  2.499001
60  19  2.499128
61  19  2.498604
62  19  2.499132
63  19  2.498925
0  20  2.497094
1  20  2.497480
2  20  2.498800
3  20  2.498149
4  20  2.498398
5  20  2.495869
6  20  2.496265
7  20  2.496135
8  20  2.497031
9  20  2.499078
10  20  2.498267
11  20  2.498014
12  20  2.497883
13  20  2.498906
14  20  2.499396
15  20  2.499184
16  20  2.498911
17  20  2.498721
18  20  2.499082
19  20  2.499402
20  20  2.499557
21  20  2.499543
22  20  2.499349
23  20  2.499227
24  20  2.499090
25  20  2.498229
26  20  2.498116
27  20  2.498691
28  20  2.499042
29  20  2.499645
30  20  2.498607
31  20  2.498497
32  20  2.496661
33  20  2.498973
34  20  2.498415
35  20  2.498790
36  20  2.498593
37  20  2.498690
38  20  2.498787
39  20  2.499177
40  20  2.499194
41  20  2.498864
42  20  2.498980
43  20  2.499267
44  20  2.499323
45  20  2.499221
46  20  2.499271
47  20  2.498619
48  20  2.497821
49  20  2.497198
50  20  2.497648
51  20  2.498505
52  20  2.499089
53  20  2.498151
54  20  2.498403
55  20  2.497240
56  20  2.497296
57  20  2.497502
58  20  2.498156
59  20  2.498217
60  20  2.498450
61  20  2.498469
62  20  2.498056
63  20  2.497943
0  21  2.498053
1  21  2.498583
2  21  2.498989
3  21  2.499660
4  21  2.499204
5  21  2.497663
6  21  2.496836
7  21  2.497741
8  21  2.498650
9  21  2.499512
10  21  2.498943
11  21  2.499051
12  21  2.498220
13  21  2.499052
14  21  2.499026
15  21  2.498877
16  21  2.498401
17  21  2.498648
18  21  2.499193
19  21  2.499554
20  21  2.499663
21  21  2.499741
22  21  2.499606
23  21  2.499582
24  21  2.499393
25  21  2.498293
26  21  2.498433
27  21  2.498344
28  21  2.498950
29  21  2.499612
30  21  2.498761
31  21  2.498330
32  21  2.496721
33  21  2.498387
34  21  2.497103
35  21  2.495924
36  21  2.496490
37  21  2.497464
38  21  2.497068
39  21  2.499372
40  21  2.499458
41  21  2.499279
42  21  2.498477
43  21  2.498892
44  21  2.498958
45  21  2.498742
46  21  2.498905
47  21  2.498440
48  21  2.498710
49  21  2.497398
50  21  2.498115
51  21  2.497813
52  21  2.498091
53  21  2.498466
54  21  2.498070
55  21  2.496487
56  21  2.497501
57  21  2.498576
58  21  2.498605
59  21  2.498308
60  21  2.498433
61  21  2.498653
62  21  2.497320
63  21  2.496958
0  22  2.498515
1  22  2.497761
2  22  2.498216
3  22  2.498745
4  22  2.498844
5  22  2.498384
6  22  2.498355
7  22  2.499158
8  22  2.499579
9  22  2.499383
10  22  2.498606
11  22  2.499099
12  22  2.498515
13  22  2.499089
14  22  2.499021
15  22  2.498710
16  22  2.498543
17  22  2.498158
18  22  2.498823
19  22  2.498820
20  22  2.499301
21  22  2.498986
22  22  2.499246
23  22  2.499305
24  22  2.499485
25  22  2.499234
26  22  2.499163
27  22  2.499179
28  22  2.499172
29  22  2.499569
30  22  2.498852
31  22  2.498838
32  22  2.497751
33  22  2.497981
34  22  2.497194
35  22  2.497581
36  22  2.498132
37  22  2.497707
38  22  2.496668
39  22  2.499031
40  22  2.499058
41  22  2.499212
42  22  2.497018
43  22  2.497817
44  22  2.498485
45  22  2.498703
46  22  2.498428
47  22  2.497165
48  22  2.497721
49  22  2.497479
50  22  2.498327
51  22  2.498348
52  22  2.496980
53  22  2.497900
54  22  2.497220
55  22  2.496104
56  22  2.496977
57  22  2.498780
58  22  2.498409
59  22  2.498232
60  22  2.497818
61  22  2.499406
62  22  2.498750
63  22  2.498482
0  23  2.496795
1  23  2.497164
2  23  2.498286
3  23  2.499060
4  23  2.499467
5  23  2.499590
6  23  2.499613
7  23  2.499770
8  23  2.498695
9  23  2.498395
10  23  2.496695
11  23  2.498696
12  23  2.499233
13  23  2.499380
14  23  2.499544
15  23  2.499240
16  23  2.499477
17  23  2.498949
18  23  2.497735
19  23  2.497624
20  23  2.498654
21  23  2.499155
22  23  2.499207
23  23  2.499191
24  23  2.499114
25  23  2.499000
26  23  2.498726
27  23  2.497779
28  23  2.498214
29  23  2.498525
30  23  2.499226
31  23  2.499190
32  23  2.499141
33  23  2.498493
34  23  2.497670
35  23  2.498056
36  23  2.497941
37  23  2.498025
38  23  2.497366
39  23  2.498426
40  23  2.498940
41  23  2.499210
42  23  2.497304
43  23  2.497699
44  23  2.497879
45  23  2.498220
46  23  2.497421
47  23  2.497446
48  23  2.498049
49  23  2.498723
50  23  2.498771
51  23  2.498736
52  23  2.496879
53  23  2.497603
54  23  2.497087
55  23  2.497434
56  23  2.497833
57  23  2.499671
58  23  2.499352
59  23  2.498991
60  23  2.498734
61  23  2.499476
62  23  2.498467
63  23  2.498179
0  24  2.498241
1  24  2.498665
2  24  2.499059
3  24  2.499465
4  24  2.499605
5  24  2.499508
6  24  2.499497
7  24  2.499624
8  24  2.498171
9  24  2.498268
10  24  2.495737
11  24  2.498679
12  24  2.498982
13  24  2.499085
14  24  2.499075
15  24  2.498987
16  24  2.498739
17  24  2.498824
18  24  2.497581
19  24  2.497311
20  24  2.498211
21  24  2.498797
22  24  2.498960
23  24  2.498930
24  24  2.499581
25  24  2.499268
26  24  2.499167
27  24  2.498128
28  24  2.498722
29  24  2.497881
30  24  2.498585
31  24  2.498686
32  24  2.498818
33  24  2.499113
34  24  2.499304
35  24  2.498847
36  24  2.498797
37  24  2.498912
38  24  2.498146
39  24  2.496879
40  24  2.496683
41  24  2.498355
42  24  2.497301
43  24  2.497592
44  24  2.497869
45  24  2.497641
46  24  2.497295
47  24  2.497633
48  24  2.498648
49  24  2.499371
50  24  2.498539
51  24  2.498762
52  24  2.496114
53  24  2.496071
54  24  2.495094
55  24  2.497625
56  24  2.498770
57  24  2.499635
58  24  2.499291
59  24  2.498876
60  24  2.498250
61  24  2.499293
62  24  2.499292
63  24  2.499330
0  25  2.499098
1  25  2.499177
2  25  2.499458
3  25  2.499220
4  25  2.499230
5  25  2.498887
6  25  2.498869
7  25  2.498969
8  25  2.497266
9  25  2.498804
10  25  2.496321
11  25  2.498236
12  25  2.498826
13  25  2.499527
14  25  2.499329
15  25  2.499363
16  25  2.498784
17  25  2.498495
18  25  2.497904
19  25  2.497561
20  25  2.498453
21  25  2.498538
22  25  2.499273
23  25  2.499386
24  25  2.498928
25  25  2.498602
26  25  2.498768
27  25  2.498586
28  25  2.498490
29  25  2.497730
30  25  2.498945
31  25  2.499256
32  25  2.499107
33  25  2.498677
34  25  2.498922
35  25  2.498415
36  25  2.499613
37  25  2.498531
38  25  2.497567
39  25  2.496179
40  25  2.496663
41  25  2.497311
42  25  2.497902
43  25  2.499379
44  25  2.498270
45  25  2.497622
46  25  2.496946
47  25  2.497401
48  25  2.498303
49  25  2.499430
50  25  2.499250
51  25  2.498916
52  25  2.497996
53  25  2.497524
54  25  2.498631
55  25  2.497933
56  25  2.498641
57  25  2.498588
58  25  2.499251
59  25  2.499038
60  25  2.499221
61  25  2.499048
62  25  2.499217
63  25  2.499485
0  26  2.498824
1  26  2.498662
2  26  2.499057
3  26  2.497842
4  26  2.498050
5  26  2.498402
6  26  2.498612
7  26  2.497840
8  26  2.497695
9  26  2.499156
10  26  2.497831
11  26  2.497952
12  26  2.497219
13  26  2.497101
14  26  2.497184
15  26  2.497989
16  26  2.498656
17  26  2.498661
18  26  2.498987
19  26  2.498616
20  26  2.498241
21  26  2.498074
22  26  2.498885
23  26  2.499319
24  26  2.498410
25  26  2.498672
26  26  2.498647
27  26  2.497749
28  26  2.496530
29  26  2.496659
30  26  2.498337
31  26  2.499287
32  26  2.498391
33  26  2.497648
34  26  2.498906
35  26  2.498276
36  26  2.499556
37  26  2.498171
38  26  2.498137
39  26  2.496954
40  26  2.496711
41  26  2.497440
42  26  2.497313
43  26  2.498638
44  26  2.498331
45  26  2.498466
46  26  2.498151
47  26  2.498751
48  26  2.498767
49  26  2.498882
50  26  2.498657
51  26  2.498390
52  26  2.497937
53  26  2.497573
54  26  2.499242
55  26  2.498505
56  26  2.497927
57  26  2.497870
58  26  2.498541
59  26  2.498069
60  26  2.496947
61  26  2.496959
62  26  2.498921
63  26  2.498937
0  27  2.498763
1  27  2.498834
2  27  2.498942
3  27  2.497692
4  27  2.497611
5  27  2.498477
6  27  2.498740
7  27  2.497935
8  27  2.498003
9  27  2.499154
10  27  2.499014
11  27  2.498994
12  27  2.498404
13  27  2.497531
14  27  2.497477
15  27  2.497519
16  27  2.498535
17  27  2.498343
18  27  2.498913
19  27  2.499225
20  27  2.498491
21  27  2.497945
22  27  2.498256
23  27  2.499246
24  27  2.497633
25  27  2.497352
26  27  2.497975
27  27  2.498847
28  27  2.498614
29  27  2.498201
30  27  2.498559
31  27  2.498937
32  27  2.498261
33  27  2.497345
34  27  2.498010
35  27  2.498509
36  27  2.499448
37  27  2.498229
38  27  2.498189
39  27  2.497699
40  27  2.497458
41  27  2.498281
42  27  2.498186
43  27  2.498642
44  27  2.498473
45  27  2.497581
46  27  2.496994
47  27  2.497785
48  27  2.498780
49  27  2.498394
50  27  2.498207
51  27  2.498026
52  27  2.498522
53  27  2.498197
54  27  2.499596
55  27  2.498439
56  27  2.497672
57  27  2.496920
58  27  2.497743
59  27  2.497669
60  27  2.498444
61  27  2.498306
62  27  2.499291
63  27  2.498335
0  28  2.498238
1  28  2.498427
2  28  2.498922
3  28  2.499177
4  28  2.498814
5  28  2.499160
6  28  2.499548
7  28  2.498994
8  28  2.498499
9  28  2.497539
10  28  2.497406
11  28  2.497609
12  28  2.497263
13  28  2.497543
14  28  2.498023
15  28  2.497262
16  28  2.497876
17  28  2.497901
18  28  2.498347
19  28  2.498475
20  28  2.497682
21  28  2.498208
22  28  2.497974
23  28  2.498492
24  28  2.497882
25  28  2.497470
26  28  2.498245
27  28  2.499158
28  28  2.498772
29  28  2.498272
30  28  2.498164
31  28  2.498543
32  28  2.498338
33  28  2.498224
34  28  2.498474
35  28  2.498818
36  28  2.498898
37  28  2.498559
38  28  2.498618
39  28  2.498230
40  28  2.497073
41  28  2.496926
42  28  2.497322
43  28  2.498794
44  28  2.499429
45  28  2.498786
46  28  2.498833
47  28  2.498502
48  28  2.499106
49  28  2.498478
50  28  2.498363
51  28  2.498235
52  28  2.498848
53  28  2.497345
54  28  2.497858
55  28  2.497561
56  28  2.498851
57  28  2.498764
58  28  2.498222
59  28  2.496702
60  28  2.497630
61  28  2.497573
62  28  2.498562
63  28  2.498211
0  29  2.498362
1  29  2.498742
2  29  2.498599
3  29  2.499160
4  29  2.499064
5  29  2.499614
6  29  2.499057
7  29  2.498454
8  29  2.498078
9  29  2.498196
10  29  2.498842
11  29  2.498339
12  29  2.497284
13  29  2.497053
14  29  2.498952
15  29  2.498716
16  29  2.498376
17  29  2.498632
18  29  2.497900
19  29  2.497951
20  29  2.497823
21  29  2.498116
22  29  2.498533
23  29  2.498389
24  29  2.498036
25  29  2.497022
26  29  2.498062
27  29  2.499182
28  29  2.499581
29  29  2.498893
30  29  2.498899
31  29  2.498350
32  29  2.498774
33  29  2.498871
34  29  2.498976
35  29  2.499004
36  29  2.498446
37  29  2.498640
38  29  2.499190
39  29  2.499116
40  29  2.497969
41  29  2.497191
42  29  2.497764
43  29  2.498970
44  29  2.499066
45  29  2.498362
46  29  2.498363
47  29  2.498074
48  29  2.499076
49  29  2.498733
50  29  2.497152
51  29  2.496903
52  29  2.497206
53  29  2.497374
54  29  2.497598
55  29  2.497697
56  29  2.499329
57  29  2.499166
58  29  2.499594
59  29  2.499003
60  29  2.499379
61  29  2.498913
62  29  2.498681
63  29  2.498498
0  30  2.498602
1  30  2.498974
2  30  2.498948
3  30  2.499169
4  30  2.499420
5  30  2.499424
6  30  2.498893
7  30  2.498928
8  30  2.499067
9  30  2.498966
10  30  2.498699
11  30  2.498528
12  30  2.497708
13  30  2.497558
14  30  2.499279
15  30  2.498974
16  30  2.498441
17  30  2.498227
18  30  2.496977
19  30  2.497087
20  30  2.497339
21  30  2.498705
22  30  2.499496
23  30  2.499098
24  30  2.499196
25  30  2.498799
26  30  2.499317
27  30  2.499234
28  30  2.499530
29  30  2.498775
30  30  2.498739
31  30  2.498503
32  30  2.499315
33  30  2.499264
34  30  2.499077
35  30  2.499455
36  30  2.498731
37  30  2.498691
38  30  2.499177
39  30  2.499086
40  30  2.497931
41  30  2.497274
42  30  2.497933
43  30  2.498963
44  30  2.499205
45  30  2.498897
46  30  2.498585
47  30  2.498457
48  30  2.498532
49  30  2.499483
50  30  2.498450
51  30  2.496989
52  30  2.496011
53  30  2.496900
54  30  2.498094
55  30  2.497798
56  30  2.498691
57  30  2.498669
58  30  2.499570
59  30  2.499506
60  30  2.499609
61  30  2.499464
62  30  2.499329
63  30  2.498814
0  31  2.498790
1  31  2.498672
2  31  2.499012
3  31  2.499049
4  31  2.499543
5  31  2.499187
6  31  2.498283
7  31  2.498634
8  31  2.498304
9  31  2.498993
10  31  2.498784
11  31  2.498508
12  31  2.497754
13  31  2.497183
14  31  2.499503
15  31  2.499238
16  31  2.499144
17  31  2.498528
18  31  2.498004
19  31  2.497259
20  31  2.497935
21  31  2.498407
22  31  2.499644
23  31  2.499136
24  31  2.499346
25  31  2.498652
26  31  2.498971
27  31  2.498588
28  31  2.498636
29  31  2.498563
30  31  2.498610
31  31  2.498851
32  31  2.499313
33  31  2.499417
34  31  2.498038
35  31  2.498891
36  31  2.499303
37  31  2.499243
38  31  2.499480
39  31  2.499469
40  31  2.499334
41  31  2.499011
42  31  2.499254
43  31  2.499009
44  31  2.498940
45  31  2.498520
46  31  2.498452
47  31  2.498403
48  31  2.498759
49  31  2.498875
50  31  2.497504
51  31  2.496067
52  31  2.495676
53  31  2.497649
54  31  2.498973
55  31  2.499180
56  31  2.499122
57  31  2.499050
58  31  2.499794
59  31  2.499502
60  31  2.499640
61  31  2.499299
62  31  2.499488
63  31  2.498569
0  32  2.498772
1  32  2.498661
2  32  2.498914
3  32  2.499085
4  32  2.499677
5  32  2.499132
6  32  2.497521
7  32  2.498254
8  32  2.497475
9  32  2.498782
10  32  2.498679
11  32  2.498574
12  32  2.498036
13  32  2.497711
14  32  2.499151
15  32  2.498779
16  32  2.499118
17  32  2.498912
18  32  2.498432
19  32  2.498404
20  32  2.498950
21  32  2.499201
22  32  2.499594
23  32  2.499058
24  32  2.499189
25  32  2.498937
26  32  2.498500
27  32  2.498420
28  32  2.498265
29  32  2.498602
30  32  2.498709
31  32  2.499302
32  32  2.499627
33  32  2.499595
34  32  2.498318
35  32  2.499075
36  32  2.499362
37  32  2.499265
38  32  2.499272
39  32  2.498829
40  32  2.499071
41  32  2.499308
42  32  2.499705
43  32  2.499499
44  32  2.498895
45  32  2.498545
46  32  2.498420
47  32  2.498920
48  32  2.499135
49  32  2.499316
50  32  2.499416
51  32  2.498996
52  32  2.498931
53  32  2.498703
54  32  2.498932
55  32  2.498984
56  32  2.498751
57  32  2.498524
58  32  2.498415
59  32  2.498195
60  32  2.498687
61  32  2.499197
62  32  2.499403
63  32  2.498680
0  33  2.498784
1  33  2.499119
2  33  2.499270
3  33  2.499760
4  33  2.499632
5  33  2.499013
6  33  2.496643
7  33  2.498395
8  33  2.498416
9  33  2.499161
10  33  2.499296
11  33  2.498513
12  33  2.498306
13  33  2.498239
14  33  2.498926
15  33  2.498380
16  33  2.497992
17  33  2.498261
18  33  2.498300
19  33  2.498250
20  33  2.498262
21  33  2.498455
22  33  2.499565
23  33  2.499077
24  33  2.499044
25  33  2.498949
26  33  2.498331
27  33  2.498224
28  33  2.497746
29  33  2.498414
30  33  2.498897
31  33  2.499558
32  33  2.499609
33  33  2.499655
34  33  2.498347
35  33  2.498856
36  33  2.499267
37  33  2.499355
38  33  2.499364
39  33  2.498112
40  33  2.498839
41  33  2.499202
42  33  2.499818
43  33  2.499668
44  33  2.499329
45  33  2.499023
46  33  2.498606
47  33  2.498837
48  33  2.498450
49  33  2.498872
50  33  2.499063
51  33  2.499446
52  33  2.499531
53  33  2.499051
54  33  2.499116
55  33  2.499069
56  33  2.498927
57  33  2.497319
58  33  2.496805
59  33  2.496115
60  33  2.498071
61  33  2.499507
62  33  2.499457
63  33  2.499013
0  34  2.498958
1  34  2.499415
2  34  2.498995
3  34  2.498721
4  34  2.498547
5  34  2.498455
6  34  2.497372
7  34  2.498900
8  34  2.498534
9  34  2.498566
10  34  2.498796
11  34  2.498646
12  34  2.499161
13  34  2.498876
14  34  2.497327
15  34  2.497380
16  34  2.497701
17  34  2.498987
18  34  2.498691
19  34  2.499027
20  34  2.498133
21  34  2.498768
22  34  2.499377
23  34  2.498612
24  34  2.498282
25  34  2.498473
26  34  2.498904
27  34  2.499082
28  34  2.497787
29  34  2.497754
30  34  2.498273
31  34  2.499114
32  34  2.499441
33  34  2.499447
34  34  2.498788
35  34  2.498749
36  34  2.498752
37  34  2.499155
38  34  2.498448
39  34  2.497365
40  34  2.498137
41  34  2.498669
42  34  2.499101
43  34  2.499556
44  34  2.499010
45  34  2.498964
46  34  2.498682
47  34  2.499289
48  34  2.498939
49  34  2.498714
50  34  2.498693
51  34  2.499690
52  34  2.499689
53  34  2.499234
54  34  2.499194
55  34  2.499550
56  34  2.499449
57  34  2.498122
58  34  2.498110
59  34  2.496589
60  34  2.497984
61  34  2.499422
62  34  2.498975
63  34  2.499035
0  35  2.499656
1  35  2.499815
2  35  2.499261
3  35  2.498676
4  35  2.498211
5  35  2.498056
6  35  2.497648
7  35  2.498448
8  35  2.497873
9  35  2.498045
10  35  2.498370
11  35  2.498862
12  35  2.499593
13  35  2.499390
14  35  2.497971
15  35  2.497854
16  35  2.497914
17  35  2.499132
18  35  2.498966
19  35  2.498978
20  35  2.498264
21  35  2.498580
22  35  2.499259
23  35  2.499162
24  35  2.498627
25  35  2.498258
26  35  2.499045
27  35  2.499302
28  35  2.497798
29  35  2.497533
30  35  2.497501
31  35  2.498077
32  35  2.498583
33  35  2.499098
34  35  2.499030
35  35  2.498926
36  35  2.498475
37  35  2.498124
38  35  2.498262
39  35  2.498554
40  35  2.498516
41  35  2.498963
42  35  2.498586
43  35  2.499196
44  35  2.499433
45  35  2.499175
46  35  2.498806
47  35  2.498753
48  35  2.498927
49  35  2.498620
50  35  2.498678
51  35  2.499252
52  35  2.499469
53  35  2.498962
54  35  2.499054
55  35  2.499438
56  35  2.499459
57  35  2.497576
58  35  2.497561
59  35  2.496836
60  35  2.498704
61  35  2.498886
62  35  2.498508
63  35  2.498610
0  36  2.499447
1  36  2.499539
2  36  2.499034
3  36  2.498337
4  36  2.498411
5  36  2.498545
6  36  2.498450
7  36  2.498600
8  36  2.497967
9  36  2.498390
10  36  2.498602
11  36  2.498829
12  36  2.498910
13  36  2.499427
14  36  2.499016
15  36  2.499229
16  36  2.499424
17  36  2.499552
18  36  2.499636
19  36  2.498876
20  36  2.498823
21  36  2.498899
22  36  2.499371
23  36  2.499302
24  36  2.498778
25  36  2.497734
26  36  2.498752
27  36  2.498984
28  36  2.497671
29  36  2.497056
30  36  2.497025
31  36  2.497808
32  36  2.498508
33  36  2.498919
34  36  2.498127
35  36  2.498901
36  36  2.498618
37  36  2.498367
38  36  2.497766
39  36  2.497755
40  36  2.497524
41  36  2.498974
42  36  2.498188
43  36  2.499284
44  36  2.499112
45  36  2.498935
46  36  2.497360
47  36  2.497901
48  36  2.498285
49  36  2.498767
50  36  2.498929
51  36  2.498672
52  36  2.499198
53  36  2.499381
54  36  2.499147
55  36  2.498783
56  36  2.499294
57  36  2.498979
58  36  2.497785
59  36  2.497720
60  36  2.498761
61  36  2.498321
62  36  2.497679
63  36  2.497933
0  37  2.499295
1  37  2.498715
2  37  2.498794
3  37  2.498932
4  37  2.499342
5  37  2.499515
6  37  2.499287
7  37  2.499365
8  37  2.498918
9  37  2.498785
10  37  2.498302
11  37  2.498770
12  37  2.498659
13  37  2.499322
14  37  2.499065
15  37  2.498974
16  37  2.499122
17  37  2.499654
18  37  2.499468
19  37  2.498935
20  37  2.498835
21  37  2.498962
22  37  2.499630
23  37  2.499601
24  37  2.499352
25  37  2.498164
26  37  2.497925
27  37  2.498371
28  37  2.498443
29  37  2.497990
30  37  2.498305
31  37  2.498544
32  37  2.498668
33  37  2.499054
34  37  2.498544
35  37  2.498933
36  37  2.498749
37  37  2.499353
38  37  2.498682
39  37  2.498258
40  37  2.497927
41  37  2.498840
42  37  2.498816
43  37  2.498924
44  37  2.498791
45  37  2.498830
46  37  2.497570
47  37  2.497561
48  37  2.497240
49  37  2.498566
50  37  2.499040
51  37  2.498740
52  37  2.499278
53  37  2.499466
54  37  2.499285
55  37  2.498314
56  37  2.497963
57  37  2.499171
58  37  2.497789
59  37  2.497337
60  37  2.497986
61  37  2.497717
62  37  2.497893
63  37  2.497946
0  38  2.499215
1  38  2.498491
2  38  2.498960
3  38  2.498293
4  38  2.499181
5  38  2.499337
6  38  2.499739
7  38  2.499581
8  38  2.499228
9  38  2.498939
10  38  2.498648
11  38  2.499078
12  38  2.498854
13  38  2.499374
14  38  2.499014
15  38  2.498742
16  38  2.498991
17  38  2.499484
18  38  2.499152
19  38  2.498893
20  38  2.498281
21  38  2.498620
22  38  2.498930
23  38  2.498926
24  38  2.498721
25  38  2.498057
26  38  2.497425
27  38  2.497549
28  38  2.498873
29  38  2.498101
30  38  2.498824
31  38  2.499310
32  38  2.499098
33  38  2.499043
34  38  2.497918
35  38  2.497781
36  38  2.497689
37  38  2.498871
38  38  2.498615
39  38  2.498272
40  38  2.498140
41  38  2.498576
42  38  2.499217
43  38  2.499075
44  38  2.498815
45  38  2.498714
46  38  2.497692
47  38  2.497405
48  38  2.497570
49  38  2.498745
50  38  2.498903
51  38  2.498744
52  38  2.499527
53  38  2.499347
54  38  2.498406
55  38  2.497668
56  38  2.497849
57  38  2.499316
58  38  2.497032
59  38  2.496425
60  38  2.497280
61  38  2.496834
62  38  2.497870
63  38  2.498409
0  39  2.498955
1  39  2.498350
2  39  2.498664
3  39  2.498543
4  39  2.499252
5  39  2.499349
6  39  2.498725
7  39  2.498612
8  39  2.498296
9  39  2.498607
10  39  2.498438
11  39  2.498361
12  39  2.498897
13  39  2.499284
14  39  2.499353
15  39  2.499026
16  39  2.498920
17  39  2.498651
18  39  2.498460
19  39  2.498145
20  39  2.498293
21  39  2.498313
22  39  2.498650
23  39  2.498452
24  39  2.498289
25  39  2.498442
26  39  2.497540
27  39  2.497662
28  39  2.498091
29  39  2.498109
30  39  2.498981
31  39  2.498944
32  39  2.498612
33  39  2.497623
34  39  2.498333
35  39  2.497801
36  39  2.498737
37  39  2.499054
38  39  2.499418
39  39  2.496912
40  39  2.496719
41  39  2.496785
42  39  2.498716
43  39  2.499062
44  39  2.499068
45  39  2.498887
46  39  2.499087
47  39  2.498418
48  39  2.499098
49  39  2.498619
50  39  2.499096
51  39  2.499285
52  39  2.499856
53  39  2.499003
54  39  2.497858
55  39  2.497826
56  39  2.498351
57  39  2.499209
58  39  2.497887
59  39  2.496591
60  39  2.497753
61  39  2.497645
62  39  2.499278
63  39  2.499270
0  40  2.499190
1  40  2.498638
2  40  2.498796
3  40  2.499094
4  40  2.499333
5  40  2.499424
6  40  2.498082
7  40  2.498050
8  40  2.498175
9  40  2.499065
10  40  2.498920
11  40  2.498880
12  40  2.498677
13  40  2.499154
14  40  2.499559
15  40  2.499502
16  40  2.499557
17  40  2.498178
18  40  2.498104
19  40  2.497808
20  40  2.499213
21  40  2.498471
22  40  2.498698
23  40  2.498488
24  40  2.498243
25  40  2.498556
26  40  2.498145
27  40  2.496951
28  40  2.495982
29  40  2.497237
30  40  2.499357
31  40  2.498886
32  40  2.498609
33  40  2.497667
34  40  2.497728
35  40  2.497711
36  40  2.499124
37  40  2.499203
38  40  2.499336
39  40  2.497803
40  40  2.498014
41  40  2.498471
42  40  2.499151
43  40  2.499643
44  40  2.499571
45  40  2.499492
46  40  2.499127
47  40  2.499097
48  40  2.499016
49  40  2.498338
50  40  2.498510
51  40  2.498731
52  40  2.499675
53  40  2.499148
54  40  2.498800
55  40  2.498627
56  40  2.499347
57  40  2.499381
58  40  2.498848
59  40  2.497821
60  40  2.499155
61  40  2.499198
62  40  2.499413
63  40  2.499531
0  41  2.499005
1  41  2.498620
2  41  2.498904
3  41  2.498938
4  41  2.499474
5  41  2.499515
6  41  2.497655
7  41  2.496486
8  41  2.497204
9  41  2.498115
10  41  2.499236
11  41  2.499038
12  41  2.498152
13  41  2.499074
14  41  2.499596
15  41  2.497838
16  41  2.497176
17  41  2.495699
18  41  2.497018
19  41  2.497684
20  41  2.499228
21  41  2.498586
22  41  2.499163
23  41  2.498867
24  41  2.499075
25  41  2.499336
26  41  2.498750
27  41  2.497894
28  41  2.496779
29  41  2.498184
30  41  2.499134
31  41  2.499154
32  41  2.499250
33  41  2.498293
34  41  2.497203
35  41  2.496596
36  41  2.498598
37  41  2.498559
38  41  2.499520
39  41  2.497391
40  41  2.498020
41  41  2.497998
42  41  2.498713
43  41  2.499134
44  41  2.499030
45  41  2.499286
46  41  2.498443
47  41  2.498292
48  41  2.497949
49  41  2.498293
50  41  2.498363
51  41  2.498459
52  41  2.498966
53  41  2.498101
54  41  2.499012
55  41  2.498923
56  41  2.499567
57  41  2.499450
58  41  2.499514
59  41  2.498369
60  41  2.499201
61  41  2.499319
62  41  2.499715
63  41  2.499698
0  42  2.499467
1  42  2.498978
2  42  2.499098
3  42  2.498761
4  42  2.499128
5  42  2.499163
6  42  2.499198
7  42  2.497571
8  42  2.498034
9  42  2.497843
10  42  2.498831
11  42  2.498847
12  42  2.498758
13  42  2.499187
14  42  2.499341
15  42  2.497522
16  42  2.497253
17  42  2.496626
18  42  2.497670
19  42  2.497597
20  42  2.499034
21  42  2.498324
22  42  2.498973
23  42  2.498982
24  42  2.499300
25  42  2.499658
26  42  2.498915
27  42  2.498122
28  42  2.497563
29  42  2.497055
30  42  2.497924
31  42  2.497912
32  42  2.499403
33  42  2.499472
34  42  2.497995
35  42  2.497642
36  42  2.497675
37  42  2.497773
38  42  2.499472
39  42  2.499163
40  42  2.499640
41  42  2.498243
42  42  2.498106
43  42  2.498135
44  42  2.498708
45  42  2.498263
46  42  2.497920
47  42  2.497415
48  42  2.497747
49  42  2.497712
50  42  2.497682
51  42  2.498672
52  42  2.499069
53  42  2.498319
54  42  2.498393
55  42  2.498029
56  42  2.498502
57  42  2.498792
58  42  2.499629
59  42  2.498765
60  42  2.499054
61  42  2.499120
62  42  2.499355
63  42  2.499300
0  43  2.499358
1  43  2.499520
2  43  2.499518
3  43  2.498638
4  43  2.498614
5  43  2.498202
6  43  2.499333
7  43  2.498635
8  43  2.498351
9  43  2.497838
10  43  2.498247
11  43  2.498555
12  43  2.498830
13  43  2.499634
14  43  2.499328
15  43  2.498037
16  43  2.497533
17  43  2.498039
18  43  2.498520
19  43  2.498792
20  43  2.499509
21  43  2.498202
22  43  2.498402
23  43  2.498545
24  43  2.498876
25  43  2.499540
26  43  2.498717
27  43  2.498573
28  43  2.498460
29  43  2.498133
30  43  2.498291
31  43  2.497744
32  43  2.499038
33  43  2.499351
34  43  2.499070
35  43  2.499169
36  43  2.497983
37  43  2.496852
38  43  2.498566
39  43  2.498875
40  43  2.497900
41  43  2.497451
42  43  2.496834
43  43  2.497160
44  43  2.497550
45  43  2.498422
46  43  2.499171
47  43  2.498278
48  43  2.498279
49  43  2.498198
50  43  2.498036
51  43  2.499106
52  43  2.498797
53  43  2.498322
54  43  2.498256
55  43  2.498426
56  43  2.498120
57  43  2.497976
58  43  2.498321
59  43  2.498527
60  43  2.499458
61  43  2.499355
62  43  2.498970
63  43  2.498931
0  44  2.498278
1  44  2.499155
2  44  2.499279
3  44  2.498578
4  44  2.498897
5  44  2.497726
6  44  2.498342
7  44  2.498029
8  44  2.498058
9  44  2.498150
10  44  2.498648
11  44  2.498847
12  44  2.499033
13  44  2.499328
14  44  2.499043
15  44  2.498992
16  44  2.499340
17  44  2.499461
18  44  2.498917
19  44  2.498799
20  44  2.499449
21  44  2.498181
22  44  2.498069
23  44  2.498393
24  44  2.498785
25  44  2.499454
26  44  2.499076
27  44  2.498741
28  44  2.498822
29  44  2.498211
30  44  2.497537
31  44  2.497076
32  44  2.496736
33  44  2.498587
34  44  2.498847
35  44  2.499760
36  44  2.497992
37  44  2.497062
38  44  2.498542
39  44  2.498605
40  44  2.498063
41  44  2.497714
42  44  2.498206
43  44  2.498283
44  44  2.498867
45  44  2.498716
46  44  2.498839
47  44  2.498425
48  44  2.498998
49  44  2.498324
50  44  2.498255
51  44  2.499698
52  44  2.499195
53  44  2.499056
54  44  2.498303
55  44  2.499028
56  44  2.498281
57  44  2.498529
58  44  2.498541
59  44  2.498734
60  44  2.499153
61  44  2.498065
62  44  2.496901
63  44  2.496906
0  45  2.498442
1  45  2.499034
2  45  2.498991
3  45  2.498291
4  45  2.498062
5  45  2.497802
6  45  2.497630
7  45  2.498680
8  45  2.499371
9  45  2.499418
10  45  2.499034
11  45  2.498722
12  45  2.498960
13  45  2.499073
14  45  2.499111
15  45  2.499235
16  45  2.499763
17  45  2.499448
18  45  2.499067
19  45  2.498984
20  45  2.499379
21  45  2.498821
22  45  2.498985
23  45  2.498723
24  45  2.498828
25  45  2.498541
26  45  2.497817
27  45  2.497668
28  45  2.498092
29  45  2.499075
30  45  2.498567
31  45  2.498745
32  45  2.498078
33  45  2.498829
34  45  2.498424
35  45  2.498894
36  45  2.498264
37  45  2.497930
38  45  2.498450
39  45  2.498752
40  45  2.498668
41  45  2.498554
42  45  2.498812
43  45  2.498134
44  45  2.498506
45  45  2.497879
46  45  2.498725
47  45  2.498229
48  45  2.499286
49  45  2.498504
50  45  2.498343
51  45  2.499637
52  45  2.498970
53  45  2.499087
54  45  2.497999
55  45  2.498714
56  45  2.497909
57  45  2.498219
58  45  2.497833
59  45  2.498004
60  45  2.498688
61  45  2.497915
62  45  2.498106
63  45  2.497593
0  46  2.498636
1  46  2.498286
2  46  2.498188
3  46  2.498497
4  46  2.498297
5  46  2.497869
6  46  2.497197
7  46  2.498417
8  46  2.499260
9  46  2.499329
10  46  2.498961
11  46  2.498706
12  46  2.498695
13  46  2.498960
14  46  2.498765
15  46  2.499184
16  46  2.499465
17  46  2.498858
18  46  2.499254
19  46  2.499382
20  46  2.498781
21  46  2.497338
22  46  2.497421
23  46  2.498109
24  46  2.498293
25  46  2.497789
26  46  2.498180
27  46  2.498122
28  46  2.498676
29  46  2.499677
30  46  2.498614
31  46  2.498439
32  46  2.498417
33  46  2.499251
34  46  2.499195
35  46  2.498569
36  46  2.497884
37  46  2.498374
38  46  2.498976
39  46  2.499003
40  46  2.499180
41  46  2.499028
42  46  2.499251
43  46  2.498483
44  46  2.498810
45  46  2.498116
46  46  2.498649
47  46  2.497494
48  46  2.497964
49  46  2.497277
50  46  2.498185
51  46  2.499285
52  46  2.497190
53  46  2.497111
54  46  2.495484
55  46  2.498063
56  46  2.498630
57  46  2.498555
58  46  2.498556
59  46  2.498829
60  46  2.498195
61  46  2.497720
62  46  2.499130
63  46  2.498577
0  47  2.498279
1  47  2.496898
2  47  2.496983
3  47  2.497456
4  47  2.498234
5  47  2.498982
6  47  2.498761
7  47  2.499482
8  47  2.499407
9  47  2.498959
10  47  2.499023
11  47  2.498297
12  47  2.498950
13  47  2.499309
14  47  2.499206
15  47  2.498550
16  47  2.498183
17  47  2.498328
18  47  2.499088
19  47  2.499372
20  47  2.498765
21  47  2.497117
22  47  2.497043
23  47  2.496970
24  47  2.498175
25  47  2.498741
26  47  2.498656
27  47  2.498113
28  47  2.498482
29  47  2.499518
30  47  2.499342
31  47  2.499119
32  47  2.498638
33  47  2.499181
34  47  2.499509
35  47  2.498598
36  47  2.498367
37  47  2.498765
38  47  2.499042
39  47  2.498657
40  47  2.498929
41  47  2.498546
42  47  2.497890
43  47  2.496404
44  47  2.497200
45  47  2.498079
46  47  2.498796
47  47  2.498055
48  47  2.498083
49  47  2.498132
50  47  2.498898
51  47  2.499335
52  47  2.497900
53  47  2.497483
54  47  2.495609
55  47  2.497117
56  47  2.498536
57  47  2.498194
58  47  2.498078
59  47  2.498467
60  47  2.496941
61  47  2.496397
62  47  2.496250
63  47  2.497999
0  48  2.498503
1  48  2.496103
2  48  2.497056
3  48  2.497599
4  48  2.498866
5  48  2.499116
6  48  2.499153
7  48  2.499489
8  48  2.499651
9  48  2.498349
10  48  2.498453
11  48  2.497063
12  48  2.498842
13  48  2.499626
14  48  2.499519
15  48  2.499126
16  48  2.498466
17  48  2.499108
18  48  2.499046
19  48  2.499326
20  48  2.498884
21  48  2.497567
22  48  2.496991
23  48  2.496477
24  48  2.497808
25  48  2.499223
26  48  2.499032
27  48  2.498512
28  48  2.498465
29  48  2.498194
30  48  2.498061
31  48  2.498881
32  48  2.497952
33  48  2.497766
34  48  2.499353
35  48  2.498398
36  48  2.499028
37  48  2.499759
38  48  2.499552
39  48  2.498511
40  48  2.498512
41  48  2.497576
42  48  2.497426
43  48  2.497436
44  48  2.498717
45  48  2.499619
46  48  2.499286
47  48  2.498941
48  48  2.498891
49  48  2.499237
50  48  2.499425
51  48  2.499631
52  48  2.498428
53  48  2.498715
54  48  2.498116
55  48  2.499145
56  48  2.499369
57  48  2.498848
58  48  2.498614
59  48  2.498570
60  48  2.497582
61  48  2.497046
62  48  2.497209
63  48  2.498384
0  49  2.498203
1  49  2.496605
2  49  2.498034
3  49  2.497834
4  49  2.498746
5  49  2.498826
6  49  2.498657
7  49  2.498975
8  49  2.499025
9  49  2.497606
10  49  2.497831
11  49  2.497335
12  49  2.498871
13  49  2.498871
14  49  2.499072
15  49  2.498632
16  49  2.498106
17  49  2.497874
18  49  2.498136
19  49  2.499220
20  49  2.499429
21  49  2.499492
22  49  2.498940
23  49  2.497691
24  49  2.497193
25  49  2.498877
26  49  2.498773
27  49  2.499027
28  49  2.498879
29  49  2.498287
30  49  2.498210
31  49  2.498647
32  49  2.497161
33  49  2.497178
34  49  2.498696
35  49  2.498193
36  49  2.498193
37  49  2.498083
38  49  2.499301
39  49  2.498811
40  49  2.498649
41  49  2.497902
42  49  2.498405
43  49  2.497244
44  49  2.498156
45  49  2.499128
46  49  2.499575
47  49  2.499750
48  49  2.499651
49  49  2.499540
50  49  2.499064
51  49  2.498971
52  49  2.499263
53  49  2.499691
54  49  2.499561
55  49  2.499199
56  49  2.499077
57  49  2.498999
58  49  2.497936
59  49  2.497359
60  49  2.497285
61  49  2.497996
62  49  2.498189
63  49  2.498760
0  50  2.498449
1  50  2.497325
2  50  2.498628
3  50  2.498625
4  50  2.498693
5  50  2.498961
6  50  2.498551
7  50  2.497473
8  50  2.497373
9  50  2.495654
10  50  2.496974
11  50  2.498141
12  50  2.499209
13  50  2.498787
14  50  2.498694
15  50  2.498436
16  50  2.497889
17  50  2.498478
18  50  2.498490
19  50  2.499456
20  50  2.499665
21  50  2.499446
22  50  2.499160
23  50  2.498199
24  50  2.497640
25  50  2.498854
26  50  2.499157
27  50  2.498622
28  50  2.498604
29  50  2.497840
30  50  2.498160
31  50  2.498494
32  50  2.497735
33  50  2.497563
34  50  2.498649
35  50  2.498443
36  50  2.498275
37  50  2.498135
38  50  2.498962
39  50  2.499062
40  50  2.498984
41  50  2.498004
42  50  2.498590
43  50  2.497228
44  50  2.498034
45  50  2.499050
46  50  2.499235
47  50  2.498443
48  50  2.497986
49  50  2.497643
50  50  2.498907
51  50  2.498949
52  50  2.499515
53  50  2.499160
54  50  2.499030
55  50  2.498158
56  50  2.497431
57  50  2.497178
58  50  2.497899
59  50  2.498602
60  50  2.498823
61  50  2.499270
62  50  2.499467
63  50  2.499222
0  51  2.497293
1  51  2.497903
2  51  2.499030
3  51  2.499164
4  51  2.498938
5  51  2.498736
6  51  2.498231
7  51  2.497982
8  51  2.498167
9  51  2.498366
10  51  2.497732
11  51  2.498713
12  51  2.499190
13  51  2.497778
14  51  2.498307
15  51  2.498219
16  51  2.498663
17  51  2.499373
18  51  2.498956
19  51  2.499057
20  51  2.499198
21  51  2.499362
22  51  2.499197
23  51  2.499232
24  51  2.497795
25  51  2.496956
26  51  2.496872
27  51  2.497591
28  51  2.498455
29  51  2.498759
30  51  2.499085
31  51  2.499277
32  51  2.498505
33  51  2.498143
34  51  2.498303
35  51  2.498267
36  51  2.498982
37  51  2.499172
38  51  2.499573
39  51  2.499623
40  51  2.499095
41  51  2.498447
42  51  2.498312
43  51  2.498499
44  51  2.498591
45  51  2.499112
46  51  2.499187
47  51  2.498161
48  51  2.497473
49  51  2.496418
50  51  2.498814
51  51  2.499100
52  51  2.499299
53  51  2.499532
54  51  2.499352
55  51  2.498839
56  51  2.497531
57  51  2.497219
58  51  2.497639
59  51  2.498047
60  51  2.497301
61  51  2.498466
62  51  2.497831
63  51  2.497241
0  52  2.498664
1  52  2.498791
2  52  2.498844
3  52  2.498876
4  52  2.499196
5  52  2.499134
6  52  2.498777
7  52  2.498073
8  52  2.498289
9  52  2.498666
10  52  2.497620
11  52  2.497920
12  52  2.498991
13  52  2.498436
14  52  2.499232
15  52  2.499025
16  52  2.499316
17  52  2.498887
18  52  2.497359
19  52  2.498554
20  52  2.498374
21  52  2.498804
22  52  2.498461
23  52  2.498748
24  52  2.498708
25  52  2.498601
26  52  2.498754
27  52  2.499125
28  52  2.499249
29  52  2.499541
30  52  2.499343
31  52  2.498904
32  52  2.498711
33  52  2.498858
34  52  2.499136
35  52  2.499034
36  52  2.499317
37  52  2.499167
38  52  2.499003
39  52  2.498823
40  52  2.498800
41  52  2.498826
42  52  2.498830
43  52  2.499377
44  52  2.498804
45  52  2.499274
46  52  2.499543
47  52  2.498536
48  52  2.497981
49  52  2.496604
50  52  2.499336
51  52  2.498737
52  52  2.498875
53  52  2.499466
54  52  2.499414
55  52  2.498536
56  52  2.497533
57  52  2.497184
58  52  2.498019
59  52  2.498774
60  52  2.497624
61  52  2.497932
62  52  2.496872
63  52  2.498228
0  53  2.498704
1  53  2.499171
2  53  2.498897
3  53  2.498600
4  53  2.498240
5  53  2.499121
6  53  2.498867
7  53  2.498581
8  53  2.498322
9  53  2.498705
10  53  2.498336
11  53  2.498228
12  53  2.499012
13  53  2.497760
14  53  2.498052
15  53  2.497668
16  53  2.498674
17  53  2.498910
18  53  2.497771
19  53  2.498460
20  53  2.498314
21  53  2.499199
22  53  2.499278
23  53  2.498440
24  53  2.498678
25  53  2.498959
26  53  2.498958
27  53  2.498022
28  53  2.498157
29  53  2.498235
30  53  2.499290
31  53  2.499019
32  53  2.498584
33  53  2.498086
34  53  2.498729
35  53  2.499053
36  53  2.498612
37  53  2.498692
38  53  2.498661
39  53  2.499263
40  53  2.499321
41  53  2.499041
42  53  2.499214
43  53  2.499670
44  53  2.498957
45  53  2.498816
46  53  2.499133
47  53  2.498834
48  53  2.498567
49  53  2.497801
50  53  2.498648
51  53  2.497473
52  53  2.497908
53  53  2.498441
54  53  2.498800
55  53  2.498699
56  53  2.499126
57  53  2.498956
58  53  2.499051
59  53  2.498999
60  53  2.498130
61  53  2.498398
62  53  2.496803
63  53  2.497808
0  54  2.498786
1  54  2.499242
2  54  2.498988
3  54  2.497739
4  54  2.497799
5  54  2.498536
6  54  2.498615
7  54  2.498460
8  54  2.498437
9  54  2.498778
10  54  2.498652
11  54  2.499097
12  54  2.499243
13  54  2.497786
14  54  2.497674
15  54  2.496487
16  54  2.497603
17  54  2.498966
18  54  2.498131
19  54  2.498093
20  54  2.497870
21  54  2.498920
22  54  2.499256
23  54  2.498238
24  54  2.498909
25  54  2.499456
26  54  2.499375
27  54  2.498143
28  54  2.497920
29  54  2.498183
30  54  2.498566
31  54  2.498474
32  54  2.498332
33  54  2.498384
34  54  2.498471
35  54  2.499372
36  54  2.499296
37  54  2.499285
38  54  2.499491
39  54  2.499094
40  54  2.499200
41  54  2.498507
42  54  2.498994
43  54  2.498919
44  54  2.497502
45  54  2.497332
46  54  2.497914
47  54  2.499207
48  54  2.498892
49  54  2.498993
50  54  2.498913
51  54  2.497796
52  54  2.498196
53  54  2.498082
54  54  2.499139
55  54  2.498572
56  54  2.498973
57  54  2.498988
58  54  2.499093
59  54  2.499060
60  54  2.498204
61  54  2.498557
62  54  2.498594
63  54  2.498935
0  55  2.498328
1  55  2.499068
2  55  2.498703
3  55  2.497397
4  55  2.498087
5  55  2.497939
6  55  2.498755
7  55  2.498672
8  55  2.499264
9  55  2.499201
10  55  2.499218
11  55  2.498958
12  55  2.498225
13  55  2.496988
14  55  2.497776
15  55  2.497266
16  55  2.497859
17  55  2.499298
18  55  2.499456
19  55  2.499150
20  55  2.499112
21  55  2.499213
22  55  2.499199
23  55  2.498111
24  55  2.498444
25  55  2.498413
26  55  2.498133
27  55  2.497283
28  55  2.498835
29  55  2.499292
30  55  2.499094
31  55  2.498501
32  55  2.498210
33  55  2.498903
34  55  2.498641
35  55  2.498966
36  55  2.499401
37  55  2.499466
38  55  2.499781
39  55  2.499169
40  55  2.499356
41  55  2.498215
42  55  2.498502
43  55  2.497675
44  55  2.497111
45  55  2.496706
46  55  2.497592
47  55  2.499002
48  55  2.498998
49  55  2.498910
50  55  2.499117
51  55  2.499244
52  55  2.498487
53  55  2.498129
54  55  2.498713
55  55  2.498503
56  55  2.498770
57  55  2.498887
58  55  2.499408
59  55  2.499320
60  55  2.499299
61  55  2.498533
62  55  2.498482
63  55  2.498439
0  56  2.498785
1  56  2.498490
2  56  2.497862
3  56  2.498094
4  56  2.499179
5  56  2.497172
6  56  2.498286
7  56  2.497986
8  56  2.497348
9  56  2.497956
10  56  2.498068
11  56  2.498958
12  56  2.498580
13  56  2.497447
14  56  2.497073
15  56  2.496367
16  56  2.497365
17  56  2.499219
18  56  2.499421
19  56  2.498679
20  56  2.498983
21  56  2.499438
22  56  2.499600
23  56  2.499053
24  56  2.499084
25  56  2.499172
26  56  2.498285
27  56  2.497266
28  56  2.498454
29  56  2.498023
30  56  2.499377
31  56  2.499473
32  56  2.498349
33  56  2.499059
34  56  2.499007
35  56  2.499457
36  56  2.498523
37  56  2.497997
38  56  2.496922
39  56  2.497633
40  56  2.498360
41  56  2.498554
42  56  2.498686
43  56  2.497730
44  56  2.498903
45  56  2.497222
46  56  2.497139
47  56  2.499082
48  56  2.499063
49  56  2.498883
50  56  2.499024
51  56  2.499608
52  56  2.497464
53  56  2.496942
54  56  2.498707
55  56  2.498617
56  56  2.499146
57  56  2.499369
58  56  2.499522
59  56  2.498955
60  56  2.498981
61  56  2.498362
62  56  2.498880
63  56  2.499017
0  57  2.498865
1  57  2.498830
2  57  2.498559
3  57  2.498676
4  57  2.499279
5  57  2.497629
6  57  2.498609
7  57  2.498537
8  57  2.497809
9  57  2.497538
10  57  2.497797
11  57  2.499254
12  57  2.499414
13  57  2.499142
14  57  2.499499
15  57  2.498976
16  57  2.498976
17  57  2.499087
18  57  2.498913
19  57  2.498603
20  57  2.498966
21  57  2.499318
22  57  2.499570
23  57  2.499300
24  57  2.499320
25  57  2.499166
26  57  2.498304
27  57  2.497440
28  57  2.498756
29  57  2.498317
30  57  2.498762
31  57  2.498468
32  57  2.498401
33  57  2.499408
34  57  2.499869
35  57  2.499787
36  57  2.497861
37  57  2.497011
38  57  2.496272
39  57  2.497665
40  57  2.498614
41  57  2.499425
42  57  2.498783
43  57  2.498043
44  57  2.498593
45  57  2.497540
46  57  2.497704
47  57  2.498998
48  57  2.498016
49  57  2.498362
50  57  2.498465
51  57  2.499352
52  57  2.496909
53  57  2.496554
54  57  2.498435
55  57  2.499204
56  57  2.499310
57  57  2.499339
58  57  2.499275
59  57  2.498903
60  57  2.498957
61  57  2.498373
62  57  2.498714
63  57  2.498781
0  58  2.498749
1  58  2.499136
2  58  2.499583
3  58  2.499308
4  58  2.499013
5  58  2.497521
6  58  2.497437
7  58  2.497530
8  58  2.498015
9  58  2.497659
10  58  2.497440
11  58  2.499557
12  58  2.499674
13  58  2.499059
14  58  2.499103
15  58  2.498228
16  58  2.498291
17  58  2.498929
18  58  2.499166
19  58  2.498846
20  58  2.499219
21  58  2.499192
22  58  2.499049
23  58  2.499081
24  58  2.498995
25  58  2.498580
26  58  2.498904
27  58  2.498111
28  58  2.498636
29  58  2.498230
30  58  2.498762
31  58  2.498853
32  58  2.499148
33  58  2.499510
34  58  2.499755
35  58  2.499676
36  58  2.498270
37  58  2.498728
38  58  2.498272
39  58  2.498604
40  58  2.498905
41  58  2.499753
42  58  2.498983
43  58  2.499204
44  58  2.499030
45  58  2.498480
46  58  2.497389
47  58  2.498970
48  58  2.498220
49  58  2.499022
50  58  2.498623
51  58  2.499146
52  58  2.497729
53  58  2.497539
54  58  2.498281
55  58  2.498322
56  58  2.499025
57  58  2.498822
58  58  2.499059
59  58  2.499404
60  58  2.499319
61  58  2.499583
62  58  2.499432
63  58  2.498776
0  59  2.498770
1  59  2.499164
2  59  2.499252
3  59  2.498580
4  59  2.498335
5  59  2.498225
6  59  2.498791
7  59  2.497456
8  59  2.497744
9  59  2.497813
10  59  2.497502
11  59  2.499453
12  59  2.499301
13  59  2.498777
14  59  2.498827
15  59  2.499518
16  59  2.498816
17  59  2.499210
18  59  2.499192
19  59  2.499197
20  59  2.499359
21  59  2.498872
22  59  2.498280
23  59  2.498640
24  59  2.498768
25  59  2.498501
26  59  2.498374
27  59  2.498631
28  59  2.498952
29  59  2.499295
30  59  2.499597
31  59  2.499442
32  59  2.499485
33  59  2.499508
34  59  2.499335
35  59  2.499082
36  59  2.496031
37  59  2.495814
38  59  2.495911
39  59  2.498842
40  59  2.498987
41  59  2.498713
42  59  2.498455
43  59  2.497834
44  59  2.496830
45  59  2.497842
46  59  2.497930
47  59  2.498893
48  59  2.498464
49  59  2.498982
50  59  2.498793
51  59  2.499145
52  59  2.499214
53  59  2.499559
54  59  2.499531
55  59  2.499049
56  59  2.499200
57  59  2.498739
58  59  2.498624
59  59  2.498806
60  59  2.499239
61  59  2.499835
62  59  2.499808
63  59  2.498808
0  60  2.498675
1  60  2.498586
2  60  2.499128
3  60  2.498440
4  60  2.497874
5  60  2.498179
6  60  2.498999
7  60  2.498082
8  60  2.498084
9  60  2.498260
10  60  2.498175
11  60  2.499144
12  60  2.498098
13  60  2.497795
14  60  2.497071
15  60  2.499584
16  60  2.498703
17  60  2.499020
18  60  2.499258
19  60  2.498801
20  60  2.498172
21  60  2.497897
22  60  2.497903
23  60  2.498668
24  60  2.498704
25  60  2.498750
26  60  2.498719
27  60  2.498969
28  60  2.498245
29  60  2.499285
30  60  2.499533
31  60  2.499206
32  60  2.499359
33  60  2.499332
34  60  2.499324
35  60  2.499289
36  60  2.498185
37  60  2.496860
38  60  2.496495
39  60  2.498551
40  60  2.498660
41  60  2.498348
42  60  2.498348
43  60  2.497802
44  60  2.496879
45  60  2.497612
46  60  2.497953
47  60  2.498086
48  60  2.497279
49  60  2.496844
50  60  2.498100
51  60  2.499146
52  60  2.498559
53  60  2.498057
54  60  2.498422
55  60  2.498022
56  60  2.499148
57  60  2.499023
58  60  2.499187
59  60  2.499362
60  60  2.499409
61  60  2.499535
62  60  2.499356
63  60  2.498860
0  61  2.499236
1  61  2.498777
2  61  2.497810
3  61  2.496345
4  61  2.496374
5  61  2.497173
6  61  2.498927
7  61  2.498787
8  61  2.499085
9  61  2.498985
10  61  2.499033
11  61  2.498963
12  61  2.498103
13  61  2.498555
14  61  2.497098
15  61  2.498048
16  61  2.498230
17  61  2.499016
18  61  2.499171
19  61  2.499213
20  61  2.498389
21  61  2.498229
22  61  2.497765
23  61  2.498536
24  61  2.499099
25  61  2.498788
26  61  2.499073
27  61  2.499244
28  61  2.498965
29  61  2.499618
30  61  2.499418
31  61  2.499182
32  61  2.499378
33  61  2.499266
34  61  2.498904
35  61  2.498752
36  61  2.498092
37  61  2.496881
38  61  2.494396
39  61  2.496732
40  61  2.498036
41  61  2.497958
42  61  2.498924
43  61  2.498133
44  61  2.497455
45  61  2.496925
46  61  2.496703
47  61  2.497972
48  61  2.497212
49  61  2.497249
50  61  2.498154
51  61  2.498984
52  61  2.498766
53  61  2.497197
54  61  2.497309
55  61  2.496105
56  61  2.499359
57  61  2.499404
58  61  2.499098
59  61  2.499157
60  61  2.499303
61  61  2.499514
62  61  2.499524
63  61  2.499596
0  62  2.499202
1  62  2.498855
2  62  2.498168
3  62  2.497358
4  62  2.497942
5  62  2.498144
6  62  2.498162
7  62  2.498621
8  62  2.499103
9  62  2.499481
10  62  2.499350
11  62  2.499240
12  62  2.498170
13  62  2.498382
14  62  2.497844
15  62  2.498328
16  62  2.498555
17  62  2.498942
18  62  2.499172
19  62  2.499408
20  62  2.499353
21  62  2.499482
22  62  2.498675
23  62  2.498668
24  62  2.499389
25  62  2.499380
26  62  2.499063
27  62  2.499110
28  62  2.499137
29  62  2.499713
30  62  2.499766
31  62  2.499511
32  62  2.499492
33  62  2.499091
34  62  2.499229
35  62  2.499221
36  62  2.498191
37  62  2.498242
38  62  2.496397
39  62  2.497446
40  62  2.498676
41  62  2.499028
42  62  2.499211
43  62  2.499017
44  62  2.498487
45  62  2.498465
46  62  2.498447
47  62  2.498829
48  62  2.497941
49  62  2.498051
50  62  2.498485
51  62  2.497630
52  62  2.497477
53  62  2.495387
54  62  2.497120
55  62  2.496245
56  62  2.499304
57  62  2.499591
58  62  2.499633
59  62  2.499624
60  62  2.499638
61  62  2.499637
62  62  2.499496
63  62  2.499592
0  63  2.499481
1  63  2.499478
2  63  2.499515
3  63  2.498889
4  63  2.499245
5  63  2.499183
6  63  2.499388
7  63  2.499079
8  63  2.499113
9  63  2.499500
10  63  2.499544
11  63  2.499636
12  63  2.499082
13  63  2.498808
14  63  2.498082
15  63  2.499043
16  63  2.499202
17  63  2.499361
18  63  2.498958
19  63  2.499293
20  63  2.499526
21  63  2.499404
22  63  2.499035
23  63  2.498617
24  63  2.499202
25  63  2.499109
26  63  2.498893
27  63  2.498511
28  63  2.498710
29  63  2.499053
30  63  2.499569
31  63  2.499320
32  63  2.499137
33  63  2.498749
34  63  2.499077
35  63  2.499204
36  63  2.498227
37  63  2.497862
38  63  2.496414
39  63  2.497398
40  63  2.499142
41  63  2.499155
42  63  2.499243
43  63  2.498803
44  63  2.498882
45  63  2.499309
46  63  2.498116
47  63  2.498206
48  63  2.497848
49  63  2.498748
50  63  2.498818
51  63  2.498381
52  63  2.498328
53  63  2.496751
54  63  2.498143
55  63  2.497421
56  63  2.498882
57  63  2.498815
58  63  2.498987
59  63  2.498907
60  63  2.498932
61  63  2.498760
62  63  2.499144
63  63  2.499285
