# Mass field m(x,y) = Delta * R(x,y) at t = 50 seconds
# Grid: 64 x 64
# Columns: x  y  mass
0  0  2.498814
1  0  2.498806
2  0  2.498661
3  0  2.496503
4  0  2.496379
5  0  2.496739
6  0  2.498916
7  0  2.498789
8  0  2.499758
9  0  2.499794
10  0  2.498083
11  0  2.496476
12  0  2.496127
13  0  2.496774
14  0  2.497513
15  0  2.498096
16  0  2.499625
17  0  2.499147
18  0  2.499173
19  0  2.498965
20  0  2.498946
21  0  2.499231
22  0  2.499003
23  0  2.498978
24  0  2.498926
25  0  2.498685
26  0  2.497894
27  0  2.498183
28  0  2.497253
29  0  2.497845
30  0  2.499253
31  0  2.497906
32  0  2.498851
33  0  2.498113
34  0  2.497650
35  0  2.498467
36  0  2.498012
37  0  2.497724
38  0  2.498262
39  0  2.498545
40  0  2.498870
41  0  2.498270
42  0  2.498538
43  0  2.497989
44  0  2.498321
45  0  2.497544
46  0  2.498215
47  0  2.498345
48  0  2.498341
49  0  2.498752
50  0  2.497194
51  0  2.496833
52  0  2.496786
53  0  2.498233
54  0  2.497785
55  0  2.498191
56  0  2.498568
57  0  2.499285
58  0  2.499075
59  0  2.497811
60  0  2.496614
61  0  2.497326
62  0  2.498299
63  0  2.498252
0  1  2.499025
1  1  2.499144
2  1  2.499194
3  1  2.499367
4  1  2.499052
5  1  2.498972
6  1  2.498982
7  1  2.499145
8  1  2.499849
9  1  2.499382
10  1  2.497752
11  1  2.495771
12  1  2.495851
13  1  2.496195
14  1  2.496535
15  1  2.498412
16  1  2.498847
17  1  2.498400
18  1  2.498649
19  1  2.498505
20  1  2.498278
21  1  2.498033
22  1  2.498407
23  1  2.498852
24  1  2.498857
25  1  2.498537
26  1  2.496278
27  1  2.496176
28  1  2.494677
29  1  2.498159
30  1  2.499015
31  1  2.498113
32  1  2.498547
33  1  2.498000
34  1  2.498132
35  1  2.498800
36  1  2.498212
37  1  2.498452
38  1  2.499153
39  1  2.499058
40  1  2.498797
41  1  2.499058
42  1  2.499419
43  1  2.499477
44  1  2.498954
45  1  2.498097
46  1  2.498299
47  1  2.499081
48  1  2.498761
49  1  2.499707
50  1  2.498519
51  1  2.497574
52  1  2.496567
53  1  2.496860
54  1  2.497006
55  1  2.497595
56  1  2.498889
57  1  2.499289
58  1  2.499141
59  1  2.498969
60  1  2.498840
61  1  2.498311
62  1  2.498394
63  1  2.499235
0  2  2.497893
1  2  2.498551
2  2  2.498381
3  2  2.498391
4  2  2.497760
5  2  2.498226
6  2  2.498689
7  2  2.499306
8  2  2.499225
9  2  2.498909
10  2  2.497300
11  2  2.495245
12  2  2.495086
13  2  2.494997
14  2  2.496038
15  2  2.498476
16  2  2.498696
17  2  2.498880
18  2  2.498917
19  2  2.499284
20  2  2.498633
21  2  2.497414
22  2  2.498506
23  2  2.498833
24  2  2.498848
25  2  2.498706
26  2  2.496240
27  2  2.496101
28  2  2.495210
29  2  2.499091
30  2  2.498824
31  2  2.498581
32  2  2.498152
33  2  2.498178
34  2  2.498270
35  2  2.498774
36  2  2.498393
37  2  2.498546
38  2  2.499795
39  2  2.499387
40  2  2.498858
41  2  2.498938
42  2  2.499246
43  2  2.499487
44  2  2.499342
45  2  2.498867
46  2  2.498497
47  2  2.498865
48  2  2.498533
49  2  2.499729
50  2  2.499749
51  2  2.498865
52  2  2.498385
53  2  2.497879
54  2  2.497824
55  2  2.497601
56  2  2.498025
57  2  2.497938
58  2  2.498204
59  2  2.498315
60  2  2.499036
61  2  2.498257
62  2  2.497521
63  2  2.497658
0  3  2.499367
1  3  2.498697
2  3  2.498550
3  3  2.498173
4  3  2.498951
5  3  2.498528
6  3  2.497797
7  3  2.498795
8  3  2.497669
9  3  2.498739
10  3  2.498729
11  3  2.498236
12  3  2.498353
13  3  2.496768
14  3  2.496141
15  3  2.499340
16  3  2.498762
17  3  2.496798
18  3  2.496940
19  3  2.497335
20  3  2.499101
21  3  2.498842
22  3  2.499622
23  3  2.499339
24  3  2.498038
25  3  2.498442
26  3  2.496075
27  3  2.496078
28  3  2.495844
29  3  2.499616
30  3  2.499239
31  3  2.498752
32  3  2.498846
33  3  2.498932
34  3  2.498278
35  3  2.497566
36  3  2.496799
37  3  2.498705
38  3  2.498847
39  3  2.499119
40  3  2.498878
41  3  2.498804
42  3  2.499056
43  3  2.498778
44  3  2.499445
45  3  2.499126
46  3  2.498461
47  3  2.497920
48  3  2.497890
49  3  2.499075
50  3  2.499704
51  3  2.499113
52  3  2.498693
53  3  2.498289
54  3  2.498890
55  3  2.499099
56  3  2.499264
57  3  2.498725
58  3  2.498730
59  3  2.498167
60  3  2.498312
61  3  2.497596
62  3  2.498174
63  3  2.498498
0  4  2.499100
1  4  2.498907
2  4  2.498599
3  4  2.498167
4  4  2.499018
5  4  2.498458
6  4  2.497210
7  4  2.498456
8  4  2.496819
9  4  2.498257
10  4  2.499086
11  4  2.499261
12  4  2.499050
13  4  2.498304
14  4  2.497566
15  4  2.498910
16  4  2.496955
17  4  2.496826
18  4  2.497492
19  4  2.498073
20  4  2.499112
21  4  2.498858
22  4  2.498742
23  4  2.498493
24  4  2.497497
25  4  2.497731
26  4  2.497289
27  4  2.498506
28  4  2.498894
29  4  2.499409
30  4  2.498862
31  4  2.498439
32  4  2.498062
33  4  2.496987
34  4  2.496784
35  4  2.497897
36  4  2.495857
37  4  2.497018
38  4  2.497488
39  4  2.497843
40  4  2.498674
41  4  2.498493
42  4  2.498314
43  4  2.498239
44  4  2.498861
45  4  2.498700
46  4  2.499052
47  4  2.498156
48  4  2.497862
49  4  2.497730
50  4  2.498778
51  4  2.498444
52  4  2.498050
53  4  2.499518
54  4  2.499293
55  4  2.499553
56  4  2.499261
57  4  2.499226
58  4  2.498776
59  4  2.497431
60  4  2.497947
61  4  2.497598
62  4  2.498317
63  4  2.498363
0  5  2.498622
1  5  2.498868
2  5  2.498842
3  5  2.497764
4  5  2.498637
5  5  2.497976
6  5  2.496653
7  5  2.498579
8  5  2.497782
9  5  2.498312
10  5  2.498940
11  5  2.498700
12  5  2.498184
13  5  2.498183
14  5  2.498827
15  5  2.499156
16  5  2.496537
17  5  2.497094
18  5  2.497890
19  5  2.497894
20  5  2.498944
21  5  2.498596
22  5  2.498713
23  5  2.498545
24  5  2.497564
25  5  2.497791
26  5  2.497824
27  5  2.499283
28  5  2.499545
29  5  2.499538
30  5  2.499169
31  5  2.499094
32  5  2.498741
33  5  2.497274
34  5  2.496485
35  5  2.496363
36  5  2.495715
37  5  2.497591
38  5  2.497170
39  5  2.497424
40  5  2.498167
41  5  2.497880
42  5  2.497344
43  5  2.497634
44  5  2.498597
45  5  2.499022
46  5  2.499543
47  5  2.498817
48  5  2.498209
49  5  2.497728
50  5  2.498475
51  5  2.498487
52  5  2.498185
53  5  2.499504
54  5  2.499504
55  5  2.499757
56  5  2.499359
57  5  2.498753
58  5  2.497426
59  5  2.497859
60  5  2.498656
61  5  2.497517
62  5  2.498321
63  5  2.498059
0  6  2.498255
1  6  2.499564
2  6  2.499651
3  6  2.497748
4  6  2.498323
5  6  2.498789
6  6  2.497951
7  6  2.498110
8  6  2.498721
9  6  2.496769
10  6  2.498284
11  6  2.498951
12  6  2.498220
13  6  2.498800
14  6  2.499292
15  6  2.499311
16  6  2.497181
17  6  2.497768
18  6  2.496907
19  6  2.498427
20  6  2.498405
21  6  2.498308
22  6  2.498688
23  6  2.498994
24  6  2.498782
25  6  2.497625
26  6  2.497345
27  6  2.497918
28  6  2.499272
29  6  2.497775
30  6  2.497777
31  6  2.497571
32  6  2.498542
33  6  2.498278
34  6  2.497149
35  6  2.497697
36  6  2.496795
37  6  2.498217
38  6  2.497834
39  6  2.497293
40  6  2.497927
41  6  2.497833
42  6  2.498551
43  6  2.497671
44  6  2.498118
45  6  2.498764
46  6  2.499301
47  6  2.499326
48  6  2.499120
49  6  2.498100
50  6  2.497062
51  6  2.497165
52  6  2.497613
53  6  2.498568
54  6  2.498839
55  6  2.499363
56  6  2.498197
57  6  2.497862
58  6  2.497028
59  6  2.498204
60  6  2.499560
61  6  2.499307
62  6  2.499075
63  6  2.498711
0  7  2.499152
1  7  2.499549
2  7  2.499287
3  7  2.497957
4  7  2.498556
5  7  2.498638
6  7  2.498446
7  7  2.498255
8  7  2.499068
9  7  2.497175
10  7  2.496827
11  7  2.497029
12  7  2.496685
13  7  2.497012
14  7  2.499298
15  7  2.499216
16  7  2.498197
17  7  2.497544
18  7  2.496832
19  7  2.498231
20  7  2.497959
21  7  2.498399
22  7  2.499593
23  7  2.499593
24  7  2.499414
25  7  2.498290
26  7  2.497905
27  7  2.497788
28  7  2.499154
29  7  2.498285
30  7  2.498534
31  7  2.497863
32  7  2.498899
33  7  2.498061
34  7  2.497434
35  7  2.497622
36  7  2.497380
37  7  2.497775
38  7  2.498503
39  7  2.498538
40  7  2.497957
41  7  2.498245
42  7  2.498909
43  7  2.498853
44  7  2.497886
45  7  2.498538
46  7  2.498405
47  7  2.498726
48  7  2.499347
49  7  2.499121
50  7  2.499418
51  7  2.498672
52  7  2.498935
53  7  2.498851
54  7  2.499094
55  7  2.498869
56  7  2.497890
57  7  2.497861
58  7  2.498041
59  7  2.498792
60  7  2.499111
61  7  2.499016
62  7  2.498887
63  7  2.499223
0  8  2.499032
1  8  2.498885
2  8  2.498993
3  8  2.498198
4  8  2.498835
5  8  2.499128
6  8  2.498825
7  8  2.497961
8  8  2.498988
9  8  2.497054
10  8  2.496977
11  8  2.495408
12  8  2.497295
13  8  2.497509
14  8  2.499417
15  8  2.499209
16  8  2.498624
17  8  2.497911
18  8  2.497149
19  8  2.497170
20  8  2.496714
21  8  2.497980
22  8  2.498490
23  8  2.499001
24  8  2.499144
25  8  2.498314
26  8  2.498137
27  8  2.498081
28  8  2.499233
29  8  2.498887
30  8  2.498996
31  8  2.497938
32  8  2.498591
33  8  2.497901
34  8  2.497313
35  8  2.497391
36  8  2.497549
37  8  2.498269
38  8  2.498964
39  8  2.499475
40  8  2.498264
41  8  2.498155
42  8  2.498454
43  8  2.499024
44  8  2.497916
45  8  2.498086
46  8  2.498158
47  8  2.498687
48  8  2.499335
49  8  2.498964
50  8  2.498523
51  8  2.498178
52  8  2.497591
53  8  2.497645
54  8  2.498127
55  8  2.498669
56  8  2.498132
57  8  2.498291
58  8  2.498561
59  8  2.498308
60  8  2.498614
61  8  2.498308
62  8  2.498891
63  8  2.499156
0  9  2.498268
1  9  2.499113
2  9  2.498784
3  9  2.498053
4  9  2.497834
5  9  2.498395
6  9  2.498797
7  9  2.498127
8  9  2.498044
9  9  2.498663
10  9  2.498742
11  9  2.495953
12  9  2.494987
13  9  2.495305
14  9  2.498432
15  9  2.499266
16  9  2.498893
17  9  2.497867
18  9  2.497370
19  9  2.497506
20  9  2.497772
21  9  2.498410
22  9  2.497968
23  9  2.498085
24  9  2.499188
25  9  2.499237
26  9  2.499266
27  9  2.498756
28  9  2.498942
29  9  2.499603
30  9  2.499498
31  9  2.498907
32  9  2.498940
33  9  2.498592
34  9  2.498881
35  9  2.498693
36  9  2.498905
37  9  2.498144
38  9  2.498887
39  9  2.499013
40  9  2.498919
41  9  2.498919
42  9  2.499194
43  9  2.499577
44  9  2.498414
45  9  2.498893
46  9  2.499455
47  9  2.499394
48  9  2.499289
49  9  2.498863
50  9  2.499020
51  9  2.499013
52  9  2.497555
53  9  2.498128
54  9  2.498059
55  9  2.498832
56  9  2.498818
57  9  2.499132
58  9  2.499245
59  9  2.498575
60  9  2.498981
61  9  2.498802
62  9  2.499431
63  9  2.498769
0  10  2.498344
1  10  2.499093
2  10  2.498340
3  10  2.498443
4  10  2.497390
5  10  2.498343
6  10  2.498710
7  10  2.497777
8  10  2.497611
9  10  2.497753
10  10  2.498045
11  10  2.497149
12  10  2.497131
13  10  2.498625
14  10  2.498664
15  10  2.499115
16  10  2.499219
17  10  2.499368
18  10  2.498973
19  10  2.498948
20  10  2.497416
21  10  2.497614
22  10  2.497804
23  10  2.496825
24  10  2.498625
25  10  2.498898
26  10  2.499240
27  10  2.498793
28  10  2.499103
29  10  2.499621
30  10  2.498983
31  10  2.498619
32  10  2.498582
33  10  2.499061
34  10  2.499121
35  10  2.498792
36  10  2.498750
37  10  2.498245
38  10  2.498424
39  10  2.498507
40  10  2.498785
41  10  2.497924
42  10  2.498605
43  10  2.499614
44  10  2.498691
45  10  2.498776
46  10  2.498603
47  10  2.499127
48  10  2.499192
49  10  2.498250
50  10  2.498852
51  10  2.498217
52  10  2.497783
53  10  2.498622
54  10  2.498265
55  10  2.498899
56  10  2.499162
57  10  2.499138
58  10  2.499437
59  10  2.498715
60  10  2.498964
61  10  2.498803
62  10  2.499222
63  10  2.498838
0  11  2.497951
1  11  2.498199
2  11  2.497931
3  11  2.498466
4  11  2.497475
5  11  2.498607
6  11  2.498989
7  11  2.497925
8  11  2.497952
9  11  2.498685
10  11  2.499461
11  11  2.497416
12  11  2.496526
13  11  2.498968
14  11  2.498463
15  11  2.498544
16  11  2.499084
17  11  2.498631
18  11  2.498668
19  11  2.498506
20  11  2.496521
21  11  2.495676
22  11  2.498042
23  11  2.496769
24  11  2.498441
25  11  2.498640
26  11  2.498892
27  11  2.498159
28  11  2.498230
29  11  2.498410
30  11  2.498797
31  11  2.499001
32  11  2.499075
33  11  2.499267
34  11  2.499230
35  11  2.499303
36  11  2.499296
37  11  2.498906
38  11  2.498041
39  11  2.497998
40  11  2.498292
41  11  2.496613
42  11  2.498383
43  11  2.499145
44  11  2.499142
45  11  2.499196
46  11  2.498622
47  11  2.498969
48  11  2.499305
49  11  2.498102
50  11  2.498275
51  11  2.498102
52  11  2.499051
53  11  2.498988
54  11  2.498549
55  11  2.499069
56  11  2.499267
57  11  2.499676
58  11  2.499368
59  11  2.499062
60  11  2.499055
61  11  2.499005
62  11  2.498438
63  11  2.497862
0  12  2.498911
1  12  2.498706
2  12  2.498780
3  12  2.498548
4  12  2.498202
5  12  2.498691
6  12  2.499003
7  12  2.498917
8  12  2.497508
9  12  2.497483
10  12  2.497588
11  12  2.497877
12  12  2.497918
13  12  2.499441
14  12  2.499333
15  12  2.498433
16  12  2.497117
17  12  2.496898
18  12  2.497664
19  12  2.498622
20  12  2.495685
21  12  2.495107
22  12  2.497899
23  12  2.497826
24  12  2.498540
25  12  2.498554
26  12  2.499490
27  12  2.498788
28  12  2.498724
29  12  2.498635
30  12  2.499035
31  12  2.498856
32  12  2.498201
33  12  2.498110
34  12  2.498252
35  12  2.497739
36  12  2.497243
37  12  2.497418
38  12  2.497287
39  12  2.498841
40  12  2.498889
41  12  2.496909
42  12  2.497624
43  12  2.498355
44  12  2.499253
45  12  2.499490
46  12  2.498852
47  12  2.499316
48  12  2.498781
49  12  2.497837
50  12  2.497635
51  12  2.498320
52  12  2.499761
53  12  2.499587
54  12  2.498996
55  12  2.499123
56  12  2.498897
57  12  2.499229
58  12  2.498565
59  12  2.498147
60  12  2.498158
61  12  2.497869
62  12  2.498936
63  12  2.498375
0  13  2.498307
1  13  2.498285
2  13  2.498425
3  13  2.498827
4  13  2.498916
5  13  2.498557
6  13  2.498696
7  13  2.499039
8  13  2.497968
9  13  2.498091
10  13  2.498158
11  13  2.499050
12  13  2.498668
13  13  2.498475
14  13  2.498088
15  13  2.497747
16  13  2.498236
17  13  2.498418
18  13  2.498840
19  13  2.498535
20  13  2.497632
21  13  2.496730
22  13  2.498598
23  13  2.498845
24  13  2.499082
25  13  2.499086
26  13  2.499260
27  13  2.499034
28  13  2.498827
29  13  2.498768
30  13  2.499182
31  13  2.499144
32  13  2.498675
33  13  2.498882
34  13  2.498140
35  13  2.497979
36  13  2.498220
37  13  2.498060
38  13  2.497573
39  13  2.498911
40  13  2.498796
41  13  2.496936
42  13  2.497472
43  13  2.498510
44  13  2.499712
45  13  2.499733
46  13  2.498742
47  13  2.499115
48  13  2.498642
49  13  2.499154
50  13  2.498092
51  13  2.498403
52  13  2.498681
53  13  2.499312
54  13  2.498726
55  13  2.498568
56  13  2.498446
57  13  2.498780
58  13  2.498167
59  13  2.497691
60  13  2.498223
61  13  2.497918
62  13  2.498991
63  13  2.498423
0  14  2.498815
1  14  2.499205
2  14  2.498783
3  14  2.499363
4  14  2.498954
5  14  2.498811
6  14  2.498866
7  14  2.498871
8  14  2.497714
9  14  2.497734
10  14  2.498835
11  14  2.499470
12  14  2.499328
13  14  2.498554
14  14  2.498226
15  14  2.498575
16  14  2.498980
17  14  2.498278
18  14  2.497957
19  14  2.498062
20  14  2.498514
21  14  2.498588
22  14  2.499481
23  14  2.499256
24  14  2.499091
25  14  2.498738
26  14  2.499219
27  14  2.498692
28  14  2.498907
29  14  2.499044
30  14  2.499288
31  14  2.499178
32  14  2.498700
33  14  2.499687
34  14  2.498676
35  14  2.497701
36  14  2.497984
37  14  2.498010
38  14  2.498477
39  14  2.499199
40  14  2.498374
41  14  2.498676
42  14  2.498802
43  14  2.499091
44  14  2.499686
45  14  2.499510
46  14  2.498134
47  14  2.497478
48  14  2.496984
49  14  2.498423
50  14  2.498225
51  14  2.498622
52  14  2.498534
53  14  2.499111
54  14  2.498753
55  14  2.498904
56  14  2.498846
57  14  2.499027
58  14  2.498508
59  14  2.498058
60  14  2.497925
61  14  2.498082
62  14  2.498885
63  14  2.499230
0  15  2.498750
1  15  2.499035
2  15  2.498733
3  15  2.498584
4  15  2.498119
5  15  2.497471
6  15  2.498191
7  15  2.498097
8  15  2.498867
9  15  2.498784
10  15  2.499226
11  15  2.499162
12  15  2.499302
13  15  2.498129
14  15  2.497739
15  15  2.498415
16  15  2.499301
17  15  2.498953
18  15  2.499116
19  15  2.499672
20  15  2.499480
21  15  2.499601
22  15  2.499459
23  15  2.499483
24  15  2.498476
25  15  2.498381
26  15  2.498877
27  15  2.498923
28  15  2.498857
29  15  2.498811
30  15  2.498505
31  15  2.498252
32  15  2.497827
33  15  2.498243
34  15  2.498656
35  15  2.498498
36  15  2.499187
37  15  2.499161
38  15  2.498837
39  15  2.499122
40  15  2.498489
41  15  2.498662
42  15  2.498478
43  15  2.498718
44  15  2.499600
45  15  2.499494
46  15  2.497967
47  15  2.497105
48  15  2.497259
49  15  2.498675
50  15  2.498621
51  15  2.498569
52  15  2.496954
53  15  2.497578
54  15  2.497163
55  15  2.498446
56  15  2.498582
57  15  2.498471
58  15  2.498446
59  15  2.498940
60  15  2.498716
61  15  2.498911
62  15  2.498912
63  15  2.499457
0  16  2.498555
1  16  2.498995
2  16  2.499018
3  16  2.498178
4  16  2.498454
5  16  2.497673
6  16  2.498071
7  16  2.498139
8  16  2.499008
9  16  2.499084
10  16  2.499429
11  16  2.498679
12  16  2.498365
13  16  2.498255
14  16  2.498709
15  16  2.499033
16  16  2.498495
17  16  2.498390
18  16  2.499056
19  16  2.499447
20  16  2.499346
21  16  2.499366
22  16  2.499337
23  16  2.499253
24  16  2.498376
25  16  2.498378
26  16  2.499232
27  16  2.498777
28  16  2.498794
29  16  2.498426
30  16  2.498686
31  16  2.498615
32  16  2.498387
33  16  2.497741
34  16  2.498272
35  16  2.498406
36  16  2.499319
37  16  2.499243
38  16  2.499002
39  16  2.499161
40  16  2.499004
41  16  2.499050
42  16  2.497426
43  16  2.496689
44  16  2.497264
45  16  2.498281
46  16  2.497907
47  16  2.497424
48  16  2.497539
49  16  2.498604
50  16  2.498664
51  16  2.498559
52  16  2.497693
53  16  2.498292
54  16  2.498573
55  16  2.499223
56  16  2.498822
57  16  2.499188
58  16  2.498732
59  16  2.499004
60  16  2.498706
61  16  2.498875
62  16  2.498249
63  16  2.498709
0  17  2.498055
1  17  2.498660
2  17  2.498750
3  17  2.498059
4  17  2.498462
5  17  2.498009
6  17  2.498543
7  17  2.499130
8  17  2.499436
9  17  2.499372
10  17  2.498063
11  17  2.498490
12  17  2.496921
13  17  2.498210
14  17  2.498358
15  17  2.498932
16  17  2.498739
17  17  2.499198
18  17  2.499514
19  17  2.499488
20  17  2.499115
21  17  2.499332
22  17  2.499323
23  17  2.498965
24  17  2.498362
25  17  2.498858
26  17  2.499121
27  17  2.499784
28  17  2.499685
29  17  2.499697
30  17  2.499338
31  17  2.499047
32  17  2.498687
33  17  2.497641
34  17  2.497552
35  17  2.497626
36  17  2.498959
37  17  2.499264
38  17  2.499774
39  17  2.499363
40  17  2.499537
41  17  2.498794
42  17  2.497779
43  17  2.497735
44  17  2.498365
45  17  2.498370
46  17  2.498425
47  17  2.498717
48  17  2.498616
49  17  2.498917
50  17  2.498148
51  17  2.498070
52  17  2.497807
53  17  2.498338
54  17  2.498752
55  17  2.499146
56  17  2.498768
57  17  2.499069
58  17  2.498703
59  17  2.499271
60  17  2.499401
61  17  2.499641
62  17  2.498052
63  17  2.498279
0  18  2.498025
1  18  2.498473
2  18  2.498648
3  18  2.498847
4  18  2.499111
5  18  2.498762
6  18  2.498780
7  18  2.499391
8  18  2.499336
9  18  2.499329
10  18  2.498361
11  18  2.499014
12  18  2.497010
13  18  2.498055
14  18  2.498529
15  18  2.499404
16  18  2.499197
17  18  2.498702
18  18  2.498658
19  18  2.497783
20  18  2.498171
21  18  2.497840
22  18  2.498130
23  18  2.498319
24  18  2.498685
25  18  2.499190
26  18  2.499395
27  18  2.499457
28  18  2.499451
29  18  2.499354
30  18  2.499004
31  18  2.498750
32  18  2.499615
33  18  2.499243
34  18  2.497900
35  18  2.496099
36  18  2.496545
37  18  2.498962
38  18  2.498950
39  18  2.498181
40  18  2.497672
41  18  2.497785
42  18  2.497597
43  18  2.498651
44  18  2.498604
45  18  2.498831
46  18  2.498922
47  18  2.498985
48  18  2.498470
49  18  2.498512
50  18  2.498204
51  18  2.496598
52  18  2.496733
53  18  2.497226
54  18  2.497647
55  18  2.498100
56  18  2.498385
57  18  2.499127
58  18  2.499396
59  18  2.499537
60  18  2.499086
61  18  2.499229
62  18  2.497972
63  18  2.498107
0  19  2.498158
1  19  2.498665
2  19  2.498909
3  19  2.498964
4  19  2.499130
5  19  2.498995
6  19  2.499527
7  19  2.499318
8  19  2.498985
9  19  2.498629
10  19  2.496923
11  19  2.497288
12  19  2.497006
13  19  2.499038
14  19  2.499335
15  19  2.499259
16  19  2.499457
17  19  2.498692
18  19  2.498342
19  19  2.497132
20  19  2.498821
21  19  2.498830
22  19  2.498982
23  19  2.498837
24  19  2.498928
25  19  2.498842
26  19  2.498493
27  19  2.498922
28  19  2.499364
29  19  2.499218
30  19  2.498635
31  19  2.498681
32  19  2.499487
33  19  2.499174
34  19  2.497523
35  19  2.496331
36  19  2.496630
37  19  2.499176
38  19  2.498799
39  19  2.498254
40  19  2.497536
41  19  2.497277
42  19  2.498291
43  19  2.499152
44  19  2.499737
45  19  2.499201
46  19  2.498878
47  19  2.498743
48  19  2.498687
49  19  2.499243
50  19  2.499151
51  19  2.497095
52  19  2.497755
53  19  2.498124
54  19  2.498440
55  19  2.498709
56  19  2.499316
57  19  2.499608
58  19  2.499067
59  19  2.498662
60  19  2.497680
61  19  2.497794
62  19  2.497376
63  19  2.497852
0  20  2.499283
1  20  2.498595
2  20  2.499005
3  20  2.498911
4  20  2.498738
5  20  2.498048
6  20  2.499036
7  20  2.499327
8  20  2.498669
9  20  2.498020
10  20  2.497395
11  20  2.497766
12  20  2.498039
13  20  2.499005
14  20  2.499130
15  20  2.499238
16  20  2.499438
17  20  2.498610
18  20  2.498094
19  20  2.496765
20  20  2.498390
21  20  2.498171
22  20  2.498843
23  20  2.498603
24  20  2.497897
25  20  2.498436
26  20  2.497925
27  20  2.498769
28  20  2.498820
29  20  2.497859
30  20  2.497976
31  20  2.498260
32  20  2.499254
33  20  2.498880
34  20  2.496932
35  20  2.495324
36  20  2.496588
37  20  2.498898
38  20  2.498338
39  20  2.498348
40  20  2.498245
41  20  2.498036
42  20  2.498172
43  20  2.498726
44  20  2.499524
45  20  2.499774
46  20  2.499462
47  20  2.499487
48  20  2.499170
49  20  2.498683
50  20  2.497766
51  20  2.497445
52  20  2.498457
53  20  2.498260
54  20  2.499048
55  20  2.499045
56  20  2.499086
57  20  2.499101
58  20  2.497763
59  20  2.497262
60  20  2.498356
61  20  2.498185
62  20  2.498897
63  20  2.499165
0  21  2.498923
1  21  2.498688
2  21  2.498924
3  21  2.499170
4  21  2.499313
5  21  2.498619
6  21  2.499404
7  21  2.499333
8  21  2.498738
9  21  2.498286
10  21  2.497831
11  21  2.497991
12  21  2.498962
13  21  2.498680
14  21  2.498793
15  21  2.499223
16  21  2.499689
17  21  2.499147
18  21  2.498705
19  21  2.498166
20  21  2.498372
21  21  2.498428
22  21  2.499291
23  21  2.499230
24  21  2.498611
25  21  2.499142
26  21  2.498809
27  21  2.499180
28  21  2.498292
29  21  2.496415
30  21  2.499129
31  21  2.499221
32  21  2.499723
33  21  2.499312
34  21  2.498735
35  21  2.497598
36  21  2.499121
37  21  2.499041
38  21  2.499096
39  21  2.499019
40  21  2.499285
41  21  2.498769
42  21  2.498343
43  21  2.498057
44  21  2.499091
45  21  2.499297
46  21  2.499374
47  21  2.499412
48  21  2.498895
49  21  2.497498
50  21  2.496891
51  21  2.498170
52  21  2.498989
53  21  2.498432
54  21  2.499112
55  21  2.499233
56  21  2.499391
57  21  2.499240
58  21  2.497437
59  21  2.496955
60  21  2.497705
61  21  2.496734
62  21  2.498061
63  21  2.498204
0  22  2.498812
1  22  2.498987
2  22  2.499004
3  22  2.499249
4  22  2.499407
5  22  2.498457
6  22  2.498888
7  22  2.499354
8  22  2.498752
9  22  2.498909
10  22  2.498441
11  22  2.498488
12  22  2.499543
13  22  2.499147
14  22  2.499145
15  22  2.499260
16  22  2.499473
17  22  2.499191
18  22  2.498770
19  22  2.498290
20  22  2.498017
21  22  2.498282
22  22  2.499197
23  22  2.499596
24  22  2.499435
25  22  2.499575
26  22  2.499331
27  22  2.498977
28  22  2.498354
29  22  2.496310
30  22  2.498818
31  22  2.499472
32  22  2.499802
33  22  2.499308
34  22  2.498948
35  22  2.497501
36  22  2.498268
37  22  2.499003
38  22  2.498311
39  22  2.498447
40  22  2.498810
41  22  2.499526
42  22  2.499257
43  22  2.499186
44  22  2.498633
45  22  2.498821
46  22  2.499222
47  22  2.499316
48  22  2.498487
49  22  2.497433
50  22  2.497245
51  22  2.498533
52  22  2.498292
53  22  2.497963
54  22  2.497999
55  22  2.498630
56  22  2.498851
57  22  2.499267
58  22  2.496831
59  22  2.496718
60  22  2.498165
61  22  2.496461
62  22  2.497797
63  22  2.497194
0  23  2.498602
1  23  2.499087
2  23  2.499177
3  23  2.499288
4  23  2.499389
5  23  2.498893
6  23  2.498825
7  23  2.497994
8  23  2.497650
9  23  2.498925
10  23  2.499311
11  23  2.499344
12  23  2.499342
13  23  2.499012
14  23  2.498710
15  23  2.498978
16  23  2.499100
17  23  2.498668
18  23  2.498660
19  23  2.498100
20  23  2.498259
21  23  2.498176
22  23  2.498816
23  23  2.498890
24  23  2.498712
25  23  2.499035
26  23  2.498459
27  23  2.498227
28  23  2.497819
29  23  2.496490
30  23  2.497131
31  23  2.499011
32  23  2.498958
33  23  2.498387
34  23  2.498314
35  23  2.498240
36  23  2.498465
37  23  2.499176
38  23  2.498504
39  23  2.498274
40  23  2.498513
41  23  2.499244
42  23  2.498979
43  23  2.498885
44  23  2.498400
45  23  2.498395
46  23  2.499329
47  23  2.498836
48  23  2.497676
49  23  2.497436
50  23  2.497803
51  23  2.498547
52  23  2.498321
53  23  2.498364
54  23  2.497996
55  23  2.498298
56  23  2.498572
57  23  2.498849
58  23  2.497313
59  23  2.496633
60  23  2.497550
61  23  2.497946
62  23  2.497695
63  23  2.497360
0  24  2.498708
1  24  2.499701
2  24  2.499712
3  24  2.499575
4  24  2.499319
5  24  2.498718
6  24  2.498561
7  24  2.497945
8  24  2.497588
9  24  2.498888
10  24  2.498586
11  24  2.498994
12  24  2.498831
13  24  2.498983
14  24  2.498616
15  24  2.498890
16  24  2.498886
17  24  2.498804
18  24  2.498625
19  24  2.498587
20  24  2.498667
21  24  2.498830
22  24  2.498816
23  24  2.498773
24  24  2.498740
25  24  2.498352
26  24  2.498230
27  24  2.498346
28  24  2.498155
29  24  2.497620
30  24  2.496702
31  24  2.499318
32  24  2.498918
33  24  2.499006
34  24  2.498645
35  24  2.498826
36  24  2.498616
37  24  2.499271
38  24  2.498903
39  24  2.498924
40  24  2.499112
41  24  2.499179
42  24  2.498691
43  24  2.498678
44  24  2.498117
45  24  2.498363
46  24  2.498215
47  24  2.497851
48  24  2.498815
49  24  2.499451
50  24  2.499578
51  24  2.499243
52  24  2.498430
53  24  2.498537
54  24  2.498272
55  24  2.497433
56  24  2.496460
57  24  2.496984
58  24  2.497196
59  24  2.497139
60  24  2.498021
61  24  2.497214
62  24  2.497084
63  24  2.497111
0  25  2.497916
1  25  2.499461
2  25  2.499487
3  25  2.499650
4  25  2.499037
5  25  2.498909
6  25  2.499057
7  25  2.497435
8  25  2.497102
9  25  2.497576
10  25  2.498675
11  25  2.499044
12  25  2.498670
13  25  2.498013
14  25  2.497725
15  25  2.499044
16  25  2.499210
17  25  2.499257
18  25  2.499028
19  25  2.498400
20  25  2.498580
21  25  2.498868
22  25  2.498805
23  25  2.498663
24  25  2.498783
25  25  2.497977
26  25  2.497485
27  25  2.497819
28  25  2.497885
29  25  2.497959
30  25  2.496653
31  25  2.499396
32  25  2.499087
33  25  2.498836
34  25  2.498515
35  25  2.499055
36  25  2.499346
37  25  2.499598
38  25  2.498501
39  25  2.498211
40  25  2.498418
41  25  2.498748
42  25  2.498088
43  25  2.498211
44  25  2.498272
45  25  2.498561
46  25  2.498724
47  25  2.497179
48  25  2.498394
49  25  2.499274
50  25  2.499423
51  25  2.498961
52  25  2.498389
53  25  2.498439
54  25  2.498902
55  25  2.498526
56  25  2.498192
57  25  2.497856
58  25  2.498113
59  25  2.497582
60  25  2.498466
61  25  2.497783
62  25  2.498181
63  25  2.497873
0  26  2.498105
1  26  2.499553
2  26  2.499406
3  26  2.499567
4  26  2.499171
5  26  2.499108
6  26  2.499109
7  26  2.498551
8  26  2.498110
9  26  2.497420
10  26  2.498182
11  26  2.498149
12  26  2.498212
13  26  2.498052
14  26  2.497905
15  26  2.498859
16  26  2.499057
17  26  2.498681
18  26  2.498445
19  26  2.498041
20  26  2.498895
21  26  2.498600
22  26  2.498945
23  26  2.498564
24  26  2.497682
25  26  2.498210
26  26  2.497919
27  26  2.497942
28  26  2.498757
29  26  2.498270
30  26  2.497563
31  26  2.499547
32  26  2.499162
33  26  2.499377
34  26  2.499299
35  26  2.499408
36  26  2.499119
37  26  2.499383
38  26  2.497763
39  26  2.496794
40  26  2.497771
41  26  2.497739
42  26  2.498326
43  26  2.498600
44  26  2.497700
45  26  2.496941
46  26  2.497157
47  26  2.497970
48  26  2.499230
49  26  2.499521
50  26  2.499353
51  26  2.499207
52  26  2.498640
53  26  2.498706
54  26  2.499047
55  26  2.498714
56  26  2.498583
57  26  2.499252
58  26  2.498994
59  26  2.498971
60  26  2.499241
61  26  2.498790
62  26  2.497710
63  26  2.497890
0  27  2.498235
1  27  2.499239
2  27  2.499550
3  27  2.499496
4  27  2.499147
5  27  2.499475
6  27  2.498335
7  27  2.497742
8  27  2.497960
9  27  2.497261
10  27  2.496867
11  27  2.497001
12  27  2.497783
13  27  2.498785
14  27  2.498698
15  27  2.499063
16  27  2.499160
17  27  2.497921
18  27  2.497482
19  27  2.497581
20  27  2.499033
21  27  2.498785
22  27  2.498789
23  27  2.498666
24  27  2.497104
25  27  2.498099
26  27  2.498678
27  27  2.498738
28  27  2.499004
29  27  2.498568
30  27  2.497841
31  27  2.499291
32  27  2.499334
33  27  2.498223
34  27  2.497882
35  27  2.497640
36  27  2.498992
37  27  2.498217
38  27  2.494533
39  27  2.495426
40  27  2.498313
41  27  2.498536
42  27  2.499074
43  27  2.498684
44  27  2.498390
45  27  2.498098
46  27  2.498433
47  27  2.498826
48  27  2.499330
49  27  2.499334
50  27  2.499193
51  27  2.499219
52  27  2.498927
53  27  2.498706
54  27  2.498825
55  27  2.499349
56  27  2.499356
57  27  2.499513
58  27  2.498892
59  27  2.498899
60  27  2.498918
61  27  2.499304
62  27  2.498530
63  27  2.498291
0  28  2.498120
1  28  2.499158
2  28  2.499214
3  28  2.499619
4  28  2.499382
5  28  2.499580
6  28  2.498298
7  28  2.498248
8  28  2.498332
9  28  2.497622
10  28  2.497067
11  28  2.497150
12  28  2.498456
13  28  2.498887
14  28  2.497742
15  28  2.497728
16  28  2.498128
17  28  2.497838
18  28  2.497206
19  28  2.497560
20  28  2.498995
21  28  2.499120
22  28  2.498755
23  28  2.498451
24  28  2.496815
25  28  2.498035
26  28  2.498692
27  28  2.498350
28  28  2.499131
29  28  2.498131
30  28  2.498364
31  28  2.499412
32  28  2.499596
33  28  2.497967
34  28  2.497491
35  28  2.496616
36  28  2.497746
37  28  2.497184
38  28  2.495647
39  28  2.495916
40  28  2.497675
41  28  2.498088
42  28  2.499047
43  28  2.499288
44  28  2.499099
45  28  2.499442
46  28  2.499157
47  28  2.499360
48  28  2.499571
49  28  2.499600
50  28  2.499383
51  28  2.499217
52  28  2.498675
53  28  2.498947
54  28  2.498830
55  28  2.499486
56  28  2.499481
57  28  2.499705
58  28  2.498703
59  28  2.498452
60  28  2.498211
61  28  2.498778
62  28  2.498421
63  28  2.498407
0  29  2.497218
1  29  2.497965
2  29  2.499271
3  29  2.499233
4  29  2.498873
5  29  2.498553
6  29  2.497379
7  29  2.498045
8  29  2.497645
9  29  2.498364
10  29  2.499172
11  29  2.499196
12  29  2.498559
13  29  2.499082
14  29  2.497981
15  29  2.498003
16  29  2.497932
17  29  2.498291
18  29  2.498130
19  29  2.498316
20  29  2.499075
21  29  2.499722
22  29  2.499144
23  29  2.498840
24  29  2.498138
25  29  2.496973
26  29  2.497222
27  29  2.497645
28  29  2.499217
29  29  2.498890
30  29  2.499268
31  29  2.499255
32  29  2.498955
33  29  2.497398
34  29  2.497157
35  29  2.496595
36  29  2.498281
37  29  2.498080
38  29  2.497071
39  29  2.495987
40  29  2.496263
41  29  2.496845
42  29  2.497948
43  29  2.498236
44  29  2.498527
45  29  2.499311
46  29  2.499430
47  29  2.499376
48  29  2.499691
49  29  2.499209
50  29  2.499056
51  29  2.499330
52  29  2.499475
53  29  2.499329
54  29  2.499019
55  29  2.499060
56  29  2.499458
57  29  2.499754
58  29  2.498856
59  29  2.497043
60  29  2.496791
61  29  2.497046
62  29  2.497700
63  29  2.497849
0  30  2.497978
1  30  2.498134
2  30  2.499129
3  30  2.498920
4  30  2.498632
5  30  2.497821
6  30  2.497959
7  30  2.498949
8  30  2.498839
9  30  2.499150
10  30  2.499027
11  30  2.499336
12  30  2.499176
13  30  2.499063
14  30  2.498262
15  30  2.498008
16  30  2.498039
17  30  2.499122
18  30  2.498939
19  30  2.498813
20  30  2.499358
21  30  2.499280
22  30  2.498727
23  30  2.498680
24  30  2.498404
25  30  2.497213
26  30  2.496455
27  30  2.497693
28  30  2.498413
29  30  2.498010
30  30  2.499314
31  30  2.498697
32  30  2.498318
33  30  2.497390
34  30  2.498203
35  30  2.497906
36  30  2.499006
37  30  2.499567
38  30  2.499225
39  30  2.498975
40  30  2.498264
41  30  2.498643
42  30  2.497862
43  30  2.498440
44  30  2.498501
45  30  2.499023
46  30  2.499187
47  30  2.499348
48  30  2.499567
49  30  2.499146
50  30  2.499007
51  30  2.498147
52  30  2.498713
53  30  2.498901
54  30  2.498940
55  30  2.498091
56  30  2.499212
57  30  2.499155
58  30  2.499254
59  30  2.498669
60  30  2.498462
61  30  2.496816
62  30  2.496122
63  30  2.498590
0  31  2.498989
1  31  2.498882
2  31  2.499263
3  31  2.498618
4  31  2.497919
5  31  2.497876
6  31  2.498078
7  31  2.498980
8  31  2.498946
9  31  2.499370
10  31  2.499184
11  31  2.499281
12  31  2.499622
13  31  2.499379
14  31  2.499474
15  31  2.499310
16  31  2.499422
17  31  2.498801
18  31  2.498945
19  31  2.498994
20  31  2.499431
21  31  2.499084
22  31  2.498298
23  31  2.498172
24  31  2.497954
25  31  2.498833
26  31  2.497578
27  31  2.497854
28  31  2.497091
29  31  2.497552
30  31  2.498487
31  31  2.498422
32  31  2.498235
33  31  2.497403
34  31  2.498837
35  31  2.498247
36  31  2.498700
37  31  2.498444
38  31  2.498910
39  31  2.498740
40  31  2.498585
41  31  2.498872
42  31  2.498447
43  31  2.498366
44  31  2.498687
45  31  2.499262
46  31  2.499707
47  31  2.498842
48  31  2.498595
49  31  2.497900
50  31  2.498405
51  31  2.497854
52  31  2.498603
53  31  2.497633
54  31  2.497566
55  31  2.497215
56  31  2.499114
57  31  2.498777
58  31  2.499159
59  31  2.498907
60  31  2.498776
61  31  2.496491
62  31  2.494963
63  31  2.498915
0  32  2.499221
1  32  2.499457
2  32  2.498682
3  32  2.498090
4  32  2.497002
5  32  2.497951
6  32  2.498201
7  32  2.499270
8  32  2.499303
9  32  2.498652
10  32  2.498385
11  32  2.498725
12  32  2.499520
13  32  2.499165
14  32  2.499439
15  32  2.499592
16  32  2.499438
17  32  2.498907
18  32  2.498586
19  32  2.497869
20  32  2.498165
21  32  2.498305
22  32  2.498971
23  32  2.498169
24  32  2.498458
25  32  2.498367
26  32  2.497917
27  32  2.497183
28  32  2.496786
29  32  2.497670
30  32  2.498495
31  32  2.498318
32  32  2.498644
33  32  2.497834
34  32  2.498142
35  32  2.497722
36  32  2.497710
37  32  2.497138
38  32  2.497636
39  32  2.498135
40  32  2.498921
41  32  2.498348
42  32  2.498133
43  32  2.498109
44  32  2.498710
45  32  2.499016
46  32  2.499243
47  32  2.498652
48  32  2.497619
49  32  2.497648
50  32  2.498424
51  32  2.497895
52  32  2.498560
53  32  2.497046
54  32  2.497266
55  32  2.497737
56  32  2.498519
57  32  2.497479
58  32  2.498183
59  32  2.498720
60  32  2.498493
61  32  2.496718
62  32  2.496216
63  32  2.499172
0  33  2.497370
1  33  2.498193
2  33  2.499135
3  33  2.498377
4  33  2.497733
5  33  2.498199
6  33  2.498911
7  33  2.499494
8  33  2.499653
9  33  2.498753
10  33  2.498612
11  33  2.499056
12  33  2.499724
13  33  2.498750
14  33  2.498642
15  33  2.498637
16  33  2.499499
17  33  2.498911
18  33  2.498245
19  33  2.497259
20  33  2.497676
21  33  2.498754
22  33  2.498641
23  33  2.497996
24  33  2.498072
25  33  2.499094
26  33  2.499209
27  33  2.498909
28  33  2.498742
29  33  2.498591
30  33  2.497349
31  33  2.497439
32  33  2.498335
33  33  2.499161
34  33  2.498654
35  33  2.498389
36  33  2.498102
37  33  2.497114
38  33  2.497903
39  33  2.498444
40  33  2.499512
41  33  2.498836
42  33  2.498840
43  33  2.498522
44  33  2.498518
45  33  2.498542
46  33  2.498732
47  33  2.497391
48  33  2.496276
49  33  2.495516
50  33  2.497897
51  33  2.498643
52  33  2.499481
53  33  2.498489
54  33  2.498018
55  33  2.497013
56  33  2.497276
57  33  2.498175
58  33  2.498565
59  33  2.498596
60  33  2.498814
61  33  2.498272
62  33  2.497707
63  33  2.497632
0  34  2.496934
1  34  2.497137
2  34  2.498423
3  34  2.498222
4  34  2.498481
5  34  2.499248
6  34  2.499718
7  34  2.499809
8  34  2.499831
9  34  2.498723
10  34  2.498439
11  34  2.498627
12  34  2.499107
13  34  2.498964
14  34  2.498949
15  34  2.498544
16  34  2.499032
17  34  2.498597
18  34  2.498207
19  34  2.497358
20  34  2.497702
21  34  2.498655
22  34  2.499016
23  34  2.498057
24  34  2.498085
25  34  2.499484
26  34  2.499558
27  34  2.499334
28  34  2.499388
29  34  2.499070
30  34  2.498081
31  34  2.497679
32  34  2.497939
33  34  2.498739
34  34  2.497936
35  34  2.498833
36  34  2.499122
37  34  2.498057
38  34  2.497289
39  34  2.497695
40  34  2.498480
41  34  2.498676
42  34  2.498620
43  34  2.498567
44  34  2.498196
45  34  2.498315
46  34  2.498451
47  34  2.498947
48  34  2.498922
49  34  2.498917
50  34  2.498920
51  34  2.499382
52  34  2.499648
53  34  2.498753
54  34  2.497997
55  34  2.496704
56  34  2.498155
57  34  2.499329
58  34  2.499276
59  34  2.498939
60  34  2.498493
61  34  2.498401
62  34  2.499456
63  34  2.499176
0  35  2.496795
1  35  2.497158
2  35  2.498855
3  35  2.498412
4  35  2.498362
5  35  2.498483
6  35  2.499378
7  35  2.499580
8  35  2.499198
9  35  2.499271
10  35  2.498851
11  35  2.499009
12  35  2.498593
13  35  2.499035
14  35  2.499314
15  35  2.498779
16  35  2.499091
17  35  2.498884
18  35  2.498475
19  35  2.498491
20  35  2.498820
21  35  2.499510
22  35  2.499461
23  35  2.498735
24  35  2.497959
25  35  2.498812
26  35  2.499381
27  35  2.499533
28  35  2.498593
29  35  2.498647
30  35  2.498768
31  35  2.498154
32  35  2.498164
33  35  2.498483
34  35  2.498176
35  35  2.498580
36  35  2.499354
37  35  2.499206
38  35  2.497753
39  35  2.497301
40  35  2.497483
41  35  2.499266
42  35  2.499304
43  35  2.499061
44  35  2.498472
45  35  2.498536
46  35  2.498701
47  35  2.499008
48  35  2.499117
49  35  2.499294
50  35  2.497777
51  35  2.497994
52  35  2.498618
53  35  2.499198
54  35  2.498512
55  35  2.498153
56  35  2.499602
57  35  2.499474
58  35  2.499652
59  35  2.499042
60  35  2.498065
61  35  2.498136
62  35  2.498463
63  35  2.498146
0  36  2.498394
1  36  2.498180
2  36  2.498554
3  36  2.498521
4  36  2.498918
5  36  2.499211
6  36  2.499395
7  36  2.499549
8  36  2.499121
9  36  2.499356
10  36  2.498975
11  36  2.498964
12  36  2.498407
13  36  2.498187
14  36  2.498135
15  36  2.497310
16  36  2.497647
17  36  2.498487
18  36  2.498673
19  36  2.498915
20  36  2.498542
21  36  2.499334
22  36  2.499500
23  36  2.498959
24  36  2.498353
25  36  2.497811
26  36  2.498268
27  36  2.499018
28  36  2.498520
29  36  2.498793
30  36  2.499002
31  36  2.498324
32  36  2.498155
33  36  2.498047
34  36  2.498138
35  36  2.498639
36  36  2.499421
37  36  2.499750
38  36  2.499173
39  36  2.497751
40  36  2.496901
41  36  2.499009
42  36  2.498686
43  36  2.499284
44  36  2.499345
45  36  2.499629
46  36  2.499449
47  36  2.499558
48  36  2.499489
49  36  2.498907
50  36  2.497606
51  36  2.498425
52  36  2.498855
53  36  2.499102
54  36  2.497896
55  36  2.497199
56  36  2.499200
57  36  2.499411
58  36  2.499717
59  36  2.498696
60  36  2.498470
61  36  2.498615
62  36  2.499066
63  36  2.498527
0  37  2.499195
1  37  2.498754
2  37  2.498559
3  37  2.498758
4  37  2.498901
5  37  2.498805
6  37  2.499223
7  37  2.499328
8  37  2.498944
9  37  2.498866
10  37  2.499147
11  37  2.498821
12  37  2.498602
13  37  2.498111
14  37  2.497658
15  37  2.497824
16  37  2.498798
17  37  2.499254
18  37  2.499243
19  37  2.499013
20  37  2.498412
21  37  2.498743
22  37  2.499235
23  37  2.499555
24  37  2.498830
25  37  2.498388
26  37  2.498266
27  37  2.499206
28  37  2.498773
29  37  2.498768
30  37  2.498828
31  37  2.498642
32  37  2.498735
33  37  2.497877
34  37  2.498652
35  37  2.499122
36  37  2.499367
37  37  2.499755
38  37  2.498836
39  37  2.498054
40  37  2.497696
41  37  2.499090
42  37  2.498988
43  37  2.499279
44  37  2.499286
45  37  2.499148
46  37  2.498986
47  37  2.498940
48  37  2.498508
49  37  2.498647
50  37  2.498201
51  37  2.498525
52  37  2.498906
53  37  2.498733
54  37  2.497605
55  37  2.497801
56  37  2.498634
57  37  2.499175
58  37  2.499445
59  37  2.498800
60  37  2.498736
61  37  2.498793
62  37  2.499587
63  37  2.499535
0  38  2.498788
1  38  2.498258
2  38  2.498099
3  38  2.499026
4  38  2.499169
5  38  2.499285
6  38  2.499715
7  38  2.499628
8  38  2.499494
9  38  2.499006
10  38  2.499253
11  38  2.498376
12  38  2.498904
13  38  2.497461
14  38  2.497266
15  38  2.496895
16  38  2.498121
17  38  2.498704
18  38  2.499148
19  38  2.499382
20  38  2.499043
21  38  2.498193
22  38  2.498091
23  38  2.499557
24  38  2.499720
25  38  2.499451
26  38  2.499465
27  38  2.499178
28  38  2.498947
29  38  2.499084
30  38  2.499315
31  38  2.499309
32  38  2.498832
33  38  2.498054
34  38  2.498659
35  38  2.498161
36  38  2.498578
37  38  2.498626
38  38  2.499243
39  38  2.498999
40  38  2.499109
41  38  2.499453
42  38  2.498764
43  38  2.498936
44  38  2.499082
45  38  2.499169
46  38  2.499160
47  38  2.498833
48  38  2.498089
49  38  2.499195
50  38  2.499309
51  38  2.497761
52  38  2.497661
53  38  2.496967
54  38  2.498309
55  38  2.497961
56  38  2.498742
57  38  2.498700
58  38  2.499473
59  38  2.498893
60  38  2.498975
61  38  2.498901
62  38  2.499266
63  38  2.499160
0  39  2.499408
1  39  2.498938
2  39  2.498799
3  39  2.499292
4  39  2.498592
5  39  2.498545
6  39  2.498769
7  39  2.498943
8  39  2.499146
9  39  2.498834
10  39  2.499245
11  39  2.498579
12  39  2.498853
13  39  2.497788
14  39  2.498130
15  39  2.496832
16  39  2.498713
17  39  2.498793
18  39  2.498719
19  39  2.498670
20  39  2.498166
21  39  2.498351
22  39  2.497996
23  39  2.499248
24  39  2.499238
25  39  2.499272
26  39  2.499426
27  39  2.498939
28  39  2.498789
29  39  2.499099
30  39  2.499656
31  39  2.498953
32  39  2.498386
33  39  2.497990
34  39  2.498247
35  39  2.497866
36  39  2.498815
37  39  2.498704
38  39  2.499494
39  39  2.499213
40  39  2.499327
41  39  2.499438
42  39  2.499345
43  39  2.499283
44  39  2.499227
45  39  2.499090
46  39  2.499107
47  39  2.498723
48  39  2.497718
49  39  2.499318
50  39  2.499591
51  39  2.497229
52  39  2.496745
53  39  2.495687
54  39  2.498297
55  39  2.498545
56  39  2.498698
57  39  2.498707
58  39  2.499780
59  39  2.499349
60  39  2.499095
61  39  2.498608
62  39  2.498960
63  39  2.499023
0  40  2.499006
1  40  2.499139
2  40  2.498863
3  40  2.498900
4  40  2.498775
5  40  2.498317
6  40  2.498959
7  40  2.499259
8  40  2.499410
9  40  2.498994
10  40  2.499274
11  40  2.498607
12  40  2.498814
13  40  2.497559
14  40  2.497933
15  40  2.497727
16  40  2.498841
17  40  2.498832
18  40  2.497466
19  40  2.497412
20  40  2.496517
21  40  2.497063
22  40  2.497365
23  40  2.498660
24  40  2.499194
25  40  2.498450
26  40  2.497624
27  40  2.497010
28  40  2.497396
29  40  2.498012
30  40  2.497781
31  40  2.498663
32  40  2.499185
33  40  2.499358
34  40  2.498467
35  40  2.497857
36  40  2.498224
37  40  2.498300
38  40  2.499003
39  40  2.498543
40  40  2.497921
41  40  2.498054
42  40  2.498925
43  40  2.499563
44  40  2.499451
45  40  2.499079
46  40  2.498851
47  40  2.498975
48  40  2.498628
49  40  2.499199
50  40  2.499573
51  40  2.497525
52  40  2.497097
53  40  2.496053
54  40  2.498889
55  40  2.499036
56  40  2.499329
57  40  2.498358
58  40  2.499355
59  40  2.499248
60  40  2.498959
61  40  2.498381
62  40  2.498177
63  40  2.498658
0  41  2.499361
1  41  2.499110
2  41  2.498842
3  41  2.499182
4  41  2.499785
5  41  2.498472
6  41  2.498421
7  41  2.498437
8  41  2.498973
9  41  2.498320
10  41  2.498507
11  41  2.499408
12  41  2.498782
13  41  2.497294
14  41  2.498200
15  41  2.497957
16  41  2.499172
17  41  2.499053
18  41  2.497371
19  41  2.498568
20  41  2.499029
21  41  2.498991
22  41  2.497945
23  41  2.498211
24  41  2.498777
25  41  2.498214
26  41  2.497757
27  41  2.497663
28  41  2.496472
29  41  2.496541
30  41  2.496579
31  41  2.498536
32  41  2.498641
33  41  2.498793
34  41  2.499095
35  41  2.499370
36  41  2.498593
37  41  2.497926
38  41  2.498049
39  41  2.497935
40  41  2.498166
41  41  2.498158
42  41  2.498293
43  41  2.499227
44  41  2.498882
45  41  2.498767
46  41  2.498649
47  41  2.498945
48  41  2.499027
49  41  2.498467
50  41  2.498544
51  41  2.498625
52  41  2.499301
53  41  2.498999
54  41  2.499141
55  41  2.499724
56  41  2.499705
57  41  2.498732
58  41  2.498700
59  41  2.499027
60  41  2.498939
61  41  2.498042
62  41  2.498166
63  41  2.498769
0  42  2.498694
1  42  2.498512
2  42  2.498729
3  42  2.499582
4  42  2.499426
5  42  2.498747
6  42  2.498252
7  42  2.498338
8  42  2.498575
9  42  2.498102
10  42  2.498144
11  42  2.498815
12  42  2.498927
13  42  2.499220
14  42  2.499793
15  42  2.499528
16  42  2.499239
17  42  2.498206
18  42  2.496884
19  42  2.498925
20  42  2.499252
21  42  2.498940
22  42  2.497771
23  42  2.498560
24  42  2.499205
25  42  2.499063
26  42  2.499390
27  42  2.498568
28  42  2.496364
29  42  2.496474
30  42  2.495383
31  42  2.497678
32  42  2.498011
33  42  2.498521
34  42  2.499470
35  42  2.499803
36  42  2.498250
37  42  2.497957
38  42  2.497813
39  42  2.498018
40  42  2.498123
41  42  2.498041
42  42  2.497498
43  42  2.499414
44  42  2.499037
45  42  2.499521
46  42  2.498887
47  42  2.498556
48  42  2.499419
49  42  2.497702
50  42  2.497753
51  42  2.498318
52  42  2.498698
53  42  2.497686
54  42  2.498569
55  42  2.499804
56  42  2.499331
57  42  2.498349
58  42  2.498875
59  42  2.499507
60  42  2.498989
61  42  2.497161
62  42  2.497306
63  42  2.499216
0  43  2.498480
1  43  2.498921
2  43  2.498614
3  43  2.499416
4  43  2.498959
5  43  2.499042
6  43  2.498672
7  43  2.498522
8  43  2.497797
9  43  2.498023
10  43  2.498026
11  43  2.498892
12  43  2.498983
13  43  2.499408
14  43  2.499697
15  43  2.499521
16  43  2.499625
17  43  2.498842
18  43  2.498522
19  43  2.499008
20  43  2.498028
21  43  2.498534
22  43  2.498122
23  43  2.498972
24  43  2.498759
25  43  2.499195
26  43  2.499222
27  43  2.499598
28  43  2.498488
29  43  2.498609
30  43  2.497666
31  43  2.498216
32  43  2.497924
33  43  2.498631
34  43  2.499238
35  43  2.499579
36  43  2.498662
37  43  2.498381
38  43  2.498544
39  43  2.498933
40  43  2.498684
41  43  2.498800
42  43  2.498339
43  43  2.497916
44  43  2.497821
45  43  2.498763
46  43  2.498963
47  43  2.498556
48  43  2.499557
49  43  2.498282
50  43  2.497782
51  43  2.497678
52  43  2.497871
53  43  2.497172
54  43  2.498339
55  43  2.499593
56  43  2.498868
57  43  2.498507
58  43  2.499156
59  43  2.499280
60  43  2.498346
61  43  2.497093
62  43  2.497135
63  43  2.498944
0  44  2.496846
1  44  2.496184
2  44  2.494916
3  44  2.497882
4  44  2.497723
5  44  2.498817
6  44  2.498529
7  44  2.498356
8  44  2.497767
9  44  2.497993
10  44  2.498152
11  44  2.498904
12  44  2.499088
13  44  2.499310
14  44  2.499321
15  44  2.498794
16  44  2.498019
17  44  2.497890
18  44  2.498610
19  44  2.498005
20  44  2.496583
21  44  2.498186
22  44  2.498353
23  44  2.499214
24  44  2.498825
25  44  2.498950
26  44  2.498996
27  44  2.498428
28  44  2.497556
29  44  2.497862
30  44  2.498332
31  44  2.498272
32  44  2.498349
33  44  2.498373
34  44  2.499051
35  44  2.499358
36  44  2.498673
37  44  2.498062
38  44  2.497805
39  44  2.498437
40  44  2.498435
41  44  2.498152
42  44  2.497492
43  44  2.497180
44  44  2.497419
45  44  2.498351
46  44  2.498501
47  44  2.497608
48  44  2.499387
49  44  2.498998
50  44  2.497600
51  44  2.495499
52  44  2.495366
53  44  2.496583
54  44  2.497436
55  44  2.498237
56  44  2.498254
57  44  2.498613
58  44  2.499418
59  44  2.499351
60  44  2.498294
61  44  2.497609
62  44  2.497747
63  44  2.497589
0  45  2.496724
1  45  2.495741
2  45  2.494234
3  45  2.497985
4  45  2.498166
5  45  2.499343
6  45  2.499194
7  45  2.498694
8  45  2.497618
9  45  2.497736
10  45  2.497195
11  45  2.497921
12  45  2.498240
13  45  2.498516
14  45  2.498569
15  45  2.498199
16  45  2.498391
17  45  2.498740
18  45  2.499012
19  45  2.498006
20  45  2.496651
21  45  2.498293
22  45  2.498611
23  45  2.499022
24  45  2.498784
25  45  2.499128
26  45  2.498959
27  45  2.498401
28  45  2.497906
29  45  2.497555
30  45  2.499095
31  45  2.498240
32  45  2.498699
33  45  2.498144
34  45  2.498666
35  45  2.498588
36  45  2.499186
37  45  2.499063
38  45  2.498420
39  45  2.497604
40  45  2.497200
41  45  2.497571
42  45  2.498045
43  45  2.498834
44  45  2.499270
45  45  2.498781
46  45  2.498517
47  45  2.497597
48  45  2.499154
49  45  2.498952
50  45  2.498760
51  45  2.497512
52  45  2.496707
53  45  2.497959
54  45  2.498283
55  45  2.498617
56  45  2.497862
57  45  2.498560
58  45  2.498831
59  45  2.499141
60  45  2.499018
61  45  2.499289
62  45  2.499312
63  45  2.497598
0  46  2.495697
1  46  2.495476
2  46  2.494667
3  46  2.497351
4  46  2.497766
5  46  2.499267
6  46  2.499590
7  46  2.499001
8  46  2.497756
9  46  2.497888
10  46  2.498448
11  46  2.497732
12  46  2.497833
13  46  2.497812
14  46  2.498278
15  46  2.498435
16  46  2.498815
17  46  2.498729
18  46  2.498752
19  46  2.498290
20  46  2.497543
21  46  2.497697
22  46  2.498250
23  46  2.499260
24  46  2.498834
25  46  2.498717
26  46  2.498543
27  46  2.497658
28  46  2.498602
29  46  2.497663
30  46  2.498159
31  46  2.497608
32  46  2.497969
33  46  2.498331
34  46  2.499321
35  46  2.499105
36  46  2.499168
37  46  2.498952
38  46  2.498538
39  46  2.498644
40  46  2.498007
41  46  2.498576
42  46  2.498306
43  46  2.499037
44  46  2.499392
45  46  2.499088
46  46  2.497449
47  46  2.496889
48  46  2.498898
49  46  2.498583
50  46  2.498470
51  46  2.498331
52  46  2.497422
53  46  2.498494
54  46  2.498987
55  46  2.499501
56  46  2.499039
57  46  2.499042
58  46  2.498930
59  46  2.499180
60  46  2.499472
61  46  2.499585
62  46  2.499563
63  46  2.497146
0  47  2.497567
1  47  2.498264
2  47  2.498122
3  47  2.498818
4  47  2.498577
5  47  2.499400
6  47  2.499248
7  47  2.499452
8  47  2.497607
9  47  2.497081
10  47  2.498543
11  47  2.498158
12  47  2.497367
13  47  2.497296
14  47  2.497903
15  47  2.499087
16  47  2.499691
17  47  2.499310
18  47  2.498874
19  47  2.498567
20  47  2.498716
21  47  2.499252
22  47  2.499462
23  47  2.499565
24  47  2.499583
25  47  2.499355
26  47  2.499250
27  47  2.498725
28  47  2.499390
29  47  2.498622
30  47  2.497598
31  47  2.498350
32  47  2.498915
33  47  2.498863
34  47  2.499369
35  47  2.499154
36  47  2.498579
37  47  2.498646
38  47  2.498499
39  47  2.498027
40  47  2.494942
41  47  2.494345
42  47  2.495613
43  47  2.497320
44  47  2.499049
45  47  2.498820
46  47  2.497790
47  47  2.497843
48  47  2.497696
49  47  2.498287
50  47  2.498752
51  47  2.499117
52  47  2.499230
53  47  2.499045
54  47  2.499334
55  47  2.499407
56  47  2.499304
57  47  2.498941
58  47  2.499078
59  47  2.498965
60  47  2.499175
61  47  2.499216
62  47  2.499220
63  47  2.498163
0  48  2.498023
1  48  2.498126
2  48  2.498792
3  48  2.498839
4  48  2.499257
5  48  2.498693
6  48  2.498710
7  48  2.498916
8  48  2.498325
9  48  2.497854
10  48  2.498255
11  48  2.498695
12  48  2.497803
13  48  2.497357
14  48  2.497755
15  48  2.499202
16  48  2.499620
17  48  2.499265
18  48  2.499230
19  48  2.499024
20  48  2.498417
21  48  2.498592
22  48  2.498936
23  48  2.498395
24  48  2.498355
25  48  2.498416
26  48  2.499039
27  48  2.498283
28  48  2.499362
29  48  2.498924
30  48  2.497903
31  48  2.498985
32  48  2.499498
33  48  2.499217
34  48  2.499248
35  48  2.498475
36  48  2.498283
37  48  2.498571
38  48  2.497274
39  48  2.496889
40  48  2.495446
41  48  2.496615
42  48  2.497425
43  48  2.497560
44  48  2.497767
45  48  2.497212
46  48  2.496050
47  48  2.498684
48  48  2.498851
49  48  2.499620
50  48  2.498977
51  48  2.498566
52  48  2.498543
53  48  2.499459
54  48  2.499508
55  48  2.499333
56  48  2.499606
57  48  2.498816
58  48  2.498989
59  48  2.498610
60  48  2.498985
61  48  2.498964
62  48  2.498998
63  48  2.498199
0  49  2.499195
1  49  2.497407
2  49  2.497926
3  49  2.498287
4  49  2.498881
5  49  2.498142
6  49  2.498476
7  49  2.498880
8  49  2.499608
9  49  2.499502
10  49  2.499416
11  49  2.499301
12  49  2.497452
13  49  2.497535
14  49  2.497757
15  49  2.498760
16  49  2.499287
17  49  2.499468
18  49  2.499246
19  49  2.498694
20  49  2.498635
21  49  2.498773
22  49  2.498985
23  49  2.498186
24  49  2.498210
25  49  2.498514
26  49  2.499393
27  49  2.498932
28  49  2.499464
29  49  2.498982
30  49  2.498646
31  49  2.499268
32  49  2.497732
33  49  2.498228
34  49  2.498226
35  49  2.497435
36  49  2.497368
37  49  2.499038
38  49  2.498176
39  49  2.499147
40  49  2.498170
41  49  2.497387
42  49  2.497337
43  49  2.497625
44  49  2.498266
45  49  2.497559
46  49  2.497366
47  49  2.499337
48  49  2.499619
49  49  2.499215
50  49  2.498859
51  49  2.498718
52  49  2.498518
53  49  2.499063
54  49  2.499372
55  49  2.498774
56  49  2.499018
57  49  2.498616
58  49  2.499041
59  49  2.499132
60  49  2.499394
61  49  2.498686
62  49  2.499084
63  49  2.499268
0  50  2.499009
1  50  2.497790
2  50  2.496438
3  50  2.497712
4  50  2.497766
5  50  2.499267
6  50  2.499480
7  50  2.499647
8  50  2.499933
9  50  2.499320
10  50  2.498830
11  50  2.498714
12  50  2.497957
13  50  2.497824
14  50  2.497394
15  50  2.498873
16  50  2.497931
17  50  2.498301
18  50  2.498313
19  50  2.499038
20  50  2.498959
21  50  2.498668
22  50  2.498398
23  50  2.497596
24  50  2.497659
25  50  2.496845
26  50  2.497891
27  50  2.498265
28  50  2.499618
29  50  2.498653
30  50  2.498771
31  50  2.498648
32  50  2.496121
33  50  2.497919
34  50  2.498137
35  50  2.497453
36  50  2.496706
37  50  2.498605
38  50  2.498162
39  50  2.498705
40  50  2.499237
41  50  2.499287
42  50  2.498875
43  50  2.498236
44  50  2.497899
45  50  2.497974
46  50  2.497928
47  50  2.499218
48  50  2.498854
49  50  2.498193
50  50  2.498105
51  50  2.499383
52  50  2.498772
53  50  2.499550
54  50  2.499688
55  50  2.499111
56  50  2.499204
57  50  2.499145
58  50  2.499010
59  50  2.499127
60  50  2.499594
61  50  2.499042
62  50  2.499152
63  50  2.499193
0  51  2.499143
1  51  2.498669
2  51  2.496961
3  51  2.497788
4  51  2.497571
5  51  2.498719
6  51  2.498751
7  51  2.497549
8  51  2.497808
9  51  2.497681
10  51  2.498675
11  51  2.499158
12  51  2.498491
13  51  2.498487
14  51  2.497833
15  51  2.498897
16  51  2.498037
17  51  2.498346
18  51  2.498505
19  51  2.499319
20  51  2.499527
21  51  2.499441
22  51  2.499358
23  51  2.498925
24  51  2.499227
25  51  2.498223
26  51  2.498654
27  51  2.498276
28  51  2.499212
29  51  2.498904
30  51  2.499291
31  51  2.498033
32  51  2.495556
33  51  2.498066
34  51  2.498533
35  51  2.498955
36  51  2.497654
37  51  2.497917
38  51  2.497676
39  51  2.497951
40  51  2.498937
41  51  2.498541
42  51  2.498481
43  51  2.498543
44  51  2.498359
45  51  2.498161
46  51  2.498625
47  51  2.498623
48  51  2.498886
49  51  2.497972
50  51  2.497982
51  51  2.498081
52  51  2.498773
53  51  2.499037
54  51  2.499646
55  51  2.499020
56  51  2.498845
57  51  2.499412
58  51  2.499592
59  51  2.499835
60  51  2.499397
61  51  2.499065
62  51  2.498613
63  51  2.498953
0  52  2.499269
1  52  2.499645
2  52  2.498110
3  52  2.498127
4  52  2.497846
5  52  2.498712
6  52  2.498686
7  52  2.497539
8  52  2.498119
9  52  2.497450
10  52  2.498400
11  52  2.498808
12  52  2.499227
13  52  2.499275
14  52  2.499052
15  52  2.499411
16  52  2.498166
17  52  2.498449
18  52  2.498175
19  52  2.499408
20  52  2.499426
21  52  2.499421
22  52  2.499269
23  52  2.498809
24  52  2.498839
25  52  2.497674
26  52  2.498705
27  52  2.498293
28  52  2.498881
29  52  2.498571
30  52  2.498874
31  52  2.497749
32  52  2.496739
33  52  2.497589
34  52  2.498949
35  52  2.499191
36  52  2.498619
37  52  2.497494
38  52  2.497720
39  52  2.497924
40  52  2.499034
41  52  2.498689
42  52  2.498728
43  52  2.498335
44  52  2.498734
45  52  2.498681
46  52  2.499001
47  52  2.498580
48  52  2.498669
49  52  2.498545
50  52  2.497972
51  52  2.498465
52  52  2.498369
53  52  2.498694
54  52  2.498896
55  52  2.499265
56  52  2.499150
57  52  2.499315
58  52  2.499398
59  52  2.499738
60  52  2.499365
61  52  2.499222
62  52  2.498696
63  52  2.498396
0  53  2.499288
1  53  2.499650
2  53  2.499478
3  53  2.498885
4  53  2.498064
5  53  2.497641
6  53  2.497135
7  53  2.496294
8  53  2.496473
9  53  2.496349
10  53  2.497269
11  53  2.497920
12  53  2.498270
13  53  2.498304
14  53  2.499015
15  53  2.499046
16  53  2.499237
17  53  2.499274
18  53  2.499060
19  53  2.499110
20  53  2.499173
21  53  2.499400
22  53  2.499346
23  53  2.499356
24  53  2.499203
25  53  2.498926
26  53  2.499470
27  53  2.499134
28  53  2.498876
29  53  2.498728
30  53  2.498987
31  53  2.498285
32  53  2.497732
33  53  2.497089
34  53  2.498227
35  53  2.498383
36  53  2.499611
37  53  2.499343
38  53  2.499022
39  53  2.498921
40  53  2.498243
41  53  2.497919
42  53  2.497886
43  53  2.497360
44  53  2.497854
45  53  2.497668
46  53  2.498603
47  53  2.497573
48  53  2.498187
49  53  2.498604
50  53  2.498757
51  53  2.499120
52  53  2.498610
53  53  2.498433
54  53  2.498107
55  53  2.498684
56  53  2.499103
57  53  2.499277
58  53  2.499373
59  53  2.499600
60  53  2.499063
61  53  2.498394
62  53  2.498617
63  53  2.498587
0  54  2.499295
1  54  2.499325
2  54  2.499208
3  54  2.498791
4  54  2.498641
5  54  2.498047
6  54  2.496937
7  54  2.497826
8  54  2.497926
9  54  2.499259
10  54  2.497942
11  54  2.497118
12  54  2.498726
13  54  2.497689
14  54  2.499174
15  54  2.499207
16  54  2.498952
17  54  2.498990
18  54  2.498628
19  54  2.498058
20  54  2.497824
21  54  2.498093
22  54  2.498984
23  54  2.499226
24  54  2.499310
25  54  2.498265
26  54  2.498437
27  54  2.498290
28  54  2.499169
29  54  2.499045
30  54  2.498989
31  54  2.499004
32  54  2.498109
33  54  2.496892
34  54  2.497508
35  54  2.497989
36  54  2.498327
37  54  2.498216
38  54  2.498611
39  54  2.499247
40  54  2.498743
41  54  2.498069
42  54  2.498022
43  54  2.498897
44  54  2.497930
45  54  2.497706
46  54  2.498353
47  54  2.498422
48  54  2.498650
49  54  2.498400
50  54  2.498978
51  54  2.499266
52  54  2.498789
53  54  2.498095
54  54  2.498394
55  54  2.498765
56  54  2.499533
57  54  2.499034
58  54  2.499178
59  54  2.499023
60  54  2.499453
61  54  2.498033
62  54  2.497981
63  54  2.498089
0  55  2.499046
1  55  2.498975
2  55  2.498503
3  55  2.498857
4  55  2.499197
5  55  2.499336
6  55  2.497189
7  55  2.497701
8  55  2.497685
9  55  2.499213
10  55  2.497768
11  55  2.496519
12  55  2.498556
13  55  2.496878
14  55  2.498973
15  55  2.499769
16  55  2.498702
17  55  2.498918
18  55  2.498553
19  55  2.498198
20  55  2.497869
21  55  2.498158
22  55  2.498954
23  55  2.499312
24  55  2.499546
25  55  2.498930
26  55  2.498744
27  55  2.498832
28  55  2.499694
29  55  2.499625
30  55  2.499508
31  55  2.499210
32  55  2.498433
33  55  2.497769
34  55  2.497497
35  55  2.498794
36  55  2.496629
37  55  2.497279
38  55  2.497773
39  55  2.498803
40  55  2.498253
41  55  2.497987
42  55  2.498223
43  55  2.498564
44  55  2.497596
45  55  2.497447
46  55  2.498140
47  55  2.498087
48  55  2.498700
49  55  2.498726
50  55  2.499529
51  55  2.499346
52  55  2.499097
53  55  2.498724
54  55  2.499148
55  55  2.499174
56  55  2.499385
57  55  2.498924
58  55  2.499467
59  55  2.498769
60  55  2.498511
61  55  2.497292
62  55  2.497518
63  55  2.498295
0  56  2.498464
1  56  2.499156
2  56  2.499398
3  56  2.498681
4  56  2.498595
5  56  2.498791
6  56  2.499145
7  56  2.499447
8  56  2.499374
9  56  2.499029
10  56  2.499038
11  56  2.497905
12  56  2.498924
13  56  2.497761
14  56  2.498432
15  56  2.499300
16  56  2.498447
17  56  2.498485
18  56  2.498272
19  56  2.498550
20  56  2.497072
21  56  2.496953
22  56  2.498226
23  56  2.499249
24  56  2.499485
25  56  2.498179
26  56  2.498072
27  56  2.498169
28  56  2.499509
29  56  2.499689
30  56  2.499696
31  56  2.499704
32  56  2.499028
33  56  2.499001
34  56  2.498930
35  56  2.499161
36  56  2.498145
37  56  2.498490
38  56  2.498583
39  56  2.498580
40  56  2.498333
41  56  2.498599
42  56  2.499164
43  56  2.499277
44  56  2.498694
45  56  2.499339
46  56  2.499012
47  56  2.499016
48  56  2.499334
49  56  2.499718
50  56  2.499598
51  56  2.499346
52  56  2.499307
53  56  2.498599
54  56  2.498503
55  56  2.498002
56  56  2.498812
57  56  2.498419
58  56  2.499491
59  56  2.499158
60  56  2.498585
61  56  2.497343
62  56  2.497358
63  56  2.497865
0  57  2.498844
1  57  2.498746
2  57  2.499077
3  57  2.498352
4  57  2.498541
5  57  2.498575
6  57  2.499294
7  57  2.499385
8  57  2.499504
9  57  2.499097
10  57  2.499179
11  57  2.499175
12  57  2.499454
13  57  2.498522
14  57  2.498106
15  57  2.499302
16  57  2.498891
17  57  2.498565
18  57  2.498774
19  57  2.499321
20  57  2.498446
21  57  2.498425
22  57  2.498431
23  57  2.499528
24  57  2.499414
25  57  2.498602
26  57  2.498560
27  57  2.498070
28  57  2.498630
29  57  2.498725
30  57  2.499127
31  57  2.498224
32  57  2.498080
33  57  2.497573
34  57  2.498122
35  57  2.498436
36  57  2.497426
37  57  2.498159
38  57  2.497893
39  57  2.498962
40  57  2.499052
41  57  2.498486
42  57  2.498520
43  57  2.498287
44  57  2.498386
45  57  2.499181
46  57  2.499230
47  57  2.498819
48  57  2.499177
49  57  2.499572
50  57  2.499517
51  57  2.498790
52  57  2.498694
53  57  2.497580
54  57  2.497782
55  57  2.497102
56  57  2.497192
57  57  2.498556
58  57  2.499497
59  57  2.499472
60  57  2.498210
61  57  2.498095
62  57  2.498797
63  57  2.499119
0  58  2.498780
1  58  2.498790
2  58  2.499032
3  58  2.498957
4  58  2.499357
5  58  2.499274
6  58  2.499534
7  58  2.499707
8  58  2.499891
9  58  2.499727
10  58  2.499599
11  58  2.499511
12  58  2.498770
13  58  2.498678
14  58  2.498545
15  58  2.499434
16  58  2.499028
17  58  2.498496
18  58  2.498278
19  58  2.498692
20  58  2.498358
21  58  2.498147
22  58  2.497860
23  58  2.498672
24  58  2.499044
25  58  2.498559
26  58  2.498591
27  58  2.498015
28  58  2.498556
29  58  2.498096
30  58  2.498671
31  58  2.497979
32  58  2.498765
33  58  2.498277
34  58  2.498106
35  58  2.498502
36  58  2.498576
37  58  2.498358
38  58  2.499149
39  58  2.499155
40  58  2.499341
41  58  2.498807
42  58  2.498981
43  58  2.498096
44  58  2.498350
45  58  2.498264
46  58  2.498786
47  58  2.498351
48  58  2.497384
49  58  2.499198
50  58  2.499230
51  58  2.498395
52  58  2.498305
53  58  2.497047
54  58  2.497028
55  58  2.496796
56  58  2.496876
57  58  2.498271
58  58  2.497755
59  58  2.498230
60  58  2.497917
61  58  2.497832
62  58  2.497832
63  58  2.498686
0  59  2.499187
1  59  2.499297
2  59  2.498590
3  59  2.498977
4  59  2.498817
5  59  2.497290
6  59  2.496755
7  59  2.496810
8  59  2.498701
9  59  2.498689
10  59  2.498887
11  59  2.499068
12  59  2.498886
13  59  2.498569
14  59  2.498177
15  59  2.499183
16  59  2.499223
17  59  2.498817
18  59  2.498740
19  59  2.498975
20  59  2.499099
21  59  2.499130
22  59  2.499522
23  59  2.498664
24  59  2.498909
25  59  2.499037
26  59  2.499286
27  59  2.498569
28  59  2.498748
29  59  2.498025
30  59  2.498575
31  59  2.497988
32  59  2.499269
33  59  2.499429
34  59  2.498540
35  59  2.498909
36  59  2.498410
37  59  2.498735
38  59  2.499285
39  59  2.499408
40  59  2.499075
41  59  2.499174
42  59  2.498702
43  59  2.497408
44  59  2.497915
45  59  2.497615
46  59  2.498015
47  59  2.497654
48  59  2.496904
49  59  2.498753
50  59  2.498693
51  59  2.497666
52  59  2.498902
53  59  2.498003
54  59  2.495116
55  59  2.495766
56  59  2.497100
57  59  2.498520
58  59  2.497794
59  59  2.498276
60  59  2.498041
61  59  2.497716
62  59  2.497800
63  59  2.499231
0  60  2.499222
1  60  2.499327
2  60  2.498735
3  60  2.498876
4  60  2.498332
5  60  2.497381
6  60  2.497599
7  60  2.497569
8  60  2.498785
9  60  2.498821
10  60  2.499007
11  60  2.498991
12  60  2.498192
13  60  2.497559
14  60  2.497411
15  60  2.498458
16  60  2.498994
17  60  2.498104
18  60  2.498584
19  60  2.499105
20  60  2.499140
21  60  2.499066
22  60  2.498522
23  60  2.497975
24  60  2.498162
25  60  2.498798
26  60  2.499187
27  60  2.499182
28  60  2.499709
29  60  2.499370
30  60  2.499231
31  60  2.499341
32  60  2.499821
33  60  2.499704
34  60  2.499547
35  60  2.498900
36  60  2.498536
37  60  2.498972
38  60  2.499068
39  60  2.499344
40  60  2.498944
41  60  2.499070
42  60  2.499057
43  60  2.499273
44  60  2.499637
45  60  2.498923
46  60  2.497399
47  60  2.496664
48  60  2.496239
49  60  2.498530
50  60  2.498894
51  60  2.498390
52  60  2.498913
53  60  2.498768
54  60  2.496517
55  60  2.496711
56  60  2.497986
57  60  2.498383
58  60  2.498066
59  60  2.498184
60  60  2.498074
61  60  2.498471
62  60  2.498795
63  60  2.499234
0  61  2.498415
1  61  2.499452
2  61  2.499657
3  61  2.499832
4  61  2.498320
5  61  2.497064
6  61  2.495947
7  61  2.496165
8  61  2.497976
9  61  2.499368
10  61  2.499358
11  61  2.499228
12  61  2.498801
13  61  2.498276
14  61  2.498094
15  61  2.497761
16  61  2.498019
17  61  2.498191
18  61  2.498177
19  61  2.497859
20  61  2.498870
21  61  2.498820
22  61  2.498721
23  61  2.499140
24  61  2.498499
25  61  2.498632
26  61  2.499112
27  61  2.498899
28  61  2.499240
29  61  2.499601
30  61  2.499341
31  61  2.498698
32  61  2.499520
33  61  2.499377
34  61  2.499430
35  61  2.498799
36  61  2.498483
37  61  2.498507
38  61  2.498257
39  61  2.498878
40  61  2.498963
41  61  2.497545
42  61  2.497749
43  61  2.498557
44  61  2.499576
45  61  2.499583
46  61  2.498151
47  61  2.498134
48  61  2.497895
49  61  2.498665
50  61  2.498592
51  61  2.498122
52  61  2.497588
53  61  2.497687
54  61  2.497604
55  61  2.498533
56  61  2.498964
57  61  2.498735
58  61  2.498605
59  61  2.497477
60  61  2.496307
61  61  2.496520
62  61  2.496037
63  61  2.497526
0  62  2.498210
1  62  2.499489
2  62  2.499346
3  62  2.498105
4  62  2.498121
5  62  2.497972
6  62  2.498433
7  62  2.498569
8  62  2.498828
9  62  2.499577
10  62  2.499121
11  62  2.498736
12  62  2.498643
13  62  2.498542
14  62  2.498657
15  62  2.498075
16  62  2.498294
17  62  2.498447
18  62  2.498373
19  62  2.498144
20  62  2.498823
21  62  2.498967
22  62  2.499465
23  62  2.499829
24  62  2.498893
25  62  2.498275
26  62  2.498337
27  62  2.499285
28  62  2.499459
29  62  2.499126
30  62  2.498229
31  62  2.496847
32  62  2.498476
33  62  2.498776
34  62  2.498962
35  62  2.498223
36  62  2.498193
37  62  2.497905
38  62  2.498454
39  62  2.498710
40  62  2.499302
41  62  2.497817
42  62  2.498049
43  62  2.498755
44  62  2.499339
45  62  2.499092
46  62  2.497788
47  62  2.497768
48  62  2.497871
49  62  2.498158
50  62  2.498192
51  62  2.497604
52  62  2.497863
53  62  2.498471
54  62  2.498668
55  62  2.499051
56  62  2.499487
57  62  2.499085
58  62  2.498725
59  62  2.496702
60  62  2.496912
61  62  2.497521
62  62  2.496930
63  62  2.497058
0  63  2.498522
1  63  2.499156
2  63  2.498877
3  63  2.497466
4  63  2.497200
5  63  2.497635
6  63  2.498565
7  63  2.498685
8  63  2.498818
9  63  2.499775
10  63  2.499236
11  63  2.498399
12  63  2.498247
13  63  2.498425
14  63  2.497908
15  63  2.497993
16  63  2.498296
17  63  2.499427
18  63  2.499447
19  63  2.499040
20  63  2.498655
21  63  2.499072
22  63  2.499822
23  63  2.499799
24  63  2.499612
25  63  2.499004
26  63  2.498421
27  63  2.498913
28  63  2.498663
29  63  2.498438
30  63  2.498769
31  63  2.496816
32  63  2.498513
33  63  2.498415
34  63  2.498605
35  63  2.498535
36  63  2.498250
37  63  2.498092
38  63  2.498012
39  63  2.498933
40  63  2.499383
41  63  2.497981
42  63  2.497620
43  63  2.496933
44  63  2.497882
45  63  2.497496
46  63  2.498138
47  63  2.498772
48  63  2.498867
49  63  2.498599
50  63  2.497070
51  63  2.497517
52  63  2.497770
53  63  2.498461
54  63  2.498559
55  63  2.499164
56  63  2.498931
57  63  2.499340
58  63  2.498117
59  63  2.495327
60  63  2.494336
61  63  2.495871
62  63  2.497235
63  63  2.497500
