# Mass field m(x,y) = Delta * R(x,y) at t = 60 seconds
# Grid: 64 x 64
# Columns: x  y  mass
0  0  2.497060
1  0  2.497077
2  0  2.496999
3  0  2.499297
4  0  2.499489
5  0  2.499736
6  0  2.498741
7  0  2.498717
8  0  2.497582
9  0  2.497735
10  0  2.497761
11  0  2.497356
12  0  2.497556
13  0  2.498786
14  0  2.499000
15  0  2.499381
16  0  2.499210
17  0  2.498108
18  0  2.497318
19  0  2.497190
20  0  2.498417
21  0  2.497958
22  0  2.497986
23  0  2.496521
24  0  2.498283
25  0  2.498397
26  0  2.499713
27  0  2.498972
28  0  2.498503
29  0  2.498675
30  0  2.498488
31  0  2.499045
32  0  2.498658
33  0  2.499073
34  0  2.499521
35  0  2.499602
36  0  2.499159
37  0  2.498981
38  0  2.498319
39  0  2.499080
40  0  2.499048
41  0  2.499132
42  0  2.498907
43  0  2.498364
44  0  2.497606
45  0  2.497122
46  0  2.498394
47  0  2.498131
48  0  2.498892
49  0  2.498208
50  0  2.497400
51  0  2.498370
52  0  2.498608
53  0  2.498741
54  0  2.499284
55  0  2.498899
56  0  2.498853
57  0  2.497793
58  0  2.498616
59  0  2.498474
60  0  2.498877
61  0  2.498702
62  0  2.498567
63  0  2.498391
0  1  2.496747
1  1  2.496686
2  1  2.497468
3  1  2.499243
4  1  2.499494
5  1  2.499143
6  1  2.498649
7  1  2.499299
8  1  2.498760
9  1  2.498093
10  1  2.498138
11  1  2.497556
12  1  2.497973
13  1  2.499619
14  1  2.499599
15  1  2.499376
16  1  2.498770
17  1  2.497953
18  1  2.497813
19  1  2.497192
20  1  2.498013
21  1  2.497781
22  1  2.497426
23  1  2.496192
24  1  2.497664
25  1  2.497808
26  1  2.499269
27  1  2.498519
28  1  2.498085
29  1  2.497953
30  1  2.498438
31  1  2.498771
32  1  2.498326
33  1  2.498915
34  1  2.499492
35  1  2.499705
36  1  2.498977
37  1  2.498816
38  1  2.498915
39  1  2.498673
40  1  2.498891
41  1  2.498219
42  1  2.498169
43  1  2.497944
44  1  2.498307
45  1  2.497529
46  1  2.498181
47  1  2.498161
48  1  2.499120
49  1  2.497989
50  1  2.497924
51  1  2.498370
52  1  2.498443
53  1  2.497756
54  1  2.498678
55  1  2.498545
56  1  2.498577
57  1  2.498344
58  1  2.498407
59  1  2.498400
60  1  2.498522
61  1  2.498590
62  1  2.498227
63  1  2.498054
0  2  2.498296
1  2  2.498098
2  2  2.497950
3  2  2.498989
4  2  2.498605
5  2  2.498604
6  2  2.499014
7  2  2.499135
8  2  2.498382
9  2  2.497675
10  2  2.498178
11  2  2.497601
12  2  2.498414
13  2  2.499377
14  2  2.499263
15  2  2.499018
16  2  2.498925
17  2  2.498415
18  2  2.498921
19  2  2.498661
20  2  2.498605
21  2  2.497888
22  2  2.497342
23  2  2.496033
24  2  2.497539
25  2  2.497546
26  2  2.499117
27  2  2.499296
28  2  2.499471
29  2  2.499517
30  2  2.499504
31  2  2.498795
32  2  2.498340
33  2  2.499196
34  2  2.499363
35  2  2.499423
36  2  2.498282
37  2  2.498642
38  2  2.498878
39  2  2.498611
40  2  2.498447
41  2  2.497382
42  2  2.497937
43  2  2.498354
44  2  2.499058
45  2  2.496866
46  2  2.498108
47  2  2.498209
48  2  2.499330
49  2  2.497421
50  2  2.496377
51  2  2.495706
52  2  2.495157
53  2  2.496212
54  2  2.498066
55  2  2.498779
56  2  2.498636
57  2  2.498423
58  2  2.497967
59  2  2.498424
60  2  2.499249
61  2  2.499185
62  2  2.499040
63  2  2.498445
0  3  2.499119
1  3  2.498780
2  3  2.497886
3  3  2.499372
4  3  2.498959
5  3  2.498315
6  3  2.499146
7  3  2.499400
8  3  2.499466
9  3  2.498390
10  3  2.497872
11  3  2.497092
12  3  2.498600
13  3  2.499282
14  3  2.499126
15  3  2.498994
16  3  2.498641
17  3  2.498838
18  3  2.499120
19  3  2.498901
20  3  2.499112
21  3  2.499175
22  3  2.498643
23  3  2.498769
24  3  2.498584
25  3  2.498565
26  3  2.498792
27  3  2.499074
28  3  2.499224
29  3  2.499084
30  3  2.499113
31  3  2.498927
32  3  2.499149
33  3  2.499508
34  3  2.499763
35  3  2.499617
36  3  2.498761
37  3  2.498539
38  3  2.498750
39  3  2.498828
40  3  2.498465
41  3  2.497792
42  3  2.498477
43  3  2.499182
44  3  2.499331
45  3  2.498694
46  3  2.498951
47  3  2.499483
48  3  2.499571
49  3  2.498551
50  3  2.498193
51  3  2.498345
52  3  2.497741
53  3  2.497843
54  3  2.497960
55  3  2.498563
56  3  2.497978
57  3  2.497401
58  3  2.497703
59  3  2.498458
60  3  2.498772
61  3  2.498547
62  3  2.498623
63  3  2.498888
0  4  2.498366
1  4  2.497601
2  4  2.496871
3  4  2.497847
4  4  2.498356
5  4  2.499164
6  4  2.499593
7  4  2.499715
8  4  2.499353
9  4  2.499084
10  4  2.498131
11  4  2.497447
12  4  2.497646
13  4  2.499036
14  4  2.499438
15  4  2.498575
16  4  2.498262
17  4  2.497939
18  4  2.499009
19  4  2.498672
20  4  2.498646
21  4  2.498863
22  4  2.498960
23  4  2.498946
24  4  2.499554
25  4  2.499521
26  4  2.499336
27  4  2.499290
28  4  2.499125
29  4  2.498656
30  4  2.498925
31  4  2.499171
32  4  2.498702
33  4  2.499099
34  4  2.499630
35  4  2.499634
36  4  2.499412
37  4  2.498545
38  4  2.498294
39  4  2.498317
40  4  2.498763
41  4  2.498463
42  4  2.498634
43  4  2.499016
44  4  2.498984
45  4  2.498112
46  4  2.497465
47  4  2.498644
48  4  2.499168
49  4  2.497903
50  4  2.498790
51  4  2.499154
52  4  2.497926
53  4  2.497959
54  4  2.498243
55  4  2.498523
56  4  2.497400
57  4  2.497479
58  4  2.499223
59  4  2.499480
60  4  2.499671
61  4  2.498686
62  4  2.498653
63  4  2.497694
0  5  2.498217
1  5  2.497528
2  5  2.498778
3  5  2.498776
4  5  2.498194
5  5  2.497948
6  5  2.498354
7  5  2.499093
8  5  2.498644
9  5  2.498714
10  5  2.497403
11  5  2.497895
12  5  2.498297
13  5  2.499536
14  5  2.499563
15  5  2.497959
16  5  2.497864
17  5  2.497265
18  5  2.498918
19  5  2.498881
20  5  2.498393
21  5  2.498273
22  5  2.498156
23  5  2.498239
24  5  2.498927
25  5  2.499229
26  5  2.499079
27  5  2.499265
28  5  2.498721
29  5  2.497788
30  5  2.497644
31  5  2.498511
32  5  2.498268
33  5  2.498910
34  5  2.499158
35  5  2.499365
36  5  2.498266
37  5  2.496533
38  5  2.496386
39  5  2.496545
40  5  2.498423
41  5  2.499371
42  5  2.499746
43  5  2.499328
44  5  2.498125
45  5  2.497427
46  5  2.495772
47  5  2.496511
48  5  2.498874
49  5  2.498159
50  5  2.498600
51  5  2.497863
52  5  2.498246
53  5  2.497862
54  5  2.498560
55  5  2.498789
56  5  2.498592
57  5  2.499104
58  5  2.499038
59  5  2.499239
60  5  2.499077
61  5  2.498900
62  5  2.499058
63  5  2.498158
0  6  2.498596
1  6  2.498322
2  6  2.499618
3  6  2.499075
4  6  2.498707
5  6  2.498423
6  6  2.498092
7  6  2.498503
8  6  2.498450
9  6  2.498673
10  6  2.498412
11  6  2.498602
12  6  2.499043
13  6  2.499631
14  6  2.499767
15  6  2.497686
16  6  2.498331
17  6  2.497722
18  6  2.498631
19  6  2.499279
20  6  2.498574
21  6  2.498049
22  6  2.497817
23  6  2.498210
24  6  2.498854
25  6  2.499033
26  6  2.498685
27  6  2.499006
28  6  2.498906
29  6  2.497854
30  6  2.497161
31  6  2.497933
32  6  2.497141
33  6  2.499091
34  6  2.498514
35  6  2.498218
36  6  2.497409
37  6  2.497272
38  6  2.496876
39  6  2.495811
40  6  2.498385
41  6  2.499171
42  6  2.499656
43  6  2.498479
44  6  2.496943
45  6  2.495542
46  6  2.496173
47  6  2.496280
48  6  2.496869
49  6  2.496967
50  6  2.497835
51  6  2.497822
52  6  2.498378
53  6  2.497956
54  6  2.498228
55  6  2.497902
56  6  2.497741
57  6  2.499010
58  6  2.499067
59  6  2.499187
60  6  2.498944
61  6  2.498914
62  6  2.499174
63  6  2.498094
0  7  2.497912
1  7  2.497823
2  7  2.498792
3  7  2.499082
4  7  2.498987
5  7  2.498734
6  7  2.497996
7  7  2.498274
8  7  2.499123
9  7  2.498881
10  7  2.499321
11  7  2.499315
12  7  2.499540
13  7  2.499125
14  7  2.498748
15  7  2.497237
16  7  2.497461
17  7  2.496629
18  7  2.497852
19  7  2.499318
20  7  2.499186
21  7  2.499604
22  7  2.499392
23  7  2.498973
24  7  2.497826
25  7  2.498379
26  7  2.498003
27  7  2.499060
28  7  2.498327
29  7  2.498052
30  7  2.497572
31  7  2.498310
32  7  2.497279
33  7  2.498896
34  7  2.498536
35  7  2.498172
36  7  2.497154
37  7  2.497610
38  7  2.497041
39  7  2.496247
40  7  2.498389
41  7  2.498765
42  7  2.499075
43  7  2.498034
44  7  2.497627
45  7  2.496453
46  7  2.496960
47  7  2.496860
48  7  2.497064
49  7  2.497980
50  7  2.497160
51  7  2.497347
52  7  2.497578
53  7  2.498692
54  7  2.497246
55  7  2.496964
56  7  2.497915
57  7  2.499038
58  7  2.498875
59  7  2.499139
60  7  2.498844
61  7  2.499180
62  7  2.499235
63  7  2.498548
0  8  2.498687
1  8  2.498987
2  8  2.498979
3  8  2.498569
4  8  2.498849
5  8  2.498916
6  8  2.498283
7  8  2.498565
8  8  2.498084
9  8  2.498397
10  8  2.499095
11  8  2.498878
12  8  2.499527
13  8  2.498893
14  8  2.498801
15  8  2.498347
16  8  2.498106
17  8  2.496758
18  8  2.497470
19  8  2.499643
20  8  2.499381
21  8  2.499263
22  8  2.498726
23  8  2.499040
24  8  2.498850
25  8  2.498775
26  8  2.498703
27  8  2.498803
28  8  2.498996
29  8  2.499500
30  8  2.499211
31  8  2.499038
32  8  2.497870
33  8  2.499130
34  8  2.498811
35  8  2.498691
36  8  2.498321
37  8  2.498677
38  8  2.498481
39  8  2.499072
40  8  2.499197
41  8  2.498418
42  8  2.498348
43  8  2.497977
44  8  2.498135
45  8  2.498261
46  8  2.498928
47  8  2.498516
48  8  2.496983
49  8  2.496668
50  8  2.495986
51  8  2.497049
52  8  2.498120
53  8  2.498550
54  8  2.498028
55  8  2.497619
56  8  2.497984
57  8  2.499228
58  8  2.499418
59  8  2.499708
60  8  2.499497
61  8  2.498776
62  8  2.498839
63  8  2.498775
0  9  2.499089
1  9  2.499146
2  9  2.499190
3  9  2.499040
4  9  2.497947
5  9  2.497940
6  9  2.496981
7  9  2.497828
8  9  2.498159
9  9  2.498282
10  9  2.498634
11  9  2.498253
12  9  2.499513
13  9  2.498854
14  9  2.498950
15  9  2.498952
16  9  2.498629
17  9  2.496641
18  9  2.497371
19  9  2.499501
20  9  2.498991
21  9  2.498840
22  9  2.498316
23  9  2.498357
24  9  2.497278
25  9  2.497816
26  9  2.498826
27  9  2.498845
28  9  2.498897
29  9  2.499280
30  9  2.499513
31  9  2.499445
32  9  2.499161
33  9  2.499142
34  9  2.498612
35  9  2.499162
36  9  2.498608
37  9  2.499039
38  9  2.499006
39  9  2.498897
40  9  2.498653
41  9  2.498369
42  9  2.497746
43  9  2.498949
44  9  2.499099
45  9  2.499302
46  9  2.498865
47  9  2.498897
48  9  2.498998
49  9  2.498502
50  9  2.495631
51  9  2.495612
52  9  2.496749
53  9  2.498219
54  9  2.498135
55  9  2.498660
56  9  2.498996
57  9  2.499160
58  9  2.498817
59  9  2.499717
60  9  2.499257
61  9  2.498759
62  9  2.499101
63  9  2.499295
0  10  2.498948
1  10  2.498847
2  10  2.498976
3  10  2.498528
4  10  2.497329
5  10  2.497518
6  10  2.496291
7  10  2.497239
8  10  2.498194
9  10  2.497201
10  10  2.497467
11  10  2.497902
12  10  2.499166
13  10  2.499110
14  10  2.499332
15  10  2.499628
16  10  2.499119
17  10  2.497898
18  10  2.498030
19  10  2.499105
20  10  2.499143
21  10  2.498990
22  10  2.498232
23  10  2.497030
24  10  2.497465
25  10  2.497970
26  10  2.498935
27  10  2.499074
28  10  2.498457
29  10  2.498726
30  10  2.498553
31  10  2.498608
32  10  2.499193
33  10  2.499480
34  10  2.498803
35  10  2.498664
36  10  2.498266
37  10  2.498702
38  10  2.499840
39  10  2.497822
40  10  2.497088
41  10  2.496156
42  10  2.497840
43  10  2.498608
44  10  2.499365
45  10  2.499160
46  10  2.499009
47  10  2.498660
48  10  2.499392
49  10  2.499233
50  10  2.497626
51  10  2.497192
52  10  2.497566
53  10  2.498598
54  10  2.498274
55  10  2.499630
56  10  2.498915
57  10  2.498655
58  10  2.497492
59  10  2.498918
60  10  2.497370
61  10  2.497883
62  10  2.498185
63  10  2.498827
0  11  2.498291
1  11  2.498754
2  11  2.498088
3  11  2.498108
4  11  2.496983
5  11  2.498961
6  11  2.498484
7  11  2.498643
8  11  2.499018
9  11  2.496299
10  11  2.497355
11  11  2.498511
12  11  2.499305
13  11  2.499277
14  11  2.499220
15  11  2.499264
16  11  2.499255
17  11  2.498218
18  11  2.497818
19  11  2.497665
20  11  2.498746
21  11  2.498998
22  11  2.497754
23  11  2.497320
24  11  2.497845
25  11  2.497961
26  11  2.497737
27  11  2.498799
28  11  2.498389
29  11  2.498864
30  11  2.498419
31  11  2.498127
32  11  2.499017
33  11  2.499170
34  11  2.498770
35  11  2.498144
36  11  2.498217
37  11  2.498782
38  11  2.499829
39  11  2.497687
40  11  2.496080
41  11  2.495253
42  11  2.497239
43  11  2.498636
44  11  2.499557
45  11  2.499322
46  11  2.499151
47  11  2.498453
48  11  2.498537
49  11  2.498277
50  11  2.497601
51  11  2.497641
52  11  2.497329
53  11  2.498123
54  11  2.498390
55  11  2.499449
56  11  2.498874
57  11  2.498413
58  11  2.496966
59  11  2.498391
60  11  2.497029
61  11  2.498143
62  11  2.497716
63  11  2.497652
0  12  2.498883
1  12  2.498990
2  12  2.497797
3  12  2.497902
4  12  2.497548
5  12  2.498966
6  12  2.497759
7  12  2.498250
8  12  2.498577
9  12  2.496999
10  12  2.497490
11  12  2.498617
12  12  2.499295
13  12  2.499106
14  12  2.499064
15  12  2.499169
16  12  2.498985
17  12  2.498119
18  12  2.497613
19  12  2.497373
20  12  2.498784
21  12  2.498682
22  12  2.497807
23  12  2.498041
24  12  2.497991
25  12  2.498089
26  12  2.496776
27  12  2.498932
28  12  2.498080
29  12  2.498806
30  12  2.498583
31  12  2.498606
32  12  2.499101
33  12  2.498485
34  12  2.497006
35  12  2.495603
36  12  2.496525
37  12  2.498192
38  12  2.499578
39  12  2.498622
40  12  2.498300
41  12  2.497447
42  12  2.497918
43  12  2.498154
44  12  2.499212
45  12  2.498990
46  12  2.498840
47  12  2.498177
48  12  2.498376
49  12  2.498156
50  12  2.498255
51  12  2.498280
52  12  2.497397
53  12  2.497702
54  12  2.498393
55  12  2.499084
56  12  2.498642
57  12  2.497949
58  12  2.496976
59  12  2.498078
60  12  2.496663
61  12  2.498218
62  12  2.498312
63  12  2.499127
0  13  2.497837
1  13  2.498877
2  13  2.498843
3  13  2.499356
4  13  2.498831
5  13  2.498698
6  13  2.498111
7  13  2.498403
8  13  2.498320
9  13  2.497842
10  13  2.498111
11  13  2.498191
12  13  2.497961
13  13  2.498880
14  13  2.498755
15  13  2.499517
16  13  2.499126
17  13  2.498011
18  13  2.497091
19  13  2.496875
20  13  2.497831
21  13  2.497427
22  13  2.495570
23  13  2.497743
24  13  2.497918
25  13  2.498412
26  13  2.497827
27  13  2.499004
28  13  2.498657
29  13  2.498941
30  13  2.498832
31  13  2.498965
32  13  2.498861
33  13  2.498416
34  13  2.498606
35  13  2.498320
36  13  2.498586
37  13  2.498782
38  13  2.498655
39  13  2.498735
40  13  2.498708
41  13  2.497835
42  13  2.498590
43  13  2.499453
44  13  2.499394
45  13  2.499119
46  13  2.498795
47  13  2.497853
48  13  2.497924
49  13  2.497777
50  13  2.498632
51  13  2.498353
52  13  2.498295
53  13  2.498313
54  13  2.498656
55  13  2.498865
56  13  2.498728
57  13  2.498088
58  13  2.497067
59  13  2.497151
60  13  2.497562
61  13  2.496441
62  13  2.496757
63  13  2.497401
0  14  2.498312
1  14  2.498878
2  14  2.499147
3  14  2.498993
4  14  2.497339
5  14  2.497169
6  14  2.497740
7  14  2.499285
8  14  2.499032
9  14  2.498493
10  14  2.497751
11  14  2.498029
12  14  2.497999
13  14  2.499073
14  14  2.498973
15  14  2.499057
16  14  2.498598
17  14  2.498310
18  14  2.498328
19  14  2.497511
20  14  2.497205
21  14  2.497842
22  14  2.495245
23  14  2.497504
24  14  2.498589
25  14  2.497397
26  14  2.497589
27  14  2.498744
28  14  2.498856
29  14  2.498786
30  14  2.498653
31  14  2.499222
32  14  2.498848
33  14  2.498072
34  14  2.498503
35  14  2.498348
36  14  2.497821
37  14  2.497929
38  14  2.498135
39  14  2.498891
40  14  2.499164
41  14  2.498040
42  14  2.498093
43  14  2.497656
44  14  2.498426
45  14  2.499036
46  14  2.498996
47  14  2.498956
48  14  2.498603
49  14  2.498569
50  14  2.499166
51  14  2.498749
52  14  2.497401
53  14  2.496880
54  14  2.496854
55  14  2.497407
56  14  2.497852
57  14  2.498137
58  14  2.496821
59  14  2.497004
60  14  2.498917
61  14  2.497773
62  14  2.497333
63  14  2.497557
0  15  2.498023
1  15  2.499032
2  15  2.499297
3  15  2.499193
4  15  2.498191
5  15  2.498258
6  15  2.498596
7  15  2.499469
8  15  2.498791
9  15  2.498579
10  15  2.497564
11  15  2.498296
12  15  2.497878
13  15  2.498350
14  15  2.497922
15  15  2.497696
16  15  2.497761
17  15  2.497592
18  15  2.499039
19  15  2.499216
20  15  2.498123
21  15  2.498581
22  15  2.496432
23  15  2.497468
24  15  2.498643
25  15  2.497308
26  15  2.498273
27  15  2.498040
28  15  2.498672
29  15  2.498721
30  15  2.499012
31  15  2.498822
32  15  2.497982
33  15  2.496634
34  15  2.497648
35  15  2.498419
36  15  2.498194
37  15  2.498355
38  15  2.498401
39  15  2.498999
40  15  2.499124
41  15  2.498590
42  15  2.498797
43  15  2.498275
44  15  2.498563
45  15  2.499250
46  15  2.499001
47  15  2.498610
48  15  2.498659
49  15  2.498916
50  15  2.499179
51  15  2.499496
52  15  2.498680
53  15  2.498086
54  15  2.496968
55  15  2.497366
56  15  2.497970
57  15  2.499096
58  15  2.497839
59  15  2.496237
60  15  2.497453
61  15  2.498055
62  15  2.497274
63  15  2.497068
0  16  2.498560
1  16  2.499630
2  16  2.499037
3  16  2.498715
4  16  2.498368
5  16  2.498642
6  16  2.498943
7  16  2.498124
8  16  2.497278
9  16  2.497868
10  16  2.498504
11  16  2.498973
12  16  2.498212
13  16  2.498401
14  16  2.497467
15  16  2.497299
16  16  2.498046
17  16  2.497969
18  16  2.499205
19  16  2.499485
20  16  2.498284
21  16  2.499135
22  16  2.497916
23  16  2.497409
24  16  2.498631
25  16  2.498055
26  16  2.498407
27  16  2.499531
28  16  2.498391
29  16  2.498687
30  16  2.498913
31  16  2.499024
32  16  2.499086
33  16  2.496377
34  16  2.496999
35  16  2.498775
36  16  2.498593
37  16  2.498715
38  16  2.498866
39  16  2.498258
40  16  2.497790
41  16  2.497785
42  16  2.498424
43  16  2.499058
44  16  2.498586
45  16  2.499205
46  16  2.499062
47  16  2.499251
48  16  2.499229
49  16  2.499207
50  16  2.499218
51  16  2.498794
52  16  2.497636
53  16  2.497647
54  16  2.497386
55  16  2.499071
56  16  2.499571
57  16  2.499417
58  16  2.498543
59  16  2.497687
60  16  2.496627
61  16  2.497995
62  16  2.497221
63  16  2.497110
0  17  2.499359
1  17  2.499618
2  17  2.499346
3  17  2.498326
4  17  2.498331
5  17  2.498014
6  17  2.498145
7  17  2.497543
8  17  2.498963
9  17  2.498834
10  17  2.499184
11  17  2.499133
12  17  2.498353
13  17  2.498568
14  17  2.497579
15  17  2.496399
16  17  2.497077
17  17  2.497437
18  17  2.499337
19  17  2.499863
20  17  2.498613
21  17  2.498899
22  17  2.499356
23  17  2.498572
24  17  2.499020
25  17  2.498941
26  17  2.498190
27  17  2.498328
28  17  2.497831
29  17  2.498646
30  17  2.498894
31  17  2.498996
32  17  2.499137
33  17  2.495831
34  17  2.496256
35  17  2.498935
36  17  2.499021
37  17  2.499318
38  17  2.499160
39  17  2.498281
40  17  2.497804
41  17  2.498391
42  17  2.498831
43  17  2.499364
44  17  2.498796
45  17  2.499373
46  17  2.499396
47  17  2.499169
48  17  2.499014
49  17  2.498920
50  17  2.499245
51  17  2.498879
52  17  2.498927
53  17  2.498522
54  17  2.498414
55  17  2.498563
56  17  2.498570
57  17  2.499003
58  17  2.499380
59  17  2.499456
60  17  2.498953
61  17  2.499078
62  17  2.498380
63  17  2.498230
0  18  2.498979
1  18  2.498748
2  18  2.498996
3  18  2.498560
4  18  2.499009
5  18  2.498772
6  18  2.497638
7  18  2.496995
8  18  2.499062
9  18  2.498755
10  18  2.499013
11  18  2.499299
12  18  2.498975
13  18  2.499360
14  18  2.498769
15  18  2.497714
16  18  2.497661
17  18  2.498469
18  18  2.499831
19  18  2.499731
20  18  2.498930
21  18  2.498362
22  18  2.498719
23  18  2.498428
24  18  2.498522
25  18  2.498327
26  18  2.497712
27  18  2.498329
28  18  2.497742
29  18  2.498955
30  18  2.499066
31  18  2.499212
32  18  2.499509
33  18  2.498013
34  18  2.497328
35  18  2.498241
36  18  2.498277
37  18  2.499318
38  18  2.499596
39  18  2.498630
40  18  2.498143
41  18  2.499073
42  18  2.498739
43  18  2.499012
44  18  2.498563
45  18  2.498977
46  18  2.499571
47  18  2.499182
48  18  2.499182
49  18  2.499091
50  18  2.498167
51  18  2.497794
52  18  2.497907
53  18  2.498175
54  18  2.498150
55  18  2.498340
56  18  2.498316
57  18  2.498707
58  18  2.498623
59  18  2.498220
60  18  2.497352
61  18  2.497464
62  18  2.498538
63  18  2.498652
0  19  2.498518
1  19  2.498447
2  19  2.498206
3  19  2.498359
4  19  2.498338
5  19  2.498863
6  19  2.497817
7  19  2.497461
8  19  2.498296
9  19  2.499417
10  19  2.499398
11  19  2.499183
12  19  2.498707
13  19  2.498559
14  19  2.499126
15  19  2.498416
16  19  2.498466
17  19  2.498740
18  19  2.499759
19  19  2.499452
20  19  2.498944
21  19  2.498298
22  19  2.498156
23  19  2.497760
24  19  2.498449
25  19  2.498369
26  19  2.498139
27  19  2.498043
28  19  2.497672
29  19  2.498214
30  19  2.498813
31  19  2.498287
32  19  2.498596
33  19  2.498240
34  19  2.497273
35  19  2.496673
36  19  2.496116
37  19  2.499135
38  19  2.499484
39  19  2.498925
40  19  2.498989
41  19  2.499396
42  19  2.498476
43  19  2.498043
44  19  2.498183
45  19  2.498975
46  19  2.499324
47  19  2.498908
48  19  2.499205
49  19  2.499225
50  19  2.498473
51  19  2.498598
52  19  2.497833
53  19  2.498007
54  19  2.498407
55  19  2.498797
56  19  2.499637
57  19  2.499559
58  19  2.499341
59  19  2.498754
60  19  2.497852
61  19  2.497724
62  19  2.499172
63  19  2.498818
0  20  2.499001
1  20  2.499210
2  20  2.498552
3  20  2.499027
4  20  2.498889
5  20  2.499193
6  20  2.498613
7  20  2.498242
8  20  2.497534
9  20  2.499331
10  20  2.499392
11  20  2.499218
12  20  2.498459
13  20  2.498606
14  20  2.499456
15  20  2.499567
16  20  2.499222
17  20  2.498922
18  20  2.499621
19  20  2.499281
20  20  2.497814
21  20  2.497771
22  20  2.498012
23  20  2.497305
24  20  2.498154
25  20  2.499138
26  20  2.499187
27  20  2.499348
28  20  2.498225
29  20  2.498113
30  20  2.498986
31  20  2.498384
32  20  2.498892
33  20  2.498804
34  20  2.498372
35  20  2.497189
36  20  2.497060
37  20  2.499362
38  20  2.499116
39  20  2.498577
40  20  2.498480
41  20  2.499053
42  20  2.498172
43  20  2.497572
44  20  2.498167
45  20  2.498736
46  20  2.498881
47  20  2.499009
48  20  2.499434
49  20  2.499738
50  20  2.497861
51  20  2.496929
52  20  2.496113
53  20  2.497944
54  20  2.498688
55  20  2.499412
56  20  2.499407
57  20  2.499791
58  20  2.499341
59  20  2.498628
60  20  2.497729
61  20  2.497704
62  20  2.498334
63  20  2.499065
0  21  2.498585
1  21  2.499344
2  21  2.498727
3  21  2.499025
4  21  2.498507
5  21  2.498674
6  21  2.498230
7  21  2.497567
8  21  2.496951
9  21  2.498614
10  21  2.498801
11  21  2.499446
12  21  2.499256
13  21  2.499247
14  21  2.499900
15  21  2.499742
16  21  2.499610
17  21  2.499094
18  21  2.499098
19  21  2.498851
20  21  2.497883
21  21  2.497978
22  21  2.498571
23  21  2.497088
24  21  2.497577
25  21  2.498603
26  21  2.498971
27  21  2.498885
28  21  2.496662
29  21  2.496991
30  21  2.497900
31  21  2.497984
32  21  2.498178
33  21  2.498014
34  21  2.497954
35  21  2.497007
36  21  2.497210
37  21  2.498450
38  21  2.498017
39  21  2.498194
40  21  2.498485
41  21  2.498504
42  21  2.498096
43  21  2.497814
44  21  2.497620
45  21  2.498368
46  21  2.498130
47  21  2.498985
48  21  2.499380
49  21  2.498901
50  21  2.498678
51  21  2.497813
52  21  2.497263
53  21  2.497695
54  21  2.498219
55  21  2.498510
56  21  2.499060
57  21  2.499681
58  21  2.499187
59  21  2.498374
60  21  2.498325
61  21  2.498272
62  21  2.496599
63  21  2.497864
0  22  2.498242
1  22  2.498981
2  22  2.499102
3  22  2.499415
4  22  2.499301
5  22  2.498771
6  22  2.497911
7  22  2.497355
8  22  2.497506
9  22  2.498354
10  22  2.498160
11  22  2.498917
12  22  2.498627
13  22  2.498971
14  22  2.499635
15  22  2.498410
16  22  2.498610
17  22  2.498842
18  22  2.499082
19  22  2.499226
20  22  2.498636
21  22  2.498712
22  22  2.498632
23  22  2.499206
24  22  2.499090
25  22  2.498618
26  22  2.498406
27  22  2.498506
28  22  2.496632
29  22  2.497275
30  22  2.497874
31  22  2.498600
32  22  2.499015
33  22  2.499046
34  22  2.499440
35  22  2.499365
36  22  2.498824
37  22  2.498600
38  22  2.498022
39  22  2.498150
40  22  2.498131
41  22  2.497533
42  22  2.497209
43  22  2.496194
44  22  2.495842
45  22  2.498495
46  22  2.497682
47  22  2.498850
48  22  2.498722
49  22  2.498548
50  22  2.498569
51  22  2.498180
52  22  2.497577
53  22  2.498260
54  22  2.498753
55  22  2.498429
56  22  2.499116
57  22  2.499589
58  22  2.499239
59  22  2.498494
60  22  2.498602
61  22  2.498662
62  22  2.495296
63  22  2.497148
0  23  2.497148
1  23  2.498989
2  23  2.499023
3  23  2.499336
4  23  2.499180
5  23  2.498493
6  23  2.498187
7  23  2.498579
8  23  2.498712
9  23  2.498538
10  23  2.497961
11  23  2.498564
12  23  2.497393
13  23  2.498015
14  23  2.498680
15  23  2.498443
16  23  2.498711
17  23  2.498652
18  23  2.499036
19  23  2.499407
20  23  2.499594
21  23  2.499585
22  23  2.499048
23  23  2.498950
24  23  2.498220
25  23  2.498925
26  23  2.499311
27  23  2.499441
28  23  2.497720
29  23  2.498268
30  23  2.497796
31  23  2.498241
32  23  2.498797
33  23  2.498865
34  23  2.499284
35  23  2.499320
36  23  2.498320
37  23  2.498194
38  23  2.497985
39  23  2.497582
40  23  2.498000
41  23  2.496704
42  23  2.498087
43  23  2.496112
44  23  2.495393
45  23  2.498798
46  23  2.498776
47  23  2.499181
48  23  2.499025
49  23  2.499237
50  23  2.498538
51  23  2.498135
52  23  2.498278
53  23  2.498735
54  23  2.498657
55  23  2.498426
56  23  2.499060
57  23  2.499398
58  23  2.499371
59  23  2.498121
60  23  2.497176
61  23  2.497835
62  23  2.493624
63  23  2.496599
0  24  2.497437
1  24  2.499277
2  24  2.499552
3  24  2.499482
4  24  2.499538
5  24  2.499528
6  24  2.499314
7  24  2.499730
8  24  2.499433
9  24  2.499428
10  24  2.498621
11  24  2.498278
12  24  2.498280
13  24  2.498245
14  24  2.498498
15  24  2.496182
16  24  2.496435
17  24  2.494878
18  24  2.497553
19  24  2.497832
20  24  2.499337
21  24  2.498911
22  24  2.498908
23  24  2.498940
24  24  2.498625
25  24  2.498692
26  24  2.499191
27  24  2.499154
28  24  2.498201
29  24  2.498946
30  24  2.498728
31  24  2.499180
32  24  2.499358
33  24  2.499366
34  24  2.499325
35  24  2.497989
36  24  2.498408
37  24  2.498782
38  24  2.497330
39  24  2.497466
40  24  2.497222
41  24  2.496964
42  24  2.498541
43  24  2.497336
44  24  2.495701
45  24  2.497652
46  24  2.497919
47  24  2.498173
48  24  2.498714
49  24  2.499397
50  24  2.498743
51  24  2.498024
52  24  2.497874
53  24  2.498393
54  24  2.498727
55  24  2.499006
56  24  2.499321
57  24  2.499503
58  24  2.499530
59  24  2.498820
60  24  2.498273
61  24  2.498992
62  24  2.496354
63  24  2.497204
0  25  2.497492
1  25  2.499523
2  25  2.499621
3  25  2.498445
4  25  2.498455
5  25  2.498756
6  25  2.499046
7  25  2.499687
8  25  2.499460
9  25  2.499594
10  25  2.498684
11  25  2.498214
12  25  2.498236
13  25  2.498032
14  25  2.498315
15  25  2.496853
16  25  2.497335
17  25  2.495457
18  25  2.496756
19  25  2.496916
20  25  2.498748
21  25  2.498232
22  25  2.498979
23  25  2.497702
24  25  2.495917
25  25  2.497883
26  25  2.498481
27  25  2.499413
28  25  2.497648
29  25  2.498373
30  25  2.498598
31  25  2.499059
32  25  2.499239
33  25  2.499060
34  25  2.498774
35  25  2.498076
36  25  2.498023
37  25  2.497266
38  25  2.497187
39  25  2.498507
40  25  2.498502
41  25  2.497561
42  25  2.498300
43  25  2.499050
44  25  2.497747
45  25  2.497823
46  25  2.498319
47  25  2.498053
48  25  2.498150
49  25  2.498915
50  25  2.499028
51  25  2.498861
52  25  2.498555
53  25  2.495851
54  25  2.495701
55  25  2.497201
56  25  2.498539
57  25  2.499053
58  25  2.499199
59  25  2.498586
60  25  2.498006
61  25  2.498145
62  25  2.497114
63  25  2.497210
0  26  2.499535
1  26  2.499182
2  26  2.499409
3  26  2.498053
4  26  2.498299
5  26  2.498495
6  26  2.498655
7  26  2.498959
8  26  2.498122
9  26  2.497917
10  26  2.497216
11  26  2.497463
12  26  2.497571
13  26  2.497751
14  26  2.497090
15  26  2.494683
16  26  2.494708
17  26  2.494042
18  26  2.496855
19  26  2.497452
20  26  2.498653
21  26  2.498311
22  26  2.498437
23  26  2.497696
24  26  2.497595
25  26  2.497989
26  26  2.497776
27  26  2.497696
28  26  2.497769
29  26  2.498304
30  26  2.498819
31  26  2.498980
32  26  2.499203
33  26  2.499287
34  26  2.499095
35  26  2.498207
36  26  2.498392
37  26  2.497837
38  26  2.497179
39  26  2.497673
40  26  2.497917
41  26  2.498359
42  26  2.498231
43  26  2.499192
44  26  2.498863
45  26  2.499027
46  26  2.499295
47  26  2.499760
48  26  2.498783
49  26  2.499024
50  26  2.499012
51  26  2.498805
52  26  2.497442
53  26  2.495947
54  26  2.496204
55  26  2.498197
56  26  2.498700
57  26  2.499115
58  26  2.498980
59  26  2.498443
60  26  2.497212
61  26  2.497520
62  26  2.499476
63  26  2.499450
0  27  2.499403
1  27  2.499071
2  27  2.497681
3  27  2.496903
4  27  2.497198
5  27  2.498157
6  27  2.498702
7  27  2.498970
8  27  2.498783
9  27  2.497196
10  27  2.497005
11  27  2.497342
12  27  2.497283
13  27  2.497581
14  27  2.497472
15  27  2.498634
16  27  2.498408
17  27  2.495580
18  27  2.494839
19  27  2.495016
20  27  2.498096
21  27  2.498948
22  27  2.498461
23  27  2.498846
24  27  2.498707
25  27  2.498807
26  27  2.497609
27  27  2.497434
28  27  2.497975
29  27  2.497375
30  27  2.498187
31  27  2.498668
32  27  2.499285
33  27  2.499520
34  27  2.499484
35  27  2.499626
36  27  2.498945
37  27  2.498019
38  27  2.497385
39  27  2.498501
40  27  2.498543
41  27  2.498333
42  27  2.498359
43  27  2.498742
44  27  2.498843
45  27  2.498496
46  27  2.498596
47  27  2.498627
48  27  2.498634
49  27  2.499024
50  27  2.499148
51  27  2.499524
52  27  2.498384
53  27  2.497323
54  27  2.496977
55  27  2.497223
56  27  2.497816
57  27  2.497442
58  27  2.499137
59  27  2.499373
60  27  2.498238
61  27  2.497386
62  27  2.499237
63  27  2.499178
0  28  2.499435
1  28  2.498771
2  28  2.497540
3  28  2.497679
4  28  2.498234
5  28  2.499320
6  28  2.499334
7  28  2.499310
8  28  2.499776
9  28  2.499298
10  28  2.499210
11  28  2.499061
12  28  2.498530
13  28  2.498024
14  28  2.495517
15  28  2.496758
16  28  2.495839
17  28  2.497389
18  28  2.497788
19  28  2.497637
20  28  2.498612
21  28  2.499494
22  28  2.499034
23  28  2.499684
24  28  2.499525
25  28  2.499579
26  28  2.499025
27  28  2.496984
28  28  2.496935
29  28  2.496704
30  28  2.498528
31  28  2.498556
32  28  2.499144
33  28  2.499448
34  28  2.499577
35  28  2.499377
36  28  2.498502
37  28  2.498263
38  28  2.497546
39  28  2.498643
40  28  2.498653
41  28  2.498783
42  28  2.498498
43  28  2.498449
44  28  2.499347
45  28  2.499030
46  28  2.498827
47  28  2.498483
48  28  2.498336
49  28  2.498783
50  28  2.498605
51  28  2.499154
52  28  2.498736
53  28  2.499113
54  28  2.498978
55  28  2.498836
56  28  2.498432
57  28  2.497497
58  28  2.498975
59  28  2.499112
60  28  2.496869
61  28  2.496922
62  28  2.498739
63  28  2.499055
0  29  2.498549
1  29  2.498663
2  29  2.498135
3  29  2.498417
4  29  2.498389
5  29  2.499322
6  29  2.499313
7  29  2.499440
8  29  2.499462
9  29  2.498356
10  29  2.498193
11  29  2.498917
12  29  2.498544
13  29  2.498374
14  29  2.496728
15  29  2.498833
16  29  2.496700
17  29  2.497118
18  29  2.498895
19  29  2.498760
20  29  2.499113
21  29  2.499133
22  29  2.498924
23  29  2.499233
24  29  2.498905
25  29  2.498927
26  29  2.499197
27  29  2.498904
28  29  2.499147
29  29  2.498466
30  29  2.499129
31  29  2.498619
32  29  2.499217
33  29  2.498374
34  29  2.498212
35  29  2.498146
36  29  2.497881
37  29  2.498487
38  29  2.497904
39  29  2.498356
40  29  2.498401
41  29  2.498806
42  29  2.499555
43  29  2.499293
44  29  2.499198
45  29  2.498546
46  29  2.497579
47  29  2.498332
48  29  2.498117
49  29  2.497488
50  29  2.497870
51  29  2.499345
52  29  2.498448
53  29  2.498463
54  29  2.498320
55  29  2.498535
56  29  2.498782
57  29  2.497912
58  29  2.498467
59  29  2.497948
60  29  2.497078
61  29  2.497523
62  29  2.498641
63  29  2.498278
0  30  2.498371
1  30  2.497988
2  30  2.498547
3  30  2.498134
4  30  2.498566
5  30  2.497915
6  30  2.498950
7  30  2.498935
8  30  2.499338
9  30  2.498712
10  30  2.498290
11  30  2.497485
12  30  2.497839
13  30  2.497930
14  30  2.497092
15  30  2.497093
16  30  2.497100
17  30  2.498372
18  30  2.497940
19  30  2.498517
20  30  2.498369
21  30  2.499073
22  30  2.498810
23  30  2.499008
24  30  2.498748
25  30  2.499075
26  30  2.499323
27  30  2.498867
28  30  2.499195
29  30  2.498206
30  30  2.499264
31  30  2.498603
32  30  2.499081
33  30  2.497937
34  30  2.497674
35  30  2.497951
36  30  2.498881
37  30  2.499349
38  30  2.498698
39  30  2.498507
40  30  2.498408
41  30  2.498681
42  30  2.499351
43  30  2.498907
44  30  2.499196
45  30  2.498819
46  30  2.498282
47  30  2.498103
48  30  2.498259
49  30  2.497493
50  30  2.497554
51  30  2.499485
52  30  2.499203
53  30  2.499161
54  30  2.498701
55  30  2.499290
56  30  2.499283
57  30  2.498713
58  30  2.498309
59  30  2.497991
60  30  2.498268
61  30  2.498444
62  30  2.498987
63  30  2.498639
0  31  2.498533
1  31  2.498132
2  31  2.498778
3  31  2.498477
4  31  2.498377
5  31  2.497688
6  31  2.499090
7  31  2.498702
8  31  2.498937
9  31  2.499075
10  31  2.499277
11  31  2.499080
12  31  2.498860
13  31  2.498011
14  31  2.498359
15  31  2.497973
16  31  2.498449
17  31  2.498815
18  31  2.498563
19  31  2.498941
20  31  2.498482
21  31  2.498154
22  31  2.498053
23  31  2.496158
24  31  2.495436
25  31  2.495664
26  31  2.497712
27  31  2.498907
28  31  2.499102
29  31  2.498524
30  31  2.499583
31  31  2.498957
32  31  2.498008
33  31  2.497123
34  31  2.496675
35  31  2.497743
36  31  2.498892
37  31  2.499575
38  31  2.499141
39  31  2.499084
40  31  2.499041
41  31  2.499196
42  31  2.499311
43  31  2.499226
44  31  2.499345
45  31  2.498606
46  31  2.498024
47  31  2.498562
48  31  2.498381
49  31  2.497307
50  31  2.498030
51  31  2.499207
52  31  2.498992
53  31  2.498343
54  31  2.498330
55  31  2.499516
56  31  2.499347
57  31  2.498950
58  31  2.498917
59  31  2.497952
60  31  2.498090
61  31  2.498067
62  31  2.499012
63  31  2.498938
0  32  2.498603
1  32  2.498184
2  32  2.498207
3  32  2.498404
4  32  2.498196
5  32  2.497623
6  32  2.499058
7  32  2.498779
8  32  2.498656
9  32  2.498931
10  32  2.499286
11  32  2.499405
12  32  2.499088
13  32  2.498070
14  32  2.498031
15  32  2.498069
16  32  2.498832
17  32  2.498224
18  32  2.498555
19  32  2.499068
20  32  2.499377
21  32  2.499000
22  32  2.498772
23  32  2.495731
24  32  2.495444
25  32  2.495839
26  32  2.497910
27  32  2.498937
28  32  2.498943
29  32  2.498557
30  32  2.499269
31  32  2.499745
32  32  2.498126
33  32  2.498631
34  32  2.499516
35  32  2.499366
36  32  2.499550
37  32  2.499579
38  32  2.499472
39  32  2.499022
40  32  2.498724
41  32  2.498727
42  32  2.499120
43  32  2.499418
44  32  2.499532
45  32  2.498808
46  32  2.498845
47  32  2.498686
48  32  2.498486
49  32  2.498470
50  32  2.498943
51  32  2.499575
52  32  2.499228
53  32  2.498485
54  32  2.498784
55  32  2.499025
56  32  2.499494
57  32  2.499657
58  32  2.498528
59  32  2.497597
60  32  2.497015
61  32  2.497912
62  32  2.498478
63  32  2.498641
0  33  2.498127
1  33  2.498405
2  33  2.497277
3  33  2.498143
4  33  2.498303
5  33  2.499246
6  33  2.499381
7  33  2.498552
8  33  2.497262
9  33  2.497417
10  33  2.498505
11  33  2.499630
12  33  2.499619
13  33  2.499372
14  33  2.498386
15  33  2.497568
16  33  2.497773
17  33  2.497893
18  33  2.498776
19  33  2.499215
20  33  2.499468
21  33  2.498568
22  33  2.497891
23  33  2.495554
24  33  2.495463
25  33  2.495415
26  33  2.497617
27  33  2.498832
28  33  2.498545
29  33  2.498605
30  33  2.499242
31  33  2.499528
32  33  2.498281
33  33  2.498977
34  33  2.498691
35  33  2.498062
36  33  2.497295
37  33  2.498014
38  33  2.498025
39  33  2.499039
40  33  2.498281
41  33  2.498019
42  33  2.498621
43  33  2.499038
44  33  2.499608
45  33  2.498900
46  33  2.498106
47  33  2.498262
48  33  2.498653
49  33  2.499257
50  33  2.499230
51  33  2.498319
52  33  2.497962
53  33  2.497745
54  33  2.498851
55  33  2.499118
56  33  2.499599
57  33  2.499732
58  33  2.498938
59  33  2.498544
60  33  2.497999
61  33  2.498639
62  33  2.498187
63  33  2.498498
0  34  2.498377
1  34  2.498501
2  34  2.497169
3  34  2.497716
4  34  2.496703
5  34  2.498582
6  34  2.498238
7  34  2.498517
8  34  2.497728
9  34  2.497910
10  34  2.498625
11  34  2.499530
12  34  2.499491
13  34  2.498971
14  34  2.498657
15  34  2.498255
16  34  2.497646
17  34  2.497874
18  34  2.497190
19  34  2.497367
20  34  2.497986
21  34  2.498154
22  34  2.498470
23  34  2.498435
24  34  2.499377
25  34  2.498425
26  34  2.498925
27  34  2.498184
28  34  2.498782
29  34  2.499031
30  34  2.498873
31  34  2.499072
32  34  2.499318
33  34  2.499766
34  34  2.498997
35  34  2.497982
36  34  2.497355
37  34  2.495960
38  34  2.496517
39  34  2.498531
40  34  2.498340
41  34  2.497949
42  34  2.498367
43  34  2.499257
44  34  2.499455
45  34  2.499187
46  34  2.499175
47  34  2.499223
48  34  2.499182
49  34  2.498943
50  34  2.499029
51  34  2.498520
52  34  2.498962
53  34  2.498800
54  34  2.499387
55  34  2.499504
56  34  2.499608
57  34  2.499513
58  34  2.498855
59  34  2.498550
60  34  2.498569
61  34  2.499205
62  34  2.498448
63  34  2.497985
0  35  2.499058
1  35  2.499410
2  35  2.497840
3  35  2.497882
4  35  2.496958
5  35  2.498592
6  35  2.497595
7  35  2.497958
8  35  2.498180
9  35  2.497857
10  35  2.499098
11  35  2.499060
12  35  2.498739
13  35  2.498016
14  35  2.497709
15  35  2.498041
16  35  2.499119
17  35  2.498660
18  35  2.498166
19  35  2.497475
20  35  2.498147
21  35  2.498570
22  35  2.499078
23  35  2.499121
24  35  2.498381
25  35  2.497636
26  35  2.497347
27  35  2.497039
28  35  2.497529
29  35  2.498723
30  35  2.498731
31  35  2.498504
32  35  2.498642
33  35  2.499233
34  35  2.498790
35  35  2.497781
36  35  2.497384
37  35  2.494816
38  35  2.496011
39  35  2.498714
40  35  2.499081
41  35  2.498723
42  35  2.498067
43  35  2.498789
44  35  2.498957
45  35  2.499039
46  35  2.498601
47  35  2.498747
48  35  2.498882
49  35  2.498991
50  35  2.499220
51  35  2.499570
52  35  2.499560
53  35  2.499180
54  35  2.499735
55  35  2.499080
56  35  2.499039
57  35  2.499008
58  35  2.499558
59  35  2.499502
60  35  2.499560
61  35  2.499313
62  35  2.498753
63  35  2.498482
0  36  2.498706
1  36  2.498745
2  36  2.498459
3  36  2.498635
4  36  2.497419
5  36  2.498394
6  36  2.497925
7  36  2.497591
8  36  2.498044
9  36  2.497808
10  36  2.499128
11  36  2.498979
12  36  2.499238
13  36  2.497657
14  36  2.497123
15  36  2.497851
16  36  2.498462
17  36  2.497390
18  36  2.496443
19  36  2.496745
20  36  2.497549
21  36  2.498431
22  36  2.499235
23  36  2.499128
24  36  2.498435
25  36  2.498849
26  36  2.498756
27  36  2.498240
28  36  2.497853
29  36  2.498842
30  36  2.498345
31  36  2.497962
32  36  2.498158
33  36  2.498581
34  36  2.498858
35  36  2.498460
36  36  2.497386
37  36  2.495906
38  36  2.497494
39  36  2.498762
40  36  2.499631
41  36  2.499798
42  36  2.499465
43  36  2.499262
44  36  2.499107
45  36  2.499331
46  36  2.499323
47  36  2.497991
48  36  2.498112
49  36  2.497743
50  36  2.499277
51  36  2.499711
52  36  2.499611
53  36  2.499431
54  36  2.499583
55  36  2.498739
56  36  2.498300
57  36  2.498833
58  36  2.498880
59  36  2.498523
60  36  2.498273
61  36  2.498354
62  36  2.499020
63  36  2.499096
0  37  2.498726
1  37  2.498854
2  37  2.498376
3  37  2.498215
4  37  2.498052
5  37  2.498170
6  37  2.498808
7  37  2.497983
8  37  2.498145
9  37  2.498354
10  37  2.499530
11  37  2.499037
12  37  2.499190
13  37  2.497401
14  37  2.497410
15  37  2.497764
16  37  2.498372
17  37  2.498435
18  37  2.498218
19  37  2.497386
20  37  2.498143
21  37  2.498279
22  37  2.498862
23  37  2.498489
24  37  2.496439
25  37  2.496987
26  37  2.496898
27  37  2.498234
28  37  2.498520
29  37  2.499470
30  37  2.499747
31  37  2.498510
32  37  2.498582
33  37  2.498765
34  37  2.499128
35  37  2.498590
36  37  2.498126
37  37  2.497681
38  37  2.498888
39  37  2.499362
40  37  2.499747
41  37  2.499906
42  37  2.499510
43  37  2.499005
44  37  2.498118
45  37  2.498007
46  37  2.498861
47  37  2.497305
48  37  2.497862
49  37  2.497620
50  37  2.499232
51  37  2.499265
52  37  2.499112
53  37  2.498855
54  37  2.499422
55  37  2.498159
56  37  2.497698
57  37  2.498195
58  37  2.498844
59  37  2.499106
60  37  2.498976
61  37  2.498737
62  37  2.498874
63  37  2.499619
0  38  2.497653
1  38  2.497969
2  38  2.498331
3  38  2.497621
4  38  2.497177
5  38  2.497451
6  38  2.498800
7  38  2.498751
8  38  2.498689
9  38  2.499140
10  38  2.498636
11  38  2.498404
12  38  2.499505
13  38  2.498229
14  38  2.498199
15  38  2.497977
16  38  2.499400
17  38  2.499804
18  38  2.498716
19  38  2.498223
20  38  2.498538
21  38  2.499108
22  38  2.498837
23  38  2.497678
24  38  2.497384
25  38  2.496981
26  38  2.497621
27  38  2.498247
28  38  2.499065
29  38  2.499617
30  38  2.499485
31  38  2.498524
32  38  2.498549
33  38  2.498742
34  38  2.499192
35  38  2.499162
36  38  2.498531
37  38  2.498071
38  38  2.497513
39  38  2.498276
40  38  2.498528
41  38  2.499876
42  38  2.499787
43  38  2.499350
44  38  2.498298
45  38  2.497530
46  38  2.498546
47  38  2.498111
48  38  2.498399
49  38  2.498005
50  38  2.498998
51  38  2.498906
52  38  2.498966
53  38  2.499115
54  38  2.499106
55  38  2.498454
56  38  2.497615
57  38  2.496897
58  38  2.498415
59  38  2.499328
60  38  2.499258
61  38  2.499204
62  38  2.498799
63  38  2.498598
0  39  2.498775
1  39  2.499235
2  39  2.499050
3  39  2.497651
4  39  2.497021
5  39  2.496397
6  39  2.497731
7  39  2.497952
8  39  2.498621
9  39  2.498394
10  39  2.498222
11  39  2.498062
12  39  2.499523
13  39  2.497864
14  39  2.497722
15  39  2.497733
16  39  2.499282
17  39  2.499552
18  39  2.498309
19  39  2.497955
20  39  2.498744
21  39  2.499320
22  39  2.498680
23  39  2.497491
24  39  2.498393
25  39  2.498725
26  39  2.498736
27  39  2.498668
28  39  2.499004
29  39  2.498547
30  39  2.498211
31  39  2.498120
32  39  2.498222
33  39  2.498968
34  39  2.499205
35  39  2.498835
36  39  2.498524
37  39  2.498198
38  39  2.498518
39  39  2.497818
40  39  2.497705
41  39  2.499456
42  39  2.499745
43  39  2.499470
44  39  2.498444
45  39  2.498197
46  39  2.497990
47  39  2.498362
48  39  2.498570
49  39  2.498698
50  39  2.498739
51  39  2.498360
52  39  2.498775
53  39  2.498580
54  39  2.499149
55  39  2.499647
56  39  2.499418
57  39  2.497668
58  39  2.498093
59  39  2.498486
60  39  2.498135
61  39  2.499365
62  39  2.498889
63  39  2.498724
0  40  2.499196
1  40  2.499270
2  40  2.499535
3  40  2.499606
4  40  2.499592
5  40  2.499074
6  40  2.498105
7  40  2.498130
8  40  2.498322
9  40  2.497063
10  40  2.497332
11  40  2.497739
12  40  2.499117
13  40  2.498066
14  40  2.497868
15  40  2.498674
16  40  2.499286
17  40  2.499523
18  40  2.497274
19  40  2.497107
20  40  2.497226
21  40  2.499198
22  40  2.499453
23  40  2.497666
24  40  2.498152
25  40  2.498577
26  40  2.499096
27  40  2.499290
28  40  2.499132
29  40  2.498470
30  40  2.498163
31  40  2.498178
32  40  2.498361
33  40  2.499076
34  40  2.499094
35  40  2.498763
36  40  2.498439
37  40  2.498491
38  40  2.498542
39  40  2.497239
40  40  2.497244
41  40  2.498989
42  40  2.499472
43  40  2.499304
44  40  2.498259
45  40  2.498195
46  40  2.497542
47  40  2.498820
48  40  2.499184
49  40  2.499057
50  40  2.498888
51  40  2.497988
52  40  2.498408
53  40  2.498443
54  40  2.499197
55  40  2.499294
56  40  2.499339
57  40  2.498272
58  40  2.498664
59  40  2.498276
60  40  2.498102
61  40  2.499563
62  40  2.499461
63  40  2.499195
0  41  2.499465
1  41  2.499275
2  41  2.499560
3  41  2.498352
4  41  2.497847
5  41  2.498147
6  41  2.498094
7  41  2.498862
8  41  2.498636
9  41  2.497831
10  41  2.497325
11  41  2.498467
12  41  2.499499
13  41  2.497890
14  41  2.497284
15  41  2.498372
16  41  2.498677
17  41  2.498741
18  41  2.498047
19  41  2.497988
20  41  2.497715
21  41  2.498170
22  41  2.498549
23  41  2.498833
24  41  2.498582
25  41  2.498422
26  41  2.498927
27  41  2.498856
28  41  2.498772
29  41  2.496845
30  41  2.496447
31  41  2.496542
32  41  2.497282
33  41  2.498453
34  41  2.498228
35  41  2.499058
36  41  2.499279
37  41  2.498916
38  41  2.499318
39  41  2.498116
40  41  2.498751
41  41  2.498779
42  41  2.499493
43  41  2.499372
44  41  2.498853
45  41  2.498741
46  41  2.498020
47  41  2.498436
48  41  2.498999
49  41  2.498997
50  41  2.499129
51  41  2.498200
52  41  2.498616
53  41  2.498677
54  41  2.499295
55  41  2.499345
56  41  2.499006
57  41  2.498752
58  41  2.498900
59  41  2.498593
60  41  2.498215
61  41  2.499429
62  41  2.499433
63  41  2.499468
0  42  2.499673
1  42  2.499337
2  42  2.499174
3  42  2.497946
4  42  2.497471
5  42  2.498913
6  42  2.498820
7  42  2.499467
8  42  2.498475
9  42  2.498250
10  42  2.497123
11  42  2.498656
12  42  2.499496
13  42  2.498621
14  42  2.497766
15  42  2.498594
16  42  2.498421
17  42  2.498462
18  42  2.497823
19  42  2.498484
20  42  2.498919
21  42  2.498297
22  42  2.497059
23  42  2.498990
24  42  2.499134
25  42  2.498739
26  42  2.498765
27  42  2.498388
28  42  2.499045
29  42  2.498684
30  42  2.499159
31  42  2.498827
32  42  2.498767
33  42  2.498973
34  42  2.498654
35  42  2.499208
36  42  2.499274
37  42  2.499275
38  42  2.499526
39  42  2.498343
40  42  2.498578
41  42  2.498581
42  42  2.499670
43  42  2.498835
44  42  2.499116
45  42  2.499280
46  42  2.499103
47  42  2.498475
48  42  2.498509
49  42  2.498994
50  42  2.499305
51  42  2.498671
52  42  2.498820
53  42  2.499206
54  42  2.499637
55  42  2.499679
56  42  2.498924
57  42  2.498882
58  42  2.498379
59  42  2.498122
60  42  2.498264
61  42  2.498767
62  42  2.499203
63  42  2.499506
0  43  2.499769
1  43  2.499322
2  43  2.498435
3  43  2.497586
4  43  2.497210
5  43  2.498963
6  43  2.499171
7  43  2.499686
8  43  2.498833
9  43  2.497959
10  43  2.497177
11  43  2.498207
12  43  2.499618
13  43  2.499072
14  43  2.498038
15  43  2.498738
16  43  2.498608
17  43  2.498578
18  43  2.498171
19  43  2.497818
20  43  2.497352
21  43  2.497203
22  43  2.496061
23  43  2.498639
24  43  2.499260
25  43  2.499292
26  43  2.498978
27  43  2.498826
28  43  2.498686
29  43  2.497551
30  43  2.497116
31  43  2.498084
32  43  2.498862
33  43  2.499191
34  43  2.498464
35  43  2.498533
36  43  2.499240
37  43  2.498955
38  43  2.499303
39  43  2.498821
40  43  2.499089
41  43  2.499093
42  43  2.499603
43  43  2.498393
44  43  2.498640
45  43  2.498283
46  43  2.498074
47  43  2.498030
48  43  2.498331
49  43  2.499221
50  43  2.499363
51  43  2.499418
52  43  2.499494
53  43  2.499793
54  43  2.498711
55  43  2.498676
56  43  2.497175
57  43  2.498073
58  43  2.496016
59  43  2.497348
60  43  2.498100
61  43  2.499167
62  43  2.499332
63  43  2.499492
0  44  2.499012
1  44  2.499126
2  44  2.498574
3  44  2.497699
4  44  2.497586
5  44  2.498709
6  44  2.499330
7  44  2.499482
8  44  2.499454
9  44  2.498414
10  44  2.498128
11  44  2.498475
12  44  2.499362
13  44  2.499056
14  44  2.498807
15  44  2.498461
16  44  2.498070
17  44  2.498075
18  44  2.498185
19  44  2.498222
20  44  2.497699
21  44  2.496891
22  44  2.495715
23  44  2.498029
24  44  2.499264
25  44  2.499497
26  44  2.498989
27  44  2.498821
28  44  2.498596
29  44  2.498254
30  44  2.497527
31  44  2.498167
32  44  2.498666
33  44  2.498926
34  44  2.498729
35  44  2.498305
36  44  2.498918
37  44  2.498720
38  44  2.499183
39  44  2.498425
40  44  2.498687
41  44  2.498621
42  44  2.499180
43  44  2.498119
44  44  2.497603
45  44  2.496783
46  44  2.498150
47  44  2.498137
48  44  2.498302
49  44  2.498673
50  44  2.499294
51  44  2.499149
52  44  2.498872
53  44  2.498890
54  44  2.497985
55  44  2.498537
56  44  2.497599
57  44  2.498332
58  44  2.496367
59  44  2.496746
60  44  2.497385
61  44  2.499236
62  44  2.499286
63  44  2.498923
0  45  2.498421
1  45  2.498346
2  45  2.497680
3  45  2.497980
4  45  2.498260
5  45  2.498776
6  45  2.499784
7  45  2.499135
8  45  2.498779
9  45  2.497829
10  45  2.498154
11  45  2.498915
12  45  2.498937
13  45  2.498714
14  45  2.498284
15  45  2.497401
16  45  2.497519
17  45  2.498071
18  45  2.498864
19  45  2.498060
20  45  2.499258
21  45  2.499070
22  45  2.498611
23  45  2.498339
24  45  2.498695
25  45  2.498781
26  45  2.498348
27  45  2.498306
28  45  2.498837
29  45  2.499348
30  45  2.497277
31  45  2.498049
32  45  2.498048
33  45  2.498672
34  45  2.498802
35  45  2.498677
36  45  2.499280
37  45  2.498468
38  45  2.498779
39  45  2.498439
40  45  2.498380
41  45  2.497819
42  45  2.497513
43  45  2.498211
44  45  2.499342
45  45  2.498825
46  45  2.499272
47  45  2.498320
48  45  2.497729
49  45  2.498353
50  45  2.498875
51  45  2.498286
52  45  2.498462
53  45  2.498642
54  45  2.498254
55  45  2.498852
56  45  2.498851
57  45  2.499673
58  45  2.498418
59  45  2.497840
60  45  2.497364
61  45  2.498646
62  45  2.499283
63  45  2.499287
0  46  2.498133
1  46  2.498291
2  46  2.498394
3  46  2.498990
4  46  2.498111
5  46  2.498060
6  46  2.499462
7  46  2.499113
8  46  2.496558
9  46  2.496407
10  46  2.495950
11  46  2.498685
12  46  2.498480
13  46  2.498367
14  46  2.498693
15  46  2.497359
16  46  2.497072
17  46  2.497115
18  46  2.497703
19  46  2.497587
20  46  2.498184
21  46  2.497957
22  46  2.498337
23  46  2.497855
24  46  2.498420
25  46  2.498150
26  46  2.497650
27  46  2.498624
28  46  2.499362
29  46  2.499489
30  46  2.498755
31  46  2.498704
32  46  2.497825
33  46  2.499236
34  46  2.499092
35  46  2.499101
36  46  2.499064
37  46  2.498314
38  46  2.498160
39  46  2.498118
40  46  2.498013
41  46  2.498112
42  46  2.497355
43  46  2.496812
44  46  2.498065
45  46  2.497183
46  46  2.497577
47  46  2.497967
48  46  2.498154
49  46  2.497643
50  46  2.498116
51  46  2.497969
52  46  2.498029
53  46  2.498375
54  46  2.498087
55  46  2.498476
56  46  2.498339
57  46  2.499269
58  46  2.498521
59  46  2.497850
60  46  2.498096
61  46  2.498629
62  46  2.498630
63  46  2.498276
0  47  2.497779
1  47  2.497540
2  47  2.497434
3  47  2.498172
4  47  2.498093
5  47  2.498268
6  47  2.498135
7  47  2.498930
8  47  2.495790
9  47  2.496328
10  47  2.495706
11  47  2.498169
12  47  2.497697
13  47  2.497181
14  47  2.497586
15  47  2.498083
16  47  2.497893
17  47  2.498245
18  47  2.498030
19  47  2.498059
20  47  2.496625
21  47  2.496517
22  47  2.497338
23  47  2.498219
24  47  2.498131
25  47  2.497597
26  47  2.497328
27  47  2.497941
28  47  2.498604
29  47  2.499343
30  47  2.498016
31  47  2.497925
32  47  2.497275
33  47  2.498308
34  47  2.498967
35  47  2.499024
36  47  2.499202
37  47  2.498616
38  47  2.498516
39  47  2.498542
40  47  2.498762
41  47  2.498992
42  47  2.497597
43  47  2.495636
44  47  2.495785
45  47  2.496834
46  47  2.497322
47  47  2.498264
48  47  2.498790
49  47  2.498006
50  47  2.498153
51  47  2.498803
52  47  2.499368
53  47  2.498735
54  47  2.498523
55  47  2.498560
56  47  2.498566
57  47  2.499247
58  47  2.499150
59  47  2.498258
60  47  2.498192
61  47  2.498487
62  47  2.498910
63  47  2.498822
0  48  2.499525
1  48  2.499393
2  48  2.498711
3  48  2.498352
4  48  2.497781
5  48  2.498373
6  48  2.497851
7  48  2.499120
8  48  2.497247
9  48  2.498002
10  48  2.496707
11  48  2.498515
12  48  2.498131
13  48  2.497569
14  48  2.497701
15  48  2.498264
16  48  2.498318
17  48  2.497910
18  48  2.497330
19  48  2.497705
20  48  2.497882
21  48  2.498119
22  48  2.498678
23  48  2.499420
24  48  2.499082
25  48  2.498801
26  48  2.498791
27  48  2.498755
28  48  2.498431
29  48  2.499048
30  48  2.498371
31  48  2.498053
32  48  2.497638
33  48  2.497836
34  48  2.498173
35  48  2.498473
36  48  2.498758
37  48  2.499396
38  48  2.498773
39  48  2.497647
40  48  2.497370
41  48  2.497850
42  48  2.498552
43  48  2.496506
44  48  2.496333
45  48  2.497608
46  48  2.499330
47  48  2.499313
48  48  2.498734
49  48  2.498928
50  48  2.498656
51  48  2.499060
52  48  2.499289
53  48  2.498557
54  48  2.498592
55  48  2.498682
56  48  2.498495
57  48  2.498851
58  48  2.498995
59  48  2.498730
60  48  2.498228
61  48  2.497945
62  48  2.499372
63  48  2.499425
0  49  2.499233
1  49  2.498963
2  49  2.499082
3  49  2.498917
4  49  2.498796
5  49  2.499271
6  49  2.498970
7  49  2.498450
8  49  2.497509
9  49  2.498093
10  49  2.498858
11  49  2.498493
12  49  2.498370
13  49  2.498672
14  49  2.497354
15  49  2.497311
16  49  2.497114
17  49  2.497345
18  49  2.498313
19  49  2.497671
20  49  2.497901
21  49  2.498114
22  49  2.498559
23  49  2.499540
24  49  2.499605
25  49  2.497981
26  49  2.498028
27  49  2.497960
28  49  2.498346
29  49  2.498504
30  49  2.497618
31  49  2.497177
32  49  2.497701
33  49  2.497851
34  49  2.498285
35  49  2.498177
36  49  2.498816
37  49  2.499441
38  49  2.499613
39  49  2.498110
40  49  2.496579
41  49  2.496251
42  49  2.497989
43  49  2.498489
44  49  2.498156
45  49  2.499111
46  49  2.499000
47  49  2.499525
48  49  2.499237
49  49  2.498920
50  49  2.498553
51  49  2.498637
52  49  2.498373
53  49  2.498448
54  49  2.498701
55  49  2.498841
56  49  2.498758
57  49  2.498947
58  49  2.499345
59  49  2.499128
60  49  2.498642
61  49  2.498179
62  49  2.499279
63  49  2.499225
0  50  2.498671
1  50  2.498209
2  50  2.497900
3  50  2.499275
4  50  2.498882
5  50  2.499287
6  50  2.499282
7  50  2.498597
8  50  2.498255
9  50  2.498519
10  50  2.499258
11  50  2.498545
12  50  2.497664
13  50  2.498543
14  50  2.495959
15  50  2.497081
16  50  2.497215
17  50  2.497110
18  50  2.499243
19  50  2.498716
20  50  2.499260
21  50  2.498972
22  50  2.499079
23  50  2.499354
24  50  2.499528
25  50  2.497944
26  50  2.498284
27  50  2.498244
28  50  2.498189
29  50  2.498305
30  50  2.498518
31  50  2.497295
32  50  2.498084
33  50  2.498308
34  50  2.499233
35  50  2.499019
36  50  2.498946
37  50  2.498879
38  50  2.499217
39  50  2.497910
40  50  2.496597
41  50  2.495519
42  50  2.498079
43  50  2.498482
44  50  2.499126
45  50  2.499233
46  50  2.499098
47  50  2.499536
48  50  2.499031
49  50  2.498753
50  50  2.498598
51  50  2.498564
52  50  2.498235
53  50  2.498006
54  50  2.499106
55  50  2.499138
56  50  2.499172
57  50  2.498863
58  50  2.499144
59  50  2.499044
60  50  2.498529
61  50  2.497808
62  50  2.498817
63  50  2.499176
0  51  2.498433
1  51  2.496509
2  51  2.496740
3  51  2.499043
4  51  2.498866
5  51  2.499161
6  51  2.499260
7  51  2.499113
8  51  2.498427
9  51  2.498179
10  51  2.498159
11  51  2.498703
12  51  2.498641
13  51  2.498891
14  51  2.496495
15  51  2.496468
16  51  2.496636
17  51  2.497530
18  51  2.499161
19  51  2.499264
20  51  2.499630
21  51  2.499233
22  51  2.498937
23  51  2.499076
24  51  2.499018
25  51  2.497120
26  51  2.498002
27  51  2.498248
28  51  2.498495
29  51  2.498678
30  51  2.499090
31  51  2.497416
32  51  2.498327
33  51  2.499253
34  51  2.499129
35  51  2.498889
36  51  2.498897
37  51  2.498946
38  51  2.499009
39  51  2.499484
40  51  2.498065
41  51  2.496625
42  51  2.496714
43  51  2.497794
44  51  2.499218
45  51  2.499112
46  51  2.499043
47  51  2.499494
48  51  2.499259
49  51  2.498834
50  51  2.498240
51  51  2.498182
52  51  2.497238
53  51  2.497526
54  51  2.498795
55  51  2.498617
56  51  2.498616
57  51  2.498925
58  51  2.499224
59  51  2.499015
60  51  2.498899
61  51  2.498782
62  51  2.499175
63  51  2.498789
0  52  2.498178
1  52  2.496809
2  52  2.496359
3  52  2.498675
4  52  2.498464
5  52  2.498863
6  52  2.499051
7  52  2.499586
8  52  2.498367
9  52  2.498331
10  52  2.497949
11  52  2.498489
12  52  2.498880
13  52  2.498763
14  52  2.498082
15  52  2.498127
16  52  2.498339
17  52  2.498376
18  52  2.498744
19  52  2.498825
20  52  2.499401
21  52  2.499350
22  52  2.498127
23  52  2.498451
24  52  2.498716
25  52  2.497863
26  52  2.498593
27  52  2.498309
28  52  2.498563
29  52  2.498441
30  52  2.498587
31  52  2.498358
32  52  2.498672
33  52  2.499018
34  52  2.499245
35  52  2.499059
36  52  2.499240
37  52  2.499038
38  52  2.498922
39  52  2.499399
40  52  2.498587
41  52  2.496795
42  52  2.496300
43  52  2.497615
44  52  2.499292
45  52  2.498446
46  52  2.498358
47  52  2.499394
48  52  2.499405
49  52  2.499182
50  52  2.498363
51  52  2.498879
52  52  2.498312
53  52  2.497373
54  52  2.498644
55  52  2.498420
56  52  2.498112
57  52  2.498079
58  52  2.498498
59  52  2.498620
60  52  2.498877
61  52  2.498316
62  52  2.498150
63  52  2.498581
0  53  2.496363
1  53  2.497536
2  53  2.497669
3  53  2.497612
4  53  2.497600
5  53  2.498420
6  53  2.499065
7  53  2.499527
8  53  2.497588
9  53  2.497048
10  53  2.496960
11  53  2.498424
12  53  2.499219
13  53  2.499362
14  53  2.499025
15  53  2.498567
16  53  2.498672
17  53  2.498736
18  53  2.498913
19  53  2.498881
20  53  2.498734
21  53  2.498704
22  53  2.496940
23  53  2.497918
24  53  2.497992
25  53  2.497312
26  53  2.497845
27  53  2.498135
28  53  2.499591
29  53  2.499632
30  53  2.499048
31  53  2.498298
32  53  2.498449
33  53  2.498243
34  53  2.498762
35  53  2.498743
36  53  2.497499
37  53  2.498163
38  53  2.498203
39  53  2.499274
40  53  2.498709
41  53  2.498603
42  53  2.498687
43  53  2.498487
44  53  2.498194
45  53  2.498338
46  53  2.498424
47  53  2.498890
48  53  2.499415
49  53  2.499566
50  53  2.497617
51  53  2.497424
52  53  2.498046
53  53  2.498569
54  53  2.499062
55  53  2.498541
56  53  2.498506
57  53  2.498658
58  53  2.498689
59  53  2.498530
60  53  2.498504
61  53  2.498419
62  53  2.497092
63  53  2.496391
0  54  2.497088
1  54  2.499204
2  54  2.498596
3  54  2.498596
4  54  2.498192
5  54  2.498749
6  54  2.499278
7  54  2.498589
8  54  2.497383
9  54  2.496568
10  54  2.498150
11  54  2.498122
12  54  2.498731
13  54  2.499146
14  54  2.499344
15  54  2.499367
16  54  2.498753
17  54  2.498271
18  54  2.498161
19  54  2.498545
20  54  2.498548
21  54  2.497934
22  54  2.495849
23  54  2.495913
24  54  2.497989
25  54  2.498183
26  54  2.498741
27  54  2.499234
28  54  2.499119
29  54  2.499509
30  54  2.499425
31  54  2.498046
32  54  2.498686
33  54  2.498182
34  54  2.498601
35  54  2.498806
36  54  2.497660
37  54  2.498549
38  54  2.499168
39  54  2.499414
40  54  2.498327
41  54  2.498602
42  54  2.498952
43  54  2.498796
44  54  2.498420
45  54  2.498465
46  54  2.498670
47  54  2.498831
48  54  2.499242
49  54  2.499140
50  54  2.495836
51  54  2.495780
52  54  2.495348
53  54  2.498622
54  54  2.499221
55  54  2.499630
56  54  2.499343
57  54  2.499385
58  54  2.498819
59  54  2.496979
60  54  2.496936
61  54  2.497272
62  54  2.497357
63  54  2.496973
0  55  2.498318
1  55  2.498689
2  55  2.498879
3  55  2.499485
4  55  2.499504
5  55  2.499222
6  55  2.499082
7  55  2.497798
8  55  2.496926
9  55  2.495715
10  55  2.497097
11  55  2.497593
12  55  2.498091
13  55  2.498495
14  55  2.499181
15  55  2.499628
16  55  2.498724
17  55  2.498473
18  55  2.498635
19  55  2.499000
20  55  2.499174
21  55  2.498261
22  55  2.497409
23  55  2.497926
24  55  2.499107
25  55  2.498178
26  55  2.498216
27  55  2.499073
28  55  2.498744
29  55  2.499251
30  55  2.499043
31  55  2.498033
32  55  2.498723
33  55  2.498383
34  55  2.497707
35  55  2.498238
36  55  2.497152
37  55  2.498276
38  55  2.498815
39  55  2.499282
40  55  2.499125
41  55  2.498687
42  55  2.498265
43  55  2.497664
44  55  2.498434
45  55  2.498883
46  55  2.499031
47  55  2.499355
48  55  2.498980
49  55  2.498924
50  55  2.496724
51  55  2.497907
52  55  2.497369
53  55  2.498558
54  55  2.499163
55  55  2.499178
56  55  2.499334
57  55  2.499382
58  55  2.499032
59  55  2.498263
60  55  2.498254
61  55  2.498147
62  55  2.499186
63  55  2.499247
0  56  2.499159
1  56  2.499198
2  56  2.499076
3  56  2.498889
4  56  2.499298
5  56  2.499043
6  56  2.499280
7  56  2.497183
8  56  2.496927
9  56  2.496525
10  56  2.497821
11  56  2.497857
12  56  2.498461
13  56  2.498727
14  56  2.499436
15  56  2.499445
16  56  2.498544
17  56  2.498416
18  56  2.498319
19  56  2.498688
20  56  2.499392
21  56  2.498501
22  56  2.497952
23  56  2.498004
24  56  2.498085
25  56  2.497716
26  56  2.496774
27  56  2.498496
28  56  2.498765
29  56  2.499190
30  56  2.498738
31  56  2.498048
32  56  2.498292
33  56  2.498128
34  56  2.498978
35  56  2.498840
36  56  2.499045
37  56  2.499296
38  56  2.499080
39  56  2.498855
40  56  2.498705
41  56  2.498996
42  56  2.498986
43  56  2.498439
44  56  2.498873
45  56  2.498906
46  56  2.499177
47  56  2.498940
48  56  2.498423
49  56  2.497923
50  56  2.496853
51  56  2.498530
52  56  2.497534
53  56  2.497746
54  56  2.499303
55  56  2.499228
56  56  2.499163
57  56  2.499169
58  56  2.498666
59  56  2.498094
60  56  2.498629
61  56  2.498270
62  56  2.499395
63  56  2.499474
0  57  2.499762
1  57  2.499806
2  57  2.498492
3  57  2.498272
4  57  2.499268
5  57  2.499393
6  57  2.499522
7  57  2.497957
8  57  2.497435
9  57  2.497447
10  57  2.497897
11  57  2.498288
12  57  2.499009
13  57  2.499260
14  57  2.499415
15  57  2.499048
16  57  2.498705
17  57  2.498472
18  57  2.498394
19  57  2.498271
20  57  2.498998
21  57  2.499287
22  57  2.499398
23  57  2.499721
24  57  2.498672
25  57  2.498969
26  57  2.497619
27  57  2.498636
28  57  2.499194
29  57  2.499395
30  57  2.498523
31  57  2.498420
32  57  2.498275
33  57  2.498506
34  57  2.499470
35  57  2.499401
36  57  2.499170
37  57  2.499365
38  57  2.498745
39  57  2.498830
40  57  2.499012
41  57  2.499220
42  57  2.498039
43  57  2.497866
44  57  2.499201
45  57  2.498928
46  57  2.498940
47  57  2.498720
48  57  2.498525
49  57  2.499345
50  57  2.498405
51  57  2.497156
52  57  2.496968
53  57  2.497522
54  57  2.499614
55  57  2.498575
56  57  2.498126
57  57  2.498008
58  57  2.498329
59  57  2.498881
60  57  2.499314
61  57  2.499518
62  57  2.499041
63  57  2.499122
0  58  2.499485
1  58  2.498923
2  58  2.498068
3  58  2.498200
4  58  2.499051
5  58  2.498190
6  58  2.498207
7  58  2.496993
8  58  2.497782
9  58  2.497401
10  58  2.498667
11  58  2.499095
12  58  2.499212
13  58  2.498900
14  58  2.498875
15  58  2.498794
16  58  2.498692
17  58  2.498535
18  58  2.498457
19  58  2.498079
20  58  2.499274
21  58  2.499532
22  58  2.499460
23  58  2.499765
24  58  2.498580
25  58  2.498934
26  58  2.497791
27  58  2.498575
28  58  2.499547
29  58  2.499715
30  58  2.499190
31  58  2.498478
32  58  2.498293
33  58  2.498029
34  58  2.499048
35  58  2.499320
36  58  2.499624
37  58  2.499656
38  58  2.498849
39  58  2.498894
40  58  2.498984
41  58  2.499241
42  58  2.498088
43  58  2.498834
44  58  2.499141
45  58  2.499224
46  58  2.499420
47  58  2.498542
48  58  2.498039
49  58  2.498091
50  58  2.497624
51  58  2.495556
52  58  2.496237
53  58  2.497113
54  58  2.499598
55  58  2.498678
56  58  2.497904
57  58  2.497767
58  58  2.498716
59  58  2.499156
60  58  2.499259
61  58  2.499449
62  58  2.499233
63  58  2.498501
0  59  2.497635
1  59  2.497491
2  59  2.498258
3  59  2.498539
4  59  2.499160
5  59  2.498348
6  59  2.498206
7  59  2.497037
8  59  2.498153
9  59  2.496680
10  59  2.498369
11  59  2.498699
12  59  2.499005
13  59  2.498561
14  59  2.498272
15  59  2.497403
16  59  2.497747
17  59  2.497610
18  59  2.498374
19  59  2.498502
20  59  2.499469
21  59  2.499141
22  59  2.498029
23  59  2.499497
24  59  2.498656
25  59  2.498591
26  59  2.498601
27  59  2.499044
28  59  2.499320
29  59  2.499343
30  59  2.498602
31  59  2.497941
32  59  2.497819
33  59  2.498272
34  59  2.499187
35  59  2.499616
36  59  2.499447
37  59  2.499296
38  59  2.498863
39  59  2.498894
40  59  2.498620
41  59  2.498764
42  59  2.497734
43  59  2.498233
44  59  2.498758
45  59  2.499326
46  59  2.499407
47  59  2.498160
48  59  2.497366
49  59  2.497607
50  59  2.498606
51  59  2.498851
52  59  2.498476
53  59  2.498603
54  59  2.499783
55  59  2.498495
56  59  2.498032
57  59  2.497707
58  59  2.498643
59  59  2.498581
60  59  2.498324
61  59  2.499076
62  59  2.499140
63  59  2.497576
0  60  2.496415
1  60  2.495748
2  60  2.497636
3  60  2.498471
4  60  2.498763
5  60  2.497343
6  60  2.497617
7  60  2.497190
8  60  2.498761
9  60  2.497804
10  60  2.498752
11  60  2.499030
12  60  2.499168
13  60  2.498644
14  60  2.498490
15  60  2.497847
16  60  2.496940
17  60  2.496537
18  60  2.497690
19  60  2.498465
20  60  2.498328
21  60  2.498348
22  60  2.497949
23  60  2.499482
24  60  2.499599
25  60  2.499422
26  60  2.499359
27  60  2.499141
28  60  2.499071
29  60  2.498987
30  60  2.499210
31  60  2.498184
32  60  2.497586
33  60  2.497690
34  60  2.497952
35  60  2.498656
36  60  2.498796
37  60  2.499248
38  60  2.499277
39  60  2.498721
40  60  2.498174
41  60  2.498445
42  60  2.498529
43  60  2.498981
44  60  2.499402
45  60  2.499800
46  60  2.499428
47  60  2.498501
48  60  2.498365
49  60  2.498589
50  60  2.499473
51  60  2.499079
52  60  2.498619
53  60  2.498677
54  60  2.499585
55  60  2.499293
56  60  2.498930
57  60  2.499042
58  60  2.498882
59  60  2.499076
60  60  2.498598
61  60  2.498870
62  60  2.498595
63  60  2.496751
0  61  2.498877
1  61  2.498325
2  61  2.498462
3  61  2.498410
4  61  2.498978
5  61  2.499508
6  61  2.499545
7  61  2.499602
8  61  2.499598
9  61  2.499239
10  61  2.498909
11  61  2.498471
12  61  2.498925
13  61  2.498837
14  61  2.498982
15  61  2.498428
16  61  2.496317
17  61  2.496249
18  61  2.497552
19  61  2.498823
20  61  2.498085
21  61  2.498127
22  61  2.497880
23  61  2.499591
24  61  2.499208
25  61  2.499328
26  61  2.499107
27  61  2.499085
28  61  2.498129
29  61  2.498073
30  61  2.498309
31  61  2.498694
32  61  2.497721
33  61  2.498273
34  61  2.498508
35  61  2.499027
36  61  2.497943
37  61  2.498521
38  61  2.498681
39  61  2.498761
40  61  2.498691
41  61  2.498819
42  61  2.498787
43  61  2.499242
44  61  2.498903
45  61  2.499416
46  61  2.498960
47  61  2.498323
48  61  2.498230
49  61  2.498677
50  61  2.499684
51  61  2.499669
52  61  2.498253
53  61  2.498503
54  61  2.498984
55  61  2.499376
56  61  2.499355
57  61  2.498979
58  61  2.498677
59  61  2.498807
60  61  2.499107
61  61  2.499480
62  61  2.499068
63  61  2.497973
0  62  2.498482
1  62  2.498367
2  62  2.498187
3  62  2.498579
4  62  2.498823
5  62  2.499015
6  62  2.498458
7  62  2.498509
8  62  2.498202
9  62  2.499346
10  62  2.499145
11  62  2.498717
12  62  2.498451
13  62  2.498788
14  62  2.498989
15  62  2.499341
16  62  2.497487
17  62  2.498538
18  62  2.498778
19  62  2.499780
20  62  2.499752
21  62  2.499745
22  62  2.499292
23  62  2.498842
24  62  2.498976
25  62  2.498841
26  62  2.499261
27  62  2.499061
28  62  2.498662
29  62  2.499153
30  62  2.498978
31  62  2.499502
32  62  2.498943
33  62  2.499475
34  62  2.499340
35  62  2.499018
36  62  2.498094
37  62  2.498657
38  62  2.498832
39  62  2.499006
40  62  2.498765
41  62  2.499074
42  62  2.499222
43  62  2.499694
44  62  2.498797
45  62  2.498957
46  62  2.499009
47  62  2.499403
48  62  2.499295
49  62  2.499802
50  62  2.499492
51  62  2.499617
52  62  2.498353
53  62  2.498655
54  62  2.498962
55  62  2.499521
56  62  2.499356
57  62  2.498820
58  62  2.499112
59  62  2.499145
60  62  2.499101
61  62  2.499109
62  62  2.499040
63  62  2.498671
0  63  2.498012
1  63  2.498219
2  63  2.498114
3  63  2.499187
4  63  2.499061
5  63  2.499078
6  63  2.498741
7  63  2.498735
8  63  2.498082
9  63  2.498623
10  63  2.498764
11  63  2.497477
12  63  2.497856
13  63  2.498994
14  63  2.498912
15  63  2.499228
16  63  2.498182
17  63  2.498493
18  63  2.498403
19  63  2.499678
20  63  2.499436
21  63  2.499423
22  63  2.499110
23  63  2.498896
24  63  2.498989
25  63  2.498937
26  63  2.499231
27  63  2.498498
28  63  2.498039
29  63  2.499161
30  63  2.498825
31  63  2.499267
32  63  2.499026
33  63  2.499297
34  63  2.499763
35  63  2.499645
36  63  2.499254
37  63  2.499201
38  63  2.498765
39  63  2.499558
40  63  2.499152
41  63  2.499300
42  63  2.499001
43  63  2.499574
44  63  2.498936
45  63  2.499056
46  63  2.499120
47  63  2.499351
48  63  2.499331
49  63  2.499558
50  63  2.499326
51  63  2.499478
52  63  2.498395
53  63  2.498636
54  63  2.498978
55  63  2.499520
56  63  2.499323
57  63  2.498455
58  63  2.499249
59  63  2.499059
60  63  2.498662
61  63  2.498700
62  63  2.499001
63  63  2.499135
