# LONG-DURATION Dirac-Kuramoto Stochastic Evolution Timeseries
# Grid: 64 x 64
# Total steps: 10000 (100 seconds evolution)
# dt = 0.01, sigma_theta = 0.05, sigma_psi = 0.05
# Columns: time  R_global  spinor_norm  particle_x  particle_y  particle_drift
0.000000  1.000000  1.000001  32.000004  32.000004  0.000005
1.000000  0.999434  0.999996  31.711500  31.746235  0.384225
2.000000  0.999267  0.999988  31.532818  31.583643  0.625789
3.000000  0.999226  0.999981  31.399763  31.350058  0.884709
4.000000  0.999215  0.999983  31.304300  31.360659  0.944857
5.000000  0.999190  0.999963  31.456930  31.472237  0.757271
6.000000  0.999184  0.999915  31.673279  31.592400  0.522384
7.000000  0.999172  0.999923  31.554863  31.602217  0.596974
8.000000  0.999174  0.999933  31.428452  31.497271  0.761186
9.000000  0.999172  0.999885  31.545269  31.533903  0.651173
10.000000  0.999163  0.999884  31.683954  31.383198  0.693058
11.000000  0.999155  0.999907  31.579334  31.317677  0.801577
12.000000  0.999163  0.999951  31.465466  31.508356  0.726251
13.000000  0.999178  0.999932  31.381804  31.653543  0.708660
14.000000  0.999202  0.999973  31.432486  31.470139  0.776419
15.000000  0.999175  0.999967  31.514244  31.362095  0.801799
16.000000  0.999180  1.000008  31.492302  31.450285  0.748294
17.000000  0.999168  1.000010  31.673882  31.709553  0.436707
18.000000  0.999175  0.999994  31.878529  31.517456  0.497598
19.000000  0.999173  0.999996  31.720564  31.649984  0.447879
20.000000  0.999167  0.999968  31.730608  31.741579  0.373301
21.000000  0.999180  0.999985  31.519791  31.644640  0.597396
22.000000  0.999168  0.999994  31.665548  31.565361  0.548424
23.000000  0.999119  1.000002  31.668831  31.304180  0.770609
24.000000  0.999129  0.999993  31.437147  31.585609  0.698944
25.000000  0.999129  1.000024  31.357838  31.651712  0.730532
26.000000  0.999173  0.999971  31.482012  31.561777  0.678492
27.000000  0.999123  0.999944  31.294479  31.382330  0.937697
28.000000  0.999174  0.999909  31.208015  31.364782  1.015254
29.000000  0.999159  0.999936  31.361225  31.540119  0.787098
30.000000  0.999147  0.999923  31.439543  31.589636  0.694630
31.000000  0.999090  0.999922  31.463093  31.460865  0.760878
32.000000  0.999122  0.999904  31.553614  31.601032  0.598695
33.000000  0.999176  0.999932  31.589268  31.634298  0.549944
34.000000  0.999176  0.999906  31.493734  31.562874  0.668868
35.000000  0.999199  0.999873  31.774212  31.414320  0.627695
36.000000  0.999187  0.999890  31.746914  31.506180  0.554897
37.000000  0.999213  0.999900  31.689791  31.598213  0.507605
38.000000  0.999210  0.999921  31.661358  31.509573  0.595984
39.000000  0.999221  0.999953  31.753534  31.610886  0.460603
40.000000  0.999186  0.999944  31.537628  31.601402  0.610465
41.000000  0.999196  0.999920  31.732607  31.834169  0.314641
42.000000  0.999199  0.999913  31.283138  31.713245  0.772087
43.000000  0.999145  0.999956  31.441113  31.624266  0.673447
44.000000  0.999160  0.999951  31.562902  31.516512  0.651778
45.000000  0.999170  0.999967  31.612572  31.770386  0.450359
46.000000  0.999178  0.999957  31.321651  31.434629  0.883063
47.000000  0.999140  0.999984  31.386696  31.414841  0.847675
48.000000  0.999138  1.000032  31.325914  31.746506  0.720174
49.000000  0.999146  1.000065  31.617430  31.722960  0.472347
50.000000  0.999122  1.000090  31.940533  31.437691  0.565445
51.000000  0.999128  1.000125  31.461296  31.433702  0.781598
52.000000  0.999137  1.000121  31.289339  31.599329  0.815829
53.000000  0.999169  1.000121  31.566517  31.656855  0.552862
54.000000  0.999126  1.000086  31.578899  31.534084  0.628015
55.000000  0.999164  1.000093  31.378027  31.533609  0.777413
56.000000  0.999175  1.000089  31.503197  31.416018  0.766713
57.000000  0.999156  1.000110  31.434086  31.415745  0.813396
58.000000  0.999161  1.000113  31.427460  31.565571  0.718701
59.000000  0.999177  1.000105  31.673252  31.537239  0.566491
60.000000  0.999128  1.000113  31.656750  31.637255  0.499405
61.000000  0.999171  1.000116  31.557608  31.551798  0.629759
62.000000  0.999125  1.000129  31.572069  31.502132  0.656504
63.000000  0.999121  1.000126  31.382002  31.333796  0.908708
64.000000  0.999151  1.000146  31.361938  31.394356  0.879731
65.000000  0.999162  1.000126  31.269222  31.596760  0.834649
66.000000  0.999166  1.000115  31.292332  31.342331  0.966086
67.000000  0.999194  1.000163  31.358212  31.429695  0.858569
68.000000  0.999206  1.000148  31.214922  31.624680  0.870180
69.000000  0.999171  1.000131  31.536694  31.618879  0.599922
70.000000  0.999188  1.000129  31.664202  31.626925  0.501942
71.000000  0.999184  1.000107  31.558264  31.742201  0.511460
72.000000  0.999170  1.000091  31.478880  31.610909  0.650352
73.000000  0.999170  1.000134  31.419981  31.563177  0.726110
74.000000  0.999164  1.000114  31.470196  31.758251  0.582353
75.000000  0.999183  1.000102  31.383348  31.646198  0.710939
76.000000  0.999162  1.000079  31.563026  31.801350  0.480008
77.000000  0.999153  1.000062  31.446783  31.359816  0.846100
78.000000  0.999175  1.000091  31.362232  31.628698  0.737979
79.000000  0.999173  1.000039  31.494144  31.416189  0.772480
80.000000  0.999171  1.000061  31.406595  31.320065  0.902464
81.000000  0.999163  1.000058  31.290117  31.539881  0.845957
82.000000  0.999155  1.000118  31.234026  31.389601  0.979440
83.000000  0.999162  1.000094  31.369228  31.339388  0.913390
84.000000  0.999138  1.000078  31.363836  31.323967  0.928291
85.000000  0.999128  1.000088  31.536579  31.374489  0.778475
86.000000  0.999141  1.000088  31.486586  31.366741  0.815237
87.000000  0.999182  1.000063  31.350988  31.332743  0.930832
88.000000  0.999157  1.000032  31.285246  31.518002  0.862088
89.000000  0.999157  1.000050  31.491159  31.375929  0.805223
90.000000  0.999175  1.000047  31.502512  31.523712  0.688727
91.000000  0.999175  1.000071  31.745453  31.587315  0.484875
92.000000  0.999147  1.000049  31.981522  31.471600  0.528723
93.000000  0.999144  1.000046  31.705881  31.569122  0.521691
94.000000  0.999174  1.000035  31.832579  31.610109  0.424317
95.000000  0.999132  1.000014  31.810993  31.581968  0.458775
96.000000  0.999133  0.999993  31.792370  31.660482  0.397973
97.000000  0.999140  1.000002  31.685377  31.695093  0.438128
98.000000  0.999142  1.000023  31.636671  31.667784  0.492317
99.000000  0.999113  1.000015  31.336992  31.680155  0.736125
100.000000  0.999126  1.000017  31.559052  31.752605  0.505608
