# Spinor density |Psi|^2 at t = 1
# Grid: 64 x 64
# Columns: x  y  density
0  0  0.00016912
1  0  0.00019183
2  0  0.00009717
3  0  0.00013447
4  0  0.00010443
5  0  0.00027300
6  0  0.00013468
7  0  0.00006350
8  0  0.00010207
9  0  0.00013999
10  0  0.00010818
11  0  0.00014327
12  0  0.00020861
13  0  0.00011834
14  0  0.00012515
15  0  0.00012578
16  0  0.00015204
17  0  0.00013318
18  0  0.00008584
19  0  0.00013014
20  0  0.00006449
21  0  0.00009460
22  0  0.00022260
23  0  0.00016400
24  0  0.00010701
25  0  0.00011214
26  0  0.00009253
27  0  0.00002382
28  0  0.00045966
29  0  0.00008118
30  0  0.00016244
31  0  0.00012672
32  0  0.00006580
33  0  0.00012188
34  0  0.00008035
35  0  0.00006851
36  0  0.00005027
37  0  0.00005463
38  0  0.00013142
39  0  0.00018411
40  0  0.00037414
41  0  0.00016555
42  0  0.00034580
43  0  0.00011840
44  0  0.00026631
45  0  0.00011683
46  0  0.00017057
47  0  0.00010818
48  0  0.00023384
49  0  0.00008681
50  0  0.00017675
51  0  0.00016012
52  0  0.00005482
53  0  0.00025279
54  0  0.00006003
55  0  0.00012373
56  0  0.00012451
57  0  0.00011816
58  0  0.00025772
59  0  0.00008267
60  0  0.00014620
61  0  0.00010278
62  0  0.00021387
63  0  0.00023063
0  1  0.00025961
1  1  0.00011444
2  1  0.00015325
3  1  0.00009950
4  1  0.00012893
5  1  0.00003249
6  1  0.00027518
7  1  0.00012826
8  1  0.00005994
9  1  0.00010783
10  1  0.00023933
11  1  0.00008846
12  1  0.00013777
13  1  0.00011508
14  1  0.00008109
15  1  0.00011160
16  1  0.00011643
17  1  0.00012555
18  1  0.00018044
19  1  0.00007453
20  1  0.00007392
21  1  0.00008384
22  1  0.00012113
23  1  0.00009905
24  1  0.00025695
25  1  0.00009370
26  1  0.00019411
27  1  0.00024817
28  1  0.00010871
29  1  0.00008047
30  1  0.00025576
31  1  0.00013324
32  1  0.00014407
33  1  0.00009904
34  1  0.00017531
35  1  0.00016597
36  1  0.00013699
37  1  0.00021214
38  1  0.00014611
39  1  0.00030320
40  1  0.00024596
41  1  0.00023063
42  1  0.00009187
43  1  0.00002821
44  1  0.00005060
45  1  0.00011625
46  1  0.00021575
47  1  0.00009195
48  1  0.00024881
49  1  0.00007360
50  1  0.00016242
51  1  0.00004660
52  1  0.00009847
53  1  0.00008192
54  1  0.00010967
55  1  0.00004521
56  1  0.00006043
57  1  0.00016643
58  1  0.00018790
59  1  0.00006253
60  1  0.00014634
61  1  0.00010206
62  1  0.00008243
63  1  0.00004393
0  2  0.00017305
1  2  0.00014721
2  2  0.00024106
3  2  0.00022192
4  2  0.00025020
5  2  0.00007286
6  2  0.00017910
7  2  0.00029067
8  2  0.00017933
9  2  0.00009624
10  2  0.00009126
11  2  0.00006613
12  2  0.00010192
13  2  0.00018800
14  2  0.00011365
15  2  0.00011281
16  2  0.00020644
17  2  0.00009967
18  2  0.00010390
19  2  0.00003001
20  2  0.00017900
21  2  0.00012021
22  2  0.00019351
23  2  0.00013186
24  2  0.00012467
25  2  0.00010670
26  2  0.00010483
27  2  0.00004403
28  2  0.00008968
29  2  0.00016245
30  2  0.00032890
31  2  0.00017879
32  2  0.00003851
33  2  0.00015955
34  2  0.00010684
35  2  0.00022684
36  2  0.00013739
37  2  0.00016368
38  2  0.00008878
39  2  0.00014974
40  2  0.00006387
41  2  0.00011708
42  2  0.00020827
43  2  0.00013210
44  2  0.00021256
45  2  0.00010293
46  2  0.00008425
47  2  0.00032415
48  2  0.00019708
49  2  0.00022649
50  2  0.00011747
51  2  0.00012790
52  2  0.00011242
53  2  0.00009199
54  2  0.00007053
55  2  0.00012925
56  2  0.00009468
57  2  0.00025807
58  2  0.00013923
59  2  0.00008206
60  2  0.00024432
61  2  0.00016783
62  2  0.00008498
63  2  0.00012161
0  3  0.00012481
1  3  0.00007975
2  3  0.00013822
3  3  0.00010180
4  3  0.00004842
5  3  0.00011937
6  3  0.00029695
7  3  0.00012883
8  3  0.00018967
9  3  0.00017368
10  3  0.00009485
11  3  0.00012575
12  3  0.00007454
13  3  0.00005558
14  3  0.00017377
15  3  0.00013015
16  3  0.00010459
17  3  0.00017053
18  3  0.00009902
19  3  0.00008978
20  3  0.00009921
21  3  0.00021301
22  3  0.00018182
23  3  0.00012369
24  3  0.00013583
25  3  0.00030835
26  3  0.00012126
27  3  0.00009524
28  3  0.00015557
29  3  0.00013712
30  3  0.00007090
31  3  0.00030849
32  3  0.00028461
33  3  0.00017998
34  3  0.00026675
35  3  0.00006797
36  3  0.00011134
37  3  0.00020535
38  3  0.00005482
39  3  0.00020067
40  3  0.00009268
41  3  0.00007043
42  3  0.00012977
43  3  0.00010413
44  3  0.00006864
45  3  0.00013001
46  3  0.00022632
47  3  0.00011168
48  3  0.00019864
49  3  0.00007533
50  3  0.00008274
51  3  0.00013020
52  3  0.00031711
53  3  0.00004774
54  3  0.00018005
55  3  0.00014208
56  3  0.00006806
57  3  0.00012062
58  3  0.00013248
59  3  0.00008185
60  3  0.00009994
61  3  0.00017338
62  3  0.00013657
63  3  0.00009247
0  4  0.00008925
1  4  0.00025129
2  4  0.00027712
3  4  0.00005683
4  4  0.00010916
5  4  0.00008943
6  4  0.00019882
7  4  0.00024855
8  4  0.00018741
9  4  0.00011620
10  4  0.00017265
11  4  0.00007647
12  4  0.00009313
13  4  0.00018412
14  4  0.00011847
15  4  0.00005409
16  4  0.00009986
17  4  0.00017065
18  4  0.00011423
19  4  0.00013585
20  4  0.00010460
21  4  0.00016592
22  4  0.00016039
23  4  0.00017079
24  4  0.00021962
25  4  0.00006029
26  4  0.00008803
27  4  0.00023474
28  4  0.00009236
29  4  0.00014412
30  4  0.00014604
31  4  0.00012958
32  4  0.00018967
33  4  0.00009760
34  4  0.00024635
35  4  0.00014333
36  4  0.00021360
37  4  0.00017703
38  4  0.00010676
39  4  0.00009824
40  4  0.00021173
41  4  0.00018878
42  4  0.00015628
43  4  0.00027243
44  4  0.00006542
45  4  0.00006435
46  4  0.00012679
47  4  0.00017451
48  4  0.00010011
49  4  0.00004474
50  4  0.00003792
51  4  0.00008518
52  4  0.00013877
53  4  0.00005427
54  4  0.00013511
55  4  0.00023060
56  4  0.00005205
57  4  0.00018216
58  4  0.00018862
59  4  0.00009908
60  4  0.00007497
61  4  0.00012975
62  4  0.00011952
63  4  0.00006584
0  5  0.00023644
1  5  0.00008699
2  5  0.00004376
3  5  0.00012304
4  5  0.00011378
5  5  0.00019828
6  5  0.00020931
7  5  0.00014378
8  5  0.00012692
9  5  0.00007032
10  5  0.00009629
11  5  0.00013013
12  5  0.00005318
13  5  0.00011932
14  5  0.00009295
15  5  0.00012462
16  5  0.00016127
17  5  0.00012886
18  5  0.00021084
19  5  0.00011011
20  5  0.00018963
21  5  0.00009543
22  5  0.00011080
23  5  0.00006740
24  5  0.00013109
25  5  0.00011537
26  5  0.00008921
27  5  0.00010680
28  5  0.00016982
29  5  0.00011920
30  5  0.00015252
31  5  0.00006296
32  5  0.00009487
33  5  0.00013977
34  5  0.00009914
35  5  0.00004816
36  5  0.00008306
37  5  0.00012163
38  5  0.00009804
39  5  0.00025519
40  5  0.00004792
41  5  0.00006287
42  5  0.00015115
43  5  0.00038487
44  5  0.00016188
45  5  0.00012805
46  5  0.00012708
47  5  0.00010331
48  5  0.00020995
49  5  0.00008402
50  5  0.00005672
51  5  0.00003333
52  5  0.00013569
53  5  0.00009394
54  5  0.00016638
55  5  0.00025321
56  5  0.00011090
57  5  0.00010853
58  5  0.00013555
59  5  0.00006580
60  5  0.00018368
61  5  0.00012427
62  5  0.00020942
63  5  0.00013054
0  6  0.00004805
1  6  0.00007475
2  6  0.00009287
3  6  0.00014402
4  6  0.00019462
5  6  0.00023269
6  6  0.00013848
7  6  0.00003997
8  6  0.00014256
9  6  0.00020384
10  6  0.00010595
11  6  0.00015782
12  6  0.00015050
13  6  0.00005062
14  6  0.00022675
15  6  0.00015525
16  6  0.00010007
17  6  0.00007526
18  6  0.00009352
19  6  0.00005954
20  6  0.00010623
21  6  0.00023579
22  6  0.00005719
23  6  0.00015517
24  6  0.00009646
25  6  0.00019642
26  6  0.00031561
27  6  0.00009413
28  6  0.00022915
29  6  0.00010908
30  6  0.00009168
31  6  0.00012381
32  6  0.00011480
33  6  0.00019818
34  6  0.00023350
35  6  0.00018500
36  6  0.00004608
37  6  0.00004542
38  6  0.00018259
39  6  0.00028918
40  6  0.00016939
41  6  0.00017910
42  6  0.00011623
43  6  0.00008289
44  6  0.00010719
45  6  0.00020387
46  6  0.00014354
47  6  0.00009509
48  6  0.00039141
49  6  0.00005059
50  6  0.00015319
51  6  0.00016975
52  6  0.00017466
53  6  0.00032143
54  6  0.00007542
55  6  0.00007754
56  6  0.00004319
57  6  0.00010255
58  6  0.00015380
59  6  0.00011684
60  6  0.00018089
61  6  0.00034509
62  6  0.00008658
63  6  0.00005885
0  7  0.00014024
1  7  0.00010749
2  7  0.00006670
3  7  0.00006319
4  7  0.00026178
5  7  0.00018140
6  7  0.00021427
7  7  0.00007260
8  7  0.00006164
9  7  0.00013145
10  7  0.00009133
11  7  0.00010888
12  7  0.00031841
13  7  0.00028983
14  7  0.00008872
15  7  0.00022099
16  7  0.00004651
17  7  0.00011754
18  7  0.00015044
19  7  0.00017612
20  7  0.00011435
21  7  0.00009706
22  7  0.00009157
23  7  0.00025913
24  7  0.00005467
25  7  0.00007948
26  7  0.00002888
27  7  0.00025772
28  7  0.00015944
29  7  0.00019396
30  7  0.00015975
31  7  0.00020448
32  7  0.00017932
33  7  0.00011784
34  7  0.00016856
35  7  0.00028892
36  7  0.00010073
37  7  0.00015085
38  7  0.00016808
39  7  0.00019236
40  7  0.00015120
41  7  0.00007243
42  7  0.00008976
43  7  0.00010450
44  7  0.00006452
45  7  0.00012541
46  7  0.00007895
47  7  0.00033633
48  7  0.00012249
49  7  0.00008776
50  7  0.00014584
51  7  0.00006089
52  7  0.00007706
53  7  0.00011469
54  7  0.00004759
55  7  0.00022912
56  7  0.00011466
57  7  0.00013706
58  7  0.00008735
59  7  0.00018126
60  7  0.00019567
61  7  0.00010296
62  7  0.00009933
63  7  0.00021878
0  8  0.00018067
1  8  0.00013524
2  8  0.00009488
3  8  0.00029378
4  8  0.00008570
5  8  0.00014591
6  8  0.00012264
7  8  0.00009812
8  8  0.00051300
9  8  0.00010375
10  8  0.00022912
11  8  0.00017032
12  8  0.00003396
13  8  0.00009291
14  8  0.00021662
15  8  0.00010516
16  8  0.00015950
17  8  0.00012545
18  8  0.00021360
19  8  0.00009195
20  8  0.00010176
21  8  0.00021825
22  8  0.00009608
23  8  0.00009573
24  8  0.00011308
25  8  0.00011588
26  8  0.00007434
27  8  0.00011622
28  8  0.00004973
29  8  0.00009674
30  8  0.00014889
31  8  0.00009826
32  8  0.00012792
33  8  0.00014934
34  8  0.00023873
35  8  0.00014550
36  8  0.00010365
37  8  0.00008331
38  8  0.00015622
39  8  0.00019868
40  8  0.00011861
41  8  0.00023508
42  8  0.00010943
43  8  0.00013084
44  8  0.00012961
45  8  0.00016468
46  8  0.00013299
47  8  0.00014325
48  8  0.00006264
49  8  0.00006069
50  8  0.00007037
51  8  0.00037408
52  8  0.00011049
53  8  0.00015557
54  8  0.00026474
55  8  0.00010909
56  8  0.00008271
57  8  0.00012783
58  8  0.00021704
59  8  0.00024273
60  8  0.00015511
61  8  0.00010545
62  8  0.00018014
63  8  0.00024260
0  9  0.00012739
1  9  0.00042096
2  9  0.00005672
3  9  0.00006905
4  9  0.00006316
5  9  0.00034874
6  9  0.00005625
7  9  0.00017982
8  9  0.00025520
9  9  0.00017956
10  9  0.00018506
11  9  0.00009788
12  9  0.00003619
13  9  0.00006469
14  9  0.00009354
15  9  0.00003332
16  9  0.00006608
17  9  0.00006076
18  9  0.00016095
19  9  0.00017805
20  9  0.00021630
21  9  0.00024724
22  9  0.00016863
23  9  0.00023926
24  9  0.00021812
25  9  0.00007737
26  9  0.00014683
27  9  0.00011125
28  9  0.00007377
29  9  0.00012197
30  9  0.00011288
31  9  0.00020363
32  9  0.00003999
33  9  0.00038086
34  9  0.00021708
35  9  0.00021806
36  9  0.00011197
37  9  0.00007207
38  9  0.00006962
39  9  0.00009940
40  9  0.00017669
41  9  0.00017715
42  9  0.00011831
43  9  0.00006296
44  9  0.00015586
45  9  0.00002963
46  9  0.00008634
47  9  0.00005163
48  9  0.00025726
49  9  0.00009971
50  9  0.00006094
51  9  0.00019351
52  9  0.00016504
53  9  0.00011591
54  9  0.00017595
55  9  0.00009078
56  9  0.00010526
57  9  0.00013359
58  9  0.00014794
59  9  0.00007290
60  9  0.00013268
61  9  0.00012493
62  9  0.00015612
63  9  0.00015729
0  10  0.00009577
1  10  0.00013216
2  10  0.00012825
3  10  0.00013507
4  10  0.00024840
5  10  0.00010454
6  10  0.00012339
7  10  0.00005762
8  10  0.00019758
9  10  0.00002961
10  10  0.00019618
11  10  0.00014223
12  10  0.00018661
13  10  0.00028739
14  10  0.00023682
15  10  0.00009751
16  10  0.00018466
17  10  0.00011365
18  10  0.00010517
19  10  0.00014380
20  10  0.00021855
21  10  0.00016361
22  10  0.00031343
23  10  0.00015201
24  10  0.00020149
25  10  0.00002354
26  10  0.00018958
27  10  0.00015218
28  10  0.00008187
29  10  0.00005649
30  10  0.00012599
31  10  0.00015029
32  10  0.00010938
33  10  0.00013529
34  10  0.00015265
35  10  0.00007103
36  10  0.00011206
37  10  0.00003645
38  10  0.00023018
39  10  0.00013706
40  10  0.00028348
41  10  0.00006926
42  10  0.00013071
43  10  0.00016327
44  10  0.00011835
45  10  0.00024145
46  10  0.00015619
47  10  0.00018776
48  10  0.00022023
49  10  0.00016242
50  10  0.00013829
51  10  0.00011907
52  10  0.00020861
53  10  0.00037211
54  10  0.00024227
55  10  0.00008044
56  10  0.00007920
57  10  0.00020458
58  10  0.00001927
59  10  0.00025381
60  10  0.00012869
61  10  0.00011468
62  10  0.00013321
63  10  0.00022898
0  11  0.00016868
1  11  0.00012375
2  11  0.00026767
3  11  0.00013055
4  11  0.00009360
5  11  0.00010378
6  11  0.00013280
7  11  0.00010920
8  11  0.00010394
9  11  0.00015016
10  11  0.00007550
11  11  0.00003955
12  11  0.00006903
13  11  0.00011012
14  11  0.00005087
15  11  0.00009738
16  11  0.00020764
17  11  0.00017230
18  11  0.00013376
19  11  0.00025492
20  11  0.00021108
21  11  0.00005681
22  11  0.00004883
23  11  0.00006383
24  11  0.00013295
25  11  0.00022317
26  11  0.00011696
27  11  0.00014024
28  11  0.00018069
29  11  0.00023324
30  11  0.00014062
31  11  0.00009206
32  11  0.00013318
33  11  0.00009427
34  11  0.00028502
35  11  0.00006202
36  11  0.00026604
37  11  0.00014672
38  11  0.00018806
39  11  0.00011277
40  11  0.00007022
41  11  0.00009010
42  11  0.00009719
43  11  0.00010787
44  11  0.00012385
45  11  0.00016527
46  11  0.00009661
47  11  0.00010443
48  11  0.00005866
49  11  0.00017718
50  11  0.00012013
51  11  0.00007390
52  11  0.00010486
53  11  0.00011742
54  11  0.00006813
55  11  0.00007468
56  11  0.00011638
57  11  0.00008237
58  11  0.00013559
59  11  0.00016306
60  11  0.00014909
61  11  0.00024603
62  11  0.00010799
63  11  0.00028358
0  12  0.00016757
1  12  0.00010520
2  12  0.00017339
3  12  0.00026679
4  12  0.00010985
5  12  0.00008795
6  12  0.00010635
7  12  0.00010907
8  12  0.00005082
9  12  0.00023315
10  12  0.00010195
11  12  0.00008362
12  12  0.00022820
13  12  0.00005095
14  12  0.00005774
15  12  0.00007666
16  12  0.00002906
17  12  0.00008663
18  12  0.00025419
19  12  0.00012078
20  12  0.00010455
21  12  0.00023957
22  12  0.00028713
23  12  0.00010893
24  12  0.00009840
25  12  0.00007324
26  12  0.00013102
27  12  0.00016126
28  12  0.00005675
29  12  0.00014446
30  12  0.00011080
31  12  0.00010495
32  12  0.00008103
33  12  0.00017012
34  12  0.00015799
35  12  0.00013457
36  12  0.00015712
37  12  0.00016620
38  12  0.00006148
39  12  0.00008841
40  12  0.00004733
41  12  0.00005389
42  12  0.00003321
43  12  0.00009749
44  12  0.00008926
45  12  0.00017434
46  12  0.00013649
47  12  0.00019804
48  12  0.00008361
49  12  0.00003760
50  12  0.00020268
51  12  0.00005017
52  12  0.00009392
53  12  0.00024302
54  12  0.00020205
55  12  0.00002330
56  12  0.00007934
57  12  0.00009796
58  12  0.00014838
59  12  0.00010349
60  12  0.00006069
61  12  0.00003597
62  12  0.00011184
63  12  0.00005150
0  13  0.00012941
1  13  0.00015344
2  13  0.00008070
3  13  0.00012267
4  13  0.00014963
5  13  0.00019616
6  13  0.00010449
7  13  0.00004260
8  13  0.00015123
9  13  0.00009948
10  13  0.00004382
11  13  0.00014235
12  13  0.00005982
13  13  0.00003294
14  13  0.00017620
15  13  0.00007055
16  13  0.00004028
17  13  0.00008156
18  13  0.00017450
19  13  0.00010143
20  13  0.00026267
21  13  0.00014067
22  13  0.00021669
23  13  0.00016804
24  13  0.00008525
25  13  0.00003509
26  13  0.00012917
27  13  0.00003922
28  13  0.00004304
29  13  0.00012397
30  13  0.00003302
31  13  0.00025553
32  13  0.00028913
33  13  0.00020045
34  13  0.00033609
35  13  0.00007805
36  13  0.00012896
37  13  0.00010608
38  13  0.00023699
39  13  0.00011289
40  13  0.00011695
41  13  0.00012461
42  13  0.00024241
43  13  0.00011045
44  13  0.00008595
45  13  0.00013106
46  13  0.00014507
47  13  0.00005706
48  13  0.00013284
49  13  0.00014252
50  13  0.00009214
51  13  0.00003767
52  13  0.00024896
53  13  0.00003093
54  13  0.00024695
55  13  0.00009337
56  13  0.00003026
57  13  0.00014993
58  13  0.00026657
59  13  0.00011857
60  13  0.00008542
61  13  0.00015172
62  13  0.00035365
63  13  0.00006906
0  14  0.00019928
1  14  0.00020487
2  14  0.00016600
3  14  0.00006023
4  14  0.00022096
5  14  0.00012919
6  14  0.00002031
7  14  0.00017402
8  14  0.00006189
9  14  0.00020526
10  14  0.00019543
11  14  0.00009639
12  14  0.00006308
13  14  0.00010107
14  14  0.00031640
15  14  0.00011482
16  14  0.00020900
17  14  0.00018095
18  14  0.00005243
19  14  0.00008412
20  14  0.00022931
21  14  0.00009190
22  14  0.00017465
23  14  0.00016450
24  14  0.00007521
25  14  0.00019597
26  14  0.00010190
27  14  0.00015151
28  14  0.00014898
29  14  0.00020380
30  14  0.00011380
31  14  0.00012624
32  14  0.00019923
33  14  0.00009021
34  14  0.00011782
35  14  0.00013167
36  14  0.00018654
37  14  0.00021872
38  14  0.00007070
39  14  0.00006208
40  14  0.00014161
41  14  0.00011296
42  14  0.00012021
43  14  0.00033841
44  14  0.00017509
45  14  0.00006884
46  14  0.00016007
47  14  0.00016182
48  14  0.00016778
49  14  0.00029748
50  14  0.00005374
51  14  0.00013127
52  14  0.00011337
53  14  0.00023742
54  14  0.00008424
55  14  0.00013841
56  14  0.00015060
57  14  0.00005950
58  14  0.00007438
59  14  0.00029799
60  14  0.00011713
61  14  0.00022086
62  14  0.00021769
63  14  0.00019651
0  15  0.00011941
1  15  0.00010501
2  15  0.00037683
3  15  0.00018519
4  15  0.00007818
5  15  0.00011640
6  15  0.00013048
7  15  0.00021840
8  15  0.00011035
9  15  0.00015817
10  15  0.00011648
11  15  0.00015306
12  15  0.00008373
13  15  0.00011074
14  15  0.00022450
15  15  0.00003256
16  15  0.00014020
17  15  0.00016677
18  15  0.00014291
19  15  0.00004116
20  15  0.00020862
21  15  0.00012063
22  15  0.00003208
23  15  0.00021789
24  15  0.00009822
25  15  0.00009911
26  15  0.00023355
27  15  0.00018441
28  15  0.00012903
29  15  0.00027707
30  15  0.00015135
31  15  0.00007887
32  15  0.00018052
33  15  0.00008003
34  15  0.00008447
35  15  0.00013185
36  15  0.00012347
37  15  0.00013972
38  15  0.00013293
39  15  0.00006971
40  15  0.00010609
41  15  0.00013180
42  15  0.00006669
43  15  0.00021340
44  15  0.00019363
45  15  0.00017532
46  15  0.00010436
47  15  0.00009706
48  15  0.00019140
49  15  0.00015053
50  15  0.00016580
51  15  0.00006139
52  15  0.00007607
53  15  0.00005597
54  15  0.00008232
55  15  0.00007267
56  15  0.00008378
57  15  0.00014995
58  15  0.00004186
59  15  0.00012305
60  15  0.00018040
61  15  0.00009205
62  15  0.00008023
63  15  0.00018642
0  16  0.00024485
1  16  0.00015010
2  16  0.00017112
3  16  0.00014795
4  16  0.00008555
5  16  0.00015600
6  16  0.00011360
7  16  0.00020148
8  16  0.00008900
9  16  0.00009520
10  16  0.00009189
11  16  0.00002789
12  16  0.00007836
13  16  0.00012523
14  16  0.00009419
15  16  0.00005378
16  16  0.00007919
17  16  0.00005939
18  16  0.00012748
19  16  0.00005009
20  16  0.00017700
21  16  0.00012283
22  16  0.00006756
23  16  0.00011203
24  16  0.00013807
25  16  0.00005775
26  16  0.00002743
27  16  0.00015194
28  16  0.00013654
29  16  0.00018474
30  16  0.00016871
31  16  0.00025377
32  16  0.00027657
33  16  0.00004205
34  16  0.00010787
35  16  0.00007658
36  16  0.00015652
37  16  0.00010245
38  16  0.00010584
39  16  0.00012226
40  16  0.00012500
41  16  0.00005444
42  16  0.00015177
43  16  0.00018697
44  16  0.00022580
45  16  0.00008240
46  16  0.00008853
47  16  0.00013739
48  16  0.00004463
49  16  0.00008117
50  16  0.00009988
51  16  0.00013924
52  16  0.00013273
53  16  0.00008845
54  16  0.00005429
55  16  0.00013376
56  16  0.00016745
57  16  0.00008709
58  16  0.00010333
59  16  0.00008723
60  16  0.00004262
61  16  0.00008173
62  16  0.00012560
63  16  0.00007750
0  17  0.00011080
1  17  0.00013317
2  17  0.00019937
3  17  0.00011619
4  17  0.00009450
5  17  0.00017760
6  17  0.00008553
7  17  0.00002156
8  17  0.00011062
9  17  0.00015835
10  17  0.00012055
11  17  0.00008044
12  17  0.00009991
13  17  0.00013274
14  17  0.00008128
15  17  0.00012012
16  17  0.00022842
17  17  0.00013691
18  17  0.00012843
19  17  0.00011420
20  17  0.00018740
21  17  0.00004911
22  17  0.00022774
23  17  0.00011117
24  17  0.00007546
25  17  0.00011207
26  17  0.00012058
27  17  0.00018493
28  17  0.00009003
29  17  0.00002649
30  17  0.00018609
31  17  0.00013265
32  17  0.00021761
33  17  0.00017365
34  17  0.00018974
35  17  0.00035472
36  17  0.00019243
37  17  0.00015431
38  17  0.00008936
39  17  0.00009342
40  17  0.00012297
41  17  0.00012937
42  17  0.00029708
43  17  0.00004454
44  17  0.00011522
45  17  0.00011968
46  17  0.00009775
47  17  0.00008489
48  17  0.00006602
49  17  0.00013512
50  17  0.00006675
51  17  0.00003608
52  17  0.00019356
53  17  0.00014050
54  17  0.00009801
55  17  0.00016438
56  17  0.00006852
57  17  0.00003656
58  17  0.00008421
59  17  0.00020410
60  17  0.00009541
61  17  0.00008455
62  17  0.00023147
63  17  0.00015108
0  18  0.00012336
1  18  0.00013250
2  18  0.00011014
3  18  0.00010114
4  18  0.00011675
5  18  0.00026337
6  18  0.00009650
7  18  0.00009198
8  18  0.00015530
9  18  0.00010152
10  18  0.00021909
11  18  0.00020474
12  18  0.00013684
13  18  0.00011884
14  18  0.00005552
15  18  0.00013384
16  18  0.00010265
17  18  0.00020507
18  18  0.00009896
19  18  0.00009410
20  18  0.00012683
21  18  0.00034866
22  18  0.00016326
23  18  0.00009105
24  18  0.00014555
25  18  0.00012839
26  18  0.00014831
27  18  0.00006008
28  18  0.00013481
29  18  0.00013263
30  18  0.00011845
31  18  0.00009715
32  18  0.00027449
33  18  0.00007535
34  18  0.00007507
35  18  0.00026770
36  18  0.00004368
37  18  0.00034588
38  18  0.00013951
39  18  0.00015894
40  18  0.00013359
41  18  0.00009107
42  18  0.00006378
43  18  0.00012333
44  18  0.00015977
45  18  0.00018808
46  18  0.00007536
47  18  0.00005006
48  18  0.00007529
49  18  0.00009858
50  18  0.00015530
51  18  0.00014768
52  18  0.00017775
53  18  0.00016515
54  18  0.00011676
55  18  0.00010547
56  18  0.00015491
57  18  0.00013279
58  18  0.00007782
59  18  0.00015503
60  18  0.00008031
61  18  0.00006901
62  18  0.00012824
63  18  0.00016966
0  19  0.00018441
1  19  0.00009699
2  19  0.00013812
3  19  0.00005491
4  19  0.00012108
5  19  0.00007802
6  19  0.00012373
7  19  0.00005952
8  19  0.00026454
9  19  0.00017433
10  19  0.00014783
11  19  0.00003766
12  19  0.00017422
13  19  0.00035795
14  19  0.00016857
15  19  0.00014435
16  19  0.00023067
17  19  0.00018179
18  19  0.00013432
19  19  0.00010694
20  19  0.00013339
21  19  0.00015396
22  19  0.00006929
23  19  0.00011309
24  19  0.00021476
25  19  0.00018394
26  19  0.00006375
27  19  0.00017727
28  19  0.00003375
29  19  0.00014411
30  19  0.00005689
31  19  0.00028156
32  19  0.00020467
33  19  0.00009314
34  19  0.00013734
35  19  0.00008670
36  19  0.00024824
37  19  0.00023170
38  19  0.00009925
39  19  0.00005483
40  19  0.00010208
41  19  0.00018243
42  19  0.00021403
43  19  0.00008343
44  19  0.00002410
45  19  0.00018432
46  19  0.00011150
47  19  0.00013044
48  19  0.00008143
49  19  0.00022108
50  19  0.00009724
51  19  0.00011150
52  19  0.00010661
53  19  0.00014972
54  19  0.00006909
55  19  0.00009869
56  19  0.00013173
57  19  0.00018082
58  19  0.00005225
59  19  0.00017934
60  19  0.00016404
61  19  0.00022060
62  19  0.00019623
63  19  0.00039926
0  20  0.00023486
1  20  0.00016814
2  20  0.00010668
3  20  0.00008441
4  20  0.00018083
5  20  0.00025553
6  20  0.00006959
7  20  0.00006699
8  20  0.00004610
9  20  0.00020655
10  20  0.00034089
11  20  0.00017747
12  20  0.00011640
13  20  0.00011208
14  20  0.00014697
15  20  0.00005586
16  20  0.00011060
17  20  0.00004045
18  20  0.00011340
19  20  0.00021601
20  20  0.00005966
21  20  0.00009150
22  20  0.00007636
23  20  0.00004928
24  20  0.00005878
25  20  0.00017428
26  20  0.00003825
27  20  0.00008198
28  20  0.00022386
29  20  0.00020533
30  20  0.00030019
31  20  0.00017223
32  20  0.00017040
33  20  0.00020562
34  20  0.00028011
35  20  0.00009177
36  20  0.00010639
37  20  0.00010701
38  20  0.00012310
39  20  0.00004338
40  20  0.00007587
41  20  0.00002569
42  20  0.00011390
43  20  0.00012372
44  20  0.00021908
45  20  0.00011018
46  20  0.00012882
47  20  0.00014948
48  20  0.00014893
49  20  0.00012391
50  20  0.00010376
51  20  0.00005015
52  20  0.00008739
53  20  0.00007147
54  20  0.00009051
55  20  0.00012824
56  20  0.00010725
57  20  0.00016327
58  20  0.00012204
59  20  0.00015952
60  20  0.00020429
61  20  0.00013766
62  20  0.00017987
63  20  0.00016538
0  21  0.00004615
1  21  0.00025230
2  21  0.00021522
3  21  0.00031414
4  21  0.00015964
5  21  0.00006337
6  21  0.00007008
7  21  0.00027252
8  21  0.00003167
9  21  0.00005833
10  21  0.00014484
11  21  0.00012767
12  21  0.00018618
13  21  0.00014098
14  21  0.00016400
15  21  0.00010432
16  21  0.00006984
17  21  0.00003641
18  21  0.00010106
19  21  0.00019838
20  21  0.00028529
21  21  0.00010806
22  21  0.00008805
23  21  0.00014183
24  21  0.00007163
25  21  0.00009877
26  21  0.00012742
27  21  0.00004602
28  21  0.00011046
29  21  0.00022610
30  21  0.00024500
31  21  0.00028276
32  21  0.00018380
33  21  0.00005548
34  21  0.00032741
35  21  0.00011082
36  21  0.00019092
37  21  0.00007416
38  21  0.00014284
39  21  0.00014990
40  21  0.00009180
41  21  0.00011744
42  21  0.00017276
43  21  0.00006739
44  21  0.00011496
45  21  0.00013480
46  21  0.00006278
47  21  0.00011874
48  21  0.00014580
49  21  0.00015728
50  21  0.00007132
51  21  0.00007156
52  21  0.00013474
53  21  0.00014686
54  21  0.00005309
55  21  0.00010307
56  21  0.00007592
57  21  0.00005040
58  21  0.00008586
59  21  0.00007684
60  21  0.00031937
61  21  0.00011633
62  21  0.00004711
63  21  0.00017998
0  22  0.00008004
1  22  0.00016524
2  22  0.00004050
3  22  0.00022842
4  22  0.00012262
5  22  0.00009602
6  22  0.00013365
7  22  0.00024225
8  22  0.00006617
9  22  0.00012719
10  22  0.00010883
11  22  0.00012322
12  22  0.00024486
13  22  0.00014646
14  22  0.00017238
15  22  0.00013182
16  22  0.00005379
17  22  0.00009118
18  22  0.00012015
19  22  0.00015875
20  22  0.00009713
21  22  0.00007128
22  22  0.00017514
23  22  0.00020025
24  22  0.00013671
25  22  0.00007713
26  22  0.00004812
27  22  0.00024758
28  22  0.00015959
29  22  0.00018153
30  22  0.00030314
31  22  0.00008141
32  22  0.00055198
33  22  0.00019115
34  22  0.00021387
35  22  0.00021619
36  22  0.00016943
37  22  0.00006856
38  22  0.00007914
39  22  0.00017365
40  22  0.00003098
41  22  0.00015890
42  22  0.00007722
43  22  0.00012618
44  22  0.00013890
45  22  0.00010390
46  22  0.00004026
47  22  0.00013636
48  22  0.00018210
49  22  0.00012086
50  22  0.00016195
51  22  0.00016380
52  22  0.00006328
53  22  0.00012855
54  22  0.00008059
55  22  0.00014427
56  22  0.00011080
57  22  0.00008610
58  22  0.00012619
59  22  0.00005012
60  22  0.00010305
61  22  0.00011331
62  22  0.00017437
63  22  0.00006343
0  23  0.00019347
1  23  0.00016000
2  23  0.00020199
3  23  0.00036512
4  23  0.00021334
5  23  0.00009416
6  23  0.00009889
7  23  0.00026794
8  23  0.00015394
9  23  0.00008155
10  23  0.00013857
11  23  0.00023698
12  23  0.00014956
13  23  0.00016202
14  23  0.00020239
15  23  0.00025001
16  23  0.00019943
17  23  0.00011350
18  23  0.00006663
19  23  0.00020398
20  23  0.00016410
21  23  0.00006290
22  23  0.00014752
23  23  0.00012990
24  23  0.00007491
25  23  0.00018443
26  23  0.00026542
27  23  0.00024403
28  23  0.00010413
29  23  0.00034983
30  23  0.00031598
31  23  0.00037069
32  23  0.00036335
33  23  0.00062011
34  23  0.00033796
35  23  0.00029492
36  23  0.00044842
37  23  0.00029886
38  23  0.00005855
39  23  0.00014418
40  23  0.00011932
41  23  0.00012064
42  23  0.00014129
43  23  0.00014626
44  23  0.00011304
45  23  0.00015590
46  23  0.00009674
47  23  0.00010517
48  23  0.00013146
49  23  0.00024858
50  23  0.00016805
51  23  0.00013353
52  23  0.00012206
53  23  0.00012361
54  23  0.00019509
55  23  0.00020668
56  23  0.00015460
57  23  0.00014774
58  23  0.00020563
59  23  0.00013958
60  23  0.00007309
61  23  0.00018273
62  23  0.00012850
63  23  0.00025415
0  24  0.00021596
1  24  0.00013759
2  24  0.00012233
3  24  0.00012508
4  24  0.00006839
5  24  0.00008534
6  24  0.00012578
7  24  0.00019310
8  24  0.00013402
9  24  0.00016169
10  24  0.00014637
11  24  0.00019405
12  24  0.00014982
13  24  0.00023468
14  24  0.00006905
15  24  0.00024603
16  24  0.00016781
17  24  0.00012590
18  24  0.00007646
19  24  0.00010837
20  24  0.00018462
21  24  0.00004004
22  24  0.00012156
23  24  0.00005832
24  24  0.00017703
25  24  0.00037536
26  24  0.00044102
27  24  0.00032426
28  24  0.00023316
29  24  0.00056190
30  24  0.00049494
31  24  0.00081495
32  24  0.00071025
33  24  0.00054133
34  24  0.00031984
35  24  0.00051911
36  24  0.00038153
37  24  0.00038770
38  24  0.00015558
39  24  0.00015678
40  24  0.00020508
41  24  0.00009826
42  24  0.00018967
43  24  0.00011000
44  24  0.00025071
45  24  0.00015714
46  24  0.00024738
47  24  0.00009171
48  24  0.00003368
49  24  0.00009509
50  24  0.00009246
51  24  0.00011098
52  24  0.00008489
53  24  0.00006740
54  24  0.00013454
55  24  0.00007906
56  24  0.00009685
57  24  0.00014479
58  24  0.00016756
59  24  0.00011901
60  24  0.00013568
61  24  0.00003664
62  24  0.00015145
63  24  0.00022967
0  25  0.00008435
1  25  0.00013537
2  25  0.00015244
3  25  0.00023756
4  25  0.00011551
5  25  0.00016354
6  25  0.00005642
7  25  0.00013995
8  25  0.00006479
9  25  0.00013298
10  25  0.00008980
11  25  0.00019913
12  25  0.00009852
13  25  0.00026075
14  25  0.00015007
15  25  0.00005414
16  25  0.00015634
17  25  0.00012291
18  25  0.00004713
19  25  0.00007948
20  25  0.00011310
21  25  0.00005838
22  25  0.00009768
23  25  0.00006468
24  25  0.00013972
25  25  0.00016240
26  25  0.00048772
27  25  0.00055727
28  25  0.00041738
29  25  0.00088867
30  25  0.00094301
31  25  0.00109837
32  25  0.00094636
33  25  0.00090138
34  25  0.00093596
35  25  0.00121960
36  25  0.00075312
37  25  0.00044261
38  25  0.00013152
39  25  0.00029464
40  25  0.00022154
41  25  0.00008041
42  25  0.00009487
43  25  0.00021169
44  25  0.00006868
45  25  0.00018878
46  25  0.00009643
47  25  0.00008422
48  25  0.00015668
49  25  0.00027911
50  25  0.00019925
51  25  0.00014963
52  25  0.00012840
53  25  0.00017425
54  25  0.00004320
55  25  0.00015020
56  25  0.00009165
57  25  0.00004172
58  25  0.00007509
59  25  0.00011236
60  25  0.00013695
61  25  0.00013521
62  25  0.00016866
63  25  0.00014857
0  26  0.00005968
1  26  0.00017792
2  26  0.00014983
3  26  0.00016537
4  26  0.00008567
5  26  0.00017942
6  26  0.00010847
7  26  0.00010870
8  26  0.00008374
9  26  0.00015974
10  26  0.00013327
11  26  0.00027721
12  26  0.00008347
13  26  0.00007615
14  26  0.00006033
15  26  0.00027925
16  26  0.00008834
17  26  0.00005504
18  26  0.00020141
19  26  0.00006371
20  26  0.00010500
21  26  0.00003561
22  26  0.00005622
23  26  0.00018750
24  26  0.00023894
25  26  0.00024145
26  26  0.00024003
27  26  0.00044198
28  26  0.00108124
29  26  0.00089037
30  26  0.00143668
31  26  0.00129096
32  26  0.00143719
33  26  0.00188869
34  26  0.00092511
35  26  0.00144446
36  26  0.00098788
37  26  0.00037957
38  26  0.00039968
39  26  0.00047501
40  26  0.00045637
41  26  0.00018980
42  26  0.00007681
43  26  0.00023073
44  26  0.00016278
45  26  0.00004814
46  26  0.00015164
47  26  0.00008752
48  26  0.00009324
49  26  0.00010228
50  26  0.00006257
51  26  0.00008747
52  26  0.00004867
53  26  0.00016841
54  26  0.00011689
55  26  0.00005642
56  26  0.00026152
57  26  0.00008345
58  26  0.00019017
59  26  0.00021612
60  26  0.00017111
61  26  0.00017092
62  26  0.00009064
63  26  0.00010207
0  27  0.00010797
1  27  0.00001528
2  27  0.00010403
3  27  0.00009184
4  27  0.00006598
5  27  0.00027257
6  27  0.00004390
7  27  0.00021212
8  27  0.00013114
9  27  0.00022610
10  27  0.00021656
11  27  0.00004203
12  27  0.00008065
13  27  0.00015435
14  27  0.00011647
15  27  0.00015149
16  27  0.00038549
17  27  0.00006868
18  27  0.00003339
19  27  0.00010739
20  27  0.00012565
21  27  0.00016171
22  27  0.00004305
23  27  0.00015218
24  27  0.00045198
25  27  0.00047079
26  27  0.00060446
27  27  0.00140952
28  27  0.00101637
29  27  0.00144881
30  27  0.00134020
31  27  0.00221967
32  27  0.00152255
33  27  0.00217010
34  27  0.00121078
35  27  0.00186365
36  27  0.00112984
37  27  0.00066741
38  27  0.00084396
39  27  0.00044788
40  27  0.00020379
41  27  0.00016952
42  27  0.00009211
43  27  0.00006520
44  27  0.00008696
45  27  0.00011363
46  27  0.00010837
47  27  0.00022899
48  27  0.00010683
49  27  0.00017366
50  27  0.00015264
51  27  0.00003728
52  27  0.00009565
53  27  0.00010963
54  27  0.00008981
55  27  0.00028679
56  27  0.00013735
57  27  0.00012653
58  27  0.00008507
59  27  0.00008259
60  27  0.00011167
61  27  0.00023842
62  27  0.00014527
63  27  0.00012436
0  28  0.00011441
1  28  0.00008866
2  28  0.00007576
3  28  0.00013602
4  28  0.00006468
5  28  0.00007877
6  28  0.00005927
7  28  0.00005478
8  28  0.00015968
9  28  0.00011783
10  28  0.00002981
11  28  0.00010908
12  28  0.00005648
13  28  0.00007744
14  28  0.00019283
15  28  0.00008567
16  28  0.00010567
17  28  0.00008598
18  28  0.00015487
19  28  0.00010717
20  28  0.00014854
21  28  0.00019877
22  28  0.00037632
23  28  0.00022659
24  28  0.00037491
25  28  0.00063958
26  28  0.00074123
27  28  0.00137066
28  28  0.00236044
29  28  0.00205582
30  28  0.00354096
31  28  0.00248707
32  28  0.00335778
33  28  0.00321217
34  28  0.00306725
35  28  0.00195078
36  28  0.00111438
37  28  0.00084151
38  28  0.00098574
39  28  0.00074307
40  28  0.00038761
41  28  0.00020424
42  28  0.00036938
43  28  0.00016978
44  28  0.00008009
45  28  0.00017571
46  28  0.00008242
47  28  0.00018474
48  28  0.00015449
49  28  0.00006453
50  28  0.00024147
51  28  0.00011689
52  28  0.00028794
53  28  0.00011165
54  28  0.00022283
55  28  0.00008592
56  28  0.00019427
57  28  0.00022787
58  28  0.00008607
59  28  0.00016867
60  28  0.00008871
61  28  0.00006510
62  28  0.00016762
63  28  0.00019217
0  29  0.00006803
1  29  0.00009183
2  29  0.00009746
3  29  0.00014638
4  29  0.00008073
5  29  0.00017660
6  29  0.00019361
7  29  0.00035299
8  29  0.00008771
9  29  0.00009332
10  29  0.00012540
11  29  0.00015706
12  29  0.00006362
13  29  0.00014046
14  29  0.00019823
15  29  0.00024732
16  29  0.00012286
17  29  0.00018954
18  29  0.00011069
19  29  0.00008992
20  29  0.00012588
21  29  0.00025435
22  29  0.00014956
23  29  0.00025901
24  29  0.00059513
25  29  0.00057605
26  29  0.00089136
27  29  0.00140453
28  29  0.00190041
29  29  0.00252056
30  29  0.00295031
31  29  0.00355963
32  29  0.00381822
33  29  0.00427834
34  29  0.00355203
35  29  0.00356845
36  29  0.00165504
37  29  0.00138214
38  29  0.00087678
39  29  0.00081678
40  29  0.00044766
41  29  0.00016741
42  29  0.00015039
43  29  0.00027374
44  29  0.00008376
45  29  0.00014567
46  29  0.00012977
47  29  0.00010101
48  29  0.00015947
49  29  0.00008315
50  29  0.00012791
51  29  0.00021945
52  29  0.00005129
53  29  0.00010355
54  29  0.00009441
55  29  0.00030284
56  29  0.00015085
57  29  0.00010274
58  29  0.00004729
59  29  0.00017030
60  29  0.00005977
61  29  0.00010292
62  29  0.00007125
63  29  0.00006440
0  30  0.00007042
1  30  0.00031758
2  30  0.00014481
3  30  0.00008577
4  30  0.00010907
5  30  0.00014968
6  30  0.00034590
7  30  0.00012513
8  30  0.00009021
9  30  0.00008989
10  30  0.00002850
11  30  0.00017602
12  30  0.00008093
13  30  0.00015593
14  30  0.00011207
15  30  0.00031533
16  30  0.00006055
17  30  0.00002847
18  30  0.00009823
19  30  0.00010603
20  30  0.00015239
21  30  0.00013949
22  30  0.00017678
23  30  0.00065093
24  30  0.00045714
25  30  0.00085994
26  30  0.00132879
27  30  0.00186495
28  30  0.00236317
29  30  0.00329349
30  30  0.00371543
31  30  0.00451639
32  30  0.00403944
33  30  0.00446983
34  30  0.00395174
35  30  0.00298458
36  30  0.00194034
37  30  0.00213884
38  30  0.00127906
39  30  0.00095899
40  30  0.00053559
41  30  0.00034008
42  30  0.00044786
43  30  0.00007555
44  30  0.00027155
45  30  0.00017869
46  30  0.00008525
47  30  0.00019081
48  30  0.00013038
49  30  0.00008891
50  30  0.00009625
51  30  0.00009753
52  30  0.00007455
53  30  0.00010061
54  30  0.00010936
55  30  0.00017097
56  30  0.00021560
57  30  0.00028387
58  30  0.00014961
59  30  0.00041623
60  30  0.00011914
61  30  0.00019453
62  30  0.00011681
63  30  0.00018551
0  31  0.00019421
1  31  0.00014011
2  31  0.00017962
3  31  0.00002236
4  31  0.00005600
5  31  0.00008063
6  31  0.00012917
7  31  0.00004141
8  31  0.00004481
9  31  0.00008591
10  31  0.00008090
11  31  0.00018855
12  31  0.00011151
13  31  0.00008435
14  31  0.00009986
15  31  0.00009832
16  31  0.00007421
17  31  0.00011267
18  31  0.00011090
19  31  0.00010706
20  31  0.00016098
21  31  0.00010293
22  31  0.00016851
23  31  0.00040604
24  31  0.00040766
25  31  0.00125305
26  31  0.00120941
27  31  0.00174544
28  31  0.00278470
29  31  0.00429152
30  31  0.00418165
31  31  0.00438221
32  31  0.00599777
33  31  0.00543114
34  31  0.00541938
35  31  0.00428832
36  31  0.00274777
37  31  0.00311301
38  31  0.00173119
39  31  0.00090914
40  31  0.00099957
41  31  0.00040809
42  31  0.00040488
43  31  0.00011823
44  31  0.00022168
45  31  0.00009661
46  31  0.00006734
47  31  0.00013962
48  31  0.00013075
49  31  0.00016515
50  31  0.00013985
51  31  0.00033136
52  31  0.00008510
53  31  0.00003269
54  31  0.00012267
55  31  0.00016263
56  31  0.00009917
57  31  0.00012370
58  31  0.00009958
59  31  0.00011873
60  31  0.00018493
61  31  0.00010111
62  31  0.00025280
63  31  0.00013135
0  32  0.00008962
1  32  0.00008211
2  32  0.00023256
3  32  0.00008056
4  32  0.00005249
5  32  0.00010798
6  32  0.00017639
7  32  0.00012366
8  32  0.00018842
9  32  0.00023605
10  32  0.00023055
11  32  0.00006290
12  32  0.00007055
13  32  0.00012018
14  32  0.00017884
15  32  0.00017868
16  32  0.00016766
17  32  0.00009482
18  32  0.00016602
19  32  0.00018398
20  32  0.00013560
21  32  0.00022290
22  32  0.00020245
23  32  0.00046408
24  32  0.00039284
25  32  0.00062659
26  32  0.00138022
27  32  0.00157144
28  32  0.00361887
29  32  0.00358479
30  32  0.00537626
31  32  0.00492547
32  32  0.00622203
33  32  0.00539146
34  32  0.00505409
35  32  0.00385121
36  32  0.00269845
37  32  0.00237540
38  32  0.00119645
39  32  0.00074636
40  32  0.00075708
41  32  0.00033966
42  32  0.00013408
43  32  0.00009297
44  32  0.00008710
45  32  0.00015793
46  32  0.00007260
47  32  0.00012970
48  32  0.00013969
49  32  0.00023235
50  32  0.00015596
51  32  0.00017192
52  32  0.00012810
53  32  0.00008803
54  32  0.00045043
55  32  0.00005675
56  32  0.00024520
57  32  0.00007205
58  32  0.00007435
59  32  0.00024907
60  32  0.00015218
61  32  0.00020812
62  32  0.00010451
63  32  0.00038146
0  33  0.00012318
1  33  0.00024862
2  33  0.00010258
3  33  0.00011458
4  33  0.00011577
5  33  0.00012732
6  33  0.00009200
7  33  0.00010183
8  33  0.00008734
9  33  0.00009468
10  33  0.00017959
11  33  0.00014483
12  33  0.00013455
13  33  0.00007841
14  33  0.00012915
15  33  0.00013180
16  33  0.00013843
17  33  0.00020897
18  33  0.00019488
19  33  0.00007127
20  33  0.00035543
21  33  0.00007347
22  33  0.00017045
23  33  0.00017629
24  33  0.00083060
25  33  0.00089401
26  33  0.00109874
27  33  0.00225133
28  33  0.00246408
29  33  0.00394496
30  33  0.00448767
31  33  0.00416579
32  33  0.00560242
33  33  0.00580546
34  33  0.00505164
35  33  0.00264343
36  33  0.00285159
37  33  0.00261594
38  33  0.00138479
39  33  0.00073001
40  33  0.00055513
41  33  0.00075719
42  33  0.00011527
43  33  0.00016637
44  33  0.00017516
45  33  0.00022319
46  33  0.00007675
47  33  0.00012502
48  33  0.00007201
49  33  0.00004756
50  33  0.00021773
51  33  0.00009161
52  33  0.00015534
53  33  0.00015526
54  33  0.00035426
55  33  0.00016490
56  33  0.00023604
57  33  0.00006902
58  33  0.00007586
59  33  0.00017594
60  33  0.00020560
61  33  0.00009379
62  33  0.00011371
63  33  0.00012717
0  34  0.00029924
1  34  0.00014262
2  34  0.00007476
3  34  0.00003464
4  34  0.00018355
5  34  0.00013062
6  34  0.00009368
7  34  0.00027405
8  34  0.00008841
9  34  0.00006457
10  34  0.00007132
11  34  0.00012664
12  34  0.00028320
13  34  0.00012264
14  34  0.00012594
15  34  0.00005188
16  34  0.00013855
17  34  0.00019609
18  34  0.00022487
19  34  0.00009719
20  34  0.00005411
21  34  0.00012505
22  34  0.00017453
23  34  0.00038332
24  34  0.00072968
25  34  0.00054187
26  34  0.00100527
27  34  0.00167208
28  34  0.00257267
29  34  0.00342225
30  34  0.00425083
31  34  0.00447764
32  34  0.00453575
33  34  0.00548071
34  34  0.00457092
35  34  0.00321084
36  34  0.00308002
37  34  0.00153091
38  34  0.00094999
39  34  0.00087602
40  34  0.00036155
41  34  0.00021103
42  34  0.00016616
43  34  0.00015134
44  34  0.00008180
45  34  0.00009243
46  34  0.00005927
47  34  0.00020955
48  34  0.00009775
49  34  0.00008697
50  34  0.00016106
51  34  0.00003516
52  34  0.00021220
53  34  0.00009419
54  34  0.00010742
55  34  0.00027377
56  34  0.00008678
57  34  0.00017730
58  34  0.00005493
59  34  0.00009972
60  34  0.00009635
61  34  0.00014107
62  34  0.00005622
63  34  0.00020784
0  35  0.00025954
1  35  0.00008507
2  35  0.00012979
3  35  0.00009083
4  35  0.00013290
5  35  0.00015674
6  35  0.00005604
7  35  0.00018083
8  35  0.00015707
9  35  0.00019001
10  35  0.00001339
11  35  0.00002770
12  35  0.00011164
13  35  0.00005716
14  35  0.00012932
15  35  0.00012854
16  35  0.00011616
17  35  0.00014672
18  35  0.00014550
19  35  0.00018302
20  35  0.00006086
21  35  0.00017356
22  35  0.00016013
23  35  0.00031834
24  35  0.00047163
25  35  0.00062055
26  35  0.00164623
27  35  0.00170169
28  35  0.00178032
29  35  0.00241158
30  35  0.00378417
31  35  0.00418142
32  35  0.00403540
33  35  0.00400623
34  35  0.00393625
35  35  0.00283402
36  35  0.00196346
37  35  0.00179139
38  35  0.00109838
39  35  0.00067164
40  35  0.00044196
41  35  0.00023328
42  35  0.00024188
43  35  0.00017520
44  35  0.00010678
45  35  0.00008637
46  35  0.00014860
47  35  0.00011884
48  35  0.00015080
49  35  0.00009633
50  35  0.00009297
51  35  0.00021409
52  35  0.00004569
53  35  0.00002917
54  35  0.00013298
55  35  0.00019506
56  35  0.00035259
57  35  0.00012834
58  35  0.00015201
59  35  0.00017210
60  35  0.00010602
61  35  0.00019211
62  35  0.00004387
63  35  0.00005395
0  36  0.00017883
1  36  0.00014192
2  36  0.00016775
3  36  0.00005597
4  36  0.00023810
5  36  0.00013612
6  36  0.00016062
7  36  0.00010036
8  36  0.00010639
9  36  0.00032351
10  36  0.00007003
11  36  0.00015829
12  36  0.00019380
13  36  0.00012969
14  36  0.00018059
15  36  0.00010848
16  36  0.00005977
17  36  0.00016466
18  36  0.00010485
19  36  0.00021812
20  36  0.00020052
21  36  0.00021595
22  36  0.00029833
23  36  0.00047404
24  36  0.00036734
25  36  0.00038527
26  36  0.00087193
27  36  0.00119180
28  36  0.00207807
29  36  0.00180588
30  36  0.00323315
31  36  0.00319224
32  36  0.00305601
33  36  0.00265125
34  36  0.00295098
35  36  0.00268995
36  36  0.00142828
37  36  0.00093688
38  36  0.00058306
39  36  0.00064728
40  36  0.00036754
41  36  0.00025736
42  36  0.00007752
43  36  0.00010969
44  36  0.00012944
45  36  0.00008701
46  36  0.00032071
47  36  0.00029640
48  36  0.00016735
49  36  0.00023767
50  36  0.00011510
51  36  0.00015462
52  36  0.00012065
53  36  0.00012701
54  36  0.00009535
55  36  0.00012511
56  36  0.00011924
57  36  0.00019264
58  36  0.00011314
59  36  0.00023017
60  36  0.00017430
61  36  0.00014125
62  36  0.00008476
63  36  0.00015422
0  37  0.00008065
1  37  0.00012741
2  37  0.00002509
3  37  0.00019789
4  37  0.00003967
5  37  0.00019616
6  37  0.00020876
7  37  0.00029865
8  37  0.00007942
9  37  0.00015633
10  37  0.00008188
11  37  0.00017797
12  37  0.00007837
13  37  0.00014598
14  37  0.00018101
15  37  0.00012265
16  37  0.00015425
17  37  0.00012995
18  37  0.00017288
19  37  0.00015079
20  37  0.00012108
21  37  0.00009113
22  37  0.00013329
23  37  0.00016497
24  37  0.00047142
25  37  0.00030373
26  37  0.00042548
27  37  0.00072630
28  37  0.00127286
29  37  0.00196338
30  37  0.00192769
31  37  0.00261903
32  37  0.00212252
33  37  0.00202144
34  37  0.00240016
35  37  0.00127398
36  37  0.00226518
37  37  0.00099026
38  37  0.00097968
39  37  0.00046635
40  37  0.00020939
41  37  0.00018513
42  37  0.00005704
43  37  0.00018742
44  37  0.00007461
45  37  0.00015828
46  37  0.00011718
47  37  0.00005673
48  37  0.00034432
49  37  0.00007809
50  37  0.00011365
51  37  0.00010699
52  37  0.00030468
53  37  0.00019737
54  37  0.00018250
55  37  0.00008750
56  37  0.00027982
57  37  0.00013420
58  37  0.00024123
59  37  0.00021352
60  37  0.00018200
61  37  0.00003285
62  37  0.00038302
63  37  0.00013289
0  38  0.00012087
1  38  0.00009015
2  38  0.00004901
3  38  0.00009331
4  38  0.00008480
5  38  0.00014966
6  38  0.00016059
7  38  0.00016176
8  38  0.00013197
9  38  0.00008158
10  38  0.00014720
11  38  0.00007911
12  38  0.00007598
13  38  0.00009921
14  38  0.00015459
15  38  0.00021013
16  38  0.00019007
17  38  0.00016362
18  38  0.00019960
19  38  0.00012492
20  38  0.00016059
21  38  0.00018257
22  38  0.00013389
23  38  0.00025886
24  38  0.00047748
25  38  0.00025817
26  38  0.00046541
27  38  0.00082881
28  38  0.00072330
29  38  0.00117640
30  38  0.00117794
31  38  0.00167235
32  38  0.00138931
33  38  0.00164449
34  38  0.00091815
35  38  0.00075095
36  38  0.00072910
37  38  0.00046408
38  38  0.00030439
39  38  0.00029141
40  38  0.00019123
41  38  0.00026284
42  38  0.00019194
43  38  0.00006083
44  38  0.00009176
45  38  0.00017574
46  38  0.00014552
47  38  0.00027118
48  38  0.00010790
49  38  0.00017976
50  38  0.00024687
51  38  0.00014442
52  38  0.00009009
53  38  0.00010426
54  38  0.00007647
55  38  0.00012553
56  38  0.00017186
57  38  0.00017159
58  38  0.00012011
59  38  0.00005232
60  38  0.00011287
61  38  0.00030728
62  38  0.00033019
63  38  0.00020662
0  39  0.00013778
1  39  0.00003876
2  39  0.00023720
3  39  0.00003951
4  39  0.00028883
5  39  0.00002917
6  39  0.00014904
7  39  0.00011398
8  39  0.00023465
9  39  0.00011978
10  39  0.00024113
11  39  0.00014221
12  39  0.00022146
13  39  0.00009992
14  39  0.00005972
15  39  0.00022220
16  39  0.00023318
17  39  0.00010478
18  39  0.00019638
19  39  0.00021421
20  39  0.00034693
21  39  0.00007200
22  39  0.00012112
23  39  0.00026163
24  39  0.00024763
25  39  0.00024930
26  39  0.00031371
27  39  0.00056237
28  39  0.00045892
29  39  0.00098120
30  39  0.00078668
31  39  0.00109080
32  39  0.00090638
33  39  0.00083613
34  39  0.00118510
35  39  0.00070282
36  39  0.00060161
37  39  0.00062093
38  39  0.00021512
39  39  0.00014421
40  39  0.00014476
41  39  0.00002574
42  39  0.00027689
43  39  0.00006939
44  39  0.00016844
45  39  0.00006594
46  39  0.00031392
47  39  0.00023837
48  39  0.00018856
49  39  0.00016457
50  39  0.00015461
51  39  0.00025645
52  39  0.00008975
53  39  0.00005794
54  39  0.00017161
55  39  0.00006715
56  39  0.00016234
57  39  0.00018800
58  39  0.00020486
59  39  0.00001205
60  39  0.00011128
61  39  0.00006046
62  39  0.00002600
63  39  0.00014004
0  40  0.00020889
1  40  0.00009927
2  40  0.00023398
3  40  0.00011204
4  40  0.00007361
5  40  0.00012094
6  40  0.00016878
7  40  0.00007796
8  40  0.00004576
9  40  0.00029109
10  40  0.00019010
11  40  0.00007644
12  40  0.00014473
13  40  0.00014534
14  40  0.00015169
15  40  0.00017634
16  40  0.00006302
17  40  0.00006631
18  40  0.00037018
19  40  0.00018567
20  40  0.00006559
21  40  0.00017199
22  40  0.00021244
23  40  0.00021064
24  40  0.00027363
25  40  0.00025303
26  40  0.00016997
27  40  0.00013689
28  40  0.00044783
29  40  0.00049330
30  40  0.00038762
31  40  0.00042594
32  40  0.00036844
33  40  0.00051545
34  40  0.00047818
35  40  0.00063310
36  40  0.00049387
37  40  0.00025629
38  40  0.00028030
39  40  0.00010534
40  40  0.00010004
41  40  0.00021143
42  40  0.00019740
43  40  0.00005280
44  40  0.00021038
45  40  0.00026587
46  40  0.00014199
47  40  0.00014835
48  40  0.00015458
49  40  0.00006391
50  40  0.00011315
51  40  0.00016096
52  40  0.00007562
53  40  0.00010776
54  40  0.00005500
55  40  0.00005373
56  40  0.00004025
57  40  0.00015236
58  40  0.00007231
59  40  0.00009777
60  40  0.00007781
61  40  0.00018062
62  40  0.00004621
63  40  0.00005930
0  41  0.00021278
1  41  0.00013499
2  41  0.00028233
3  41  0.00006708
4  41  0.00015354
5  41  0.00013337
6  41  0.00018247
7  41  0.00016426
8  41  0.00006825
9  41  0.00019089
10  41  0.00021031
11  41  0.00005147
12  41  0.00013257
13  41  0.00022218
14  41  0.00016156
15  41  0.00004521
16  41  0.00005915
17  41  0.00029532
18  41  0.00015454
19  41  0.00024873
20  41  0.00003261
21  41  0.00008030
22  41  0.00015893
23  41  0.00017328
24  41  0.00028668
25  41  0.00015044
26  41  0.00010719
27  41  0.00020140
28  41  0.00016223
29  41  0.00016459
30  41  0.00041244
31  41  0.00023344
32  41  0.00044216
33  41  0.00034833
34  41  0.00025300
35  41  0.00059448
36  41  0.00063084
37  41  0.00014985
38  41  0.00049253
39  41  0.00016790
40  41  0.00011260
41  41  0.00007218
42  41  0.00023019
43  41  0.00005927
44  41  0.00007949
45  41  0.00014548
46  41  0.00019722
47  41  0.00029240
48  41  0.00015023
49  41  0.00023877
50  41  0.00006239
51  41  0.00014055
52  41  0.00010157
53  41  0.00019423
54  41  0.00017094
55  41  0.00015081
56  41  0.00005316
57  41  0.00023849
58  41  0.00024407
59  41  0.00009759
60  41  0.00011780
61  41  0.00012246
62  41  0.00014045
63  41  0.00027224
0  42  0.00014709
1  42  0.00005466
2  42  0.00008978
3  42  0.00014285
4  42  0.00011462
5  42  0.00010478
6  42  0.00016768
7  42  0.00011595
8  42  0.00011321
9  42  0.00013721
10  42  0.00007276
11  42  0.00017177
12  42  0.00009983
13  42  0.00008905
14  42  0.00004510
15  42  0.00016063
16  42  0.00008045
17  42  0.00025177
18  42  0.00021194
19  42  0.00014067
20  42  0.00011024
21  42  0.00033336
22  42  0.00010139
23  42  0.00009206
24  42  0.00007735
25  42  0.00005927
26  42  0.00023172
27  42  0.00006940
28  42  0.00024273
29  42  0.00007553
30  42  0.00023650
31  42  0.00033135
32  42  0.00012715
33  42  0.00030509
34  42  0.00005757
35  42  0.00009572
36  42  0.00024009
37  42  0.00046673
38  42  0.00009817
39  42  0.00012974
40  42  0.00018829
41  42  0.00010649
42  42  0.00007062
43  42  0.00022151
44  42  0.00019773
45  42  0.00005130
46  42  0.00006709
47  42  0.00021506
48  42  0.00009619
49  42  0.00027249
50  42  0.00038746
51  42  0.00018516
52  42  0.00019167
53  42  0.00015550
54  42  0.00006178
55  42  0.00010445
56  42  0.00011864
57  42  0.00011212
58  42  0.00013566
59  42  0.00024686
60  42  0.00012248
61  42  0.00013083
62  42  0.00013680
63  42  0.00008619
0  43  0.00014528
1  43  0.00007557
2  43  0.00030924
3  43  0.00011334
4  43  0.00007458
5  43  0.00009530
6  43  0.00005635
7  43  0.00012075
8  43  0.00026704
9  43  0.00014616
10  43  0.00024120
11  43  0.00012867
12  43  0.00006989
13  43  0.00013406
14  43  0.00019841
15  43  0.00004354
16  43  0.00016293
17  43  0.00035411
18  43  0.00011851
19  43  0.00008371
20  43  0.00018308
21  43  0.00006838
22  43  0.00022940
23  43  0.00005236
24  43  0.00008638
25  43  0.00010812
26  43  0.00014234
27  43  0.00012319
28  43  0.00010616
29  43  0.00020086
30  43  0.00031879
31  43  0.00004119
32  43  0.00016536
33  43  0.00029985
34  43  0.00004917
35  43  0.00029869
36  43  0.00028685
37  43  0.00020893
38  43  0.00021561
39  43  0.00016742
40  43  0.00021925
41  43  0.00015055
42  43  0.00008349
43  43  0.00021642
44  43  0.00032379
45  43  0.00008847
46  43  0.00018782
47  43  0.00035637
48  43  0.00022490
49  43  0.00016566
50  43  0.00014454
51  43  0.00004700
52  43  0.00010174
53  43  0.00008756
54  43  0.00019116
55  43  0.00014439
56  43  0.00017852
57  43  0.00011577
58  43  0.00019541
59  43  0.00004557
60  43  0.00029562
61  43  0.00012823
62  43  0.00009639
63  43  0.00008675
0  44  0.00025638
1  44  0.00010309
2  44  0.00013976
3  44  0.00009934
4  44  0.00020452
5  44  0.00007142
6  44  0.00014341
7  44  0.00005485
8  44  0.00011318
9  44  0.00006509
10  44  0.00011513
11  44  0.00011147
12  44  0.00019420
13  44  0.00012507
14  44  0.00006544
15  44  0.00015208
16  44  0.00012770
17  44  0.00008224
18  44  0.00010437
19  44  0.00011233
20  44  0.00011080
21  44  0.00005901
22  44  0.00014849
23  44  0.00011064
24  44  0.00011805
25  44  0.00010135
26  44  0.00026092
27  44  0.00016409
28  44  0.00020855
29  44  0.00026791
30  44  0.00012201
31  44  0.00023179
32  44  0.00024599
33  44  0.00015492
34  44  0.00022246
35  44  0.00026294
36  44  0.00011571
37  44  0.00007020
38  44  0.00018724
39  44  0.00006573
40  44  0.00019102
41  44  0.00006532
42  44  0.00023223
43  44  0.00021754
44  44  0.00010426
45  44  0.00019788
46  44  0.00016874
47  44  0.00008351
48  44  0.00018809
49  44  0.00020454
50  44  0.00011421
51  44  0.00023871
52  44  0.00009740
53  44  0.00027801
54  44  0.00011877
55  44  0.00024625
56  44  0.00009715
57  44  0.00014555
58  44  0.00011143
59  44  0.00006697
60  44  0.00009782
61  44  0.00025681
62  44  0.00016303
63  44  0.00032643
0  45  0.00029332
1  45  0.00023416
2  45  0.00001896
3  45  0.00007704
4  45  0.00003157
5  45  0.00021082
6  45  0.00006456
7  45  0.00022541
8  45  0.00018012
9  45  0.00009018
10  45  0.00017948
11  45  0.00018346
12  45  0.00007112
13  45  0.00007131
14  45  0.00016153
15  45  0.00011898
16  45  0.00007161
17  45  0.00014532
18  45  0.00008935
19  45  0.00011929
20  45  0.00008450
21  45  0.00009788
22  45  0.00011345
23  45  0.00016939
24  45  0.00021999
25  45  0.00009302
26  45  0.00011370
27  45  0.00015992
28  45  0.00008084
29  45  0.00025603
30  45  0.00027432
31  45  0.00012262
32  45  0.00012758
33  45  0.00025498
34  45  0.00013052
35  45  0.00018298
36  45  0.00019336
37  45  0.00035496
38  45  0.00013723
39  45  0.00018135
40  45  0.00003506
41  45  0.00009800
42  45  0.00013592
43  45  0.00007709
44  45  0.00007828
45  45  0.00017674
46  45  0.00006859
47  45  0.00036119
48  45  0.00011167
49  45  0.00016705
50  45  0.00008217
51  45  0.00006175
52  45  0.00022060
53  45  0.00016833
54  45  0.00016712
55  45  0.00007684
56  45  0.00011663
57  45  0.00011308
58  45  0.00015819
59  45  0.00013082
60  45  0.00010105
61  45  0.00021932
62  45  0.00010539
63  45  0.00007795
0  46  0.00020477
1  46  0.00007761
2  46  0.00003203
3  46  0.00012560
4  46  0.00024385
5  46  0.00016748
6  46  0.00012658
7  46  0.00022967
8  46  0.00029586
9  46  0.00017178
10  46  0.00009253
11  46  0.00007090
12  46  0.00017913
13  46  0.00012017
14  46  0.00009087
15  46  0.00019063
16  46  0.00014320
17  46  0.00008457
18  46  0.00010594
19  46  0.00005344
20  46  0.00010111
21  46  0.00005102
22  46  0.00027675
23  46  0.00019560
24  46  0.00013174
25  46  0.00015378
26  46  0.00009408
27  46  0.00019584
28  46  0.00017917
29  46  0.00006281
30  46  0.00015648
31  46  0.00009727
32  46  0.00036855
33  46  0.00025238
34  46  0.00022151
35  46  0.00017224
36  46  0.00003386
37  46  0.00011991
38  46  0.00020556
39  46  0.00008527
40  46  0.00015047
41  46  0.00013603
42  46  0.00006871
43  46  0.00019878
44  46  0.00007075
45  46  0.00016988
46  46  0.00006478
47  46  0.00015267
48  46  0.00008381
49  46  0.00008599
50  46  0.00018886
51  46  0.00005685
52  46  0.00008274
53  46  0.00013801
54  46  0.00011008
55  46  0.00024375
56  46  0.00024336
57  46  0.00019655
58  46  0.00017487
59  46  0.00019953
60  46  0.00009336
61  46  0.00011043
62  46  0.00014521
63  46  0.00015222
0  47  0.00036333
1  47  0.00013662
2  47  0.00007434
3  47  0.00016354
4  47  0.00014344
5  47  0.00009161
6  47  0.00005070
7  47  0.00015981
8  47  0.00018447
9  47  0.00029577
10  47  0.00006465
11  47  0.00018797
12  47  0.00007270
13  47  0.00011699
14  47  0.00009942
15  47  0.00006972
16  47  0.00007247
17  47  0.00009460
18  47  0.00022106
19  47  0.00024453
20  47  0.00012863
21  47  0.00016648
22  47  0.00020501
23  47  0.00011504
24  47  0.00016581
25  47  0.00021323
26  47  0.00013718
27  47  0.00019639
28  47  0.00015092
29  47  0.00019860
30  47  0.00005802
31  47  0.00012375
32  47  0.00009292
33  47  0.00014522
34  47  0.00011171
35  47  0.00004770
36  47  0.00020030
37  47  0.00017789
38  47  0.00012520
39  47  0.00013250
40  47  0.00014453
41  47  0.00017143
42  47  0.00013543
43  47  0.00005767
44  47  0.00004642
45  47  0.00009594
46  47  0.00008621
47  47  0.00019576
48  47  0.00030750
49  47  0.00007410
50  47  0.00016233
51  47  0.00003608
52  47  0.00012713
53  47  0.00020112
54  47  0.00007504
55  47  0.00021780
56  47  0.00008783
57  47  0.00004658
58  47  0.00026114
59  47  0.00011295
60  47  0.00012733
61  47  0.00015421
62  47  0.00009536
63  47  0.00020560
0  48  0.00006858
1  48  0.00013085
2  48  0.00011331
3  48  0.00003439
4  48  0.00016598
5  48  0.00005533
6  48  0.00015603
7  48  0.00004699
8  48  0.00005774
9  48  0.00009815
10  48  0.00007344
11  48  0.00012888
12  48  0.00008315
13  48  0.00022532
14  48  0.00008689
15  48  0.00025117
16  48  0.00017398
17  48  0.00032001
18  48  0.00008804
19  48  0.00018529
20  48  0.00006317
21  48  0.00014455
22  48  0.00004319
23  48  0.00006160
24  48  0.00009931
25  48  0.00006983
26  48  0.00014531
27  48  0.00006049
28  48  0.00013842
29  48  0.00011540
30  48  0.00011047
31  48  0.00010577
32  48  0.00017593
33  48  0.00006204
34  48  0.00013033
35  48  0.00008149
36  48  0.00004953
37  48  0.00013709
38  48  0.00010954
39  48  0.00006823
40  48  0.00005176
41  48  0.00012421
42  48  0.00012053
43  48  0.00020483
44  48  0.00015738
45  48  0.00002551
46  48  0.00014544
47  48  0.00010894
48  48  0.00006542
49  48  0.00018551
50  48  0.00005379
51  48  0.00007097
52  48  0.00004768
53  48  0.00015840
54  48  0.00017281
55  48  0.00005660
56  48  0.00002632
57  48  0.00001521
58  48  0.00013496
59  48  0.00013608
60  48  0.00015956
61  48  0.00015820
62  48  0.00004635
63  48  0.00004144
0  49  0.00012446
1  49  0.00015027
2  49  0.00005575
3  49  0.00012566
4  49  0.00008283
5  49  0.00018223
6  49  0.00015152
7  49  0.00001214
8  49  0.00017105
9  49  0.00018773
10  49  0.00008765
11  49  0.00005375
12  49  0.00013341
13  49  0.00012090
14  49  0.00018632
15  49  0.00005157
16  49  0.00012324
17  49  0.00010606
18  49  0.00012391
19  49  0.00003911
20  49  0.00007646
21  49  0.00010712
22  49  0.00004513
23  49  0.00010002
24  49  0.00017899
25  49  0.00007855
26  49  0.00014497
27  49  0.00007901
28  49  0.00008906
29  49  0.00031988
30  49  0.00023994
31  49  0.00010138
32  49  0.00006604
33  49  0.00008452
34  49  0.00016337
35  49  0.00012576
36  49  0.00005729
37  49  0.00007493
38  49  0.00007258
39  49  0.00024682
40  49  0.00002866
41  49  0.00022782
42  49  0.00017553
43  49  0.00012908
44  49  0.00019856
45  49  0.00006755
46  49  0.00016869
47  49  0.00015367
48  49  0.00021012
49  49  0.00012182
50  49  0.00013179
51  49  0.00021019
52  49  0.00016882
53  49  0.00025311
54  49  0.00008054
55  49  0.00013529
56  49  0.00006878
57  49  0.00014452
58  49  0.00011902
59  49  0.00019004
60  49  0.00013175
61  49  0.00009354
62  49  0.00012338
63  49  0.00019354
0  50  0.00012422
1  50  0.00012763
2  50  0.00017867
3  50  0.00013224
4  50  0.00032391
5  50  0.00027131
6  50  0.00005406
7  50  0.00007400
8  50  0.00012368
9  50  0.00015778
10  50  0.00014380
11  50  0.00016114
12  50  0.00017375
13  50  0.00020375
14  50  0.00021184
15  50  0.00002427
16  50  0.00013662
17  50  0.00011096
18  50  0.00007762
19  50  0.00013430
20  50  0.00013534
21  50  0.00015957
22  50  0.00014094
23  50  0.00013672
24  50  0.00019493
25  50  0.00015527
26  50  0.00021161
27  50  0.00008819
28  50  0.00012371
29  50  0.00008679
30  50  0.00007496
31  50  0.00015382
32  50  0.00020604
33  50  0.00021308
34  50  0.00014218
35  50  0.00026856
36  50  0.00007433
37  50  0.00012835
38  50  0.00028550
39  50  0.00011803
40  50  0.00005034
41  50  0.00010162
42  50  0.00013370
43  50  0.00011127
44  50  0.00021560
45  50  0.00011732
46  50  0.00023419
47  50  0.00015746
48  50  0.00016628
49  50  0.00008227
50  50  0.00008998
51  50  0.00013848
52  50  0.00003363
53  50  0.00009594
54  50  0.00028470
55  50  0.00006378
56  50  0.00011115
57  50  0.00013270
58  50  0.00002338
59  50  0.00024510
60  50  0.00006387
61  50  0.00021904
62  50  0.00016202
63  50  0.00016475
0  51  0.00025201
1  51  0.00021227
2  51  0.00006153
3  51  0.00006832
4  51  0.00031059
5  51  0.00018432
6  51  0.00008863
7  51  0.00017239
8  51  0.00014929
9  51  0.00003368
10  51  0.00010094
11  51  0.00013673
12  51  0.00036117
13  51  0.00007053
14  51  0.00010463
15  51  0.00002770
16  51  0.00012256
17  51  0.00004600
18  51  0.00033478
19  51  0.00009688
20  51  0.00007572
21  51  0.00019369
22  51  0.00006357
23  51  0.00015398
24  51  0.00011147
25  51  0.00004852
26  51  0.00028554
27  51  0.00014587
28  51  0.00013461
29  51  0.00014646
30  51  0.00008066
31  51  0.00015836
32  51  0.00008654
33  51  0.00008142
34  51  0.00008542
35  51  0.00008183
36  51  0.00005837
37  51  0.00009990
38  51  0.00004012
39  51  0.00013884
40  51  0.00011593
41  51  0.00006402
42  51  0.00019266
43  51  0.00012376
44  51  0.00016597
45  51  0.00007465
46  51  0.00017012
47  51  0.00021116
48  51  0.00020695
49  51  0.00004822
50  51  0.00027595
51  51  0.00021660
52  51  0.00007722
53  51  0.00017887
54  51  0.00011466
55  51  0.00010346
56  51  0.00033674
57  51  0.00006575
58  51  0.00019120
59  51  0.00011920
60  51  0.00015989
61  51  0.00014088
62  51  0.00006957
63  51  0.00011787
0  52  0.00020626
1  52  0.00009384
2  52  0.00024148
3  52  0.00003432
4  52  0.00012231
5  52  0.00004426
6  52  0.00009926
7  52  0.00008022
8  52  0.00020767
9  52  0.00020007
10  52  0.00018082
11  52  0.00026084
12  52  0.00008506
13  52  0.00013536
14  52  0.00012139
15  52  0.00002474
16  52  0.00006410
17  52  0.00011002
18  52  0.00017925
19  52  0.00009754
20  52  0.00012003
21  52  0.00009947
22  52  0.00026281
23  52  0.00022250
24  52  0.00011793
25  52  0.00004864
26  52  0.00014696
27  52  0.00009237
28  52  0.00023307
29  52  0.00014205
30  52  0.00011069
31  52  0.00010246
32  52  0.00007872
33  52  0.00006018
34  52  0.00015452
35  52  0.00022612
36  52  0.00012907
37  52  0.00015244
38  52  0.00002957
39  52  0.00036569
40  52  0.00021739
41  52  0.00011969
42  52  0.00006894
43  52  0.00011506
44  52  0.00004824
45  52  0.00011164
46  52  0.00013422
47  52  0.00011535
48  52  0.00007508
49  52  0.00012315
50  52  0.00007412
51  52  0.00006758
52  52  0.00008533
53  52  0.00012761
54  52  0.00007413
55  52  0.00014099
56  52  0.00002679
57  52  0.00005325
58  52  0.00023380
59  52  0.00014279
60  52  0.00022888
61  52  0.00009396
62  52  0.00019146
63  52  0.00011485
0  53  0.00016566
1  53  0.00039901
2  53  0.00003402
3  53  0.00020973
4  53  0.00014997
5  53  0.00025589
6  53  0.00016064
7  53  0.00020106
8  53  0.00009000
9  53  0.00011449
10  53  0.00012697
11  53  0.00034151
12  53  0.00011586
13  53  0.00012597
14  53  0.00011092
15  53  0.00009943
16  53  0.00011563
17  53  0.00011257
18  53  0.00009192
19  53  0.00017765
20  53  0.00011924
21  53  0.00017594
22  53  0.00023310
23  53  0.00013104
24  53  0.00012850
25  53  0.00005212
26  53  0.00015448
27  53  0.00016993
28  53  0.00017941
29  53  0.00016760
30  53  0.00006383
31  53  0.00027448
32  53  0.00017101
33  53  0.00013093
34  53  0.00006835
35  53  0.00009778
36  53  0.00034271
37  53  0.00013039
38  53  0.00026712
39  53  0.00017161
40  53  0.00015182
41  53  0.00008107
42  53  0.00011022
43  53  0.00009907
44  53  0.00008312
45  53  0.00012763
46  53  0.00027371
47  53  0.00010430
48  53  0.00009073
49  53  0.00013224
50  53  0.00014787
51  53  0.00008019
52  53  0.00006914
53  53  0.00022877
54  53  0.00025403
55  53  0.00008481
56  53  0.00011467
57  53  0.00005133
58  53  0.00016425
59  53  0.00018752
60  53  0.00034254
61  53  0.00022677
62  53  0.00009109
63  53  0.00022143
0  54  0.00004408
1  54  0.00011242
2  54  0.00014381
3  54  0.00020122
4  54  0.00008457
5  54  0.00018610
6  54  0.00015375
7  54  0.00010524
8  54  0.00014487
9  54  0.00008367
10  54  0.00022917
11  54  0.00041923
12  54  0.00012734
13  54  0.00009134
14  54  0.00010108
15  54  0.00004402
16  54  0.00022061
17  54  0.00004919
18  54  0.00021373
19  54  0.00004770
20  54  0.00030279
21  54  0.00004463
22  54  0.00006631
23  54  0.00011669
24  54  0.00002057
25  54  0.00031766
26  54  0.00014055
27  54  0.00016190
28  54  0.00006677
29  54  0.00017512
30  54  0.00006540
31  54  0.00012393
32  54  0.00017365
33  54  0.00017219
34  54  0.00015476
35  54  0.00014350
36  54  0.00013156
37  54  0.00005331
38  54  0.00020151
39  54  0.00016408
40  54  0.00010663
41  54  0.00010902
42  54  0.00008991
43  54  0.00024307
44  54  0.00010295
45  54  0.00018224
46  54  0.00005905
47  54  0.00017776
48  54  0.00011793
49  54  0.00025178
50  54  0.00024047
51  54  0.00009599
52  54  0.00015414
53  54  0.00037372
54  54  0.00009289
55  54  0.00013999
56  54  0.00024525
57  54  0.00017253
58  54  0.00013626
59  54  0.00004742
60  54  0.00007666
61  54  0.00020478
62  54  0.00006238
63  54  0.00003088
0  55  0.00006678
1  55  0.00013170
2  55  0.00012685
3  55  0.00012448
4  55  0.00023594
5  55  0.00006324
6  55  0.00011640
7  55  0.00012630
8  55  0.00007854
9  55  0.00020608
10  55  0.00022593
11  55  0.00010180
12  55  0.00017837
13  55  0.00018238
14  55  0.00013680
15  55  0.00018157
16  55  0.00026776
17  55  0.00013292
18  55  0.00010419
19  55  0.00005270
20  55  0.00008677
21  55  0.00042625
22  55  0.00007934
23  55  0.00012462
24  55  0.00008622
25  55  0.00027186
26  55  0.00012414
27  55  0.00016040
28  55  0.00022746
29  55  0.00027144
30  55  0.00004099
31  55  0.00020838
32  55  0.00005192
33  55  0.00009949
34  55  0.00008857
35  55  0.00006550
36  55  0.00013328
37  55  0.00028272
38  55  0.00008417
39  55  0.00011824
40  55  0.00022005
41  55  0.00011322
42  55  0.00015771
43  55  0.00032554
44  55  0.00009341
45  55  0.00015520
46  55  0.00012879
47  55  0.00010815
48  55  0.00016841
49  55  0.00015463
50  55  0.00015840
51  55  0.00009201
52  55  0.00004744
53  55  0.00004747
54  55  0.00008953
55  55  0.00014910
56  55  0.00006781
57  55  0.00026959
58  55  0.00003581
59  55  0.00017333
60  55  0.00012687
61  55  0.00018246
62  55  0.00007439
63  55  0.00018241
0  56  0.00023037
1  56  0.00015915
2  56  0.00009050
3  56  0.00010497
4  56  0.00017551
5  56  0.00011528
6  56  0.00015539
7  56  0.00006903
8  56  0.00016413
9  56  0.00008907
10  56  0.00015064
11  56  0.00016650
12  56  0.00023327
13  56  0.00006116
14  56  0.00004494
15  56  0.00007236
16  56  0.00013215
17  56  0.00010642
18  56  0.00011217
19  56  0.00027934
20  56  0.00008202
21  56  0.00013883
22  56  0.00007424
23  56  0.00021495
24  56  0.00014099
25  56  0.00012815
26  56  0.00003670
27  56  0.00018579
28  56  0.00018721
29  56  0.00016907
30  56  0.00014793
31  56  0.00006582
32  56  0.00008657
33  56  0.00009415
34  56  0.00010123
35  56  0.00007296
36  56  0.00017638
37  56  0.00008976
38  56  0.00009984
39  56  0.00007801
40  56  0.00017152
41  56  0.00003906
42  56  0.00023276
43  56  0.00016757
44  56  0.00017927
45  56  0.00010694
46  56  0.00010964
47  56  0.00005589
48  56  0.00017587
49  56  0.00009034
50  56  0.00023878
51  56  0.00008644
52  56  0.00036569
53  56  0.00020393
54  56  0.00017997
55  56  0.00012565
56  56  0.00008597
57  56  0.00005878
58  56  0.00015283
59  56  0.00010452
60  56  0.00009519
61  56  0.00008780
62  56  0.00017409
63  56  0.00009868
0  57  0.00027444
1  57  0.00024892
2  57  0.00009698
3  57  0.00015146
4  57  0.00013468
5  57  0.00016218
6  57  0.00014539
7  57  0.00019064
8  57  0.00012197
9  57  0.00025851
10  57  0.00008376
11  57  0.00005971
12  57  0.00008581
13  57  0.00019951
14  57  0.00015583
15  57  0.00008112
16  57  0.00008724
17  57  0.00019681
18  57  0.00011246
19  57  0.00009034
20  57  0.00012034
21  57  0.00009152
22  57  0.00012360
23  57  0.00024485
24  57  0.00012349
25  57  0.00015226
26  57  0.00020053
27  57  0.00009222
28  57  0.00015912
29  57  0.00004141
30  57  0.00005401
31  57  0.00010281
32  57  0.00012942
33  57  0.00008310
34  57  0.00015778
35  57  0.00016680
36  57  0.00017465
37  57  0.00021387
38  57  0.00009971
39  57  0.00006570
40  57  0.00007673
41  57  0.00016449
42  57  0.00014766
43  57  0.00008265
44  57  0.00009855
45  57  0.00005039
46  57  0.00011386
47  57  0.00015490
48  57  0.00009815
49  57  0.00007253
50  57  0.00011165
51  57  0.00017592
52  57  0.00017547
53  57  0.00010261
54  57  0.00007611
55  57  0.00020618
56  57  0.00018474
57  57  0.00013191
58  57  0.00014144
59  57  0.00014507
60  57  0.00013371
61  57  0.00010082
62  57  0.00022957
63  57  0.00011992
0  58  0.00005176
1  58  0.00013175
2  58  0.00014753
3  58  0.00003824
4  58  0.00009289
5  58  0.00011384
6  58  0.00013067
7  58  0.00013256
8  58  0.00012561
9  58  0.00009088
10  58  0.00008269
11  58  0.00015439
12  58  0.00008349
13  58  0.00019062
14  58  0.00005700
15  58  0.00020640
16  58  0.00009791
17  58  0.00008751
18  58  0.00015337
19  58  0.00007773
20  58  0.00008436
21  58  0.00020511
22  58  0.00006690
23  58  0.00015221
24  58  0.00006741
25  58  0.00025172
26  58  0.00006017
27  58  0.00009502
28  58  0.00008749
29  58  0.00023051
30  58  0.00006166
31  58  0.00008456
32  58  0.00017424
33  58  0.00006644
34  58  0.00022943
35  58  0.00020681
36  58  0.00010666
37  58  0.00018030
38  58  0.00010311
39  58  0.00007303
40  58  0.00007597
41  58  0.00009541
42  58  0.00011456
43  58  0.00009149
44  58  0.00006062
45  58  0.00018874
46  58  0.00018191
47  58  0.00008345
48  58  0.00017274
49  58  0.00010741
50  58  0.00018715
51  58  0.00013038
52  58  0.00012167
53  58  0.00005774
54  58  0.00009580
55  58  0.00004683
56  58  0.00013714
57  58  0.00004301
58  58  0.00015053
59  58  0.00011847
60  58  0.00005976
61  58  0.00023852
62  58  0.00008571
63  58  0.00009356
0  59  0.00013302
1  59  0.00009969
2  59  0.00024195
3  59  0.00006579
4  59  0.00008049
5  59  0.00012793
6  59  0.00004935
7  59  0.00007747
8  59  0.00011510
9  59  0.00007570
10  59  0.00014101
11  59  0.00031674
12  59  0.00004733
13  59  0.00010086
14  59  0.00012262
15  59  0.00018515
16  59  0.00008100
17  59  0.00012441
18  59  0.00022863
19  59  0.00004702
20  59  0.00008601
21  59  0.00004921
22  59  0.00012151
23  59  0.00018462
24  59  0.00005516
25  59  0.00015614
26  59  0.00026399
27  59  0.00019854
28  59  0.00021617
29  59  0.00009554
30  59  0.00006447
31  59  0.00007108
32  59  0.00007023
33  59  0.00004588
34  59  0.00011366
35  59  0.00017801
36  59  0.00006513
37  59  0.00016603
38  59  0.00021615
39  59  0.00019974
40  59  0.00020163
41  59  0.00005016
42  59  0.00010122
43  59  0.00008393
44  59  0.00032375
45  59  0.00005060
46  59  0.00019403
47  59  0.00009693
48  59  0.00006350
49  59  0.00022244
50  59  0.00012330
51  59  0.00017126
52  59  0.00003945
53  59  0.00013694
54  59  0.00024190
55  59  0.00010501
56  59  0.00026525
57  59  0.00016707
58  59  0.00007212
59  59  0.00005148
60  59  0.00026362
61  59  0.00013386
62  59  0.00012570
63  59  0.00018023
0  60  0.00005334
1  60  0.00005987
2  60  0.00008360
3  60  0.00019276
4  60  0.00022096
5  60  0.00019445
6  60  0.00015842
7  60  0.00004023
8  60  0.00009044
9  60  0.00015261
10  60  0.00008913
11  60  0.00020559
12  60  0.00012945
13  60  0.00002717
14  60  0.00014608
15  60  0.00025729
16  60  0.00009103
17  60  0.00011862
18  60  0.00006577
19  60  0.00010093
20  60  0.00017175
21  60  0.00020527
22  60  0.00009884
23  60  0.00014149
24  60  0.00010132
25  60  0.00030689
26  60  0.00009586
27  60  0.00009700
28  60  0.00016347
29  60  0.00008972
30  60  0.00009129
31  60  0.00001567
32  60  0.00007426
33  60  0.00016935
34  60  0.00018232
35  60  0.00016260
36  60  0.00006621
37  60  0.00010914
38  60  0.00013677
39  60  0.00011580
40  60  0.00009817
41  60  0.00011339
42  60  0.00016334
43  60  0.00026093
44  60  0.00008951
45  60  0.00002559
46  60  0.00017678
47  60  0.00015759
48  60  0.00018374
49  60  0.00006370
50  60  0.00013784
51  60  0.00015314
52  60  0.00012232
53  60  0.00013148
54  60  0.00015340
55  60  0.00005568
56  60  0.00006862
57  60  0.00019227
58  60  0.00017518
59  60  0.00003453
60  60  0.00026219
61  60  0.00012338
62  60  0.00011295
63  60  0.00012579
0  61  0.00014438
1  61  0.00005253
2  61  0.00013751
3  61  0.00009502
4  61  0.00019889
5  61  0.00018983
6  61  0.00019557
7  61  0.00014726
8  61  0.00014000
9  61  0.00008927
10  61  0.00013894
11  61  0.00009469
12  61  0.00014320
13  61  0.00020694
14  61  0.00013435
15  61  0.00009560
16  61  0.00006061
17  61  0.00008781
18  61  0.00023772
19  61  0.00002407
20  61  0.00014834
21  61  0.00014545
22  61  0.00016577
23  61  0.00009050
24  61  0.00023461
25  61  0.00012212
26  61  0.00006331
27  61  0.00008743
28  61  0.00011976
29  61  0.00011251
30  61  0.00019068
31  61  0.00015120
32  61  0.00019981
33  61  0.00022226
34  61  0.00020532
35  61  0.00009623
36  61  0.00008824
37  61  0.00011764
38  61  0.00007865
39  61  0.00015831
40  61  0.00018109
41  61  0.00012695
42  61  0.00018393
43  61  0.00016925
44  61  0.00006488
45  61  0.00022193
46  61  0.00010798
47  61  0.00015981
48  61  0.00013877
49  61  0.00012148
50  61  0.00010604
51  61  0.00006247
52  61  0.00007677
53  61  0.00009272
54  61  0.00012753
55  61  0.00006162
56  61  0.00020786
57  61  0.00005109
58  61  0.00012947
59  61  0.00013368
60  61  0.00010244
61  61  0.00018945
62  61  0.00015360
63  61  0.00007641
0  62  0.00013776
1  62  0.00005861
2  62  0.00002397
3  62  0.00020804
4  62  0.00009384
5  62  0.00010943
6  62  0.00012543
7  62  0.00005359
8  62  0.00005379
9  62  0.00005491
10  62  0.00013511
11  62  0.00023135
12  62  0.00018100
13  62  0.00011482
14  62  0.00019184
15  62  0.00010694
16  62  0.00014477
17  62  0.00014569
18  62  0.00007539
19  62  0.00029164
20  62  0.00008509
21  62  0.00010709
22  62  0.00006049
23  62  0.00017798
24  62  0.00019175
25  62  0.00017444
26  62  0.00016738
27  62  0.00023567
28  62  0.00024852
29  62  0.00007618
30  62  0.00015099
31  62  0.00037553
32  62  0.00011656
33  62  0.00020436
34  62  0.00017874
35  62  0.00009825
36  62  0.00005946
37  62  0.00012762
38  62  0.00007398
39  62  0.00009620
40  62  0.00009445
41  62  0.00010765
42  62  0.00008930
43  62  0.00014907
44  62  0.00020006
45  62  0.00019080
46  62  0.00013889
47  62  0.00004816
48  62  0.00002116
49  62  0.00017358
50  62  0.00027043
51  62  0.00014283
52  62  0.00031067
53  62  0.00004443
54  62  0.00020696
55  62  0.00019309
56  62  0.00008219
57  62  0.00005967
58  62  0.00018665
59  62  0.00015831
60  62  0.00019745
61  62  0.00021769
62  62  0.00030528
63  62  0.00012315
0  63  0.00015420
1  63  0.00007215
2  63  0.00007467
3  63  0.00013445
4  63  0.00008057
5  63  0.00018085
6  63  0.00009202
7  63  0.00004593
8  63  0.00024562
9  63  0.00017086
10  63  0.00005591
11  63  0.00014432
12  63  0.00009446
13  63  0.00015322
14  63  0.00006889
15  63  0.00032342
16  63  0.00009194
17  63  0.00021442
18  63  0.00012567
19  63  0.00012679
20  63  0.00017378
21  63  0.00016185
22  63  0.00010884
23  63  0.00021311
24  63  0.00009027
25  63  0.00011485
26  63  0.00008202
27  63  0.00007973
28  63  0.00018261
29  63  0.00005605
30  63  0.00013947
31  63  0.00008311
32  63  0.00011233
33  63  0.00010141
34  63  0.00007895
35  63  0.00009250
36  63  0.00024220
37  63  0.00023662
38  63  0.00012727
39  63  0.00012877
40  63  0.00017956
41  63  0.00006557
42  63  0.00010670
43  63  0.00013887
44  63  0.00015442
45  63  0.00007181
46  63  0.00008567
47  63  0.00014608
48  63  0.00015488
49  63  0.00023452
50  63  0.00007271
51  63  0.00013626
52  63  0.00014650
53  63  0.00013693
54  63  0.00014835
55  63  0.00025162
56  63  0.00013178
57  63  0.00008046
58  63  0.00010261
59  63  0.00020571
60  63  0.00011216
61  63  0.00014939
62  63  0.00018014
63  63  0.00017124
