# Mass field m(x,y) = Delta * R(x,y) at t = 5
# Grid: 64 x 64
# Columns: x  y  mass
0  0  2.499212
1  0  2.498343
2  0  2.498342
3  0  2.497922
4  0  2.498554
5  0  2.498501
6  0  2.499104
7  0  2.499454
8  0  2.499612
9  0  2.499616
10  0  2.499484
11  0  2.499387
12  0  2.496299
13  0  2.496656
14  0  2.495590
15  0  2.498733
16  0  2.499373
17  0  2.498321
18  0  2.499128
19  0  2.499386
20  0  2.499315
21  0  2.498815
22  0  2.498862
23  0  2.498257
24  0  2.498999
25  0  2.498805
26  0  2.499234
27  0  2.498807
28  0  2.498710
29  0  2.498410
30  0  2.497270
31  0  2.496884
32  0  2.496811
33  0  2.497663
34  0  2.499147
35  0  2.499342
36  0  2.499533
37  0  2.499671
38  0  2.499212
39  0  2.499367
40  0  2.498505
41  0  2.498429
42  0  2.498532
43  0  2.499125
44  0  2.498958
45  0  2.498932
46  0  2.499210
47  0  2.499185
48  0  2.499291
49  0  2.499380
50  0  2.499131
51  0  2.499230
52  0  2.499349
53  0  2.499644
54  0  2.498946
55  0  2.498737
56  0  2.498071
57  0  2.498910
58  0  2.498694
59  0  2.499246
60  0  2.499004
61  0  2.498903
62  0  2.499221
63  0  2.499382
0  1  2.499399
1  1  2.498543
2  1  2.498513
3  1  2.497483
4  1  2.498681
5  1  2.498404
6  1  2.498930
7  1  2.498977
8  1  2.499136
9  1  2.499003
10  1  2.499557
11  1  2.499301
12  1  2.497506
13  1  2.497399
14  1  2.497228
15  1  2.499002
16  1  2.498381
17  1  2.498438
18  1  2.498644
19  1  2.499393
20  1  2.499254
21  1  2.498265
22  1  2.498354
23  1  2.498506
24  1  2.499482
25  1  2.499341
26  1  2.499502
27  1  2.499099
28  1  2.499141
29  1  2.498272
30  1  2.496714
31  1  2.496572
32  1  2.497100
33  1  2.498751
34  1  2.499303
35  1  2.499444
36  1  2.499639
37  1  2.499576
38  1  2.499371
39  1  2.499076
40  1  2.498616
41  1  2.498280
42  1  2.498554
43  1  2.499166
44  1  2.499682
45  1  2.499436
46  1  2.499461
47  1  2.499234
48  1  2.498856
49  1  2.499018
50  1  2.498992
51  1  2.499397
52  1  2.499352
53  1  2.499580
54  1  2.499305
55  1  2.498523
56  1  2.497212
57  1  2.497075
58  1  2.497533
59  1  2.498625
60  1  2.498550
61  1  2.498987
62  1  2.499153
63  1  2.499326
0  2  2.498688
1  2  2.498483
2  2  2.498711
3  2  2.498280
4  2  2.498274
5  2  2.498376
6  2  2.498513
7  2  2.498903
8  2  2.498453
9  2  2.498380
10  2  2.499269
11  2  2.498871
12  2  2.497777
13  2  2.497853
14  2  2.497694
15  2  2.499158
16  2  2.498663
17  2  2.499190
18  2  2.499114
19  2  2.498832
20  2  2.498548
21  2  2.498124
22  2  2.498201
23  2  2.497425
24  2  2.498644
25  2  2.498792
26  2  2.499165
27  2  2.499397
28  2  2.499250
29  2  2.498228
30  2  2.496592
31  2  2.496492
32  2  2.497111
33  2  2.498827
34  2  2.498892
35  2  2.498985
36  2  2.498833
37  2  2.498799
38  2  2.499023
39  2  2.499086
40  2  2.499230
41  2  2.499637
42  2  2.499584
43  2  2.498960
44  2  2.499590
45  2  2.499600
46  2  2.499556
47  2  2.499352
48  2  2.499173
49  2  2.498669
50  2  2.498481
51  2  2.498986
52  2  2.499339
53  2  2.499262
54  2  2.499172
55  2  2.498466
56  2  2.498001
57  2  2.497928
58  2  2.498126
59  2  2.498890
60  2  2.499200
61  2  2.499288
62  2  2.499053
63  2  2.498870
0  3  2.498726
1  3  2.498763
2  3  2.498870
3  3  2.498360
4  3  2.498509
5  3  2.498427
6  3  2.498477
7  3  2.497244
8  3  2.497192
9  3  2.497535
10  3  2.499242
11  3  2.498664
12  3  2.498646
13  3  2.499089
14  3  2.499758
15  3  2.499662
16  3  2.498610
17  3  2.498412
18  3  2.498764
19  3  2.498896
20  3  2.498473
21  3  2.497860
22  3  2.497822
23  3  2.497903
24  3  2.498960
25  3  2.498848
26  3  2.498932
27  3  2.499230
28  3  2.499234
29  3  2.499140
30  3  2.497785
31  3  2.497415
32  3  2.497192
33  3  2.499626
34  3  2.499260
35  3  2.499366
36  3  2.498808
37  3  2.499139
38  3  2.499025
39  3  2.499295
40  3  2.499186
41  3  2.499385
42  3  2.499007
43  3  2.498582
44  3  2.499492
45  3  2.499607
46  3  2.499300
47  3  2.498944
48  3  2.498849
49  3  2.498470
50  3  2.498529
51  3  2.499187
52  3  2.499318
53  3  2.498262
54  3  2.498592
55  3  2.498619
56  3  2.498844
57  3  2.499387
58  3  2.498454
59  3  2.497793
60  3  2.498352
61  3  2.498566
62  3  2.498751
63  3  2.498388
0  4  2.498712
1  4  2.499310
2  4  2.499143
3  4  2.498430
4  4  2.498309
5  4  2.497379
6  4  2.496698
7  4  2.495680
8  4  2.496357
9  4  2.497802
10  4  2.499144
11  4  2.499034
12  4  2.498640
13  4  2.499449
14  4  2.499457
15  4  2.499411
16  4  2.498308
17  4  2.498337
18  4  2.498837
19  4  2.498939
20  4  2.498729
21  4  2.497002
22  4  2.497673
23  4  2.499396
24  4  2.499384
25  4  2.498588
26  4  2.498690
27  4  2.499159
28  4  2.499100
29  4  2.499240
30  4  2.498890
31  4  2.498874
32  4  2.498931
33  4  2.498909
34  4  2.498544
35  4  2.499124
36  4  2.499015
37  4  2.499366
38  4  2.498887
39  4  2.498843
40  4  2.499055
41  4  2.498691
42  4  2.498306
43  4  2.498371
44  4  2.499441
45  4  2.499553
46  4  2.499625
47  4  2.499143
48  4  2.499396
49  4  2.498313
50  4  2.496554
51  4  2.496576
52  4  2.496342
53  4  2.497416
54  4  2.498185
55  4  2.498639
56  4  2.498942
57  4  2.499597
58  4  2.498737
59  4  2.497960
60  4  2.498579
61  4  2.498400
62  4  2.498857
63  4  2.498510
0  5  2.499246
1  5  2.499285
2  5  2.499173
3  5  2.498931
4  5  2.498975
5  5  2.498575
6  5  2.497941
7  5  2.498496
8  5  2.497881
9  5  2.498463
10  5  2.499153
11  5  2.499433
12  5  2.498756
13  5  2.498336
14  5  2.497877
15  5  2.498886
16  5  2.497522
17  5  2.498006
18  5  2.498659
19  5  2.498924
20  5  2.498801
21  5  2.497360
22  5  2.497470
23  5  2.499420
24  5  2.499273
25  5  2.499496
26  5  2.499465
27  5  2.499540
28  5  2.498420
29  5  2.498622
30  5  2.498088
31  5  2.498848
32  5  2.498827
33  5  2.498793
34  5  2.498249
35  5  2.498582
36  5  2.498992
37  5  2.499643
38  5  2.498462
39  5  2.498333
40  5  2.498833
41  5  2.498985
42  5  2.498983
43  5  2.499537
44  5  2.499677
45  5  2.498994
46  5  2.498821
47  5  2.498785
48  5  2.499486
49  5  2.498985
50  5  2.497496
51  5  2.497332
52  5  2.495000
53  5  2.497883
54  5  2.498539
55  5  2.498613
56  5  2.498985
57  5  2.499484
58  5  2.499305
59  5  2.498509
60  5  2.497188
61  5  2.496997
62  5  2.497564
63  5  2.499013
0  6  2.498676
1  6  2.499448
2  6  2.499442
3  6  2.499353
4  6  2.499319
5  6  2.498550
6  6  2.497074
7  6  2.496659
8  6  2.495956
9  6  2.497624
10  6  2.498637
11  6  2.499065
12  6  2.498423
13  6  2.498032
14  6  2.497499
15  6  2.499243
16  6  2.498597
17  6  2.498975
18  6  2.499421
19  6  2.498915
20  6  2.498268
21  6  2.497484
22  6  2.498218
23  6  2.498930
24  6  2.499272
25  6  2.499516
26  6  2.499410
27  6  2.499464
28  6  2.498600
29  6  2.498759
30  6  2.498322
31  6  2.499021
32  6  2.498946
33  6  2.498931
34  6  2.498233
35  6  2.498562
36  6  2.498692
37  6  2.499643
38  6  2.497821
39  6  2.498482
40  6  2.498474
41  6  2.498765
42  6  2.499184
43  6  2.499454
44  6  2.499381
45  6  2.499180
46  6  2.499128
47  6  2.499513
48  6  2.499642
49  6  2.499214
50  6  2.497473
51  6  2.497339
52  6  2.493143
53  6  2.497139
54  6  2.497694
55  6  2.498312
56  6  2.498317
57  6  2.497847
58  6  2.498231
59  6  2.499119
60  6  2.496848
61  6  2.496770
62  6  2.495942
63  6  2.498497
0  7  2.498801
1  7  2.498903
2  7  2.499125
3  7  2.499123
4  7  2.499237
5  7  2.499433
6  7  2.497167
7  7  2.496131
8  7  2.495773
9  7  2.498520
10  7  2.498982
11  7  2.498816
12  7  2.497897
13  7  2.498028
14  7  2.498055
15  7  2.499442
16  7  2.499195
17  7  2.499542
18  7  2.499073
19  7  2.499111
20  7  2.498634
21  7  2.499244
22  7  2.499182
23  7  2.499246
24  7  2.499207
25  7  2.499341
26  7  2.499401
27  7  2.499403
28  7  2.498876
29  7  2.498879
30  7  2.498410
31  7  2.498985
32  7  2.498827
33  7  2.499302
34  7  2.498267
35  7  2.498686
36  7  2.498503
37  7  2.499534
38  7  2.498334
39  7  2.498968
40  7  2.498245
41  7  2.498574
42  7  2.498689
43  7  2.498700
44  7  2.499135
45  7  2.498713
46  7  2.498698
47  7  2.499373
48  7  2.499279
49  7  2.499068
50  7  2.498298
51  7  2.498281
52  7  2.495419
53  7  2.497846
54  7  2.497558
55  7  2.498337
56  7  2.498960
57  7  2.498526
58  7  2.498435
59  7  2.498928
60  7  2.496937
61  7  2.496854
62  7  2.496378
63  7  2.498937
0  8  2.499066
1  8  2.498587
2  8  2.499254
3  8  2.498759
4  8  2.499061
5  8  2.499135
6  8  2.497932
7  8  2.497180
8  8  2.497025
9  8  2.498629
10  8  2.498972
11  8  2.498596
12  8  2.499212
13  8  2.499251
14  8  2.499625
15  8  2.499258
16  8  2.499175
17  8  2.499616
18  8  2.498786
19  8  2.498760
20  8  2.498399
21  8  2.499402
22  8  2.498898
23  8  2.498679
24  8  2.498594
25  8  2.498953
26  8  2.499463
27  8  2.499114
28  8  2.499072
29  8  2.499271
30  8  2.499034
31  8  2.499075
32  8  2.498650
33  8  2.498128
34  8  2.498892
35  8  2.498607
36  8  2.498935
37  8  2.499222
38  8  2.499117
39  8  2.499629
40  8  2.498885
41  8  2.498742
42  8  2.499113
43  8  2.498677
44  8  2.499220
45  8  2.499000
46  8  2.498964
47  8  2.498973
48  8  2.499056
49  8  2.498997
50  8  2.498890
51  8  2.498949
52  8  2.496686
53  8  2.497761
54  8  2.497920
55  8  2.497790
56  8  2.498869
57  8  2.499609
58  8  2.498808
59  8  2.498868
60  8  2.499179
61  8  2.499205
62  8  2.499248
63  8  2.499484
0  9  2.498403
1  9  2.498104
2  9  2.499084
3  9  2.499152
4  9  2.499415
5  9  2.499266
6  9  2.499316
7  9  2.499052
8  9  2.498904
9  9  2.498203
10  9  2.498589
11  9  2.498820
12  9  2.499446
13  9  2.499209
14  9  2.499439
15  9  2.499003
16  9  2.499349
17  9  2.499018
18  9  2.497941
19  9  2.497497
20  9  2.497824
21  9  2.499392
22  9  2.499015
23  9  2.498579
24  9  2.498601
25  9  2.499034
26  9  2.499589
27  9  2.498959
28  9  2.499038
29  9  2.499257
30  9  2.499293
31  9  2.499388
32  9  2.498975
33  9  2.498039
34  9  2.498574
35  9  2.498334
36  9  2.498258
37  9  2.499395
38  9  2.499438
39  9  2.499351
40  9  2.499010
41  9  2.498664
42  9  2.499089
43  9  2.498937
44  9  2.499454
45  9  2.499076
46  9  2.498994
47  9  2.499144
48  9  2.499430
49  9  2.499541
50  9  2.498957
51  9  2.498882
52  9  2.498224
53  9  2.499338
54  9  2.498811
55  9  2.497729
56  9  2.498564
57  9  2.499515
58  9  2.498123
59  9  2.498313
60  9  2.498433
61  9  2.498506
62  9  2.498233
63  9  2.498206
0  10  2.497816
1  10  2.498554
2  10  2.498830
3  10  2.498776
4  10  2.498985
5  10  2.499564
6  10  2.499617
7  10  2.499465
8  10  2.499585
9  10  2.498722
10  10  2.499000
11  10  2.499011
12  10  2.498784
13  10  2.498343
14  10  2.499311
15  10  2.499111
16  10  2.499330
17  10  2.498975
18  10  2.498594
19  10  2.497920
20  10  2.498525
21  10  2.499414
22  10  2.498881
23  10  2.498430
24  10  2.498307
25  10  2.498829
26  10  2.499392
27  10  2.499284
28  10  2.498865
29  10  2.498158
30  10  2.498130
31  10  2.499089
32  10  2.499382
33  10  2.498097
34  10  2.498387
35  10  2.498899
36  10  2.498868
37  10  2.499668
38  10  2.499487
39  10  2.499218
40  10  2.499177
41  10  2.499429
42  10  2.498991
43  10  2.498915
44  10  2.498902
45  10  2.499328
46  10  2.499411
47  10  2.499279
48  10  2.499392
49  10  2.499643
50  10  2.499269
51  10  2.499121
52  10  2.499055
53  10  2.499626
54  10  2.499354
55  10  2.497633
56  10  2.497897
57  10  2.499352
58  10  2.498531
59  10  2.498974
60  10  2.498348
61  10  2.498440
62  10  2.497937
63  10  2.497698
0  11  2.498637
1  11  2.498898
2  11  2.499035
3  11  2.498961
4  11  2.498809
5  11  2.499594
6  11  2.498542
7  11  2.498288
8  11  2.498608
9  11  2.497815
10  11  2.498249
11  11  2.497205
12  11  2.498507
13  11  2.495160
14  11  2.496650
15  11  2.496751
16  11  2.499240
17  11  2.498911
18  11  2.499068
19  11  2.498430
20  11  2.498456
21  11  2.499447
22  11  2.498702
23  11  2.498266
24  11  2.498194
25  11  2.499094
26  11  2.499617
27  11  2.499613
28  11  2.498696
29  11  2.497812
30  11  2.497908
31  11  2.499030
32  11  2.499091
33  11  2.498909
34  11  2.498533
35  11  2.498789
36  11  2.498477
37  11  2.499470
38  11  2.499327
39  11  2.499099
40  11  2.498652
41  11  2.498835
42  11  2.497244
43  11  2.498048
44  11  2.498033
45  11  2.498663
46  11  2.498780
47  11  2.498321
48  11  2.498492
49  11  2.498674
50  11  2.499055
51  11  2.499486
52  11  2.499430
53  11  2.499743
54  11  2.499200
55  11  2.498302
56  11  2.497914
57  11  2.498681
58  11  2.498286
59  11  2.499033
60  11  2.498272
61  11  2.498925
62  11  2.499584
63  11  2.499516
0  12  2.498050
1  12  2.498714
2  12  2.498960
3  12  2.498958
4  12  2.498775
5  12  2.498324
6  12  2.498169
7  12  2.498628
8  12  2.498973
9  12  2.498815
10  12  2.498832
11  12  2.497562
12  12  2.498359
13  12  2.495540
14  12  2.497907
15  12  2.497995
16  12  2.499129
17  12  2.499488
18  12  2.499610
19  12  2.499622
20  12  2.499294
21  12  2.499576
22  12  2.498992
23  12  2.498579
24  12  2.497917
25  12  2.497895
26  12  2.497979
27  12  2.498839
28  12  2.497926
29  12  2.497665
30  12  2.498094
31  12  2.499071
32  12  2.499046
33  12  2.499172
34  12  2.499194
35  12  2.499414
36  12  2.499212
37  12  2.499528
38  12  2.499470
39  12  2.498792
40  12  2.498542
41  12  2.498566
42  12  2.497310
43  12  2.498680
44  12  2.498531
45  12  2.498380
46  12  2.498134
47  12  2.498124
48  12  2.498290
49  12  2.498463
50  12  2.498935
51  12  2.499178
52  12  2.499408
53  12  2.499551
54  12  2.499248
55  12  2.498990
56  12  2.498792
57  12  2.499301
58  12  2.499307
59  12  2.499784
60  12  2.499560
61  12  2.499343
62  12  2.498816
63  12  2.498886
0  13  2.498634
1  13  2.499401
2  13  2.499439
3  13  2.499480
4  13  2.498668
5  13  2.497704
6  13  2.498302
7  13  2.499222
8  13  2.499098
9  13  2.499125
10  13  2.498944
11  13  2.498618
12  13  2.498289
13  13  2.496672
14  13  2.498008
15  13  2.498251
16  13  2.499225
17  13  2.499365
18  13  2.499163
19  13  2.499315
20  13  2.499138
21  13  2.499124
22  13  2.498176
23  13  2.497886
24  13  2.497952
25  13  2.498694
26  13  2.498597
27  13  2.498979
28  13  2.497776
29  13  2.497931
30  13  2.498726
31  13  2.499292
32  13  2.498833
33  13  2.498949
34  13  2.499362
35  13  2.498507
36  13  2.498272
37  13  2.498563
38  13  2.498494
39  13  2.497633
40  13  2.497213
41  13  2.498667
42  13  2.497846
43  13  2.498412
44  13  2.498668
45  13  2.499334
46  13  2.499319
47  13  2.499278
48  13  2.498881
49  13  2.498803
50  13  2.499070
51  13  2.499100
52  13  2.499674
53  13  2.499587
54  13  2.499677
55  13  2.499202
56  13  2.499013
57  13  2.498993
58  13  2.499269
59  13  2.499429
60  13  2.498053
61  13  2.498201
62  13  2.497240
63  13  2.499110
0  14  2.498596
1  14  2.498863
2  14  2.499488
3  14  2.499140
4  14  2.498672
5  14  2.497848
6  14  2.498506
7  14  2.499114
8  14  2.499740
9  14  2.499706
10  14  2.499521
11  14  2.499673
12  14  2.498960
13  14  2.498898
14  14  2.498368
15  14  2.498737
16  14  2.498803
17  14  2.499349
18  14  2.498989
19  14  2.499157
20  14  2.499253
21  14  2.498620
22  14  2.498559
23  14  2.498651
24  14  2.498067
25  14  2.498597
26  14  2.499445
27  14  2.499672
28  14  2.498880
29  14  2.498538
30  14  2.498842
31  14  2.499067
32  14  2.498188
33  14  2.498279
34  14  2.497427
35  14  2.498055
36  14  2.497941
37  14  2.498791
38  14  2.498185
39  14  2.498605
40  14  2.498212
41  14  2.499115
42  14  2.499206
43  14  2.499323
44  14  2.498805
45  14  2.498557
46  14  2.498465
47  14  2.498896
48  14  2.498939
49  14  2.499004
50  14  2.499062
51  14  2.498731
52  14  2.499444
53  14  2.499414
54  14  2.499624
55  14  2.499212
56  14  2.499352
57  14  2.499275
58  14  2.499380
59  14  2.498938
60  14  2.497420
61  14  2.497597
62  14  2.496540
63  14  2.499094
0  15  2.498934
1  15  2.499150
2  15  2.499395
3  15  2.498917
4  15  2.497145
5  15  2.496655
6  15  2.496718
7  15  2.498798
8  15  2.499036
9  15  2.499149
10  15  2.498837
11  15  2.498265
12  15  2.497917
13  15  2.498200
14  15  2.498725
15  15  2.499269
16  15  2.499107
17  15  2.499197
18  15  2.497849
19  15  2.498474
20  15  2.497926
21  15  2.498248
22  15  2.498644
23  15  2.498975
24  15  2.498517
25  15  2.499050
26  15  2.499428
27  15  2.499386
28  15  2.499558
29  15  2.499261
30  15  2.499152
31  15  2.499130
32  15  2.497923
33  15  2.497880
34  15  2.497166
35  15  2.498580
36  15  2.498442
37  15  2.498929
38  15  2.498036
39  15  2.498645
40  15  2.498077
41  15  2.499269
42  15  2.499269
43  15  2.499569
44  15  2.499482
45  15  2.498425
46  15  2.498350
47  15  2.498699
48  15  2.499050
49  15  2.498363
50  15  2.498724
51  15  2.498890
52  15  2.499524
53  15  2.499557
54  15  2.499261
55  15  2.498851
56  15  2.499474
57  15  2.499346
58  15  2.499495
59  15  2.498981
60  15  2.497669
61  15  2.497463
62  15  2.496295
63  15  2.499088
0  16  2.498926
1  16  2.498658
2  16  2.498329
3  16  2.497904
4  16  2.497415
5  16  2.498079
6  16  2.497926
7  16  2.499136
8  16  2.498134
9  16  2.498303
10  16  2.498341
11  16  2.497783
12  16  2.497916
13  16  2.498232
14  16  2.499049
15  16  2.498530
16  16  2.498422
17  16  2.498509
18  16  2.497624
19  16  2.498673
20  16  2.497565
21  16  2.498026
22  16  2.498551
23  16  2.498453
24  16  2.499279
25  16  2.499428
26  16  2.499307
27  16  2.499316
28  16  2.499629
29  16  2.499124
30  16  2.498909
31  16  2.499450
32  16  2.497830
33  16  2.497752
34  16  2.497016
35  16  2.498067
36  16  2.498105
37  16  2.498829
38  16  2.498444
39  16  2.497908
40  16  2.497683
41  16  2.498727
42  16  2.498725
43  16  2.499266
44  16  2.499241
45  16  2.498548
46  16  2.498183
47  16  2.497501
48  16  2.498448
49  16  2.498230
50  16  2.499333
51  16  2.499336
52  16  2.499592
53  16  2.499565
54  16  2.499107
55  16  2.498594
56  16  2.499466
57  16  2.499130
58  16  2.499356
59  16  2.499005
60  16  2.498415
61  16  2.496792
62  16  2.496935
63  16  2.499070
0  17  2.499484
1  17  2.499076
2  17  2.498861
3  17  2.498813
4  17  2.497804
5  17  2.498233
6  17  2.496385
7  17  2.498278
8  17  2.496708
9  17  2.497885
10  17  2.498149
11  17  2.497521
12  17  2.497861
13  17  2.497394
14  17  2.498348
15  17  2.498397
16  17  2.498557
17  17  2.498514
18  17  2.496439
19  17  2.497327
20  17  2.497204
21  17  2.498464
22  17  2.498800
23  17  2.498768
24  17  2.498812
25  17  2.498312
26  17  2.498599
27  17  2.498739
28  17  2.499238
29  17  2.498805
30  17  2.498832
31  17  2.499441
32  17  2.498863
33  17  2.498846
34  17  2.499019
35  17  2.498829
36  17  2.498630
37  17  2.498580
38  17  2.498905
39  17  2.498622
40  17  2.498866
41  17  2.499335
42  17  2.499037
43  17  2.498980
44  17  2.498679
45  17  2.498709
46  17  2.498521
47  17  2.498024
48  17  2.498755
49  17  2.498681
50  17  2.499033
51  17  2.498520
52  17  2.499032
53  17  2.498561
54  17  2.497495
55  17  2.497121
56  17  2.498560
57  17  2.498666
58  17  2.498458
59  17  2.498184
60  17  2.498308
61  17  2.498404
62  17  2.498883
63  17  2.499254
0  18  2.499383
1  18  2.499344
2  18  2.498878
3  18  2.498660
4  18  2.498286
5  18  2.498627
6  18  2.497689
7  18  2.498914
8  18  2.497357
9  18  2.498079
10  18  2.498327
11  18  2.498599
12  18  2.499083
13  18  2.497903
14  18  2.498379
15  18  2.498527
16  18  2.498829
17  18  2.498825
18  18  2.497095
19  18  2.497355
20  18  2.498269
21  18  2.498921
22  18  2.499035
23  18  2.499624
24  18  2.499162
25  18  2.498146
26  18  2.498586
27  18  2.499102
28  18  2.499117
29  18  2.499197
30  18  2.499286
31  18  2.499423
32  18  2.498990
33  18  2.499202
34  18  2.499262
35  18  2.498819
36  18  2.498710
37  18  2.498620
38  18  2.499224
39  18  2.499206
40  18  2.499553
41  18  2.499568
42  18  2.499002
43  18  2.498864
44  18  2.498555
45  18  2.499181
46  18  2.499021
47  18  2.499000
48  18  2.499511
49  18  2.499482
50  18  2.498855
51  18  2.497128
52  18  2.497899
53  18  2.497680
54  18  2.497434
55  18  2.496903
56  18  2.497136
57  18  2.498199
58  18  2.498161
59  18  2.497830
60  18  2.497527
61  18  2.497959
62  18  2.498078
63  18  2.498745
0  19  2.498985
1  19  2.498424
2  19  2.498339
3  19  2.497663
4  19  2.498660
5  19  2.498653
6  19  2.498681
7  19  2.498764
8  19  2.498274
9  19  2.498190
10  19  2.498086
11  19  2.498365
12  19  2.498097
13  19  2.498072
14  19  2.498141
15  19  2.498883
16  19  2.499033
17  19  2.499059
18  19  2.497147
19  19  2.497269
20  19  2.498590
21  19  2.499295
22  19  2.499225
23  19  2.499612
24  19  2.498739
25  19  2.497391
26  19  2.498104
27  19  2.498312
28  19  2.499441
29  19  2.499419
30  19  2.499736
31  19  2.499487
32  19  2.499444
33  19  2.499565
34  19  2.499175
35  19  2.498353
36  19  2.497988
37  19  2.498397
38  19  2.499091
39  19  2.499577
40  19  2.499826
41  19  2.499717
42  19  2.499740
43  19  2.499481
44  19  2.499512
45  19  2.499411
46  19  2.498930
47  19  2.499197
48  19  2.498923
49  19  2.498677
50  19  2.498546
51  19  2.497944
52  19  2.498513
53  19  2.498149
54  19  2.496887
55  19  2.496132
56  19  2.496152
57  19  2.498664
58  19  2.499135
59  19  2.498833
60  19  2.497708
61  19  2.498374
62  19  2.498338
63  19  2.498066
0  20  2.498847
1  20  2.497470
2  20  2.497727
3  20  2.497745
4  20  2.498629
5  20  2.498765
6  20  2.499120
7  20  2.499296
8  20  2.499229
9  20  2.499137
10  20  2.498046
11  20  2.498854
12  20  2.498806
13  20  2.499371
14  20  2.498974
15  20  2.498905
16  20  2.498724
17  20  2.498345
18  20  2.497840
19  20  2.498327
20  20  2.499151
21  20  2.499142
22  20  2.498906
23  20  2.498681
24  20  2.498695
25  20  2.498735
26  20  2.498923
27  20  2.498819
28  20  2.499229
29  20  2.498875
30  20  2.499152
31  20  2.499127
32  20  2.499483
33  20  2.499694
34  20  2.498792
35  20  2.497650
36  20  2.497170
37  20  2.498439
38  20  2.498998
39  20  2.499147
40  20  2.499391
41  20  2.499084
42  20  2.498805
43  20  2.498979
44  20  2.499487
45  20  2.499404
46  20  2.498852
47  20  2.498526
48  20  2.497694
49  20  2.497632
50  20  2.498305
51  20  2.498193
52  20  2.498072
53  20  2.497825
54  20  2.498502
55  20  2.498267
56  20  2.497448
57  20  2.498837
58  20  2.499361
59  20  2.499079
60  20  2.498477
61  20  2.498872
62  20  2.498987
63  20  2.499130
0  21  2.498732
1  21  2.498388
2  21  2.498996
3  21  2.499021
4  21  2.498875
5  21  2.498674
6  21  2.498855
7  21  2.498952
8  21  2.499086
9  21  2.499101
10  21  2.497934
11  21  2.499002
12  21  2.498826
13  21  2.499223
14  21  2.498687
15  21  2.498438
16  21  2.498633
17  21  2.498421
18  21  2.498398
19  21  2.498741
20  21  2.499352
21  21  2.499406
22  21  2.498841
23  21  2.498135
24  21  2.498400
25  21  2.498580
26  21  2.499061
27  21  2.498822
28  21  2.498565
29  21  2.499021
30  21  2.499346
31  21  2.499659
32  21  2.499673
33  21  2.499120
34  21  2.498551
35  21  2.496806
36  21  2.494502
37  21  2.498150
38  21  2.498902
39  21  2.499241
40  21  2.498490
41  21  2.498342
42  21  2.498789
43  21  2.499019
44  21  2.499418
45  21  2.499333
46  21  2.498957
47  21  2.499015
48  21  2.499050
49  21  2.499077
50  21  2.499188
51  21  2.499098
52  21  2.498807
53  21  2.498874
54  21  2.498482
55  21  2.498753
56  21  2.498385
57  21  2.499423
58  21  2.499243
59  21  2.499067
60  21  2.499298
61  21  2.499227
62  21  2.498924
63  21  2.499207
0  22  2.498637
1  22  2.498329
2  22  2.499063
3  22  2.498979
4  22  2.498476
5  22  2.498404
6  22  2.498268
7  22  2.497745
8  22  2.497474
9  22  2.496118
10  22  2.497268
11  22  2.498142
12  22  2.499160
13  22  2.499158
14  22  2.498874
15  22  2.499094
16  22  2.498924
17  22  2.498995
18  22  2.498856
19  22  2.498016
20  22  2.497521
21  22  2.497682
22  22  2.497591
23  22  2.498564
24  22  2.498601
25  22  2.499408
26  22  2.499472
27  22  2.499212
28  22  2.498091
29  22  2.498664
30  22  2.498947
31  22  2.498527
32  22  2.498688
33  22  2.497309
34  22  2.497014
35  22  2.496136
36  22  2.492480
37  22  2.496982
38  22  2.499080
39  22  2.498952
40  22  2.497994
41  22  2.498085
42  22  2.498743
43  22  2.498831
44  22  2.499266
45  22  2.499021
46  22  2.498490
47  22  2.498899
48  22  2.499261
49  22  2.499275
50  22  2.499408
51  22  2.498994
52  22  2.498569
53  22  2.498706
54  22  2.498924
55  22  2.499209
56  22  2.499309
57  22  2.499476
58  22  2.499385
59  22  2.499046
60  22  2.499449
61  22  2.499494
62  22  2.499386
63  22  2.499582
0  23  2.498567
1  23  2.496911
2  23  2.497071
3  23  2.497616
4  23  2.498749
5  23  2.498918
6  23  2.499132
7  23  2.498237
8  23  2.498260
9  23  2.497247
10  23  2.498223
11  23  2.497839
12  23  2.498986
13  23  2.498820
14  23  2.499125
15  23  2.498980
16  23  2.499426
17  23  2.499310
18  23  2.499644
19  23  2.498095
20  23  2.497304
21  23  2.496984
22  23  2.496845
23  23  2.497861
24  23  2.497807
25  23  2.499420
26  23  2.499358
27  23  2.499408
28  23  2.498105
29  23  2.498447
30  23  2.498887
31  23  2.498345
32  23  2.498931
33  23  2.497813
34  23  2.497617
35  23  2.496439
36  23  2.492235
37  23  2.497241
38  23  2.499247
39  23  2.497769
40  23  2.496760
41  23  2.497716
42  23  2.497370
43  23  2.497955
44  23  2.498684
45  23  2.499151
46  23  2.498209
47  23  2.498651
48  23  2.498576
49  23  2.499481
50  23  2.499458
51  23  2.499684
52  23  2.499681
53  23  2.499377
54  23  2.499473
55  23  2.499441
56  23  2.499397
57  23  2.499215
58  23  2.499326
59  23  2.498447
60  23  2.499086
61  23  2.499739
62  23  2.499731
63  23  2.499410
0  24  2.499125
1  24  2.497490
2  24  2.497145
3  24  2.497100
4  24  2.498589
5  24  2.497683
6  24  2.498202
7  24  2.499000
8  24  2.499095
9  24  2.498237
10  24  2.498329
11  24  2.497665
12  24  2.499246
13  24  2.498271
14  24  2.498289
15  24  2.498699
16  24  2.499290
17  24  2.499387
18  24  2.498981
19  24  2.497129
20  24  2.496446
21  24  2.496369
22  24  2.498555
23  24  2.498217
24  24  2.498347
25  24  2.499127
26  24  2.499250
27  24  2.499381
28  24  2.498574
29  24  2.497774
30  24  2.498718
31  24  2.497817
32  24  2.498540
33  24  2.497588
34  24  2.497424
35  24  2.497657
36  24  2.495679
37  24  2.497657
38  24  2.498749
39  24  2.498048
40  24  2.497198
41  24  2.499376
42  24  2.495028
43  24  2.496252
44  24  2.498196
45  24  2.499572
46  24  2.499257
47  24  2.499152
48  24  2.498663
49  24  2.499503
50  24  2.499256
51  24  2.499139
52  24  2.499342
53  24  2.499001
54  24  2.499433
55  24  2.499449
56  24  2.498956
57  24  2.498696
58  24  2.498698
59  24  2.498379
60  24  2.498773
61  24  2.499259
62  24  2.499931
63  24  2.499523
0  25  2.499403
1  25  2.498604
2  25  2.497608
3  25  2.497092
4  25  2.499389
5  25  2.498572
6  25  2.498988
7  25  2.499299
8  25  2.499374
9  25  2.499487
10  25  2.499205
11  25  2.498682
12  25  2.498597
13  25  2.498569
14  25  2.498515
15  25  2.498243
16  25  2.498591
17  25  2.498597
18  25  2.498181
19  25  2.498521
20  25  2.498489
21  25  2.498617
22  25  2.498988
23  25  2.498683
24  25  2.498954
25  25  2.499141
26  25  2.499097
27  25  2.499046
28  25  2.498387
29  25  2.498000
30  25  2.498783
31  25  2.498438
32  25  2.499029
33  25  2.497947
34  25  2.497940
35  25  2.498730
36  25  2.497719
37  25  2.498239
38  25  2.497905
39  25  2.497607
40  25  2.497290
41  25  2.499402
42  25  2.494971
43  25  2.496857
44  25  2.497970
45  25  2.498090
46  25  2.497898
47  25  2.498142
48  25  2.498019
49  25  2.498809
50  25  2.499267
51  25  2.498753
52  25  2.498998
53  25  2.498530
54  25  2.499217
55  25  2.499445
56  25  2.498821
57  25  2.498483
58  25  2.497952
59  25  2.498315
60  25  2.498827
61  25  2.499354
62  25  2.499904
63  25  2.499527
0  26  2.498589
1  26  2.499142
2  26  2.498082
3  26  2.497497
4  26  2.499506
5  26  2.498225
6  26  2.498713
7  26  2.499304
8  26  2.499298
9  26  2.499243
10  26  2.499199
11  26  2.498802
12  26  2.498808
13  26  2.498657
14  26  2.497958
15  26  2.498033
16  26  2.498887
17  26  2.498720
18  26  2.498109
19  26  2.498675
20  26  2.499459
21  26  2.499273
22  26  2.499238
23  26  2.499077
24  26  2.499382
25  26  2.497692
26  26  2.498379
27  26  2.498723
28  26  2.499147
29  26  2.497565
30  26  2.498233
31  26  2.498508
32  26  2.499051
33  26  2.498382
34  26  2.498246
35  26  2.498239
36  26  2.498092
37  26  2.498833
38  26  2.498017
39  26  2.498771
40  26  2.498350
41  26  2.499496
42  26  2.496899
43  26  2.497759
44  26  2.498039
45  26  2.498215
46  26  2.497647
47  26  2.497897
48  26  2.496511
49  26  2.497284
50  26  2.499705
51  26  2.498605
52  26  2.498402
53  26  2.498253
54  26  2.499186
55  26  2.499618
56  26  2.498397
57  26  2.498191
58  26  2.497806
59  26  2.498771
60  26  2.498805
61  26  2.498960
62  26  2.498838
63  26  2.498891
0  27  2.498339
1  27  2.499006
2  27  2.498188
3  27  2.497670
4  27  2.499019
5  27  2.499002
6  27  2.499486
7  27  2.499328
8  27  2.499387
9  27  2.499537
10  27  2.498363
11  27  2.497699
12  27  2.497936
13  27  2.499621
14  27  2.499240
15  27  2.499129
16  27  2.498922
17  27  2.498789
18  27  2.498149
19  27  2.498294
20  27  2.499195
21  27  2.498812
22  27  2.498802
23  27  2.498915
24  27  2.498913
25  27  2.497537
26  27  2.496419
27  27  2.496243
28  27  2.497684
29  27  2.498624
30  27  2.498807
31  27  2.499105
32  27  2.499342
33  27  2.498851
34  27  2.498094
35  27  2.498428
36  27  2.496056
37  27  2.496678
38  27  2.497056
39  27  2.499591
40  27  2.498732
41  27  2.498821
42  27  2.498831
43  27  2.499343
44  27  2.498579
45  27  2.497302
46  27  2.495914
47  27  2.496536
48  27  2.496465
49  27  2.497499
50  27  2.499462
51  27  2.499162
52  27  2.498658
53  27  2.498570
54  27  2.499089
55  27  2.499794
56  27  2.499527
57  27  2.499360
58  27  2.499409
59  27  2.499035
60  27  2.498980
61  27  2.498924
62  27  2.498363
63  27  2.498312
0  28  2.496983
1  28  2.497832
2  28  2.497734
3  28  2.498036
4  28  2.498389
5  28  2.498037
6  28  2.498642
7  28  2.498727
8  28  2.499007
9  28  2.499056
10  28  2.498791
11  28  2.498603
12  28  2.498380
13  28  2.498555
14  28  2.498411
15  28  2.498877
16  28  2.498892
17  28  2.499464
18  28  2.499270
19  28  2.498743
20  28  2.499059
21  28  2.498741
22  28  2.498889
23  28  2.499028
24  28  2.498898
25  28  2.497732
26  28  2.496558
27  28  2.495685
28  28  2.497393
29  28  2.497728
30  28  2.498619
31  28  2.499051
32  28  2.499556
33  28  2.498636
34  28  2.497707
35  28  2.498069
36  28  2.496708
37  28  2.497221
38  28  2.497759
39  28  2.499532
40  28  2.497953
41  28  2.498220
42  28  2.499110
43  28  2.499300
44  28  2.499037
45  28  2.498549
46  28  2.497342
47  28  2.496512
48  28  2.496864
49  28  2.498201
50  28  2.499196
51  28  2.499250
52  28  2.498767
53  28  2.498918
54  28  2.499028
55  28  2.499786
56  28  2.499612
57  28  2.499530
58  28  2.499578
59  28  2.498298
60  28  2.498315
61  28  2.498308
62  28  2.497885
63  28  2.497007
0  29  2.497467
1  29  2.497381
2  29  2.497512
3  29  2.497439
4  29  2.497788
5  29  2.498579
6  29  2.499226
7  29  2.498972
8  29  2.499178
9  29  2.499138
10  29  2.498141
11  29  2.498079
12  29  2.497629
13  29  2.498653
14  29  2.498414
15  29  2.498594
16  29  2.498612
17  29  2.499293
18  29  2.499388
19  29  2.499276
20  29  2.499602
21  29  2.499261
22  29  2.498733
23  29  2.498864
24  29  2.498698
25  29  2.498778
26  29  2.498395
27  29  2.498504
28  29  2.498511
29  29  2.498176
30  29  2.498902
31  29  2.498351
32  29  2.498104
33  29  2.495877
34  29  2.493847
35  29  2.497274
36  29  2.499055
37  29  2.499211
38  29  2.499249
39  29  2.499634
40  29  2.497603
41  29  2.497620
42  29  2.498698
43  29  2.497810
44  29  2.497518
45  29  2.498065
46  29  2.499674
47  29  2.499276
48  29  2.499273
49  29  2.499670
50  29  2.499193
51  29  2.499021
52  29  2.498488
53  29  2.498722
54  29  2.499278
55  29  2.499393
56  29  2.498965
57  29  2.499279
58  29  2.499257
59  29  2.498268
60  29  2.498228
61  29  2.497988
62  29  2.498563
63  29  2.497815
0  30  2.497495
1  30  2.497234
2  30  2.497368
3  30  2.496847
4  30  2.497314
5  30  2.498789
6  30  2.499493
7  30  2.498773
8  30  2.498674
9  30  2.498552
10  30  2.498830
11  30  2.499244
12  30  2.499150
13  30  2.499700
14  30  2.498362
15  30  2.498406
16  30  2.497688
17  30  2.498536
18  30  2.498799
19  30  2.499364
20  30  2.499525
21  30  2.499255
22  30  2.498946
23  30  2.498240
24  30  2.498502
25  30  2.498039
26  30  2.498954
27  30  2.498523
28  30  2.499093
29  30  2.499180
30  30  2.499562
31  30  2.499096
32  30  2.498376
33  30  2.497171
34  30  2.494530
35  30  2.496588
36  30  2.497922
37  30  2.497933
38  30  2.498009
39  30  2.498501
40  30  2.498253
41  30  2.498008
42  30  2.498397
43  30  2.498192
44  30  2.498262
45  30  2.499012
46  30  2.499451
47  30  2.498579
48  30  2.498636
49  30  2.498487
50  30  2.498904
51  30  2.499516
52  30  2.498275
53  30  2.498364
54  30  2.498978
55  30  2.499105
56  30  2.498215
57  30  2.498433
58  30  2.498509
59  30  2.498527
60  30  2.498674
61  30  2.498490
62  30  2.499115
63  30  2.498297
0  31  2.498669
1  31  2.498533
2  31  2.498384
3  31  2.497917
4  31  2.498127
5  31  2.499008
6  31  2.498895
7  31  2.498148
8  31  2.498723
9  31  2.498446
10  31  2.498703
11  31  2.498726
12  31  2.499237
13  31  2.499756
14  31  2.498322
15  31  2.498388
16  31  2.497470
17  31  2.498615
18  31  2.498644
19  31  2.499567
20  31  2.499788
21  31  2.499431
22  31  2.498882
23  31  2.497814
24  31  2.498692
25  31  2.498340
26  31  2.499070
27  31  2.498502
28  31  2.498958
29  31  2.498963
30  31  2.499557
31  31  2.498338
32  31  2.497638
33  31  2.497541
34  31  2.496240
35  31  2.496345
36  31  2.495790
37  31  2.496661
38  31  2.497278
39  31  2.497780
40  31  2.499249
41  31  2.499125
42  31  2.499109
43  31  2.498284
44  31  2.498237
45  31  2.498379
46  31  2.498962
47  31  2.498104
48  31  2.497735
49  31  2.497851
50  31  2.498656
51  31  2.499039
52  31  2.498182
53  31  2.498564
54  31  2.498653
55  31  2.498908
56  31  2.498192
57  31  2.498274
58  31  2.498146
59  31  2.498929
60  31  2.498582
61  31  2.498391
62  31  2.499282
63  31  2.498903
0  32  2.498504
1  32  2.498491
2  32  2.498905
3  32  2.499048
4  32  2.498769
5  32  2.498781
6  32  2.498355
7  32  2.497890
8  32  2.498829
9  32  2.499364
10  32  2.499033
11  32  2.498994
12  32  2.499410
13  32  2.499485
14  32  2.498327
15  32  2.498564
16  32  2.497596
17  32  2.498445
18  32  2.497995
19  32  2.499184
20  32  2.499306
21  32  2.499017
22  32  2.498321
23  32  2.497616
24  32  2.498110
25  32  2.498086
26  32  2.499646
27  32  2.499015
28  32  2.499199
29  32  2.498576
30  32  2.499202
31  32  2.498981
32  32  2.499317
33  32  2.499137
34  32  2.499412
35  32  2.498683
36  32  2.498264
37  32  2.499058
38  32  2.497432
39  32  2.497729
40  32  2.498696
41  32  2.498545
42  32  2.498705
43  32  2.498760
44  32  2.499442
45  32  2.498850
46  32  2.498711
47  32  2.498054
48  32  2.498137
49  32  2.498304
50  32  2.497812
51  32  2.498290
52  32  2.498532
53  32  2.498998
54  32  2.498763
55  32  2.499183
56  32  2.498453
57  32  2.498282
58  32  2.498162
59  32  2.499032
60  32  2.498977
61  32  2.499284
62  32  2.499295
63  32  2.499115
0  33  2.498797
1  33  2.498514
2  33  2.498520
3  33  2.498927
4  33  2.498789
5  33  2.498821
6  33  2.497982
7  33  2.497651
8  33  2.497972
9  33  2.499420
10  33  2.499247
11  33  2.499395
12  33  2.499659
13  33  2.499349
14  33  2.499457
15  33  2.499220
16  33  2.498719
17  33  2.499560
18  33  2.498495
19  33  2.498941
20  33  2.498865
21  33  2.498981
22  33  2.498470
23  33  2.498681
24  33  2.498903
25  33  2.499222
26  33  2.499108
27  33  2.497605
28  33  2.497643
29  33  2.497785
30  33  2.498635
31  33  2.498124
32  33  2.497687
33  33  2.498635
34  33  2.499474
35  33  2.499050
36  33  2.498529
37  33  2.498384
38  33  2.497639
39  33  2.497927
40  33  2.498153
41  33  2.498813
42  33  2.498898
43  33  2.499259
44  33  2.499622
45  33  2.499557
46  33  2.498554
47  33  2.498734
48  33  2.498488
49  33  2.498820
50  33  2.497600
51  33  2.498218
52  33  2.498827
53  33  2.499101
54  33  2.499244
55  33  2.499053
56  33  2.498424
57  33  2.498647
58  33  2.498796
59  33  2.499054
60  33  2.498962
61  33  2.499335
62  33  2.499226
63  33  2.499487
0  34  2.498648
1  34  2.498415
2  34  2.498098
3  34  2.498571
4  34  2.498644
5  34  2.498801
6  34  2.498603
7  34  2.498538
8  34  2.498119
9  34  2.498525
10  34  2.498912
11  34  2.499090
12  34  2.499177
13  34  2.498751
14  34  2.499370
15  34  2.498828
16  34  2.498893
17  34  2.499593
18  34  2.498434
19  34  2.498559
20  34  2.498204
21  34  2.499083
22  34  2.498939
23  34  2.499381
24  34  2.499003
25  34  2.499359
26  34  2.498711
27  34  2.497387
28  34  2.497588
29  34  2.498149
30  34  2.498196
31  34  2.497430
32  34  2.497758
33  34  2.499122
34  34  2.498923
35  34  2.498932
36  34  2.498810
37  34  2.498593
38  34  2.498368
39  34  2.497999
40  34  2.498040
41  34  2.499474
42  34  2.499156
43  34  2.499475
44  34  2.499408
45  34  2.499326
46  34  2.498472
47  34  2.498078
48  34  2.497848
49  34  2.498988
50  34  2.498693
51  34  2.498051
52  34  2.497543
53  34  2.496840
54  34  2.496572
55  34  2.498176
56  34  2.497791
57  34  2.498545
58  34  2.499186
59  34  2.499273
60  34  2.498921
61  34  2.499216
62  34  2.499378
63  34  2.499779
0  35  2.499312
1  35  2.499183
2  35  2.498356
3  35  2.498445
4  35  2.498806
5  35  2.498946
6  35  2.498998
7  35  2.498890
8  35  2.498739
9  35  2.498962
10  35  2.499217
11  35  2.498639
12  35  2.498741
13  35  2.498738
14  35  2.499502
15  35  2.498650
16  35  2.499047
17  35  2.499536
18  35  2.498652
19  35  2.498738
20  35  2.498474
21  35  2.499213
22  35  2.499029
23  35  2.499261
24  35  2.499447
25  35  2.499571
26  35  2.497948
27  35  2.496737
28  35  2.497059
29  35  2.498670
30  35  2.498389
31  35  2.497542
32  35  2.497524
33  35  2.498527
34  35  2.498329
35  35  2.499035
36  35  2.499388
37  35  2.499214
38  35  2.499406
39  35  2.498867
40  35  2.499192
41  35  2.499394
42  35  2.498593
43  35  2.498855
44  35  2.498495
45  35  2.499174
46  35  2.497937
47  35  2.497336
48  35  2.497139
49  35  2.499174
50  35  2.497935
51  35  2.497443
52  35  2.497568
53  35  2.497495
54  35  2.496826
55  35  2.497981
56  35  2.498305
57  35  2.498941
58  35  2.499258
59  35  2.499166
60  35  2.499046
61  35  2.499215
62  35  2.499068
63  35  2.499414
0  36  2.499513
1  36  2.499438
2  36  2.498616
3  36  2.498996
4  36  2.498785
5  36  2.499009
6  36  2.498435
7  36  2.498045
8  36  2.498427
9  36  2.498907
10  36  2.499823
11  36  2.498537
12  36  2.498399
13  36  2.498109
14  36  2.499193
15  36  2.498449
16  36  2.498641
17  36  2.498966
18  36  2.499024
19  36  2.498787
20  36  2.498630
21  36  2.498818
22  36  2.498502
23  36  2.498910
24  36  2.499253
25  36  2.499624
26  36  2.498711
27  36  2.498310
28  36  2.498562
29  36  2.499295
30  36  2.499137
31  36  2.498674
32  36  2.498869
33  36  2.498665
34  36  2.498917
35  36  2.499176
36  36  2.499404
37  36  2.499230
38  36  2.499434
39  36  2.499235
40  36  2.499222
41  36  2.499345
42  36  2.499063
43  36  2.499238
44  36  2.498786
45  36  2.499461
46  36  2.498110
47  36  2.497686
48  36  2.497067
49  36  2.498851
50  36  2.497668
51  36  2.497054
52  36  2.498662
53  36  2.498967
54  36  2.497736
55  36  2.497977
56  36  2.498073
57  36  2.498576
58  36  2.498492
59  36  2.498896
60  36  2.499035
61  36  2.499817
62  36  2.498732
63  36  2.498999
0  37  2.499434
1  37  2.499439
2  37  2.499056
3  37  2.499248
4  37  2.499034
5  37  2.499495
6  37  2.499489
7  37  2.498861
8  37  2.498624
9  37  2.498064
10  37  2.499733
11  37  2.499087
12  37  2.499143
13  37  2.498254
14  37  2.498562
15  37  2.499273
16  37  2.499104
17  37  2.498969
18  37  2.499410
19  37  2.499230
20  37  2.499099
21  37  2.498902
22  37  2.498682
23  37  2.499184
24  37  2.498824
25  37  2.499362
26  37  2.499248
27  37  2.499024
28  37  2.499219
29  37  2.499287
30  37  2.499643
31  37  2.499038
32  37  2.498391
33  37  2.497534
34  37  2.498094
35  37  2.498494
36  37  2.499518
37  37  2.499760
38  37  2.498952
39  37  2.498763
40  37  2.498462
41  37  2.498420
42  37  2.497880
43  37  2.498370
44  37  2.498978
45  37  2.499462
46  37  2.498384
47  37  2.498359
48  37  2.498335
49  37  2.498961
50  37  2.497391
51  37  2.497057
52  37  2.498709
53  37  2.499324
54  37  2.498726
55  37  2.498787
56  37  2.498956
57  37  2.499357
58  37  2.498527
59  37  2.498627
60  37  2.498585
61  37  2.499363
62  37  2.498686
63  37  2.498641
0  38  2.498433
1  38  2.498369
2  38  2.498283
3  38  2.499012
4  38  2.499499
5  38  2.499632
6  38  2.499071
7  38  2.498451
8  38  2.498279
9  38  2.498409
10  38  2.499674
11  38  2.499449
12  38  2.499483
13  38  2.498921
14  38  2.498407
15  38  2.499098
16  38  2.498785
17  38  2.498884
18  38  2.499584
19  38  2.499358
20  38  2.499104
21  38  2.498744
22  38  2.498714
23  38  2.498544
24  38  2.498817
25  38  2.498837
26  38  2.498902
27  38  2.498495
28  38  2.498062
29  38  2.498018
30  38  2.498214
31  38  2.499190
32  38  2.499099
33  38  2.498709
34  38  2.497979
35  38  2.497350
36  38  2.498394
37  38  2.498833
38  38  2.498577
39  38  2.498869
40  38  2.498502
41  38  2.498536
42  38  2.498605
43  38  2.499042
44  38  2.499398
45  38  2.498831
46  38  2.498711
47  38  2.499061
48  38  2.499098
49  38  2.498848
50  38  2.498492
51  38  2.497173
52  38  2.498529
53  38  2.499164
54  38  2.497691
55  38  2.497348
56  38  2.497241
57  38  2.498687
58  38  2.498307
59  38  2.498633
60  38  2.497729
61  38  2.498536
62  38  2.498872
63  38  2.498600
0  39  2.498413
1  39  2.498425
2  39  2.498205
3  39  2.498749
4  39  2.499036
5  39  2.499497
6  39  2.498967
7  39  2.498619
8  39  2.498617
9  39  2.499054
10  39  2.499737
11  39  2.499694
12  39  2.498537
13  39  2.498280
14  39  2.498116
15  39  2.499015
16  39  2.498629
17  39  2.498742
18  39  2.499552
19  39  2.499551
20  39  2.499131
21  39  2.498893
22  39  2.498577
23  39  2.498938
24  39  2.498934
25  39  2.498551
26  39  2.498815
27  39  2.498073
28  39  2.497442
29  39  2.497135
30  39  2.498033
31  39  2.498867
32  39  2.499327
33  39  2.499360
34  39  2.498245
35  39  2.497135
36  39  2.498525
37  39  2.498622
38  39  2.498425
39  39  2.498960
40  39  2.499181
41  39  2.499377
42  39  2.499176
43  39  2.497715
44  39  2.498193
45  39  2.497642
46  39  2.498304
47  39  2.497278
48  39  2.497983
49  39  2.498119
50  39  2.499476
51  39  2.498579
52  39  2.498873
53  39  2.499197
54  39  2.497769
55  39  2.497435
56  39  2.497838
57  39  2.498746
58  39  2.498755
59  39  2.499072
60  39  2.498058
61  39  2.498203
62  39  2.499120
63  39  2.498775
0  40  2.498828
1  40  2.498789
2  40  2.498822
3  40  2.498764
4  40  2.498895
5  40  2.499710
6  40  2.499013
7  40  2.499108
8  40  2.499076
9  40  2.499380
10  40  2.499429
11  40  2.499751
12  40  2.499005
13  40  2.498888
14  40  2.498450
15  40  2.498894
16  40  2.498371
17  40  2.498397
18  40  2.497924
19  40  2.497468
20  40  2.497285
21  40  2.498203
22  40  2.498364
23  40  2.498203
24  40  2.498681
25  40  2.498131
26  40  2.498392
27  40  2.497825
28  40  2.497460
29  40  2.497324
30  40  2.498305
31  40  2.498793
32  40  2.499254
33  40  2.499082
34  40  2.497781
35  40  2.498080
36  40  2.498656
37  40  2.497941
38  40  2.497947
39  40  2.498082
40  40  2.498593
41  40  2.499488
42  40  2.499600
43  40  2.498307
44  40  2.498059
45  40  2.497121
46  40  2.497933
47  40  2.496930
48  40  2.497665
49  40  2.497508
50  40  2.499228
51  40  2.498628
52  40  2.498692
53  40  2.499074
54  40  2.497507
55  40  2.497640
56  40  2.498263
57  40  2.498523
58  40  2.499151
59  40  2.499142
60  40  2.498627
61  40  2.498230
62  40  2.498417
63  40  2.498802
0  41  2.499330
1  41  2.499132
2  41  2.499236
3  41  2.498539
4  41  2.497790
5  41  2.498162
6  41  2.499195
7  41  2.499135
8  41  2.499133
9  41  2.499200
10  41  2.499016
11  41  2.499116
12  41  2.498372
13  41  2.498842
14  41  2.498701
15  41  2.499073
16  41  2.498500
17  41  2.498512
18  41  2.498228
19  41  2.497835
20  41  2.497279
21  41  2.498189
22  41  2.498410
23  41  2.499157
24  41  2.498783
25  41  2.498376
26  41  2.498693
27  41  2.498630
28  41  2.498392
29  41  2.497771
30  41  2.498689
31  41  2.498595
32  41  2.499294
33  41  2.498864
34  41  2.498131
35  41  2.498639
36  41  2.498525
37  41  2.497741
38  41  2.497619
39  41  2.496978
40  41  2.497848
41  41  2.499581
42  41  2.499599
43  41  2.498533
44  41  2.498524
45  41  2.498024
46  41  2.499109
47  41  2.498383
48  41  2.497858
49  41  2.497348
50  41  2.498882
51  41  2.498938
52  41  2.498734
53  41  2.496950
54  41  2.497629
55  41  2.497844
56  41  2.499693
57  41  2.499190
58  41  2.499408
59  41  2.499287
60  41  2.497687
61  41  2.497575
62  41  2.497155
63  41  2.499057
0  42  2.499200
1  42  2.498877
2  42  2.499176
3  42  2.498156
4  42  2.498377
5  42  2.498452
6  42  2.499416
7  42  2.499511
8  42  2.499044
9  42  2.498907
10  42  2.498783
11  42  2.498653
12  42  2.498941
13  42  2.499074
14  42  2.499123
15  42  2.499068
16  42  2.498765
17  42  2.498821
18  42  2.498657
19  42  2.498964
20  42  2.498789
21  42  2.499358
22  42  2.499141
23  42  2.498570
24  42  2.498390
25  42  2.497801
26  42  2.498466
27  42  2.498913
28  42  2.498328
29  42  2.498004
30  42  2.497881
31  42  2.498648
32  42  2.499195
33  42  2.499013
34  42  2.498452
35  42  2.498329
36  42  2.496883
37  42  2.496593
38  42  2.497972
39  42  2.497786
40  42  2.496863
41  42  2.499010
42  42  2.499052
43  42  2.499620
44  42  2.499640
45  42  2.499618
46  42  2.499602
47  42  2.499203
48  42  2.499025
49  42  2.498511
50  42  2.498445
51  42  2.498702
52  42  2.498624
53  42  2.496631
54  42  2.497090
55  42  2.497522
56  42  2.499491
57  42  2.499112
58  42  2.499138
59  42  2.499261
60  42  2.497667
61  42  2.497804
62  42  2.498427
63  42  2.499020
0  43  2.499024
1  43  2.498457
2  43  2.499096
3  43  2.498211
4  43  2.498423
5  43  2.498325
6  43  2.499217
7  43  2.499657
8  43  2.499029
9  43  2.498995
10  43  2.497566
11  43  2.497346
12  43  2.497708
13  43  2.499200
14  43  2.499061
15  43  2.499029
16  43  2.498611
17  43  2.499053
18  43  2.499136
19  43  2.499021
20  43  2.498964
21  43  2.498709
22  43  2.498232
23  43  2.498526
24  43  2.498423
25  43  2.498823
26  43  2.498973
27  43  2.499182
28  43  2.498147
29  43  2.497789
30  43  2.497872
31  43  2.498912
32  43  2.499382
33  43  2.499353
34  43  2.499028
35  43  2.498415
36  43  2.497118
37  43  2.496818
38  43  2.497523
39  43  2.498518
40  43  2.497580
41  43  2.498661
42  43  2.498404
43  43  2.499091
44  43  2.499224
45  43  2.499812
46  43  2.499687
47  43  2.499803
48  43  2.499271
49  43  2.498961
50  43  2.496985
51  43  2.497623
52  43  2.497967
53  43  2.499354
54  43  2.498533
55  43  2.498205
56  43  2.498559
57  43  2.499074
58  43  2.498196
59  43  2.498491
60  43  2.495849
61  43  2.496573
62  43  2.497578
63  43  2.498841
0  44  2.499032
1  44  2.498613
2  44  2.499019
3  44  2.498347
4  44  2.498629
5  44  2.498089
6  44  2.498294
7  44  2.498410
8  44  2.497766
9  44  2.499295
10  44  2.497303
11  44  2.497621
12  44  2.496898
13  44  2.498171
14  44  2.497838
15  44  2.499023
16  44  2.497155
17  44  2.497612
18  44  2.497597
19  44  2.498466
20  44  2.498883
21  44  2.498517
22  44  2.498322
23  44  2.498434
24  44  2.497003
25  44  2.497322
26  44  2.497525
27  44  2.498909
28  44  2.498297
29  44  2.497975
30  44  2.497841
31  44  2.498998
32  44  2.499409
33  44  2.499308
34  44  2.499068
35  44  2.498489
36  44  2.498691
37  44  2.498964
38  44  2.499164
39  44  2.498226
40  44  2.497680
41  44  2.497997
42  44  2.498181
43  44  2.498789
44  44  2.497844
45  44  2.498658
46  44  2.498660
47  44  2.499830
48  44  2.499547
49  44  2.499288
50  44  2.497503
51  44  2.497819
52  44  2.497767
53  44  2.499310
54  44  2.499006
55  44  2.498541
56  44  2.497797
57  44  2.498587
58  44  2.497039
59  44  2.497926
60  44  2.498358
61  44  2.499085
62  44  2.498916
63  44  2.498958
0  45  2.498898
1  45  2.498416
2  45  2.498398
3  45  2.498520
4  45  2.498796
5  45  2.497991
6  45  2.497777
7  45  2.498296
8  45  2.498172
9  45  2.499451
10  45  2.496739
11  45  2.498006
12  45  2.496579
13  45  2.497837
14  45  2.497379
15  45  2.498418
16  45  2.495076
17  45  2.496238
18  45  2.498160
19  45  2.498801
20  45  2.498864
21  45  2.498261
22  45  2.498420
23  45  2.499407
24  45  2.498352
25  45  2.497902
26  45  2.497537
27  45  2.498699
28  45  2.498698
29  45  2.498288
30  45  2.498590
31  45  2.498671
32  45  2.499436
33  45  2.499433
34  45  2.499308
35  45  2.499282
36  45  2.499607
37  45  2.499198
38  45  2.499453
39  45  2.498495
40  45  2.498503
41  45  2.497993
42  45  2.498400
43  45  2.498463
44  45  2.497459
45  45  2.497667
46  45  2.497402
47  45  2.498374
48  45  2.499322
49  45  2.498778
50  45  2.496949
51  45  2.496851
52  45  2.496777
53  45  2.498581
54  45  2.499191
55  45  2.498915
56  45  2.497268
57  45  2.498162
58  45  2.497237
59  45  2.498207
60  45  2.499351
61  45  2.499125
62  45  2.497761
63  45  2.498562
0  46  2.498249
1  46  2.498667
2  46  2.498298
3  46  2.498570
4  46  2.498777
5  46  2.498489
6  46  2.498281
7  46  2.498296
8  46  2.498158
9  46  2.499578
10  46  2.497272
11  46  2.498068
12  46  2.497052
13  46  2.497780
14  46  2.497797
15  46  2.498931
16  46  2.495938
17  46  2.495937
18  46  2.498646
19  46  2.499393
20  46  2.499128
21  46  2.498826
22  46  2.498996
23  46  2.498942
24  46  2.497686
25  46  2.497434
26  46  2.496368
27  46  2.498164
28  46  2.497952
29  46  2.498249
30  46  2.498402
31  46  2.498427
32  46  2.498898
33  46  2.498849
34  46  2.498634
35  46  2.498742
36  46  2.499418
37  46  2.498965
38  46  2.499235
39  46  2.498130
40  46  2.498007
41  46  2.498185
42  46  2.499543
43  46  2.499192
44  46  2.499073
45  46  2.498744
46  46  2.497913
47  46  2.498089
48  46  2.499409
49  46  2.498957
50  46  2.498649
51  46  2.497691
52  46  2.497877
53  46  2.497980
54  46  2.498526
55  46  2.498959
56  46  2.497084
57  46  2.497340
58  46  2.497386
59  46  2.498598
60  46  2.499008
61  46  2.498511
62  46  2.496653
63  46  2.498446
0  47  2.496747
1  47  2.497656
2  47  2.498172
3  47  2.499046
4  47  2.498995
5  47  2.498837
6  47  2.498453
7  47  2.498731
8  47  2.499023
9  47  2.499558
10  47  2.498043
11  47  2.498211
12  47  2.498584
13  47  2.498886
14  47  2.499028
15  47  2.499180
16  47  2.497495
17  47  2.496952
18  47  2.498879
19  47  2.499376
20  47  2.499357
21  47  2.499016
22  47  2.499094
23  47  2.498372
24  47  2.497813
25  47  2.497737
26  47  2.496944
27  47  2.499069
28  47  2.499058
29  47  2.498817
30  47  2.498743
31  47  2.498495
32  47  2.499034
33  47  2.498863
34  47  2.498441
35  47  2.498820
36  47  2.499203
37  47  2.498606
38  47  2.498685
39  47  2.498229
40  47  2.498517
41  47  2.499005
42  47  2.499515
43  47  2.499217
44  47  2.499053
45  47  2.499678
46  47  2.499124
47  47  2.499062
48  47  2.499589
49  47  2.498698
50  47  2.498340
51  47  2.497622
52  47  2.497858
53  47  2.498393
54  47  2.498487
55  47  2.499520
56  47  2.497790
57  47  2.498206
58  47  2.498874
59  47  2.498653
60  47  2.498204
61  47  2.497736
62  47  2.496435
63  47  2.497291
0  48  2.495408
1  48  2.498333
2  48  2.498429
3  48  2.498363
4  48  2.498956
5  48  2.498789
6  48  2.499112
7  48  2.499391
8  48  2.499365
9  48  2.499485
10  48  2.499141
11  48  2.498815
12  48  2.499002
13  48  2.499254
14  48  2.499395
15  48  2.499113
16  48  2.499361
17  48  2.498927
18  48  2.499046
19  48  2.498011
20  48  2.497042
21  48  2.497273
22  48  2.497828
23  48  2.497710
24  48  2.497022
25  48  2.498134
26  48  2.496896
27  48  2.498513
28  48  2.498497
29  48  2.499274
30  48  2.499409
31  48  2.499666
32  48  2.499516
33  48  2.499331
34  48  2.498681
35  48  2.497998
36  48  2.498471
37  48  2.498646
38  48  2.498803
39  48  2.498426
40  48  2.498459
41  48  2.498901
42  48  2.499319
43  48  2.499426
44  48  2.499268
45  48  2.499522
46  48  2.499144
47  48  2.499176
48  48  2.499559
49  48  2.498702
50  48  2.498966
51  48  2.498274
52  48  2.498551
53  48  2.499558
54  48  2.499156
55  48  2.499421
56  48  2.498183
57  48  2.498456
58  48  2.498996
59  48  2.498989
60  48  2.499005
61  48  2.499352
62  48  2.497316
63  48  2.495605
0  49  2.497267
1  49  2.499273
2  49  2.499096
3  49  2.497953
4  49  2.498644
5  49  2.498461
6  49  2.499147
7  49  2.498575
8  49  2.498783
9  49  2.499082
10  49  2.499375
11  49  2.499104
12  49  2.498188
13  49  2.497655
14  49  2.497802
15  49  2.498314
16  49  2.499031
17  49  2.498456
18  49  2.499310
19  49  2.498334
20  49  2.497378
21  49  2.497411
22  49  2.497086
23  49  2.498322
24  49  2.497534
25  49  2.498602
26  49  2.497849
27  49  2.498957
28  49  2.497719
29  49  2.498148
30  49  2.498777
31  49  2.499566
32  49  2.499576
33  49  2.499416
34  49  2.498803
35  49  2.498169
36  49  2.497933
37  49  2.498383
38  49  2.498513
39  49  2.498174
40  49  2.497889
41  49  2.497622
42  49  2.498537
43  49  2.498351
44  49  2.497796
45  49  2.498080
46  49  2.498154
47  49  2.499045
48  49  2.499027
49  49  2.498005
50  49  2.497472
51  49  2.498513
52  49  2.498818
53  49  2.497937
54  49  2.497750
55  49  2.498240
56  49  2.499119
57  49  2.499396
58  49  2.499550
59  49  2.498323
60  49  2.498516
61  49  2.498960
62  49  2.497359
63  49  2.496465
0  50  2.497877
1  50  2.498851
2  50  2.498920
3  50  2.497844
4  50  2.498782
5  50  2.498472
6  50  2.499124
7  50  2.498408
8  50  2.498960
9  50  2.499011
10  50  2.498991
11  50  2.498303
12  50  2.496696
13  50  2.496763
14  50  2.497827
15  50  2.498323
16  50  2.498880
17  50  2.497848
18  50  2.498818
19  50  2.497589
20  50  2.496448
21  50  2.496750
22  50  2.497313
23  50  2.498869
24  50  2.498770
25  50  2.498713
26  50  2.498409
27  50  2.498485
28  50  2.498473
29  50  2.498651
30  50  2.499029
31  50  2.499339
32  50  2.499420
33  50  2.499328
34  50  2.498729
35  50  2.498613
36  50  2.498038
37  50  2.498668
38  50  2.499218
39  50  2.499192
40  50  2.498564
41  50  2.498082
42  50  2.498992
43  50  2.498089
44  50  2.497658
45  50  2.497436
46  50  2.497605
47  50  2.498463
48  50  2.498436
49  50  2.497121
50  50  2.497320
51  50  2.498570
52  50  2.499189
53  50  2.498000
54  50  2.496840
55  50  2.495991
56  50  2.497492
57  50  2.497583
58  50  2.498194
59  50  2.496782
60  50  2.498612
61  50  2.498931
62  50  2.497802
63  50  2.497723
0  51  2.498250
1  51  2.499209
2  51  2.499467
3  51  2.499004
4  51  2.498820
5  51  2.498579
6  51  2.498727
7  51  2.498319
8  51  2.498901
9  51  2.499137
10  51  2.498392
11  51  2.497708
12  51  2.497196
13  51  2.497570
14  51  2.499006
15  51  2.497619
16  51  2.499044
17  51  2.497995
18  51  2.498930
19  51  2.498871
20  51  2.496638
21  51  2.496602
22  51  2.497834
23  51  2.499148
24  51  2.498991
25  51  2.498487
26  51  2.498023
27  51  2.498353
28  51  2.498250
29  51  2.498311
30  51  2.498850
31  51  2.499248
32  51  2.499320
33  51  2.499383
34  51  2.498874
35  51  2.498584
36  51  2.498085
37  51  2.498765
38  51  2.498995
39  51  2.498982
40  51  2.498521
41  51  2.498361
42  51  2.499623
43  51  2.496744
44  51  2.495718
45  51  2.496372
46  51  2.497537
47  51  2.498507
48  51  2.497518
49  51  2.496806
50  51  2.496971
51  51  2.498010
52  51  2.498933
53  51  2.497709
54  51  2.496779
55  51  2.494975
56  51  2.497311
57  51  2.498213
58  51  2.498452
59  51  2.496581
60  51  2.498423
61  51  2.498750
62  51  2.498682
63  51  2.498830
0  52  2.497505
1  52  2.498622
2  52  2.499078
3  52  2.498785
4  52  2.498516
5  52  2.498118
6  52  2.498509
7  52  2.499010
8  52  2.499156
9  52  2.498210
10  52  2.498459
11  52  2.497674
12  52  2.498247
13  52  2.497848
14  52  2.498868
15  52  2.498368
16  52  2.499257
17  52  2.498069
18  52  2.499051
19  52  2.499506
20  52  2.497585
21  52  2.497066
22  52  2.497150
23  52  2.498628
24  52  2.499133
25  52  2.498582
26  52  2.498080
27  52  2.498863
28  52  2.499241
29  52  2.499486
30  52  2.499642
31  52  2.499332
32  52  2.498885
33  52  2.499260
34  52  2.499319
35  52  2.498729
36  52  2.497834
37  52  2.498045
38  52  2.498747
39  52  2.499203
40  52  2.498419
41  52  2.498887
42  52  2.499139
43  52  2.498148
44  52  2.497283
45  52  2.497647
46  52  2.497712
47  52  2.498144
48  52  2.497551
49  52  2.498501
50  52  2.498382
51  52  2.498604
52  52  2.498981
53  52  2.498875
54  52  2.497731
55  52  2.496024
56  52  2.496385
57  52  2.498126
58  52  2.498170
59  52  2.496937
60  52  2.498634
61  52  2.499072
62  52  2.498822
63  52  2.498353
0  53  2.498723
1  53  2.498719
2  53  2.499150
3  53  2.498327
4  53  2.497901
5  53  2.497628
6  53  2.498718
7  53  2.499283
8  53  2.499123
9  53  2.497937
10  53  2.497380
11  53  2.497002
12  53  2.498456
13  53  2.497763
14  53  2.498369
15  53  2.497886
16  53  2.499341
17  53  2.498804
18  53  2.499099
19  53  2.497105
20  53  2.496773
21  53  2.496790
22  53  2.498390
23  53  2.498636
24  53  2.499105
25  53  2.499503
26  53  2.499571
27  53  2.499382
28  53  2.499403
29  53  2.499256
30  53  2.499439
31  53  2.499348
32  53  2.498977
33  53  2.498977
34  53  2.499062
35  53  2.499158
36  53  2.498212
37  53  2.498006
38  53  2.498316
39  53  2.498880
40  53  2.498165
41  53  2.498929
42  53  2.498462
43  53  2.498196
44  53  2.498059
45  53  2.498199
46  53  2.498381
47  53  2.498373
48  53  2.497859
49  53  2.498710
50  53  2.498617
51  53  2.499048
52  53  2.498970
53  53  2.498868
54  53  2.499183
55  53  2.497361
56  53  2.496737
57  53  2.497608
58  53  2.498327
59  53  2.497540
60  53  2.498335
61  53  2.498197
62  53  2.499114
63  53  2.499064
0  54  2.498522
1  54  2.498409
2  54  2.498586
3  54  2.498632
4  54  2.498168
5  54  2.497643
6  54  2.498261
7  54  2.498580
8  54  2.499006
9  54  2.498221
10  54  2.497824
11  54  2.497466
12  54  2.498882
13  54  2.497900
14  54  2.498480
15  54  2.498410
16  54  2.499189
17  54  2.498955
18  54  2.498488
19  54  2.497648
20  54  2.497023
21  54  2.496600
22  54  2.498819
23  54  2.499285
24  54  2.499650
25  54  2.499614
26  54  2.499618
27  54  2.499198
28  54  2.499506
29  54  2.499460
30  54  2.499289
31  54  2.498662
32  54  2.498279
33  54  2.498863
34  54  2.499120
35  54  2.499647
36  54  2.499423
37  54  2.499397
38  54  2.498903
39  54  2.498694
40  54  2.497738
41  54  2.498276
42  54  2.497749
43  54  2.499105
44  54  2.498840
45  54  2.498990
46  54  2.497988
47  54  2.497833
48  54  2.498230
49  54  2.498906
50  54  2.499465
51  54  2.499201
52  54  2.498760
53  54  2.498327
54  54  2.499139
55  54  2.499248
56  54  2.498521
57  54  2.498704
58  54  2.496679
59  54  2.497225
60  54  2.498181
61  54  2.497335
62  54  2.496912
63  54  2.498254
0  55  2.498836
1  55  2.499218
2  55  2.499378
3  55  2.498981
4  55  2.497904
5  55  2.497359
6  55  2.497585
7  55  2.498274
8  55  2.499027
9  55  2.499674
10  55  2.499333
11  55  2.498995
12  55  2.497922
13  55  2.497357
14  55  2.498073
15  55  2.498156
16  55  2.498788
17  55  2.499081
18  55  2.498660
19  55  2.498178
20  55  2.497323
21  55  2.497729
22  55  2.499312
23  55  2.499521
24  55  2.499089
25  55  2.498624
26  55  2.498751
27  55  2.498779
28  55  2.499444
29  55  2.499363
30  55  2.499391
31  55  2.498807
32  55  2.498616
33  55  2.498580
34  55  2.498815
35  55  2.499314
36  55  2.499667
37  55  2.499573
38  55  2.499327
39  55  2.498684
40  55  2.498451
41  55  2.498288
42  55  2.499144
43  55  2.499386
44  55  2.498982
45  55  2.498996
46  55  2.498702
47  55  2.498374
48  55  2.498175
49  55  2.498754
50  55  2.499260
51  55  2.499143
52  55  2.498826
53  55  2.498328
54  55  2.499022
55  55  2.499010
56  55  2.499086
57  55  2.499715
58  55  2.498288
59  55  2.498281
60  55  2.498479
61  55  2.497549
62  55  2.497191
63  55  2.498214
0  56  2.498424
1  56  2.498499
2  56  2.498476
3  56  2.499573
4  56  2.499333
5  56  2.499286
6  56  2.498997
7  56  2.498374
8  56  2.498248
9  56  2.498804
10  56  2.499391
11  56  2.499265
12  56  2.498677
13  56  2.498521
14  56  2.498444
15  56  2.498416
16  56  2.499063
17  56  2.499019
18  56  2.498513
19  56  2.498540
20  56  2.498190
21  56  2.498736
22  56  2.499188
23  56  2.499730
24  56  2.499409
25  56  2.498076
26  56  2.496647
27  56  2.496924
28  56  2.498936
29  56  2.499513
30  56  2.498843
31  56  2.498701
32  56  2.498608
33  56  2.499066
34  56  2.499276
35  56  2.499187
36  56  2.499309
37  56  2.498644
38  56  2.499276
39  56  2.498199
40  56  2.498753
41  56  2.498278
42  56  2.498863
43  56  2.499318
44  56  2.498459
45  56  2.498897
46  56  2.498321
47  56  2.498747
48  56  2.498500
49  56  2.499055
50  56  2.499135
51  56  2.499063
52  56  2.499061
53  56  2.498343
54  56  2.499136
55  56  2.498833
56  56  2.499166
57  56  2.499002
58  56  2.498470
59  56  2.498676
60  56  2.498811
61  56  2.499332
62  56  2.498683
63  56  2.499283
0  57  2.498885
1  57  2.498716
2  57  2.498806
3  57  2.499550
4  57  2.499356
5  57  2.499261
6  57  2.498592
7  57  2.498324
8  57  2.497510
9  57  2.497483
10  57  2.498017
11  57  2.498565
12  57  2.498973
13  57  2.497614
14  57  2.497723
15  57  2.497977
16  57  2.498974
17  57  2.499010
18  57  2.498716
19  57  2.498985
20  57  2.498497
21  57  2.498917
22  57  2.499096
23  57  2.499799
24  57  2.498971
25  57  2.498547
26  57  2.496611
27  57  2.496832
28  57  2.499071
29  57  2.499357
30  57  2.498828
31  57  2.498841
32  57  2.498691
33  57  2.498631
34  57  2.499275
35  57  2.498645
36  57  2.498617
37  57  2.498346
38  57  2.498796
39  57  2.498744
40  57  2.499115
41  57  2.498847
42  57  2.498974
43  57  2.499227
44  57  2.498816
45  57  2.498691
46  57  2.498781
47  57  2.499323
48  57  2.499314
49  57  2.498507
50  57  2.498555
51  57  2.498787
52  57  2.499498
53  57  2.499028
54  57  2.499298
55  57  2.499343
56  57  2.499209
57  57  2.498236
58  57  2.499227
59  57  2.499476
60  57  2.499886
61  57  2.499896
62  57  2.499633
63  57  2.499408
0  58  2.498435
1  58  2.498142
2  58  2.498407
3  58  2.498990
4  58  2.499364
5  58  2.498895
6  58  2.498547
7  58  2.498174
8  58  2.497568
9  58  2.497643
10  58  2.498131
11  58  2.498058
12  58  2.498482
13  58  2.497092
14  58  2.497802
15  58  2.498320
16  58  2.499460
17  58  2.498515
18  58  2.498236
19  58  2.498538
20  58  2.499470
21  58  2.499714
22  58  2.499817
23  58  2.499859
24  58  2.498708
25  58  2.498457
26  58  2.496103
27  58  2.497061
28  58  2.498870
29  58  2.499286
30  58  2.498764
31  58  2.498468
32  58  2.498202
33  58  2.497930
34  58  2.498257
35  58  2.498523
36  58  2.497355
37  58  2.497490
38  58  2.498127
39  58  2.499134
40  58  2.499458
41  58  2.499342
42  58  2.499268
43  58  2.499147
44  58  2.499096
45  58  2.498491
46  58  2.498680
47  58  2.499114
48  58  2.498326
49  58  2.497675
50  58  2.497789
51  58  2.499049
52  58  2.499719
53  58  2.499230
54  58  2.499139
55  58  2.499045
56  58  2.499135
57  58  2.498219
58  58  2.499042
59  58  2.498918
60  58  2.499559
61  58  2.498838
62  58  2.498633
63  58  2.498414
0  59  2.498362
1  59  2.498394
2  59  2.498352
3  59  2.498937
4  59  2.499313
5  59  2.498991
6  59  2.498589
7  59  2.497946
8  59  2.497776
9  59  2.497291
10  59  2.497686
11  59  2.496964
12  59  2.498805
13  59  2.499231
14  59  2.499047
15  59  2.499291
16  59  2.499419
17  59  2.498226
18  59  2.498382
19  59  2.499127
20  59  2.499763
21  59  2.499753
22  59  2.499758
23  59  2.499736
24  59  2.498630
25  59  2.498921
26  59  2.498051
27  59  2.498293
28  59  2.498539
29  59  2.499078
30  59  2.499120
31  59  2.499003
32  59  2.498837
33  59  2.498456
34  59  2.498816
35  59  2.499377
36  59  2.498622
37  59  2.498605
38  59  2.498088
39  59  2.499422
40  59  2.499489
41  59  2.499221
42  59  2.499166
43  59  2.499216
44  59  2.499134
45  59  2.498608
46  59  2.498975
47  59  2.499218
48  59  2.498798
49  59  2.498301
50  59  2.498032
51  59  2.498867
52  59  2.499651
53  59  2.499327
54  59  2.499223
55  59  2.499322
56  59  2.499717
57  59  2.499105
58  59  2.499104
59  59  2.498736
60  59  2.499424
61  59  2.498750
62  59  2.498575
63  59  2.498543
0  60  2.499346
1  60  2.499448
2  60  2.498934
3  60  2.498827
4  60  2.499001
5  60  2.498921
6  60  2.499024
7  60  2.499204
8  60  2.498835
9  60  2.498079
10  60  2.498551
11  60  2.498106
12  60  2.498181
13  60  2.497919
14  60  2.498302
15  60  2.499085
16  60  2.499547
17  60  2.498871
18  60  2.499108
19  60  2.498971
20  60  2.499656
21  60  2.498339
22  60  2.498128
23  60  2.497659
24  60  2.498963
25  60  2.499104
26  60  2.498520
27  60  2.498775
28  60  2.498778
29  60  2.499009
30  60  2.499018
31  60  2.499304
32  60  2.498862
33  60  2.498995
34  60  2.498976
35  60  2.499560
36  60  2.498715
37  60  2.498709
38  60  2.498550
39  60  2.498824
40  60  2.499450
41  60  2.499239
42  60  2.499171
43  60  2.499178
44  60  2.498979
45  60  2.498861
46  60  2.499040
47  60  2.499067
48  60  2.498847
49  60  2.498449
50  60  2.498137
51  60  2.499724
52  60  2.499776
53  60  2.498818
54  60  2.498742
55  60  2.499353
56  60  2.499499
57  60  2.499287
58  60  2.499626
59  60  2.499156
60  60  2.499330
61  60  2.498787
62  60  2.498388
63  60  2.498546
0  61  2.499359
1  61  2.499548
2  61  2.499156
3  61  2.499104
4  61  2.498496
5  61  2.499159
6  61  2.498929
7  61  2.498580
8  61  2.497720
9  61  2.497390
10  61  2.498015
11  61  2.497695
12  61  2.497835
13  61  2.498427
14  61  2.499126
15  61  2.499403
16  61  2.499526
17  61  2.499266
18  61  2.499115
19  61  2.499285
20  61  2.499310
21  61  2.498067
22  61  2.496964
23  61  2.495777
24  61  2.499207
25  61  2.498710
26  61  2.498550
27  61  2.498092
28  61  2.498243
29  61  2.498688
30  61  2.498909
31  61  2.499689
32  61  2.499605
33  61  2.499415
34  61  2.499157
35  61  2.499538
36  61  2.499329
37  61  2.499216
38  61  2.499426
39  61  2.498642
40  61  2.499318
41  61  2.499501
42  61  2.499567
43  61  2.499319
44  61  2.499039
45  61  2.498899
46  61  2.498971
47  61  2.499224
48  61  2.499454
49  61  2.498763
50  61  2.498998
51  61  2.499569
52  61  2.499444
53  61  2.498047
54  61  2.498816
55  61  2.499199
56  61  2.499194
57  61  2.499178
58  61  2.499563
59  61  2.499606
60  61  2.499485
61  61  2.499271
62  61  2.498447
63  61  2.498571
0  62  2.499171
1  62  2.499059
2  62  2.499267
3  62  2.499225
4  62  2.499263
5  62  2.499552
6  62  2.499298
7  62  2.498837
8  62  2.498296
9  62  2.498546
10  62  2.498765
11  62  2.498624
12  62  2.497988
13  62  2.498712
14  62  2.497661
15  62  2.498498
16  62  2.498622
17  62  2.498682
18  62  2.499078
19  62  2.499427
20  62  2.499260
21  62  2.497956
22  62  2.496686
23  62  2.495126
24  62  2.499213
25  62  2.498580
26  62  2.498985
27  62  2.498728
28  62  2.498118
29  62  2.498639
30  62  2.498395
31  62  2.498493
32  62  2.498083
33  62  2.498280
34  62  2.498353
35  62  2.498989
36  62  2.499182
37  62  2.498662
38  62  2.499307
39  62  2.498702
40  62  2.498703
41  62  2.499230
42  62  2.499243
43  62  2.499511
44  62  2.499563
45  62  2.499394
46  62  2.499531
47  62  2.498954
48  62  2.499122
49  62  2.498762
50  62  2.499276
51  62  2.499152
52  62  2.499215
53  62  2.498313
54  62  2.498425
55  62  2.498472
56  62  2.498098
57  62  2.498409
58  62  2.498722
59  62  2.499536
60  62  2.499710
61  62  2.499345
62  62  2.498732
63  62  2.498445
0  63  2.499271
1  63  2.498841
2  63  2.498925
3  63  2.498198
4  63  2.498407
5  63  2.498300
6  63  2.499094
7  63  2.499200
8  63  2.499252
9  63  2.499282
10  63  2.499215
11  63  2.499084
12  63  2.497982
13  63  2.498442
14  63  2.496988
15  63  2.498946
16  63  2.499493
17  63  2.498752
18  63  2.498635
19  63  2.499107
20  63  2.498693
21  63  2.498033
22  63  2.497726
23  63  2.497325
24  63  2.498972
25  63  2.498267
26  63  2.499214
27  63  2.498731
28  63  2.498413
29  63  2.498872
30  63  2.499166
31  63  2.498131
32  63  2.497674
33  63  2.498006
34  63  2.498480
35  63  2.498894
36  63  2.499050
37  63  2.498861
38  63  2.499109
39  63  2.499106
40  63  2.498227
41  63  2.498810
42  63  2.498882
43  63  2.499256
44  63  2.499051
45  63  2.499003
46  63  2.499587
47  63  2.499476
48  63  2.499568
49  63  2.499298
50  63  2.499255
51  63  2.499044
52  63  2.499144
53  63  2.499057
54  63  2.499121
55  63  2.498940
56  63  2.498327
57  63  2.498702
58  63  2.498655
59  63  2.499313
60  63  2.499225
61  63  2.499199
62  63  2.499452
63  63  2.499453
