# Mass field m(x,y) = Delta * R(x,y) at t = 2
# Grid: 64 x 64
# Columns: x  y  mass
0  0  2.498458
1  0  2.499048
2  0  2.499313
3  0  2.498230
4  0  2.498028
5  0  2.498020
6  0  2.499211
7  0  2.499444
8  0  2.498647
9  0  2.498871
10  0  2.499419
11  0  2.499633
12  0  2.499236
13  0  2.499208
14  0  2.497133
15  0  2.497168
16  0  2.497208
17  0  2.497523
18  0  2.498301
19  0  2.498435
20  0  2.498963
21  0  2.499403
22  0  2.498450
23  0  2.498246
24  0  2.498361
25  0  2.498084
26  0  2.498229
27  0  2.497879
28  0  2.499101
29  0  2.498530
30  0  2.499131
31  0  2.498846
32  0  2.498944
33  0  2.498296
34  0  2.498878
35  0  2.498837
36  0  2.499445
37  0  2.498306
38  0  2.498323
39  0  2.498072
40  0  2.498543
41  0  2.498499
42  0  2.498057
43  0  2.498649
44  0  2.497919
45  0  2.498685
46  0  2.497589
47  0  2.498014
48  0  2.498087
49  0  2.498884
50  0  2.498419
51  0  2.498804
52  0  2.498893
53  0  2.498677
54  0  2.498739
55  0  2.499212
56  0  2.498570
57  0  2.498106
58  0  2.497792
59  0  2.497600
60  0  2.498057
61  0  2.499009
62  0  2.498047
63  0  2.497138
0  1  2.498764
1  1  2.499067
2  1  2.499399
3  1  2.498276
4  1  2.498108
5  1  2.497945
6  1  2.499241
7  1  2.499422
8  1  2.498665
9  1  2.498826
10  1  2.499276
11  1  2.499392
12  1  2.499127
13  1  2.499357
14  1  2.497080
15  1  2.497265
16  1  2.497153
17  1  2.498924
18  1  2.498989
19  1  2.499161
20  1  2.499431
21  1  2.499237
22  1  2.498565
23  1  2.498805
24  1  2.498003
25  1  2.497923
26  1  2.497427
27  1  2.498465
28  1  2.498604
29  1  2.499037
30  1  2.498886
31  1  2.499815
32  1  2.499706
33  1  2.499257
34  1  2.498877
35  1  2.498749
36  1  2.499347
37  1  2.498830
38  1  2.498888
39  1  2.498812
40  1  2.498494
41  1  2.498544
42  1  2.498107
43  1  2.498655
44  1  2.496903
45  1  2.498320
46  1  2.498194
47  1  2.498702
48  1  2.498622
49  1  2.498344
50  1  2.498281
51  1  2.498133
52  1  2.498114
53  1  2.498600
54  1  2.498728
55  1  2.499545
56  1  2.498436
57  1  2.497559
58  1  2.497586
59  1  2.496954
60  1  2.497471
61  1  2.499100
62  1  2.498631
63  1  2.498048
0  2  2.498426
1  2  2.498850
2  2  2.499358
3  2  2.498630
4  2  2.498171
5  2  2.497363
6  2  2.499118
7  2  2.499333
8  2  2.498431
9  2  2.498188
10  2  2.498700
11  2  2.498983
12  2  2.499071
13  2  2.499389
14  2  2.499219
15  2  2.499278
16  2  2.498867
17  2  2.498923
18  2  2.499074
19  2  2.499127
20  2  2.499421
21  2  2.499320
22  2  2.498476
23  2  2.498605
24  2  2.497520
25  2  2.498356
26  2  2.497965
27  2  2.499226
28  2  2.498459
29  2  2.497994
30  2  2.497699
31  2  2.498452
32  2  2.499023
33  2  2.498811
34  2  2.498666
35  2  2.498547
36  2  2.499329
37  2  2.499091
38  2  2.499083
39  2  2.499058
40  2  2.499147
41  2  2.499381
42  2  2.499301
43  2  2.499295
44  2  2.497207
45  2  2.498538
46  2  2.498639
47  2  2.499494
48  2  2.499839
49  2  2.499426
50  2  2.499009
51  2  2.498522
52  2  2.497868
53  2  2.498565
54  2  2.498456
55  2  2.499047
56  2  2.499093
57  2  2.497873
58  2  2.497005
59  2  2.497153
60  2  2.497771
61  2  2.497136
62  2  2.496694
63  2  2.496502
0  3  2.498374
1  3  2.498962
2  3  2.499145
3  3  2.499188
4  3  2.498741
5  3  2.498089
6  3  2.498871
7  3  2.498992
8  3  2.499196
9  3  2.498950
10  3  2.499461
11  3  2.498986
12  3  2.499171
13  3  2.498867
14  3  2.499257
15  3  2.499539
16  3  2.499609
17  3  2.499368
18  3  2.499364
19  3  2.499225
20  3  2.499516
21  3  2.499370
22  3  2.499551
23  3  2.499593
24  3  2.498123
25  3  2.498216
26  3  2.497916
27  3  2.498876
28  3  2.498403
29  3  2.498205
30  3  2.498061
31  3  2.498145
32  3  2.498485
33  3  2.498512
34  3  2.498204
35  3  2.498276
36  3  2.499084
37  3  2.499497
38  3  2.499279
39  3  2.499146
40  3  2.499050
41  3  2.499201
42  3  2.498689
43  3  2.498424
44  3  2.498134
45  3  2.499094
46  3  2.499220
47  3  2.499427
48  3  2.499760
49  3  2.499250
50  3  2.499080
51  3  2.498480
52  3  2.498319
53  3  2.498761
54  3  2.498693
55  3  2.499132
56  3  2.499146
57  3  2.498541
58  3  2.498040
59  3  2.498131
60  3  2.498997
61  3  2.498336
62  3  2.498710
63  3  2.497765
0  4  2.498572
1  4  2.499010
2  4  2.499269
3  4  2.498882
4  4  2.498663
5  4  2.498000
6  4  2.497772
7  4  2.496409
8  4  2.497304
9  4  2.497354
10  4  2.499423
11  4  2.498692
12  4  2.499008
13  4  2.498875
14  4  2.499195
15  4  2.498960
16  4  2.499367
17  4  2.499040
18  4  2.499189
19  4  2.499015
20  4  2.499262
21  4  2.499123
22  4  2.499145
23  4  2.498737
24  4  2.499118
25  4  2.499161
26  4  2.499138
27  4  2.499154
28  4  2.498879
29  4  2.498313
30  4  2.498266
31  4  2.497053
32  4  2.497509
33  4  2.497098
34  4  2.498017
35  4  2.498376
36  4  2.499156
37  4  2.499222
38  4  2.498764
39  4  2.497577
40  4  2.497731
41  4  2.497789
42  4  2.498641
43  4  2.498779
44  4  2.498539
45  4  2.498735
46  4  2.498965
47  4  2.499393
48  4  2.499376
49  4  2.498654
50  4  2.498990
51  4  2.498350
52  4  2.499183
53  4  2.498658
54  4  2.498663
55  4  2.499298
56  4  2.499506
57  4  2.499719
58  4  2.499501
59  4  2.499214
60  4  2.498700
61  4  2.497571
62  4  2.498399
63  4  2.497425
0  5  2.498589
1  5  2.498857
2  5  2.499010
3  5  2.498576
4  5  2.498721
5  5  2.498323
6  5  2.498589
7  5  2.497639
8  5  2.498447
9  5  2.498219
10  5  2.499084
11  5  2.498374
12  5  2.498449
13  5  2.497044
14  5  2.497542
15  5  2.496705
16  5  2.498538
17  5  2.499243
18  5  2.499501
19  5  2.499388
20  5  2.499380
21  5  2.498745
22  5  2.498075
23  5  2.497863
24  5  2.498291
25  5  2.498786
26  5  2.498978
27  5  2.499274
28  5  2.498992
29  5  2.498949
30  5  2.498939
31  5  2.499197
32  5  2.499366
33  5  2.499151
34  5  2.498860
35  5  2.498866
36  5  2.498744
37  5  2.498885
38  5  2.498698
39  5  2.498020
40  5  2.497670
41  5  2.498067
42  5  2.499062
43  5  2.499317
44  5  2.498825
45  5  2.498777
46  5  2.499042
47  5  2.499245
48  5  2.499188
49  5  2.498499
50  5  2.499020
51  5  2.498221
52  5  2.499105
53  5  2.499016
54  5  2.499003
55  5  2.499248
56  5  2.499629
57  5  2.499546
58  5  2.499336
59  5  2.499160
60  5  2.498982
61  5  2.498149
62  5  2.498037
63  5  2.497802
0  6  2.498953
1  6  2.498783
2  6  2.498776
3  6  2.498110
4  6  2.498993
5  6  2.498647
6  6  2.498164
7  6  2.496746
8  6  2.497699
9  6  2.496414
10  6  2.497924
11  6  2.498150
12  6  2.499087
13  6  2.498096
14  6  2.498157
15  6  2.496419
16  6  2.497136
17  6  2.498157
18  6  2.499592
19  6  2.499411
20  6  2.499044
21  6  2.498750
22  6  2.498331
23  6  2.498776
24  6  2.498810
25  6  2.498993
26  6  2.498913
27  6  2.499074
28  6  2.499246
29  6  2.499270
30  6  2.499625
31  6  2.499633
32  6  2.499355
33  6  2.499278
34  6  2.499146
35  6  2.499314
36  6  2.498752
37  6  2.498882
38  6  2.498708
39  6  2.499415
40  6  2.497346
41  6  2.497489
42  6  2.498116
43  6  2.499052
44  6  2.498752
45  6  2.498703
46  6  2.497123
47  6  2.497803
48  6  2.496757
49  6  2.497559
50  6  2.498045
51  6  2.498412
52  6  2.499122
53  6  2.498929
54  6  2.498983
55  6  2.499198
56  6  2.499648
57  6  2.499354
58  6  2.499180
59  6  2.498872
60  6  2.498882
61  6  2.498834
62  6  2.498572
63  6  2.498897
0  7  2.498758
1  7  2.498912
2  7  2.498270
3  7  2.497847
4  7  2.498519
5  7  2.498986
6  7  2.498982
7  7  2.498850
8  7  2.498725
9  7  2.497760
10  7  2.497849
11  7  2.497873
12  7  2.498979
13  7  2.497837
14  7  2.497903
15  7  2.496902
16  7  2.497243
17  7  2.498301
18  7  2.499645
19  7  2.499473
20  7  2.498659
21  7  2.497976
22  7  2.497782
23  7  2.497378
24  7  2.498047
25  7  2.497473
26  7  2.498539
27  7  2.498598
28  7  2.498557
29  7  2.498303
30  7  2.498498
31  7  2.498824
32  7  2.499413
33  7  2.499334
34  7  2.498793
35  7  2.498266
36  7  2.498232
37  7  2.498836
38  7  2.498994
39  7  2.498683
40  7  2.497244
41  7  2.497768
42  7  2.498786
43  7  2.499074
44  7  2.499366
45  7  2.499608
46  7  2.498166
47  7  2.498402
48  7  2.497224
49  7  2.498493
50  7  2.498797
51  7  2.498692
52  7  2.498662
53  7  2.498293
54  7  2.499047
55  7  2.499221
56  7  2.499587
57  7  2.499570
58  7  2.499841
59  7  2.499601
60  7  2.499542
61  7  2.498837
62  7  2.498371
63  7  2.498377
0  8  2.497837
1  8  2.497386
2  8  2.497312
3  8  2.497905
4  8  2.498648
5  8  2.499209
6  8  2.498983
7  8  2.498839
8  8  2.498363
9  8  2.497187
10  8  2.497082
11  8  2.497835
12  8  2.499011
13  8  2.499299
14  8  2.498661
15  8  2.498047
16  8  2.497762
17  8  2.498338
18  8  2.499054
19  8  2.499377
20  8  2.499302
21  8  2.498561
22  8  2.498650
23  8  2.498244
24  8  2.498567
25  8  2.497032
26  8  2.498674
27  8  2.498972
28  8  2.498791
29  8  2.498829
30  8  2.498927
31  8  2.498945
32  8  2.499478
33  8  2.498128
34  8  2.497406
35  8  2.497346
36  8  2.497780
37  8  2.498342
38  8  2.497385
39  8  2.497839
40  8  2.497193
41  8  2.498257
42  8  2.498608
43  8  2.499488
44  8  2.499023
45  8  2.499038
46  8  2.497130
47  8  2.498404
48  8  2.496466
49  8  2.498984
50  8  2.499426
51  8  2.498803
52  8  2.499045
53  8  2.498436
54  8  2.499029
55  8  2.499255
56  8  2.499595
57  8  2.499498
58  8  2.499162
59  8  2.499198
60  8  2.498846
61  8  2.497924
62  8  2.497738
63  8  2.497139
0  9  2.499032
1  9  2.498809
2  9  2.498244
3  9  2.498596
4  9  2.498417
5  9  2.499014
6  9  2.499044
7  9  2.499163
8  9  2.498522
9  9  2.498215
10  9  2.497556
11  9  2.498100
12  9  2.498604
13  9  2.498931
14  9  2.498806
15  9  2.499438
16  9  2.499198
17  9  2.499227
18  9  2.499088
19  9  2.499439
20  9  2.499233
21  9  2.499444
22  9  2.499532
23  9  2.499087
24  9  2.498243
25  9  2.497397
26  9  2.498860
27  9  2.498920
28  9  2.498101
29  9  2.498396
30  9  2.498623
31  9  2.499054
32  9  2.499738
33  9  2.498264
34  9  2.498333
35  9  2.498657
36  9  2.498706
37  9  2.498425
38  9  2.498374
39  9  2.498686
40  9  2.497935
41  9  2.498488
42  9  2.498926
43  9  2.499291
44  9  2.499213
45  9  2.498801
46  9  2.498106
47  9  2.498621
48  9  2.498125
49  9  2.499424
50  9  2.499727
51  9  2.498590
52  9  2.498314
53  9  2.497275
54  9  2.498358
55  9  2.498869
56  9  2.499244
57  9  2.499354
58  9  2.498981
59  9  2.499108
60  9  2.499202
61  9  2.498565
62  9  2.498858
63  9  2.498492
0  10  2.499201
1  10  2.498506
2  10  2.497976
3  10  2.498175
4  10  2.498870
5  10  2.499254
6  10  2.498804
7  10  2.498384
8  10  2.497206
9  10  2.497208
10  10  2.496715
11  10  2.497633
12  10  2.498715
13  10  2.499228
14  10  2.499174
15  10  2.499569
16  10  2.499482
17  10  2.499533
18  10  2.499323
19  10  2.499182
20  10  2.499146
21  10  2.499341
22  10  2.498759
23  10  2.498837
24  10  2.498290
25  10  2.499216
26  10  2.498632
27  10  2.498438
28  10  2.497699
29  10  2.498290
30  10  2.498831
31  10  2.499530
32  10  2.499671
33  10  2.498519
34  10  2.498686
35  10  2.498548
36  10  2.498860
37  10  2.498569
38  10  2.499151
39  10  2.499372
40  10  2.498139
41  10  2.497876
42  10  2.498051
43  10  2.499086
44  10  2.499433
45  10  2.498768
46  10  2.497867
47  10  2.498286
48  10  2.497856
49  10  2.499382
50  10  2.498903
51  10  2.498801
52  10  2.498370
53  10  2.498166
54  10  2.499302
55  10  2.498960
56  10  2.499001
57  10  2.498337
58  10  2.498703
59  10  2.499128
60  10  2.499161
61  10  2.498435
62  10  2.498622
63  10  2.498687
0  11  2.499450
1  11  2.499160
2  11  2.499184
3  11  2.498099
4  11  2.498309
5  11  2.498518
6  11  2.498491
7  11  2.498098
8  11  2.497907
9  11  2.497846
10  11  2.497581
11  11  2.497895
12  11  2.499111
13  11  2.499186
14  11  2.499421
15  11  2.499361
16  11  2.499368
17  11  2.499295
18  11  2.499864
19  11  2.499720
20  11  2.499537
21  11  2.499392
22  11  2.498926
23  11  2.498830
24  11  2.498511
25  11  2.499428
26  11  2.499180
27  11  2.499038
28  11  2.497809
29  11  2.498090
30  11  2.498246
31  11  2.499587
32  11  2.499452
33  11  2.498901
34  11  2.499115
35  11  2.498520
36  11  2.498359
37  11  2.498034
38  11  2.498211
39  11  2.498387
40  11  2.498225
41  11  2.498210
42  11  2.498178
43  11  2.498634
44  11  2.498555
45  11  2.498272
46  11  2.498775
47  11  2.499049
48  11  2.498755
49  11  2.498994
50  11  2.498502
51  11  2.498833
52  11  2.497637
53  11  2.497742
54  11  2.498837
55  11  2.498776
56  11  2.498851
57  11  2.497971
58  11  2.498617
59  11  2.498585
60  11  2.499211
61  11  2.497862
62  11  2.497783
63  11  2.498179
0  12  2.498790
1  12  2.498787
2  12  2.498768
3  12  2.498586
4  12  2.498356
5  12  2.498532
6  12  2.498151
7  12  2.497763
8  12  2.497613
9  12  2.498174
10  12  2.497817
11  12  2.498039
12  12  2.498328
13  12  2.499037
14  12  2.499371
15  12  2.499161
16  12  2.499470
17  12  2.499361
18  12  2.499868
19  12  2.499382
20  12  2.499140
21  12  2.498729
22  12  2.498670
23  12  2.498713
24  12  2.498681
25  12  2.499243
26  12  2.498411
27  12  2.497709
28  12  2.496417
29  12  2.497715
30  12  2.497833
31  12  2.499038
32  12  2.498911
33  12  2.498364
34  12  2.499022
35  12  2.498899
36  12  2.499088
37  12  2.499324
38  12  2.498731
39  12  2.498538
40  12  2.498386
41  12  2.498944
42  12  2.499060
43  12  2.498599
44  12  2.498683
45  12  2.498911
46  12  2.499086
47  12  2.499271
48  12  2.498989
49  12  2.498871
50  12  2.498069
51  12  2.498417
52  12  2.497480
53  12  2.498482
54  12  2.499117
55  12  2.498876
56  12  2.499160
57  12  2.498341
58  12  2.498906
59  12  2.498523
60  12  2.498962
61  12  2.498646
62  12  2.498660
63  12  2.499063
0  13  2.498691
1  13  2.498500
2  13  2.499056
3  13  2.499134
4  13  2.499156
5  13  2.498780
6  13  2.498493
7  13  2.498268
8  13  2.498516
9  13  2.498619
10  13  2.498842
11  13  2.498995
12  13  2.499064
13  13  2.499192
14  13  2.499082
15  13  2.498973
16  13  2.499294
17  13  2.499326
18  13  2.499614
19  13  2.499292
20  13  2.499467
21  13  2.499416
22  13  2.499538
23  13  2.499600
24  13  2.499627
25  13  2.498634
26  13  2.497649
27  13  2.497182
28  13  2.496265
29  13  2.497349
30  13  2.497573
31  13  2.498804
32  13  2.498109
33  13  2.497770
34  13  2.499042
35  13  2.498378
36  13  2.498928
37  13  2.499208
38  13  2.498319
39  13  2.498049
40  13  2.498236
41  13  2.498798
42  13  2.498708
43  13  2.498425
44  13  2.497861
45  13  2.497939
46  13  2.498985
47  13  2.499126
48  13  2.499047
49  13  2.498851
50  13  2.498284
51  13  2.498586
52  13  2.497721
53  13  2.498657
54  13  2.498916
55  13  2.499201
56  13  2.498849
57  13  2.498295
58  13  2.498314
59  13  2.497787
60  13  2.498464
61  13  2.498493
62  13  2.498852
63  13  2.499145
0  14  2.498335
1  14  2.498269
2  14  2.498470
3  14  2.499445
4  14  2.499460
5  14  2.499413
6  14  2.499180
7  14  2.498563
8  14  2.498646
9  14  2.497199
10  14  2.498064
11  14  2.497720
12  14  2.498451
13  14  2.498884
14  14  2.498793
15  14  2.499441
16  14  2.499537
17  14  2.499769
18  14  2.499721
19  14  2.499549
20  14  2.499303
21  14  2.498873
22  14  2.498955
23  14  2.498908
24  14  2.499366
25  14  2.497806
26  14  2.496377
27  14  2.496380
28  14  2.496769
29  14  2.498063
30  14  2.497753
31  14  2.498781
32  14  2.498166
33  14  2.498383
34  14  2.498770
35  14  2.498991
36  14  2.498936
37  14  2.498923
38  14  2.498842
39  14  2.498908
40  14  2.499117
41  14  2.499303
42  14  2.498835
43  14  2.498559
44  14  2.498601
45  14  2.498721
46  14  2.499009
47  14  2.498195
48  14  2.498714
49  14  2.498614
50  14  2.498215
51  14  2.498770
52  14  2.498842
53  14  2.499546
54  14  2.499001
55  14  2.498621
56  14  2.498281
57  14  2.498661
58  14  2.499168
59  14  2.498030
60  14  2.498379
61  14  2.498254
62  14  2.498783
63  14  2.499617
0  15  2.498745
1  15  2.498721
2  15  2.499146
3  15  2.499574
4  15  2.499501
5  15  2.499528
6  15  2.499580
7  15  2.498346
8  15  2.497665
9  15  2.496727
10  15  2.498216
11  15  2.497549
12  15  2.498658
13  15  2.499187
14  15  2.499233
15  15  2.499494
16  15  2.498773
17  15  2.499205
18  15  2.499273
19  15  2.498884
20  15  2.498630
21  15  2.498272
22  15  2.499276
23  15  2.498652
24  15  2.497952
25  15  2.496931
26  15  2.497730
27  15  2.499184
28  15  2.498321
29  15  2.498322
30  15  2.498156
31  15  2.498915
32  15  2.498270
33  15  2.498638
34  15  2.498545
35  15  2.499072
36  15  2.499017
37  15  2.498693
38  15  2.498728
39  15  2.499149
40  15  2.499007
41  15  2.499593
42  15  2.498413
43  15  2.498644
44  15  2.498226
45  15  2.498420
46  15  2.498320
47  15  2.497991
48  15  2.498326
49  15  2.499010
50  15  2.498821
51  15  2.499336
52  15  2.499060
53  15  2.499361
54  15  2.498651
55  15  2.498124
56  15  2.497746
57  15  2.498518
58  15  2.498857
59  15  2.497089
60  15  2.496256
61  15  2.496447
62  15  2.497879
63  15  2.499005
0  16  2.499225
1  16  2.499207
2  16  2.499558
3  16  2.499703
4  16  2.499667
5  16  2.499700
6  16  2.499602
7  16  2.498751
8  16  2.498052
9  16  2.497230
10  16  2.495950
11  16  2.496321
12  16  2.498105
13  16  2.498685
14  16  2.498822
15  16  2.499064
16  16  2.498788
17  16  2.498936
18  16  2.498784
19  16  2.498871
20  16  2.498526
21  16  2.497993
22  16  2.499221
23  16  2.498091
24  16  2.497402
25  16  2.496485
26  16  2.497127
27  16  2.498301
28  16  2.498601
29  16  2.498858
30  16  2.498896
31  16  2.499156
32  16  2.498826
33  16  2.499253
34  16  2.499252
35  16  2.499065
36  16  2.499416
37  16  2.499148
38  16  2.499516
39  16  2.498772
40  16  2.498905
41  16  2.499334
42  16  2.498710
43  16  2.499091
44  16  2.498640
45  16  2.499127
46  16  2.498608
47  16  2.498313
48  16  2.497337
49  16  2.498332
50  16  2.498078
51  16  2.499405
52  16  2.498973
53  16  2.499029
54  16  2.498726
55  16  2.498652
56  16  2.498861
57  16  2.498646
58  16  2.498769
59  16  2.497184
60  16  2.496639
61  16  2.497046
62  16  2.498905
63  16  2.499240
0  17  2.499382
1  17  2.499370
2  17  2.499671
3  17  2.499722
4  17  2.499706
5  17  2.499133
6  17  2.498762
7  17  2.498469
8  17  2.498489
9  17  2.497818
10  17  2.495748
11  17  2.498428
12  17  2.497618
13  17  2.498498
14  17  2.499047
15  17  2.498839
16  17  2.498601
17  17  2.499487
18  17  2.498628
19  17  2.498702
20  17  2.498531
21  17  2.498301
22  17  2.498956
23  17  2.498478
24  17  2.497332
25  17  2.497196
26  17  2.497647
27  17  2.499275
28  17  2.499098
29  17  2.499395
30  17  2.499245
31  17  2.499514
32  17  2.498846
33  17  2.498794
34  17  2.498438
35  17  2.498957
36  17  2.499223
37  17  2.498918
38  17  2.498783
39  17  2.498429
40  17  2.498576
41  17  2.498940
42  17  2.498662
43  17  2.499027
44  17  2.498644
45  17  2.498789
46  17  2.499116
47  17  2.498771
48  17  2.497270
49  17  2.498031
50  17  2.498300
51  17  2.499317
52  17  2.498861
53  17  2.499074
54  17  2.497579
55  17  2.498173
56  17  2.497874
57  17  2.498218
58  17  2.497498
59  17  2.497537
60  17  2.497230
61  17  2.497947
62  17  2.498936
63  17  2.499395
0  18  2.499329
1  18  2.499627
2  18  2.499490
3  18  2.499738
4  18  2.499735
5  18  2.499136
6  18  2.498787
7  18  2.498524
8  18  2.498727
9  18  2.498354
10  18  2.496993
11  18  2.498231
12  18  2.497415
13  18  2.498467
14  18  2.498840
15  18  2.498549
16  18  2.498370
17  18  2.498712
18  18  2.498517
19  18  2.499354
20  18  2.499441
21  18  2.498756
22  18  2.498772
23  18  2.498476
24  18  2.498078
25  18  2.497939
26  18  2.498687
27  18  2.499020
28  18  2.498870
29  18  2.499139
30  18  2.498999
31  18  2.499191
32  18  2.499124
33  18  2.499053
34  18  2.498704
35  18  2.498615
36  18  2.498680
37  18  2.498602
38  18  2.498585
39  18  2.498551
40  18  2.498382
41  18  2.498691
42  18  2.498321
43  18  2.498924
44  18  2.499104
45  18  2.498877
46  18  2.499090
47  18  2.498757
48  18  2.498284
49  18  2.498209
50  18  2.498411
51  18  2.499387
52  18  2.499082
53  18  2.499336
54  18  2.497377
55  18  2.498437
56  18  2.497913
57  18  2.498588
58  18  2.496470
59  18  2.497175
60  18  2.497536
61  18  2.499789
62  18  2.499515
63  18  2.499512
0  19  2.498115
1  19  2.499460
2  19  2.499394
3  19  2.499521
4  19  2.499497
5  19  2.498977
6  19  2.499129
7  19  2.498893
8  19  2.499423
9  19  2.499101
10  19  2.498626
11  19  2.498360
12  19  2.497900
13  19  2.498781
14  19  2.498848
15  19  2.498885
16  19  2.498595
17  19  2.498436
18  19  2.498400
19  19  2.499039
20  19  2.499367
21  19  2.499063
22  19  2.498775
23  19  2.499061
24  19  2.499138
25  19  2.499001
26  19  2.498768
27  19  2.499010
28  19  2.499019
29  19  2.499370
30  19  2.499082
31  19  2.499182
32  19  2.498882
33  19  2.498578
34  19  2.498526
35  19  2.498461
36  19  2.498281
37  19  2.498290
38  19  2.498476
39  19  2.499496
40  19  2.498756
41  19  2.499056
42  19  2.498752
43  19  2.498956
44  19  2.498799
45  19  2.498871
46  19  2.498788
47  19  2.498701
48  19  2.498485
49  19  2.498573
50  19  2.498970
51  19  2.499286
52  19  2.499195
53  19  2.499500
54  19  2.497787
55  19  2.497963
56  19  2.497462
57  19  2.499192
58  19  2.498008
59  19  2.496978
60  19  2.496750
61  19  2.499208
62  19  2.497991
63  19  2.498349
0  20  2.497832
1  20  2.498973
2  20  2.498498
3  20  2.499335
4  20  2.499310
5  20  2.499589
6  20  2.499751
7  20  2.499588
8  20  2.499515
9  20  2.499542
10  20  2.499020
11  20  2.498934
12  20  2.498946
13  20  2.498877
14  20  2.499125
15  20  2.498946
16  20  2.498213
17  20  2.498012
18  20  2.498362
19  20  2.499085
20  20  2.499427
21  20  2.498450
22  20  2.498534
23  20  2.498209
24  20  2.498764
25  20  2.498654
26  20  2.498984
27  20  2.499047
28  20  2.498732
29  20  2.499192
30  20  2.498914
31  20  2.499191
32  20  2.498975
33  20  2.499239
34  20  2.498900
35  20  2.498892
36  20  2.498342
37  20  2.498821
38  20  2.498504
39  20  2.499521
40  20  2.499100
41  20  2.499269
42  20  2.499143
43  20  2.499476
44  20  2.498921
45  20  2.498762
46  20  2.498708
47  20  2.498546
48  20  2.498789
49  20  2.498477
50  20  2.498630
51  20  2.498741
52  20  2.499448
53  20  2.499648
54  20  2.499295
55  20  2.499205
56  20  2.499072
57  20  2.499158
58  20  2.497315
59  20  2.496814
60  20  2.496349
61  20  2.498832
62  20  2.497817
63  20  2.498196
0  21  2.498146
1  21  2.498401
2  21  2.497800
3  21  2.499115
4  21  2.498647
5  21  2.499074
6  21  2.499568
7  21  2.499189
8  21  2.499168
9  21  2.499118
10  21  2.498889
11  21  2.498875
12  21  2.498835
13  21  2.499382
14  21  2.499384
15  21  2.499132
16  21  2.497833
17  21  2.498077
18  21  2.498885
19  21  2.498849
20  21  2.499146
21  21  2.498546
22  21  2.498597
23  21  2.498233
24  21  2.498865
25  21  2.498919
26  21  2.499210
27  21  2.499306
28  21  2.498814
29  21  2.499409
30  21  2.498818
31  21  2.499262
32  21  2.499036
33  21  2.497788
34  21  2.497710
35  21  2.497172
36  21  2.497428
37  21  2.498147
38  21  2.498425
39  21  2.499061
40  21  2.499453
41  21  2.499263
42  21  2.499275
43  21  2.499329
44  21  2.499635
45  21  2.499112
46  21  2.498991
47  21  2.498597
48  21  2.498985
49  21  2.498508
50  21  2.498571
51  21  2.498647
52  21  2.499360
53  21  2.499489
54  21  2.499254
55  21  2.499232
56  21  2.498482
57  21  2.498372
58  21  2.497940
59  21  2.498185
60  21  2.497831
61  21  2.498011
62  21  2.497351
63  21  2.497749
0  22  2.497485
1  22  2.496728
2  22  2.496910
3  22  2.499200
4  22  2.498757
5  22  2.499122
6  22  2.499519
7  22  2.498837
8  22  2.498723
9  22  2.498985
10  22  2.499239
11  22  2.499244
12  22  2.499177
13  22  2.499426
14  22  2.499220
15  22  2.499134
16  22  2.497978
17  22  2.498876
18  22  2.498858
19  22  2.498312
20  22  2.498522
21  22  2.498837
22  22  2.498600
23  22  2.498001
24  22  2.499127
25  22  2.498972
26  22  2.499052
27  22  2.498726
28  22  2.498834
29  22  2.499292
30  22  2.499627
31  22  2.499612
32  22  2.499472
33  22  2.498601
34  22  2.498677
35  22  2.497817
36  22  2.496949
37  22  2.498241
38  22  2.499001
39  22  2.498074
40  22  2.498184
41  22  2.498568
42  22  2.498929
43  22  2.499298
44  22  2.499624
45  22  2.499071
46  22  2.498868
47  22  2.498693
48  22  2.498473
49  22  2.497536
50  22  2.497573
51  22  2.498201
52  22  2.499226
53  22  2.499488
54  22  2.499136
55  22  2.499216
56  22  2.498324
57  22  2.499336
58  22  2.499338
59  22  2.498415
60  22  2.498224
61  22  2.498555
62  22  2.497435
63  22  2.497984
0  23  2.497236
1  23  2.497623
2  23  2.498455
3  23  2.499703
4  23  2.499022
5  23  2.499306
6  23  2.499655
7  23  2.498915
8  23  2.498425
9  23  2.498158
10  23  2.498363
11  23  2.498832
12  23  2.499093
13  23  2.499287
14  23  2.499022
15  23  2.497276
16  23  2.496715
17  23  2.496799
18  23  2.497325
19  23  2.497613
20  23  2.497880
21  23  2.498708
22  23  2.498803
23  23  2.498856
24  23  2.499457
25  23  2.498808
26  23  2.498679
27  23  2.498547
28  23  2.499104
29  23  2.499277
30  23  2.499653
31  23  2.499593
32  23  2.499333
33  23  2.498209
34  23  2.498088
35  23  2.497660
36  23  2.496586
37  23  2.498265
38  23  2.499225
39  23  2.498128
40  23  2.498079
41  23  2.498261
42  23  2.498953
43  23  2.499430
44  23  2.499399
45  23  2.499313
46  23  2.499314
47  23  2.499053
48  23  2.498477
49  23  2.498416
50  23  2.498602
51  23  2.499079
52  23  2.499439
53  23  2.499272
54  23  2.499092
55  23  2.499423
56  23  2.497752
57  23  2.498791
58  23  2.499009
59  23  2.498651
60  23  2.498567
61  23  2.498596
62  23  2.496986
63  23  2.497766
0  24  2.496155
1  24  2.498215
2  24  2.498937
3  24  2.498806
4  24  2.498921
5  24  2.499162
6  24  2.499413
7  24  2.499110
8  24  2.498560
9  24  2.498658
10  24  2.498389
11  24  2.498697
12  24  2.498925
13  24  2.499250
14  24  2.499229
15  24  2.497678
16  24  2.496741
17  24  2.496559
18  24  2.497170
19  24  2.497755
20  24  2.497995
21  24  2.498827
22  24  2.498986
23  24  2.499192
24  24  2.499549
25  24  2.498591
26  24  2.497236
27  24  2.497249
28  24  2.498175
29  24  2.499089
30  24  2.499021
31  24  2.499005
32  24  2.499382
33  24  2.498783
34  24  2.498207
35  24  2.497885
36  24  2.497517
37  24  2.499347
38  24  2.497948
39  24  2.497741
40  24  2.497876
41  24  2.499049
42  24  2.499019
43  24  2.499307
44  24  2.499494
45  24  2.499208
46  24  2.499162
47  24  2.498959
48  24  2.498458
49  24  2.498167
50  24  2.498147
51  24  2.498262
52  24  2.499004
53  24  2.499191
54  24  2.499140
55  24  2.499399
56  24  2.497941
57  24  2.498902
58  24  2.498921
59  24  2.498400
60  24  2.498953
61  24  2.498189
62  24  2.498032
63  24  2.497469
0  25  2.497828
1  25  2.498893
2  25  2.499199
3  25  2.498941
4  25  2.499183
5  25  2.499315
6  25  2.499333
7  25  2.499031
8  25  2.498412
9  25  2.497910
10  25  2.497986
11  25  2.498606
12  25  2.499099
13  25  2.499320
14  25  2.499378
15  25  2.498266
16  25  2.497266
17  25  2.496500
18  25  2.498958
19  25  2.498368
20  25  2.498783
21  25  2.498691
22  25  2.498161
23  25  2.497440
24  25  2.497997
25  25  2.497684
26  25  2.498296
27  25  2.498472
28  25  2.498229
29  25  2.498368
30  25  2.498357
31  25  2.498727
32  25  2.499070
33  25  2.498850
34  25  2.498544
35  25  2.498352
36  25  2.498238
37  25  2.498881
38  25  2.498872
39  25  2.498622
40  25  2.498618
41  25  2.499116
42  25  2.499334
43  25  2.499357
44  25  2.499267
45  25  2.498196
46  25  2.498214
47  25  2.498966
48  25  2.498628
49  25  2.499269
50  25  2.498928
51  25  2.498359
52  25  2.498770
53  25  2.499330
54  25  2.499552
55  25  2.499777
56  25  2.497706
57  25  2.497357
58  25  2.497474
59  25  2.498673
60  25  2.499177
61  25  2.498551
62  25  2.498203
63  25  2.497355
0  26  2.498004
1  26  2.498591
2  26  2.499129
3  26  2.499098
4  26  2.499038
5  26  2.498862
6  26  2.499148
7  26  2.499156
8  26  2.498661
9  26  2.498830
10  26  2.498643
11  26  2.498944
12  26  2.498936
13  26  2.498796
14  26  2.498917
15  26  2.499480
16  26  2.499041
17  26  2.498838
18  26  2.498757
19  26  2.498559
20  26  2.499388
21  26  2.499371
22  26  2.499265
23  26  2.498327
24  26  2.498345
25  26  2.497658
26  26  2.498110
27  26  2.498791
28  26  2.498676
29  26  2.498704
30  26  2.498526
31  26  2.498777
32  26  2.499273
33  26  2.499345
34  26  2.499287
35  26  2.498885
36  26  2.498819
37  26  2.498397
38  26  2.498352
39  26  2.498198
40  26  2.498888
41  26  2.499066
42  26  2.499357
43  26  2.499488
44  26  2.499589
45  26  2.498359
46  26  2.498332
47  26  2.498860
48  26  2.498816
49  26  2.498386
50  26  2.498533
51  26  2.498617
52  26  2.499079
53  26  2.499413
54  26  2.499718
55  26  2.499740
56  26  2.498657
57  26  2.498087
58  26  2.497129
59  26  2.497794
60  26  2.498205
61  26  2.497833
62  26  2.497628
63  26  2.496799
0  27  2.498866
1  27  2.498899
2  27  2.498988
3  27  2.498878
4  27  2.498909
5  27  2.498934
6  27  2.499094
7  27  2.499168
8  27  2.498425
9  27  2.497335
10  27  2.497208
11  27  2.497268
12  27  2.497993
13  27  2.497518
14  27  2.498872
15  27  2.497326
16  27  2.497538
17  27  2.497720
18  27  2.498578
19  27  2.498284
20  27  2.499269
21  27  2.499013
22  27  2.498853
23  27  2.497935
24  27  2.498005
25  27  2.498103
26  27  2.498694
27  27  2.498538
28  27  2.498581
29  27  2.498160
30  27  2.499016
31  27  2.498895
32  27  2.499228
33  27  2.499239
34  27  2.499739
35  27  2.498723
36  27  2.498747
37  27  2.498051
38  27  2.498901
39  27  2.498729
40  27  2.499377
41  27  2.499138
42  27  2.499509
43  27  2.499579
44  27  2.499066
45  27  2.498230
46  27  2.498261
47  27  2.498844
48  27  2.498816
49  27  2.498435
50  27  2.498547
51  27  2.499209
52  27  2.499750
53  27  2.499734
54  27  2.499742
55  27  2.499710
56  27  2.499164
57  27  2.498971
58  27  2.497523
59  27  2.498338
60  27  2.498129
61  27  2.498571
62  27  2.498343
63  27  2.498113
0  28  2.499259
1  28  2.499203
2  28  2.499127
3  28  2.499132
4  28  2.498832
5  28  2.499103
6  28  2.498895
7  28  2.499186
8  28  2.498788
9  28  2.498221
10  28  2.498200
11  28  2.497401
12  28  2.498626
13  28  2.498287
14  28  2.498188
15  28  2.496243
16  28  2.496948
17  28  2.497640
18  28  2.498959
19  28  2.498882
20  28  2.498543
21  28  2.498555
22  28  2.498373
23  28  2.498522
24  28  2.498960
25  28  2.499169
26  28  2.499382
27  28  2.498860
28  28  2.498998
29  28  2.499286
30  28  2.499360
31  28  2.499042
32  28  2.499133
33  28  2.499354
34  28  2.499895
35  28  2.498938
36  28  2.499040
37  28  2.498389
38  28  2.498526
39  28  2.498734
40  28  2.499319
41  28  2.498815
42  28  2.498795
43  28  2.499484
44  28  2.498614
45  28  2.498519
46  28  2.498810
47  28  2.499132
48  28  2.499192
49  28  2.498739
50  28  2.498703
51  28  2.498812
52  28  2.499720
53  28  2.499476
54  28  2.499473
55  28  2.499357
56  28  2.499448
57  28  2.499150
58  28  2.497844
59  28  2.498196
60  28  2.498214
61  28  2.498285
62  28  2.498091
63  28  2.498250
0  29  2.499357
1  29  2.498923
2  29  2.499357
3  29  2.499439
4  29  2.498778
5  29  2.498994
6  29  2.498826
7  29  2.499018
8  29  2.498650
9  29  2.499132
10  29  2.499013
11  29  2.496786
12  29  2.497976
13  29  2.497882
14  29  2.498674
15  29  2.496634
16  29  2.496826
17  29  2.496967
18  29  2.499101
19  29  2.499134
20  29  2.498866
21  29  2.498816
22  29  2.497954
23  29  2.499160
24  29  2.499826
25  29  2.499605
26  29  2.498786
27  29  2.498292
28  29  2.498841
29  29  2.499177
30  29  2.499079
31  29  2.498850
32  29  2.499079
33  29  2.499242
34  29  2.499861
35  29  2.498863
36  29  2.499021
37  29  2.498971
38  29  2.499205
39  29  2.498950
40  29  2.498215
41  29  2.497055
42  29  2.497378
43  29  2.498185
44  29  2.497095
45  29  2.496994
46  29  2.498229
47  29  2.498757
48  29  2.498857
49  29  2.498216
50  29  2.498883
51  29  2.499225
52  29  2.499054
53  29  2.498856
54  29  2.498967
55  29  2.498793
56  29  2.498816
57  29  2.498383
58  29  2.499102
59  29  2.498181
60  29  2.498363
61  29  2.498371
62  29  2.499172
63  29  2.499242
0  30  2.499081
1  30  2.498348
2  30  2.498030
3  30  2.498652
4  30  2.498204
5  30  2.498572
6  30  2.498658
7  30  2.499353
8  30  2.499119
9  30  2.498668
10  30  2.497999
11  30  2.497982
12  30  2.498923
13  30  2.498724
14  30  2.499219
15  30  2.497777
16  30  2.497931
17  30  2.497977
18  30  2.498743
19  30  2.499089
20  30  2.498286
21  30  2.498915
22  30  2.498013
23  30  2.499111
24  30  2.499088
25  30  2.498952
26  30  2.498236
27  30  2.498652
28  30  2.498654
29  30  2.499268
30  30  2.498946
31  30  2.498697
32  30  2.498963
33  30  2.499055
34  30  2.499008
35  30  2.498857
36  30  2.499177
37  30  2.499212
38  30  2.498941
39  30  2.498953
40  30  2.498220
41  30  2.497434
42  30  2.497310
43  30  2.497402
44  30  2.497601
45  30  2.498003
46  30  2.498476
47  30  2.498582
48  30  2.498617
49  30  2.497894
50  30  2.499264
51  30  2.499494
52  30  2.498739
53  30  2.498469
54  30  2.498366
55  30  2.498331
56  30  2.498615
57  30  2.498631
58  30  2.499415
59  30  2.498079
60  30  2.498589
61  30  2.498286
62  30  2.498754
63  30  2.498806
0  31  2.498789
1  31  2.497970
2  31  2.497720
3  31  2.498232
4  31  2.498111
5  31  2.498488
6  31  2.498703
7  31  2.498948
8  31  2.498486
9  31  2.497961
10  31  2.497437
11  31  2.498441
12  31  2.498932
13  31  2.498998
14  31  2.499296
15  31  2.497917
16  31  2.497637
17  31  2.498284
18  31  2.498879
19  31  2.499150
20  31  2.498553
21  31  2.498649
22  31  2.497619
23  31  2.498266
24  31  2.498396
25  31  2.499123
26  31  2.498142
27  31  2.498603
28  31  2.498766
29  31  2.499518
30  31  2.499020
31  31  2.498339
32  31  2.498513
33  31  2.498636
34  31  2.498964
35  31  2.499172
36  31  2.499594
37  31  2.499486
38  31  2.499272
39  31  2.499388
40  31  2.499283
41  31  2.497371
42  31  2.497066
43  31  2.495745
44  31  2.497306
45  31  2.497351
46  31  2.498844
47  31  2.499123
48  31  2.499087
49  31  2.498414
50  31  2.498810
51  31  2.498643
52  31  2.498491
53  31  2.499117
54  31  2.498679
55  31  2.498782
56  31  2.498746
57  31  2.498037
58  31  2.498321
59  31  2.497533
60  31  2.498951
61  31  2.498251
62  31  2.498894
63  31  2.499136
0  32  2.498351
1  32  2.498278
2  32  2.497892
3  32  2.498301
4  32  2.497952
5  32  2.498683
6  32  2.499026
7  32  2.498750
8  32  2.498129
9  32  2.498131
10  32  2.497780
11  32  2.498976
12  32  2.499069
13  32  2.499299
14  32  2.499210
15  32  2.498553
16  32  2.498266
17  32  2.498570
18  32  2.498910
19  32  2.499018
20  32  2.498646
21  32  2.498683
22  32  2.497907
23  32  2.498294
24  32  2.498878
25  32  2.499128
26  32  2.499129
27  32  2.499376
28  32  2.498622
29  32  2.498644
30  32  2.497597
31  32  2.498792
32  32  2.498787
33  32  2.499309
34  32  2.499344
35  32  2.499240
36  32  2.498880
37  32  2.499327
38  32  2.499307
39  32  2.499554
40  32  2.499622
41  32  2.498506
42  32  2.497918
43  32  2.497686
44  32  2.498225
45  32  2.498564
46  32  2.498421
47  32  2.499093
48  32  2.499358
49  32  2.499304
50  32  2.498957
51  32  2.498705
52  32  2.498889
53  32  2.499303
54  32  2.498874
55  32  2.499145
56  32  2.499084
57  32  2.498438
58  32  2.497828
59  32  2.497490
60  32  2.498164
61  32  2.498223
62  32  2.498263
63  32  2.498680
0  33  2.498898
1  33  2.498954
2  33  2.498911
3  33  2.499033
4  33  2.498948
5  33  2.499478
6  33  2.499011
7  33  2.498446
8  33  2.497399
9  33  2.498368
10  33  2.498564
11  33  2.499067
12  33  2.497808
13  33  2.498664
14  33  2.498821
15  33  2.498430
16  33  2.498617
17  33  2.498688
18  33  2.499357
19  33  2.499315
20  33  2.498929
21  33  2.498488
22  33  2.498104
23  33  2.498400
24  33  2.499338
25  33  2.499730
26  33  2.499704
27  33  2.499130
28  33  2.498077
29  33  2.498104
30  33  2.497037
31  33  2.497752
32  33  2.497780
33  33  2.499009
34  33  2.499209
35  33  2.499176
36  33  2.499225
37  33  2.498967
38  33  2.498578
39  33  2.498760
40  33  2.499030
41  33  2.497943
42  33  2.497358
43  33  2.497650
44  33  2.498622
45  33  2.498873
46  33  2.498594
47  33  2.499029
48  33  2.499311
49  33  2.499664
50  33  2.499307
51  33  2.499389
52  33  2.499637
53  33  2.499734
54  33  2.499347
55  33  2.499451
56  33  2.499146
57  33  2.498460
58  33  2.497794
59  33  2.497361
60  33  2.498674
61  33  2.499099
62  33  2.498647
63  33  2.499070
0  34  2.499606
1  34  2.499319
2  34  2.498035
3  34  2.497828
4  34  2.498053
5  34  2.499365
6  34  2.499067
7  34  2.498525
8  34  2.497778
9  34  2.498039
10  34  2.497860
11  34  2.498843
12  34  2.497151
13  34  2.497794
14  34  2.497932
15  34  2.498341
16  34  2.499142
17  34  2.499100
18  34  2.498181
19  34  2.498483
20  34  2.498460
21  34  2.498635
22  34  2.498482
23  34  2.498613
24  34  2.499474
25  34  2.499650
26  34  2.499872
27  34  2.498295
28  34  2.496772
29  34  2.496641
30  34  2.496308
31  34  2.497480
32  34  2.497670
33  34  2.498948
34  34  2.498977
35  34  2.498978
36  34  2.499429
37  34  2.498986
38  34  2.498761
39  34  2.499053
40  34  2.498981
41  34  2.498119
42  34  2.497983
43  34  2.497983
44  34  2.498875
45  34  2.499056
46  34  2.498490
47  34  2.498181
48  34  2.498228
49  34  2.498468
50  34  2.498727
51  34  2.498873
52  34  2.499403
53  34  2.499252
54  34  2.498425
55  34  2.498679
56  34  2.499609
57  34  2.499192
58  34  2.498981
59  34  2.498797
60  34  2.498795
61  34  2.498501
62  34  2.498309
63  34  2.499120
0  35  2.499759
1  35  2.498058
2  35  2.497622
3  35  2.497623
4  35  2.498886
5  35  2.499424
6  35  2.499080
7  35  2.498888
8  35  2.498974
9  35  2.498815
10  35  2.497577
11  35  2.498392
12  35  2.497433
13  35  2.498229
14  35  2.498377
15  35  2.499182
16  35  2.499014
17  35  2.499035
18  35  2.497793
19  35  2.498391
20  35  2.498290
21  35  2.498602
22  35  2.497895
23  35  2.498327
24  35  2.499318
25  35  2.499744
26  35  2.499101
27  35  2.497591
28  35  2.497759
29  35  2.495959
30  35  2.496915
31  35  2.496840
32  35  2.497890
33  35  2.499192
34  35  2.499374
35  35  2.499176
36  35  2.499783
37  35  2.499454
38  35  2.499354
39  35  2.499609
40  35  2.499009
41  35  2.499007
42  35  2.499115
43  35  2.499161
44  35  2.499626
45  35  2.499741
46  35  2.499578
47  35  2.498608
48  35  2.498404
49  35  2.498120
50  35  2.498412
51  35  2.498608
52  35  2.499045
53  35  2.498302
54  35  2.498105
55  35  2.498425
56  35  2.499480
57  35  2.499565
58  35  2.499244
59  35  2.499082
60  35  2.498881
61  35  2.498579
62  35  2.498931
63  35  2.499347
0  36  2.499520
1  36  2.497924
2  36  2.497607
3  36  2.495554
4  36  2.495965
5  36  2.497139
6  36  2.498844
7  36  2.498665
8  36  2.498881
9  36  2.498792
10  36  2.497699
11  36  2.498262
12  36  2.497865
13  36  2.498679
14  36  2.498546
15  36  2.499115
16  36  2.499149
17  36  2.499145
18  36  2.498348
19  36  2.498679
20  36  2.498463
21  36  2.498970
22  36  2.498850
23  36  2.498721
24  36  2.499370
25  36  2.499304
26  36  2.498692
27  36  2.498236
28  36  2.498634
29  36  2.496373
30  36  2.497525
31  36  2.497407
32  36  2.498851
33  36  2.498244
34  36  2.498342
35  36  2.498391
36  36  2.499581
37  36  2.499167
38  36  2.499418
39  36  2.499646
40  36  2.499599
41  36  2.499444
42  36  2.499383
43  36  2.499375
44  36  2.499235
45  36  2.499165
46  36  2.499094
47  36  2.498496
48  36  2.498036
49  36  2.497633
50  36  2.497960
51  36  2.498094
52  36  2.498041
53  36  2.497730
54  36  2.497689
55  36  2.498076
56  36  2.498856
57  36  2.499354
58  36  2.498879
59  36  2.498688
60  36  2.498232
61  36  2.498488
62  36  2.499265
63  36  2.499479
0  37  2.499446
1  37  2.497596
2  37  2.497362
3  37  2.496038
4  37  2.497116
5  37  2.498146
6  37  2.498996
7  37  2.498139
8  37  2.498410
9  37  2.497759
10  37  2.498101
11  37  2.498606
12  37  2.498858
13  37  2.499429
14  37  2.499192
15  37  2.499134
16  37  2.499148
17  37  2.499193
18  37  2.499314
19  37  2.499061
20  37  2.499116
21  37  2.499353
22  37  2.498972
23  37  2.498427
24  37  2.498182
25  37  2.498827
26  37  2.497761
27  37  2.497763
28  37  2.496444
29  37  2.496493
30  37  2.497590
31  37  2.497991
32  37  2.498932
33  37  2.498025
34  37  2.498264
35  37  2.498420
36  37  2.499165
37  37  2.498614
38  37  2.499331
39  37  2.499414
40  37  2.499482
41  37  2.499538
42  37  2.499431
43  37  2.499734
44  37  2.499342
45  37  2.499226
46  37  2.499276
47  37  2.499027
48  37  2.498905
49  37  2.498466
50  37  2.498193
51  37  2.498033
52  37  2.498951
53  37  2.499425
54  37  2.498388
55  37  2.498513
56  37  2.498913
57  37  2.498416
58  37  2.498405
59  37  2.498802
60  37  2.498390
61  37  2.498817
62  37  2.498966
63  37  2.499279
0  38  2.498814
1  38  2.498791
2  38  2.498517
3  38  2.496734
4  38  2.496835
5  38  2.498168
6  38  2.498926
7  38  2.497955
8  38  2.497983
9  38  2.497400
10  38  2.498666
11  38  2.499201
12  38  2.499187
13  38  2.499207
14  38  2.498569
15  38  2.498690
16  38  2.499232
17  38  2.499003
18  38  2.499476
19  38  2.498986
20  38  2.499371
21  38  2.499439
22  38  2.499614
23  38  2.498822
24  38  2.498211
25  38  2.498478
26  38  2.498673
27  38  2.499050
28  38  2.498331
29  38  2.498935
30  38  2.498743
31  38  2.499404
32  38  2.499124
33  38  2.498714
34  38  2.498560
35  38  2.499202
36  38  2.499234
37  38  2.498692
38  38  2.499223
39  38  2.498728
40  38  2.499067
41  38  2.499720
42  38  2.499557
43  38  2.499563
44  38  2.499158
45  38  2.499230
46  38  2.498789
47  38  2.498924
48  38  2.498827
49  38  2.499134
50  38  2.498496
51  38  2.497923
52  38  2.498005
53  38  2.499104
54  38  2.498583
55  38  2.499074
56  38  2.498996
57  38  2.498705
58  38  2.498331
59  38  2.498227
60  38  2.497893
61  38  2.498827
62  38  2.498908
63  38  2.499343
0  39  2.498429
1  39  2.498608
2  39  2.498768
3  39  2.497410
4  39  2.497655
5  39  2.498717
6  39  2.498918
7  39  2.497760
8  39  2.498024
9  39  2.497772
10  39  2.499114
11  39  2.499323
12  39  2.499627
13  39  2.499648
14  39  2.499157
15  39  2.498721
16  39  2.499205
17  39  2.498999
18  39  2.499497
19  39  2.499408
20  39  2.499153
21  39  2.499265
22  39  2.499032
23  39  2.498887
24  39  2.498604
25  39  2.498961
26  39  2.498687
27  39  2.498996
28  39  2.497986
29  39  2.498681
30  39  2.498159
31  39  2.499288
32  39  2.498735
33  39  2.499121
34  39  2.498802
35  39  2.499027
36  39  2.498977
37  39  2.498869
38  39  2.499381
39  39  2.498922
40  39  2.499003
41  39  2.499198
42  39  2.499148
43  39  2.498971
44  39  2.498918
45  39  2.499089
46  39  2.498513
47  39  2.498714
48  39  2.498284
49  39  2.498262
50  39  2.499647
51  39  2.497994
52  39  2.497368
53  39  2.498682
54  39  2.499010
55  39  2.498661
56  39  2.498579
57  39  2.498892
58  39  2.498863
59  39  2.498948
60  39  2.498477
61  39  2.499231
62  39  2.499057
63  39  2.499325
0  40  2.498825
1  40  2.498968
2  40  2.499666
3  40  2.497294
4  40  2.498191
5  40  2.499153
6  40  2.498974
7  40  2.498418
8  40  2.497823
9  40  2.498024
10  40  2.498873
11  40  2.499497
12  40  2.499508
13  40  2.498266
14  40  2.497772
15  40  2.497930
16  40  2.498166
17  40  2.498010
18  40  2.498913
19  40  2.498668
20  40  2.499034
21  40  2.499017
22  40  2.498574
23  40  2.498509
24  40  2.498789
25  40  2.499449
26  40  2.499106
27  40  2.498724
28  40  2.498591
29  40  2.499067
30  40  2.499432
31  40  2.499462
32  40  2.498978
33  40  2.499094
34  40  2.498121
35  40  2.497954
36  40  2.498325
37  40  2.498658
38  40  2.498993
39  40  2.498466
40  40  2.498919
41  40  2.498521
42  40  2.499080
43  40  2.498660
44  40  2.498780
45  40  2.498033
46  40  2.497562
47  40  2.497973
48  40  2.498224
49  40  2.498497
50  40  2.499599
51  40  2.497946
52  40  2.497065
53  40  2.497810
54  40  2.498276
55  40  2.499357
56  40  2.499420
57  40  2.499654
58  40  2.499121
59  40  2.499014
60  40  2.498196
61  40  2.499208
62  40  2.498615
63  40  2.499011
0  41  2.498577
1  41  2.498222
2  41  2.499349
3  41  2.497702
4  41  2.497980
5  41  2.498264
6  41  2.498210
7  41  2.498291
8  41  2.496988
9  41  2.496755
10  41  2.497676
11  41  2.498377
12  41  2.498329
13  41  2.497642
14  41  2.497941
15  41  2.498176
16  41  2.498604
17  41  2.498701
18  41  2.499088
19  41  2.498890
20  41  2.499227
21  41  2.498663
22  41  2.498311
23  41  2.498123
24  41  2.498380
25  41  2.498914
26  41  2.498926
27  41  2.497861
28  41  2.497842
29  41  2.498307
30  41  2.499631
31  41  2.499430
32  41  2.498934
33  41  2.499082
34  41  2.497690
35  41  2.497566
36  41  2.498304
37  41  2.498761
38  41  2.499563
39  41  2.498216
40  41  2.498772
41  41  2.497617
42  41  2.498744
43  41  2.498416
44  41  2.498964
45  41  2.498077
46  41  2.497939
47  41  2.498275
48  41  2.498079
49  41  2.498009
50  41  2.498783
51  41  2.497599
52  41  2.496290
53  41  2.496640
54  41  2.497269
55  41  2.498175
56  41  2.498418
57  41  2.499249
58  41  2.499259
59  41  2.499378
60  41  2.498797
61  41  2.499290
62  41  2.498507
63  41  2.498882
0  42  2.499073
1  42  2.498719
2  42  2.499312
3  42  2.498884
4  42  2.498825
5  42  2.498367
6  42  2.498476
7  42  2.498322
8  42  2.496667
9  42  2.496316
10  42  2.497435
11  42  2.497790
12  42  2.498834
13  42  2.498401
14  42  2.497753
15  42  2.497463
16  42  2.498518
17  42  2.498830
18  42  2.498672
19  42  2.498471
20  42  2.499317
21  42  2.498902
22  42  2.498691
23  42  2.498473
24  42  2.498545
25  42  2.498921
26  42  2.499099
27  42  2.498117
28  42  2.498183
29  42  2.498497
30  42  2.499692
31  42  2.499572
32  42  2.498934
33  42  2.498706
34  42  2.497118
35  42  2.497978
36  42  2.498975
37  42  2.498991
38  42  2.498977
39  42  2.497528
40  42  2.497958
41  42  2.497899
42  42  2.499326
43  42  2.499359
44  42  2.499543
45  42  2.498625
46  42  2.498530
47  42  2.498412
48  42  2.499192
49  42  2.497742
50  42  2.498213
51  42  2.497777
52  42  2.497514
53  42  2.497999
54  42  2.499066
55  42  2.498726
56  42  2.498543
57  42  2.497932
58  42  2.498542
59  42  2.498741
60  42  2.498718
61  42  2.499508
62  42  2.498566
63  42  2.498915
0  43  2.499187
1  43  2.498490
2  43  2.498721
3  43  2.499218
4  43  2.499407
5  43  2.498925
6  43  2.498906
7  43  2.498350
8  43  2.497119
9  43  2.496868
10  43  2.497906
11  43  2.497725
12  43  2.498302
13  43  2.498920
14  43  2.498881
15  43  2.499249
16  43  2.499652
17  43  2.499314
18  43  2.498753
19  43  2.498072
20  43  2.498358
21  43  2.498154
22  43  2.498008
23  43  2.498320
24  43  2.499230
25  43  2.499268
26  43  2.499375
27  43  2.498545
28  43  2.498521
29  43  2.499015
30  43  2.499757
31  43  2.499633
32  43  2.498944
33  43  2.498916
34  43  2.498202
35  43  2.498669
36  43  2.498609
37  43  2.499156
38  43  2.498686
39  43  2.497522
40  43  2.497732
41  43  2.497939
42  43  2.499200
43  43  2.499292
44  43  2.498977
45  43  2.498822
46  43  2.498826
47  43  2.499577
48  43  2.499087
49  43  2.497119
50  43  2.497299
51  43  2.496999
52  43  2.497430
53  43  2.498423
54  43  2.499181
55  43  2.498847
56  43  2.498428
57  43  2.497809
58  43  2.497888
59  43  2.498370
60  43  2.498565
61  43  2.498888
62  43  2.498724
63  43  2.499446
0  44  2.499299
1  44  2.498999
2  44  2.499053
3  44  2.499555
4  44  2.499472
5  44  2.499046
6  44  2.499058
7  44  2.498483
8  44  2.498315
9  44  2.498475
10  44  2.499403
11  44  2.498547
12  44  2.498679
13  44  2.498977
14  44  2.498828
15  44  2.499161
16  44  2.499550
17  44  2.499252
18  44  2.498627
19  44  2.498103
20  44  2.498513
21  44  2.497877
22  44  2.498028
23  44  2.498648
24  44  2.499340
25  44  2.499283
26  44  2.498538
27  44  2.498295
28  44  2.498235
29  44  2.499054
30  44  2.498856
31  44  2.499101
32  44  2.498301
33  44  2.499106
34  44  2.497411
35  44  2.497651
36  44  2.498114
37  44  2.499674
38  44  2.499108
39  44  2.498251
40  44  2.498173
41  44  2.498793
42  44  2.499511
43  44  2.499277
44  44  2.499246
45  44  2.499121
46  44  2.499023
47  44  2.499571
48  44  2.499066
49  44  2.497013
50  44  2.495791
51  44  2.496295
52  44  2.497627
53  44  2.499633
54  44  2.499813
55  44  2.499935
56  44  2.499284
57  44  2.498251
58  44  2.497791
59  44  2.498454
60  44  2.498930
61  44  2.499262
62  44  2.499078
63  44  2.499480
0  45  2.499419
1  45  2.499032
2  45  2.499076
3  45  2.499428
4  45  2.499517
5  45  2.499656
6  45  2.499661
7  45  2.499245
8  45  2.498315
9  45  2.498538
10  45  2.499442
11  45  2.499420
12  45  2.498572
13  45  2.499158
14  45  2.497858
15  45  2.498080
16  45  2.496927
17  45  2.498204
18  45  2.498142
19  45  2.498158
20  45  2.499073
21  45  2.497604
22  45  2.498195
23  45  2.498885
24  45  2.499463
25  45  2.499360
26  45  2.498609
27  45  2.498636
28  45  2.498669
29  45  2.498365
30  45  2.496928
31  45  2.497584
32  45  2.498722
33  45  2.499469
34  45  2.498312
35  45  2.498560
36  45  2.498665
37  45  2.499055
38  45  2.499289
39  45  2.499313
40  45  2.499389
41  45  2.499508
42  45  2.499621
43  45  2.499242
44  45  2.499499
45  45  2.499183
46  45  2.499055
47  45  2.499730
48  45  2.499337
49  45  2.498152
50  45  2.496881
51  45  2.496640
52  45  2.497725
53  45  2.499834
54  45  2.498907
55  45  2.499047
56  45  2.498867
57  45  2.499196
58  45  2.498125
59  45  2.498789
60  45  2.498419
61  45  2.499013
62  45  2.498919
63  45  2.499474
0  46  2.499463
1  46  2.498722
2  46  2.498464
3  46  2.498570
4  46  2.499491
5  46  2.499788
6  46  2.499725
7  46  2.499416
8  46  2.498375
9  46  2.498318
10  46  2.498550
11  46  2.499525
12  46  2.498916
13  46  2.498940
14  46  2.497576
15  46  2.497922
16  46  2.496198
17  46  2.498469
18  46  2.498919
19  46  2.498974
20  46  2.499442
21  46  2.498242
22  46  2.498952
23  46  2.498813
24  46  2.499409
25  46  2.499236
26  46  2.498347
27  46  2.498411
28  46  2.498852
29  46  2.499112
30  46  2.496470
31  46  2.497116
32  46  2.498418
33  46  2.499397
34  46  2.498178
35  46  2.497903
36  46  2.498254
37  46  2.498632
38  46  2.499321
39  46  2.499671
40  46  2.499395
41  46  2.499480
42  46  2.498104
43  46  2.497461
44  46  2.497242
45  46  2.499491
46  46  2.499522
47  46  2.499582
48  46  2.499270
49  46  2.499268
50  46  2.497869
51  46  2.496605
52  46  2.496123
53  46  2.499712
54  46  2.498375
55  46  2.498528
56  46  2.498940
57  46  2.498966
58  46  2.498353
59  46  2.499400
60  46  2.499068
61  46  2.499343
62  46  2.499161
63  46  2.499369
0  47  2.498422
1  47  2.498644
2  47  2.498050
3  47  2.498650
4  47  2.498757
5  47  2.499524
6  47  2.499234
7  47  2.499179
8  47  2.497610
9  47  2.498007
10  47  2.498213
11  47  2.499414
12  47  2.499097
13  47  2.498920
14  47  2.497698
15  47  2.498040
16  47  2.496142
17  47  2.497790
18  47  2.498829
19  47  2.498950
20  47  2.499320
21  47  2.499114
22  47  2.499703
23  47  2.499555
24  47  2.499348
25  47  2.499349
26  47  2.498821
27  47  2.498830
28  47  2.498778
29  47  2.499157
30  47  2.497483
31  47  2.497574
32  47  2.498629
33  47  2.499074
34  47  2.499178
35  47  2.498510
36  47  2.498610
37  47  2.498350
38  47  2.499200
39  47  2.499518
40  47  2.499182
41  47  2.499357
42  47  2.497327
43  47  2.497378
44  47  2.496884
45  47  2.499431
46  47  2.499413
47  47  2.498658
48  47  2.498759
49  47  2.498660
50  47  2.497952
51  47  2.497356
52  47  2.496410
53  47  2.499105
54  47  2.497753
55  47  2.498561
56  47  2.498688
57  47  2.499015
58  47  2.498512
59  47  2.499238
60  47  2.499021
61  47  2.499230
62  47  2.498656
63  47  2.498829
0  48  2.498010
1  48  2.498767
2  48  2.498201
3  48  2.498880
4  48  2.498545
5  48  2.499231
6  48  2.498118
7  48  2.497978
8  48  2.496845
9  48  2.499468
10  48  2.499540
11  48  2.499418
12  48  2.499745
13  48  2.499562
14  48  2.498988
15  48  2.498795
16  48  2.498492
17  48  2.498848
18  48  2.499220
19  48  2.499399
20  48  2.499609
21  48  2.499655
22  48  2.499806
23  48  2.499862
24  48  2.499479
25  48  2.499430
26  48  2.497691
27  48  2.497299
28  48  2.497187
29  48  2.498193
30  48  2.498592
31  48  2.498698
32  48  2.499155
33  48  2.499123
34  48  2.499243
35  48  2.498262
36  48  2.498512
37  48  2.498258
38  48  2.499106
39  48  2.499166
40  48  2.498992
41  48  2.499453
42  48  2.497606
43  48  2.497641
44  48  2.496811
45  48  2.499321
46  48  2.499316
47  48  2.498502
48  48  2.498565
49  48  2.498765
50  48  2.498260
51  48  2.497736
52  48  2.497063
53  48  2.498266
54  48  2.497878
55  48  2.498424
56  48  2.498942
57  48  2.498423
58  48  2.498801
59  48  2.499198
60  48  2.499847
61  48  2.499709
62  48  2.498444
63  48  2.498312
0  49  2.496885
1  49  2.497721
2  49  2.498204
3  49  2.498831
4  49  2.498574
5  49  2.498903
6  49  2.497553
7  49  2.498315
8  49  2.497492
9  49  2.498806
10  49  2.499309
11  49  2.498815
12  49  2.499063
13  49  2.498978
14  49  2.498633
15  49  2.498679
16  49  2.498761
17  49  2.498815
18  49  2.499303
19  49  2.499536
20  49  2.499393
21  49  2.499274
22  49  2.498947
23  49  2.498512
24  49  2.498043
25  49  2.498223
26  49  2.497097
27  49  2.496361
28  49  2.497126
29  49  2.497828
30  49  2.499433
31  49  2.499146
32  49  2.498344
33  49  2.497904
34  49  2.497844
35  49  2.499020
36  49  2.499254
37  49  2.499196
38  49  2.499330
39  49  2.497953
40  49  2.497207
41  49  2.497189
42  49  2.498177
43  49  2.498196
44  49  2.498410
45  49  2.499249
46  49  2.499378
47  49  2.499003
48  49  2.498023
49  49  2.497796
50  49  2.498554
51  49  2.499316
52  49  2.499124
53  49  2.498513
54  49  2.497974
55  49  2.499203
56  49  2.497995
57  49  2.497993
58  49  2.498775
59  49  2.499402
60  49  2.499240
61  49  2.499298
62  49  2.498094
63  49  2.497602
0  50  2.498023
1  50  2.497809
2  50  2.498287
3  50  2.498929
4  50  2.498887
5  50  2.498728
6  50  2.497372
7  50  2.497915
8  50  2.498241
9  50  2.498863
10  50  2.499405
11  50  2.498955
12  50  2.498522
13  50  2.497926
14  50  2.498115
15  50  2.499032
16  50  2.499159
17  50  2.499191
18  50  2.499324
19  50  2.499499
20  50  2.499377
21  50  2.498961
22  50  2.498361
23  50  2.498235
24  50  2.497979
25  50  2.498121
26  50  2.496843
27  50  2.495953
28  50  2.495989
29  50  2.497328
30  50  2.498795
31  50  2.499034
32  50  2.497996
33  50  2.498272
34  50  2.497935
35  50  2.498929
36  50  2.499132
37  50  2.497423
38  50  2.497180
39  50  2.495693
40  50  2.497372
41  50  2.498319
42  50  2.499021
43  50  2.498158
44  50  2.498256
45  50  2.498673
46  50  2.498775
47  50  2.499186
48  50  2.498716
49  50  2.498557
50  50  2.498496
51  50  2.499175
52  50  2.499436
53  50  2.498983
54  50  2.498274
55  50  2.497576
56  50  2.497376
57  50  2.497753
58  50  2.498906
59  50  2.499254
60  50  2.499107
61  50  2.499234
62  50  2.498628
63  50  2.498528
0  51  2.497988
1  51  2.499180
2  51  2.499257
3  51  2.499330
4  51  2.499454
5  51  2.499489
6  51  2.499281
7  51  2.499213
8  51  2.499315
9  51  2.498259
10  51  2.498394
11  51  2.498484
12  51  2.498257
13  51  2.497698
14  51  2.497826
15  51  2.499093
16  51  2.499328
17  51  2.499530
18  51  2.499434
19  51  2.499510
20  51  2.499460
21  51  2.498958
22  51  2.498394
23  51  2.498252
24  51  2.498160
25  51  2.498171
26  51  2.498904
27  51  2.498716
28  51  2.498726
29  51  2.498974
30  51  2.498712
31  51  2.499046
32  51  2.497658
33  51  2.498569
34  51  2.498066
35  51  2.498932
36  51  2.498597
37  51  2.497436
38  51  2.497882
39  51  2.496251
40  51  2.497185
41  51  2.497633
42  51  2.498409
43  51  2.496224
44  51  2.496781
45  51  2.497330
46  51  2.499091
47  51  2.499312
48  51  2.498620
49  51  2.498456
50  51  2.498348
51  51  2.499245
52  51  2.499143
53  51  2.499027
54  51  2.498207
55  51  2.497604
56  51  2.497494
57  51  2.498300
58  51  2.499352
59  51  2.499458
60  51  2.499110
61  51  2.499123
62  51  2.498905
63  51  2.498387
0  52  2.498597
1  52  2.499298
2  52  2.499143
3  52  2.499157
4  52  2.498884
5  52  2.499219
6  52  2.499368
7  52  2.499270
8  52  2.499314
9  52  2.499489
10  52  2.499314
11  52  2.499373
12  52  2.499027
13  52  2.498601
14  52  2.498524
15  52  2.498616
16  52  2.499068
17  52  2.498810
18  52  2.499528
19  52  2.499628
20  52  2.499582
21  52  2.499101
22  52  2.499119
23  52  2.499404
24  52  2.499461
25  52  2.499190
26  52  2.499156
27  52  2.499155
28  52  2.498768
29  52  2.498870
30  52  2.497875
31  52  2.498875
32  52  2.498896
33  52  2.499134
34  52  2.498835
35  52  2.498816
36  52  2.498513
37  52  2.497180
38  52  2.497931
39  52  2.497973
40  52  2.499068
41  52  2.499394
42  52  2.499235
43  52  2.497182
44  52  2.496978
45  52  2.497416
46  52  2.499052
47  52  2.499352
48  52  2.499410
49  52  2.499473
50  52  2.499230
51  52  2.499103
52  52  2.498954
53  52  2.498842
54  52  2.498600
55  52  2.498724
56  52  2.498566
57  52  2.498680
58  52  2.499228
59  52  2.498826
60  52  2.499017
61  52  2.498635
62  52  2.498513
63  52  2.497645
0  53  2.499429
1  53  2.499743
2  53  2.498937
3  53  2.498830
4  53  2.498473
5  53  2.499572
6  53  2.498736
7  53  2.498791
8  53  2.498633
9  53  2.499731
10  53  2.499537
11  53  2.499651
12  53  2.499390
13  53  2.499286
14  53  2.498985
15  53  2.498590
16  53  2.498352
17  53  2.498512
18  53  2.499028
19  53  2.499375
20  53  2.498688
21  53  2.498445
22  53  2.498393
23  53  2.499349
24  53  2.499494
25  53  2.499147
26  53  2.499369
27  53  2.499218
28  53  2.498543
29  53  2.498619
30  53  2.498016
31  53  2.499193
32  53  2.498969
33  53  2.498958
34  53  2.498720
35  53  2.498898
36  53  2.498355
37  53  2.498265
38  53  2.498312
39  53  2.499008
40  53  2.499520
41  53  2.499517
42  53  2.499635
43  53  2.497827
44  53  2.497754
45  53  2.497958
46  53  2.499756
47  53  2.499721
48  53  2.499424
49  53  2.498525
50  53  2.498850
51  53  2.498715
52  53  2.498926
53  53  2.499155
54  53  2.499005
55  53  2.498868
56  53  2.499055
57  53  2.498925
58  53  2.499123
59  53  2.498450
60  53  2.498516
61  53  2.498548
62  53  2.498506
63  53  2.498146
0  54  2.498823
1  54  2.499577
2  54  2.498479
3  54  2.498845
4  54  2.498337
5  54  2.499181
6  54  2.498746
7  54  2.498732
8  54  2.498655
9  54  2.499677
10  54  2.499577
11  54  2.499714
12  54  2.499657
13  54  2.498482
14  54  2.497750
15  54  2.496318
16  54  2.497631
17  54  2.497876
18  54  2.499027
19  54  2.499524
20  54  2.497901
21  54  2.497672
22  54  2.497711
23  54  2.499224
24  54  2.498864
25  54  2.498689
26  54  2.498919
27  54  2.499099
28  54  2.498141
29  54  2.498011
30  54  2.498147
31  54  2.499281
32  54  2.498945
33  54  2.499354
34  54  2.499575
35  54  2.499695
36  54  2.499508
37  54  2.499012
38  54  2.498967
39  54  2.498973
40  54  2.498801
41  54  2.498742
42  54  2.498922
43  54  2.499223
44  54  2.499307
45  54  2.498909
46  54  2.499193
47  54  2.499061
48  54  2.499199
49  54  2.498321
50  54  2.498833
51  54  2.498379
52  54  2.498868
53  54  2.498659
54  54  2.498878
55  54  2.498740
56  54  2.498769
57  54  2.499192
58  54  2.499222
59  54  2.498534
60  54  2.498422
61  54  2.499227
62  54  2.498960
63  54  2.498107
0  55  2.498995
1  55  2.499709
2  55  2.499099
3  55  2.498545
4  55  2.498422
5  55  2.499144
6  55  2.499212
7  55  2.498810
8  55  2.498435
9  55  2.499502
10  55  2.499502
11  55  2.499569
12  55  2.499512
13  55  2.497547
14  55  2.496752
15  55  2.495883
16  55  2.497046
17  55  2.498028
18  55  2.499019
19  55  2.499465
20  55  2.497824
21  55  2.497655
22  55  2.497471
23  55  2.499053
24  55  2.498783
25  55  2.498883
26  55  2.498923
27  55  2.499070
28  55  2.497699
29  55  2.497963
30  55  2.498091
31  55  2.499299
32  55  2.499132
33  55  2.499658
34  55  2.499699
35  55  2.499727
36  55  2.499511
37  55  2.497759
38  55  2.497645
39  55  2.497959
40  55  2.498895
41  55  2.498817
42  55  2.498758
43  55  2.499466
44  55  2.499750
45  55  2.498547
46  55  2.498595
47  55  2.498672
48  55  2.499001
49  55  2.498196
50  55  2.498664
51  55  2.498591
52  55  2.499152
53  55  2.498830
54  55  2.499133
55  55  2.498472
56  55  2.498595
57  55  2.499431
58  55  2.499488
59  55  2.499113
60  55  2.498421
61  55  2.497927
62  55  2.497794
63  55  2.498361
0  56  2.498231
1  56  2.498943
2  56  2.499665
3  56  2.498956
4  56  2.499185
5  56  2.499235
6  56  2.499695
7  56  2.499228
8  56  2.498931
9  56  2.499191
10  56  2.499547
11  56  2.499320
12  56  2.498998
13  56  2.497113
14  56  2.496332
15  56  2.494468
16  56  2.496507
17  56  2.497481
18  56  2.499506
19  56  2.499372
20  56  2.498475
21  56  2.499035
22  56  2.498325
23  56  2.499113
24  56  2.498920
25  56  2.498696
26  56  2.498544
27  56  2.499265
28  56  2.498822
29  56  2.499130
30  56  2.498663
31  56  2.499171
32  56  2.499236
33  56  2.499533
34  56  2.499552
35  56  2.499330
36  56  2.499328
37  56  2.498466
38  56  2.498505
39  56  2.498649
40  56  2.499087
41  56  2.498559
42  56  2.498511
43  56  2.499540
44  56  2.499482
45  56  2.498282
46  56  2.498408
47  56  2.498516
48  56  2.499026
49  56  2.499249
50  56  2.499022
51  56  2.497921
52  56  2.498153
53  56  2.498871
54  56  2.498934
55  56  2.498656
56  56  2.498731
57  56  2.499281
58  56  2.499324
59  56  2.499337
60  56  2.498696
61  56  2.497824
62  56  2.497289
63  56  2.497796
0  57  2.497957
1  57  2.497917
2  57  2.498986
3  57  2.498985
4  57  2.499194
5  57  2.499339
6  57  2.499849
7  57  2.499348
8  57  2.498917
9  57  2.498837
10  57  2.498978
11  57  2.498649
12  57  2.498557
13  57  2.497711
14  57  2.497819
15  57  2.495655
16  57  2.496742
17  57  2.497203
18  57  2.499132
19  57  2.499028
20  57  2.498664
21  57  2.499246
22  57  2.498530
23  57  2.499027
24  57  2.499138
25  57  2.498534
26  57  2.498304
27  57  2.498655
28  57  2.498949
29  57  2.499090
30  57  2.498939
31  57  2.499097
32  57  2.499175
33  57  2.498641
34  57  2.499046
35  57  2.498737
36  57  2.499096
37  57  2.498836
38  57  2.498873
39  57  2.499166
40  57  2.499762
41  57  2.498998
42  57  2.499006
43  57  2.499384
44  57  2.499374
45  57  2.498733
46  57  2.497877
47  57  2.497711
48  57  2.498194
49  57  2.498933
50  57  2.498688
51  57  2.498343
52  57  2.498605
53  57  2.498592
54  57  2.498698
55  57  2.498291
56  57  2.499391
57  57  2.499070
58  57  2.498888
59  57  2.498710
60  57  2.498178
61  57  2.497238
62  57  2.497246
63  57  2.498390
0  58  2.496938
1  58  2.496729
2  58  2.498411
3  58  2.498874
4  58  2.499306
5  58  2.499470
6  58  2.499680
7  58  2.499357
8  58  2.499053
9  58  2.498248
10  58  2.498119
11  58  2.498753
12  58  2.498655
13  58  2.498796
14  58  2.499015
15  58  2.497658
16  58  2.497858
17  58  2.497362
18  58  2.498887
19  58  2.498896
20  58  2.498697
21  58  2.499401
22  58  2.498604
23  58  2.498371
24  58  2.498441
25  58  2.498905
26  58  2.498347
27  58  2.498594
28  58  2.499394
29  58  2.499533
30  58  2.499584
31  58  2.499364
32  58  2.499123
33  58  2.498573
34  58  2.498879
35  58  2.498757
36  58  2.499046
37  58  2.498992
38  58  2.499174
39  58  2.499203
40  58  2.499662
41  58  2.498846
42  58  2.498835
43  58  2.499419
44  58  2.499343
45  58  2.499218
46  58  2.498928
47  58  2.499027
48  58  2.498648
49  58  2.498840
50  58  2.498343
51  58  2.498747
52  58  2.498775
53  58  2.498723
54  58  2.498609
55  58  2.498378
56  58  2.498929
57  58  2.498899
58  58  2.498451
59  58  2.498012
60  58  2.498566
61  58  2.497401
62  58  2.497579
63  58  2.497179
0  59  2.497678
1  59  2.497076
2  59  2.497556
3  59  2.498399
4  59  2.498822
5  59  2.499245
6  59  2.499393
7  59  2.499432
8  59  2.498871
9  59  2.498531
10  59  2.498629
11  59  2.499132
12  59  2.499202
13  59  2.499311
14  59  2.499368
15  59  2.498530
16  59  2.498598
17  59  2.497719
18  59  2.498193
19  59  2.498304
20  59  2.499340
21  59  2.498873
22  59  2.497645
23  59  2.497347
24  59  2.498334
25  59  2.499312
26  59  2.498867
27  59  2.498757
28  59  2.499165
29  59  2.499409
30  59  2.499815
31  59  2.499977
32  59  2.499428
33  59  2.499163
34  59  2.498722
35  59  2.498801
36  59  2.498872
37  59  2.498844
38  59  2.499106
39  59  2.498774
40  59  2.499498
41  59  2.499308
42  59  2.498813
43  59  2.498995
44  59  2.499092
45  59  2.499725
46  59  2.498917
47  59  2.498710
48  59  2.498026
49  59  2.498226
50  59  2.498239
51  59  2.499004
52  59  2.498210
53  59  2.498144
54  59  2.498018
55  59  2.498316
56  59  2.498842
57  59  2.499102
58  59  2.498993
59  59  2.498963
60  59  2.499086
61  59  2.498576
62  59  2.498388
63  59  2.498428
0  60  2.498122
1  60  2.497743
2  60  2.498169
3  60  2.497917
4  60  2.498014
5  60  2.499063
6  60  2.499321
7  60  2.499044
8  60  2.498183
9  60  2.497901
10  60  2.498595
11  60  2.499530
12  60  2.499517
13  60  2.499707
14  60  2.499442
15  60  2.499396
16  60  2.499155
17  60  2.498563
18  60  2.498557
19  60  2.498396
20  60  2.499342
21  60  2.498167
22  60  2.497502
23  60  2.497680
24  60  2.498468
25  60  2.499157
26  60  2.498917
27  60  2.498658
28  60  2.499177
29  60  2.499622
30  60  2.499513
31  60  2.499444
32  60  2.499323
33  60  2.499361
34  60  2.498996
35  60  2.498653
36  60  2.498873
37  60  2.498675
38  60  2.498509
39  60  2.497606
40  60  2.498060
41  60  2.499544
42  60  2.499027
43  60  2.499072
44  60  2.499025
45  60  2.499722
46  60  2.499312
47  60  2.499037
48  60  2.498874
49  60  2.498442
50  60  2.498084
51  60  2.498784
52  60  2.497605
53  60  2.498054
54  60  2.497715
55  60  2.498459
56  60  2.497868
57  60  2.499155
58  60  2.498655
59  60  2.498236
60  60  2.498139
61  60  2.498700
62  60  2.498746
63  60  2.498248
0  61  2.498916
1  61  2.499224
2  61  2.498283
3  61  2.498071
4  61  2.498123
5  61  2.499274
6  61  2.499573
7  61  2.499295
8  61  2.498711
9  61  2.498568
10  61  2.499317
11  61  2.499593
12  61  2.499719
13  61  2.499830
14  61  2.499628
15  61  2.499427
16  61  2.499015
17  61  2.498135
18  61  2.498267
19  61  2.498194
20  61  2.498857
21  61  2.497814
22  61  2.498142
23  61  2.498508
24  61  2.499512
25  61  2.499006
26  61  2.498739
27  61  2.498410
28  61  2.498840
29  61  2.499255
30  61  2.499263
31  61  2.498629
32  61  2.498866
33  61  2.498945
34  61  2.499141
35  61  2.499160
36  61  2.499022
37  61  2.499115
38  61  2.498427
39  61  2.497970
40  61  2.496976
41  61  2.497963
42  61  2.497698
43  61  2.499167
44  61  2.499082
45  61  2.499857
46  61  2.499393
47  61  2.498857
48  61  2.497187
49  61  2.497446
50  61  2.498417
51  61  2.499082
52  61  2.497374
53  61  2.498020
54  61  2.497496
55  61  2.497639
56  61  2.497838
57  61  2.499281
58  61  2.499267
59  61  2.499478
60  61  2.499114
61  61  2.499412
62  61  2.498455
63  61  2.498902
0  62  2.498791
1  62  2.499405
2  62  2.498813
3  62  2.499144
4  62  2.498900
5  62  2.499433
6  62  2.499335
7  62  2.499224
8  62  2.498612
9  62  2.498446
10  62  2.499218
11  62  2.499433
12  62  2.499628
13  62  2.499738
14  62  2.499727
15  62  2.499418
16  62  2.499368
17  62  2.497659
18  62  2.497750
19  62  2.497910
20  62  2.498195
21  62  2.498680
22  62  2.499348
23  62  2.499377
24  62  2.499467
25  62  2.498645
26  62  2.498857
27  62  2.498331
28  62  2.498777
29  62  2.498345
30  62  2.498766
31  62  2.497891
32  62  2.498518
33  62  2.498570
34  62  2.499625
35  62  2.499161
36  62  2.498970
37  62  2.498569
38  62  2.497881
39  62  2.497996
40  62  2.497362
41  62  2.497861
42  62  2.497692
43  62  2.499041
44  62  2.499335
45  62  2.499676
46  62  2.498135
47  62  2.497866
48  62  2.496781
49  62  2.498553
50  62  2.498615
51  62  2.499269
52  62  2.499047
53  62  2.498778
54  62  2.497637
55  62  2.497483
56  62  2.498071
57  62  2.499325
58  62  2.499331
59  62  2.499709
60  62  2.499598
61  62  2.499297
62  62  2.497957
63  62  2.498172
0  63  2.498490
1  63  2.499530
2  63  2.498963
3  63  2.499058
4  63  2.498855
5  63  2.499328
6  63  2.499459
7  63  2.499431
8  63  2.498790
9  63  2.498831
10  63  2.499203
11  63  2.499631
12  63  2.499594
13  63  2.499434
14  63  2.497547
15  63  2.497777
16  63  2.498155
17  63  2.498335
18  63  2.498272
19  63  2.498535
20  63  2.499003
21  63  2.499457
22  63  2.499720
23  63  2.499398
24  63  2.499476
25  63  2.498253
26  63  2.498695
27  63  2.497564
28  63  2.498626
29  63  2.498181
30  63  2.499309
31  63  2.498310
32  63  2.498522
33  63  2.498273
34  63  2.499196
35  63  2.499264
36  63  2.499487
37  63  2.498752
38  63  2.498910
39  63  2.499095
40  63  2.498395
41  63  2.498315
42  63  2.496577
43  63  2.498400
44  63  2.498858
45  63  2.499492
46  63  2.497573
47  63  2.497409
48  63  2.496852
49  63  2.498334
50  63  2.498351
51  63  2.499135
52  63  2.499165
53  63  2.499185
54  63  2.498825
55  63  2.498660
56  63  2.497591
57  63  2.497224
58  63  2.497580
59  63  2.498821
60  63  2.499235
61  63  2.499063
62  63  2.497690
63  63  2.497924
